NAME : inspection.394333.tour
COMMENT : Length = 394333
COMMENT : Found by LKH [Keld Helsgaun] Tue Jul 28 12:06:16 2020
TYPE : TOUR
DIMENSION : 387
TOUR_SECTION
1
2
317
316
315
311
310
312
313
314
341
342
338
337
336
335
334
333
339
340
309
308
307
306
305
304
303
302
301
300
299
359
358
357
356
355
354
353
352
351
350
343
345
344
347
346
349
348
181
325
326
327
323
322
324
328
319
321
320
183
184
185
186
187
188
189
190
191
192
193
194
195
196
197
198
199
200
201
332
202
203
204
331
205
206
207
208
209
210
211
212
213
214
215
216
217
160
159
158
157
156
155
154
153
152
151
150
149
148
147
146
145
144
143
142
141
140
139
138
137
136
135
134
133
132
131
130
129
329
330
218
219
220
221
222
223
224
225
226
227
228
229
230
231
232
233
234
235
236
237
238
239
240
241
242
243
244
245
246
247
248
249
250
251
252
253
254
255
256
257
258
259
260
261
265
266
267
268
269
270
271
272
273
274
275
276
277
278
279
280
281
282
283
284
285
286
287
288
289
291
290
182
292
293
294
295
385
384
383
382
381
380
379
378
377
376
375
374
373
372
371
296
298
297
370
369
368
367
366
365
364
363
362
361
360
386
387
161
167
164
168
180
262
264
263
178
165
162
163
174
177
169
170
166
172
176
179
175
173
127
128
126
125
124
123
122
121
120
119
118
117
116
115
114
113
112
111
110
109
108
107
106
105
104
103
102
101
100
99
98
97
96
95
94
93
92
91
90
89
88
87
86
85
84
83
82
81
80
79
78
77
76
75
74
73
72
71
70
69
68
67
66
65
64
63
62
61
60
59
58
57
56
55
54
53
52
51
50
49
48
47
46
45
44
43
42
41
40
39
38
37
36
35
34
33
32
31
30
29
28
27
26
25
24
23
22
21
20
19
18
17
16
15
14
13
12
11
10
9
8
7
6
5
4
3
171
318
-1
EOF
