-0.216390	-7.292284	4.756600	0	0	-0.82533563	0.56464246
-0.215961	-7.308903	4.742518	0	0	0.98999249	0.14112005
-0.216342	-7.276032	4.771497	0	0	0.98999249	0.14112005
-0.214950	-7.325828	4.729205	0	0	-0.82533563	0.56464246
-0.215833	-7.260196	4.787199	0	0	-0.82533563	0.56464246
-0.213021	-7.342963	4.716497	0	0	-0.82533563	0.56464246
-0.209739	-7.360179	4.704178	0	0	0.98999249	0.14112005
-0.204062	-7.377246	4.691669	0	0	-0.82533563	0.56464246
-0.195980	-7.393817	4.679128	0	0	-0.82533563	0.56464246
-0.186179	-7.409078	4.667208	0	0	-0.82533563	0.56464246
-0.164517	-7.401978	4.653636	0	0	0.97095818	0.23924928
-0.173826	-7.422628	4.655707	0	0	0.97095818	0.23924928
-0.175991	-7.428469	4.651185	0	0	-0.82533563	0.56464246
-0.162923	-7.429823	4.647057	0	0	0.97095818	0.23924928
-0.185651	-7.456321	4.648303	0	0	0.97095818	0.23924928
-0.149899	-7.438073	4.637835	0	0	-0.82533563	0.56464246
-0.193226	-7.485751	4.644759	0	0	-0.82533563	0.56464246
-0.198483	-7.517229	4.640365	0	0	0.97095818	0.23924928
-0.201333	-7.550831	4.634841	0	0	-0.82533563	0.56464246
-0.202149	-7.588378	4.628551	0	0	-0.82533563	0.56464246
-0.201488	-7.628226	4.620621	0	0	-0.82533563	0.56464246
-0.203402	-7.682024	4.614775	0	0	-0.82533563	0.56464246
-0.204897	-7.716702	4.604666	0	0	0.97095818	0.23924928
-0.194884	-7.775842	4.529726	0	0	0.97095818	0.23924928
-0.597333	-6.911341	4.756600	0	0	-0.76484218	0.64421769
-0.605428	-6.919436	4.742518	0	0	0.98999249	0.14112005
-0.589183	-6.903192	4.771497	0	0	0.98999249	0.14112005
-0.613384	-6.927393	4.729205	0	0	-0.76484218	0.64421769
-0.581010	-6.895019	4.787199	0	0	-0.76484218	0.64421769
0.249823	-7.561452	4.709502	0	0	-0.82533563	0.56464246
0.241732	-7.573152	4.696280	0	0	0.97095818	0.23924928
0.257939	-7.549859	4.723584	0	0	0.97095818	0.23924928
-0.620988	-6.934996	4.716497	0	0	-0.76484218	0.64421769
0.233717	-7.584865	4.683879	0	0	-0.82533563	0.56464246
0.266055	-7.538414	4.738517	0	0	-0.82533563	0.56464246
-0.627955	-6.941963	4.704178	0	0	0.98999249	0.14112005
0.225891	-7.596369	4.672157	0	0	-0.82533563	0.56464246
-0.633650	-6.947659	4.691669	0	0	-0.76484218	0.64421769
0.218406	-7.607368	4.660926	0	0	0.97095818	0.23924928
-0.637894	-6.951903	4.679128	0	0	-0.76484218	0.64421769
0.211582	-7.617219	4.649679	0	0	-0.82533563	0.56464246
-0.640624	-6.954633	4.667208	0	0	-0.76484218	0.64421769
-0.626243	-6.940252	4.653636	0	0	0.98999249	0.14112005
0.205585	-7.625661	4.638561	0	0	-0.82533563	0.56464246
-0.641222	-6.955231	4.655707	0	0	0.98999249	0.14112005
0.208207	-7.617170	4.615983	0	0	0.97095818	0.23924928
-0.639369	-6.953377	4.647057	0	0	0.98999249	0.14112005
-0.645226	-6.959234	4.651185	0	0	-0.76484218	0.64421769
0.200637	-7.632406	4.628131	0	0	-0.82533563	0.56464246
-0.636981	-6.950990	4.637835	0	0	-0.76484218	0.64421769
0.197108	-7.636786	4.618234	0	0	0.97095818	0.23924928
0.196154	-7.637136	4.610782	0	0	0.97095818	0.23924928
0.193704	-7.641913	4.613837	0	0	-0.82533563	0.56464246
-0.663982	-6.977990	4.648303	0	0	0.98999249	0.14112005
0.195245	-7.637342	4.602967	0	0	-0.82533563	0.56464246
-0.682484	-6.996492	4.644759	0	0	-0.76484218	0.64421769
0.179049	-7.666881	4.611460	0	0	0.97095818	0.23924928
-0.700852	-7.014860	4.640365	0	0	0.98999249	0.14112005
0.164199	-7.692110	4.608651	0	0	-0.82533563	0.56464246
-0.719077	-7.033086	4.634841	0	0	-0.76484218	0.64421769
0.148998	-7.717847	4.605261	0	0	0.97095818	0.23924928
-0.236150	-7.863298	4.631232	0	0	0.97095818	0.23924928
-0.738259	-7.052268	4.628551	0	0	-0.76484218	0.64421769
0.133414	-7.744097	4.601024	0	0	-0.82533563	0.56464246
-0.757852	-7.071861	4.620621	0	0	-0.76484218	0.64421769
0.116597	-7.772406	4.596351	0	0	-0.82533563	0.56464246
-0.785708	-7.099717	4.614775	0	0	-0.76484218	0.64421769
0.099047	-7.801739	4.590261	0	0	-0.82533563	0.56464246
-0.803795	-7.117804	4.604666	0	0	0.98999249	0.14112005
0.075000	-7.842759	4.586650	0	0	-0.82533563	0.56464246
0.058955	-7.869037	4.578011	0	0	0.97095818	0.23924928
-0.828359	-7.142367	4.529726	0	0	0.98999249	0.14112005
-0.892720	-7.206728	4.631232	0	0	-0.92106097	0.38941839
0.030466	-7.905948	4.506960	0	0	0.97095818	0.23924928
-0.010035	-7.993846	4.608389	0	0	0.97095818	0.23924928
-0.162027	-6.476036	3.919533	0	0	-0.76484218	0.64421769
-1.630218	-7.944227	4.787385	0	0	-0.82533563	0.56464246
-0.827959	-8.746487	4.787385	0	0	-0.87758258	0.4794255
-0.529144	-8.919007	4.757197	0	0	-0.87758258	0.4794255
1.357505	-7.995568	3.919533	0	0	-0.82533563	0.56464246
-1.100551	-7.414560	3.058340	0	0	-0.98006658	0.19866933
0.996698	-9.511809	3.058340	0	0	-0.87758258	0.4794255
0.020461	-6.293548	7.830496	0	0	-0.76484218	0.64421769
1.422847	-6.021265	2.099046	0	0	-0.69670669	0.71735611
0.857796	-5.456213	2.099046	0	0	-0.69670669	0.71735611
1.980858	-8.253943	7.830496	0	0	-0.82533563	0.56464246
-3.665109	-9.979117	4.947478	0	0	0.99913515	0.041580682
2.461978	-3.713682	4.616894	0	0	0.97095818	0.23924928
1.268535	-3.024648	4.737460	0	0	0.98999249	0.14112005
-3.881077	-9.979434	2.807861	0	0	0.99913515	0.041580682
2.934247	-2.941549	4.878986	0	0	-0.87758258	0.4794255
-5.480381	-5.881802	4.756600	0	0	-0.82533563	0.56464246
-5.484507	-5.897201	4.742518	0	0	-0.69670669	0.71735611
-5.476315	-5.866627	4.771497	0	0	-0.69670669	0.71735611
-5.488671	-5.912738	4.729205	0	0	-0.82533563	0.56464246
-5.472322	-5.851724	4.787199	0	0	-0.82533563	0.56464246
-5.492826	-5.928244	4.716497	0	0	-0.82533563	0.56464246
-5.496910	-5.943486	4.704178	0	0	-0.69670669	0.71735611
-5.500796	-5.957991	4.691669	0	0	-0.82533563	0.56464246
-5.504397	-5.971431	4.679128	0	0	-0.82533563	0.56464246
-5.507556	-5.983220	4.667208	0	0	-0.82533563	0.56464246
-5.504330	-5.971179	4.653636	0	0	-0.69670669	0.71735611
-5.510116	-5.992773	4.655707	0	0	-0.69670669	0.71735611
-5.511721	-5.998765	4.651185	0	0	-0.87758258	0.4794255
-5.511184	-5.996760	4.647057	0	0	-0.69670669	0.71735611
-5.512374	-6.001202	4.637835	0	0	-0.87758258	0.4794255
-5.519331	-6.027166	4.648303	0	0	-0.69670669	0.71735611
-5.527196	-6.056518	4.644759	0	0	-0.87758258	0.4794255
-5.535418	-6.087201	4.640365	0	0	-0.76484218	0.64421769
-5.544009	-6.119265	4.634841	0	0	-0.87758258	0.4794255
-5.553451	-6.154501	4.628551	0	0	-0.87758258	0.4794255
-5.563368	-6.191514	4.620621	0	0	-0.87758258	0.4794255
-5.576946	-6.242187	4.614775	0	0	-0.87758258	0.4794255
-5.585716	-6.274916	4.604666	0	0	-0.76484218	0.64421769
-5.599830	-6.327591	4.529726	0	0	-0.82533563	0.56464246
-5.624458	-6.419505	4.631232	0	0	-0.82533563	0.56464246
-5.659472	-6.550179	4.708495	0	0	-0.95533648	0.29552023
-5.659933	-6.551896	4.688865	0	0	-0.95533648	0.29552023
-3.438049	-9.752057	8.492739	0	0	-0.99500417	0.099833397
-5.550771	-6.144501	3.919533	0	0	-0.82533563	0.56464246
-5.697893	-6.693566	3.069567	0	0	0	1
-5.040556	-4.240351	2.923642	0	0	-0.82533563	0.56464246
0.969067	-7.400445	10.908942	0	0	-0.82533563	0.56464246
-5.573608	-6.229731	7.830496	0	0	-0.87758258	0.4794255
-5.579527	-6.251820	8.118754	0	0	-0.87758258	0.4794255
-3.031252	-12.896674	2.722008	0	0	0.97095818	0.23924928
-5.399845	-11.192731	2.969178	0	-0	-1	-4.371139e-08
3.141426	-13.108191	4.169058	0	0	-0.99500417	0.099833397
3.133995	-13.111197	4.156352	0	0	-0.92106097	0.38941839
3.149092	-13.105134	4.182622	0	0	-0.92106097	0.38941839
3.126905	-13.114088	4.144456	0	0	-0.99500417	0.099833397
3.156961	-13.102047	4.197036	0	0	-0.99500417	0.099833397
3.120440	-13.116686	4.133217	0	0	-0.99500417	0.099833397
3.114974	-13.118752	4.122429	0	0	-0.92106097	0.38941839
3.111365	-13.119736	4.111544	0	0	-0.99500417	0.099833397
3.109777	-13.119556	4.100696	0	0	-0.99500417	0.099833397
3.110071	-13.118351	4.090439	0	0	-0.99500417	0.099833397
3.128821	-13.106206	4.077377	0	0	-0.92106097	0.38941839
3.113038	-13.115642	4.080581	0	0	-0.92106097	0.38941839
3.108703	-13.117726	4.076438	0	0	-0.99500417	0.099833397
3.117768	-13.112146	4.073010	0	0	-0.92106097	0.38941839
3.123615	-13.107965	4.065044	0	0	-0.99500417	0.099833397
3.089346	-13.128782	4.075253	0	0	-0.92106097	0.38941839
3.070850	-13.139296	4.073620	0	0	-0.99500417	0.099833397
3.053180	-13.149273	4.071398	0	0	-0.92106097	0.38941839
3.036357	-13.158674	4.068319	0	0	-0.99500417	0.099833397
3.019336	-13.168153	4.064865	0	0	-0.99500417	0.099833397
3.002365	-13.177462	4.060019	0	0	-0.99500417	0.099833397
2.977554	-13.191600	4.058180	0	0	-0.99500417	0.099833397
2.961089	-13.200350	4.050691	0	0	-0.92106097	0.38941839
2.939950	-13.205534	3.981201	0	0	-0.92106097	0.38941839
2.875747	-13.253263	4.086720	0	0	-0.92106097	0.38941839
3.986279	-12.548738	3.459558	0	0	0.97095818	0.23924928
2.058018	-13.745146	4.282403	0	0	-0.99500417	0.099833397
3.026038	-13.026729	2.703252	0	0	-0.92106097	0.38941839
-4.314001	-1.528812	4.737460	0	0	-0.36235775	0.93203909
0.279488	-14.772877	4.291262	0	0	-0.95533648	0.29552023
4.804783	-11.878949	1.507284	0	0	-0.87758258	0.4794255
6.091012	-11.377422	3.893636	0	0	0.90407214	0.42737988
4.513730	-12.641007	7.387301	0	0	0.97095818	0.23924928
-3.254401	-9.568410	11.360168	0	0	0.99913515	0.041580682
-5.200035	-13.303544	5.253013	0	-0	-1	-4.371139e-08
-3.634881	-14.356817	5.091613	0	0	-0.99500417	0.099833397
-3.920408	-4.577506	11.402893	0	0	-0.69670669	0.71735611
-5.517151	-6.019030	10.779559	0	0	-0.92106097	0.38941839
-3.207632	-9.521641	12.090403	0	0	0.99913515	0.041580682
-4.852004	-13.210290	9.231029	0	-0	-1	-4.371139e-08
-5.049809	-4.274884	11.402893	0	0	-0.69670669	0.71735611
-3.151320	-9.465329	12.969636	0	0	-0.99500417	0.099833397
-5.490493	-5.919541	11.916719	0	0	-0.87758258	0.4794255
-5.481405	-5.885623	12.304401	0	0	-0.87758258	0.4794255
1.811511	-14.505481	10.399937	0	0	-0.95533648	0.29552023
-3.568048	-15.050839	9.719533	0	-0	-1	-4.371139e-08
-2.945655	-16.452820	2.488769	0	0	0.90407214	0.42737988
-3.357146	-16.934864	4.908710	0	-0	-1	-4.371139e-08
-3.050912	-9.364921	14.537393	0	0	-0.98006658	0.19866933
-4.595415	-13.141537	12.163851	0	-0	-1	-4.371139e-08
-4.574851	-13.136026	12.398906	0	-0	-1	-4.371139e-08
-5.444433	-5.747643	13.881527	0	0	-0.87758258	0.4794255
-4.934830	2.059322	8.284317	0	0	0	1
-3.338498	-15.112347	12.343296	0	-0	-1	-4.371139e-08
-1.657960	-15.562646	12.403179	0	0	0.94222235	0.33498812
-1.635708	-12.348486	15.004071	0	0	-0.98006658	0.19866933
-4.450954	-13.102829	13.815048	0	-0	-1	-4.371139e-08
-0.216390	-18.863956	3.744210	0	0	0.99913515	0.041580682
-0.215961	-18.862862	3.731678	0	0	-0.99500417	0.099833397
-0.216342	-18.865128	3.757582	0	0	-0.99500417	0.099833397
-0.214950	-18.861834	3.719935	0	0	0.99913515	0.041580682
-0.215833	-18.866369	3.771790	0	0	0.99913515	0.041580682
-0.213021	-18.860861	3.708812	0	0	0.99913515	0.041580682
-0.209739	-18.859921	3.698081	0	0	-0.99500417	0.099833397
-0.204062	-18.858965	3.687149	0	0	0.99913515	0.041580682
-0.195980	-18.858002	3.676142	0	0	0.99913515	0.041580682
-0.236150	-18.857410	3.669372	0	-0	-1	-4.371139e-08
-0.186179	-18.857082	3.665638	0	0	0.99913515	0.041580682
-0.193226	-18.855717	3.650016	0	0	0.99913515	0.041580682
-0.198483	-18.855574	3.648388	0	0	-0.99500417	0.099833397
-0.185651	-18.855801	3.650978	0	0	-0.99500417	0.099833397
-0.173826	-18.856188	3.655400	0	0	-0.99500417	0.099833397
-0.201333	-18.855349	3.645824	0	0	0.99913515	0.041580682
-0.175991	-18.855839	3.651420	0	0	0.99913515	0.041580682
-0.202149	-18.855089	3.642842	0	0	0.99913515	0.041580682
-0.164517	-18.855850	3.651552	0	0	-0.99500417	0.099833397
-0.201488	-18.854702	3.638432	0	0	0.99913515	0.041580682
-0.203402	-18.854605	3.637301	0	0	0.99913515	0.041580682
-0.162923	-18.855492	3.647441	0	0	-0.99500417	0.099833397
-0.204897	-18.853989	3.630280	0	-0	-1	-4.371139e-08
-0.149899	-18.854753	3.639005	0	0	0.99913515	0.041580682
-0.194884	-18.847933	3.561043	0	0	-0.99500417	0.099833397
-0.827959	-18.877676	3.901020	0	0	0.99913515	0.041580682
-7.127342	0.823762	9.446591	0	0	0	1
1.268535	-18.829878	3.354681	0	0	0.73739371	0.67546319
1.357505	-18.796621	2.974564	0	0	0.97095818	0.23924928
0.996698	-18.733368	2.251559	0	0	0.97095818	0.23924928
1.422847	-18.623562	0.996488	0	0	0.97095818	0.23924928
1.980858	-19.138151	6.878252	0	0	0.97095818	0.23924928
0.379242	-16.108513	13.864443	0	0	-0.99500417	0.099833397
-5.450932	-18.954672	4.781084	0	0	0.99913515	0.041580682
-5.982569	-18.742821	2.359613	0	0	0.73739371	0.67546319
-2.558593	-19.044493	10.043633	0	-0	-1	-4.371139e-08
-6.322137	-18.893814	4.085485	0	0	0.94222235	0.33498812
-3.713668	-17.889418	12.320029	0	-0	-1	-4.371139e-08
-3.920408	-19.420393	10.104308	0	-0	-1	-4.371139e-08
1.464895	-16.399412	15.004071	0	0	-0.98006658	0.19866933
-7.312646	-19.583359	3.514916	0	0	0.90407214	0.42737988
-7.304570	-19.586735	3.502172	0	0	0.90407214	0.42737988
-7.320240	-19.580345	3.528476	0	0	0.90407214	0.42737988
-7.295959	-19.590496	3.490188	0	0	0.90407214	0.42737988
-7.327345	-19.577694	3.542846	0	0	0.90407214	0.42737988
-7.286594	-19.594751	3.478782	0	0	0.90407214	0.42737988
-7.276193	-19.599636	3.467709	0	0	0.90407214	0.42737988
-7.264048	-19.605499	3.456331	0	0	0.90407214	0.42737988
-7.250306	-19.612267	3.444781	0	0	0.90407214	0.42737988
-7.235861	-19.619484	3.433674	0	0	0.90407214	0.42737988
-7.220250	-19.627392	3.422743	0	0	0.90407214	0.42737988
-7.222035	-19.625957	3.418731	0	0	0.90407214	0.42737988
-7.219172	-19.627615	3.418788	0	0	0.90407214	0.42737988
-7.214341	-19.630369	3.418442	0	0	0.90407214	0.42737988
-7.207236	-19.634373	3.417466	0	0	0.94222235	0.33498812
-7.208585	-19.633266	3.414226	0	0	0.94222235	0.33498812
-7.197472	-19.639832	3.415701	0	0	0.94222235	0.33498812
-7.194847	-19.640280	3.405129	0	0	0.94222235	0.33498812
-7.184935	-19.646784	3.412869	0	0	0.94222235	0.33498812
-7.169141	-19.655561	3.409486	0	0	0.94222235	0.33498812
-7.151175	-19.665438	3.404583	0	0	0.94222235	0.33498812
-7.129243	-19.677933	3.402910	0	0	0.94222235	0.33498812
-7.115026	-19.685396	3.395550	0	0	0.94222235	0.33498812
-7.148916	-19.694704	3.681360	0	0	0.94222235	0.33498812
-7.076683	-19.711449	3.434294	0	0	0.94222235	0.33498812
-7.078830	-19.699186	3.325191	0	0	0.94222235	0.33498812
-8.029205	-19.128805	3.110566	0	0	0.73739371	0.67546319
-8.638569	-18.801392	3.352123	0	0	0.66627604	0.74570519
-5.790679	-20.376587	2.668763	0	0	0.94222235	0.33498812
-8.685769	-18.911222	4.709053	0	0	0.66627604	0.74570519
-8.923062	-18.730062	4.271951	0	0	0.58850112	0.8084964
-5.373019	-20.544483	1.943784	0	0	0.85688874	0.51550139
-6.510922	-19.762957	0.710816	0	0	0.97095818	0.23924928
-5.380734	-21.004595	6.542385	0	0	0.97095818	0.23924928
-9.304828	-19.172667	4.191225	0	0	0.32328956	0.94630009
-9.304828	-19.172667	4.191225	0	0	0.73739371	0.67546319
-9.361585	-19.183702	4.816121	0	0	0.73739371	0.67546319
-9.473602	-19.205482	6.049429	0	0	0.66627604	0.74570519
-9.522889	-19.215067	6.592068	0	0	0	1
-6.128046	-19.618176	12.364964	0	0	0.94222235	0.33498812
-9.057353	-19.231241	10.000434	0	0	0.50484609	0.86320938
-0.417568	-21.185518	12.403179	0	0	0.80114363	0.59847213
0.457314	-20.159752	15.004071	0	0	-0.99500417	0.099833397
-9.887027	-19.285870	10.601207	0	0	0.32328956	0.94630009
-9.114303	-19.443781	12.429772	0	0	0.66627604	0.74570519
-10.069386	-19.321327	12.608971	0	0	0.58850112	0.8084964
0.576959	-22.180044	13.864443	0	0	-0.99500417	0.099833397
-4.586348	-25.371868	10.043633	0	0	0.41614682	0.90929743
-1.721499	-23.933567	14.622828	0	-0	-1	-4.371139e-08
-4.170088	-24.938038	12.403179	0	0	0.80114363	0.59847213
-1.915462	-24.672466	13.864443	0	-0	-1	-4.371139e-08
-7.197540	-24.579285	14.230753	0	0	0.32328956	0.94630009
-6.131846	-26.070660	12.204996	0	0	0.73739371	0.67546319
-5.779343	-26.903278	13.474101	0	0	0.98999249	0.14112005
-10.430600	-26.947897	10.046241	0	0	0.029199523	0.9995736
-2.162797	-24.216866	19.949142	0	0	0.99913515	0.041580682
-10.871185	-19.477230	21.436747	0	0	0.32328956	0.94630009
-9.446368	-21.816696	20.702997	0	0	0.58850112	0.8084964
-1.652499	8.404048	24.564314	0	0	-0.87758258	0.4794255
-10.302205	-4.039999	28.436813	0	0	-0.69670669	0.71735611
-10.302205	-4.039999	28.436813	0	0	-0.62160997	0.7833269
-10.302205	-4.039999	28.436813	0	0	-0.16996714	0.98544973
-10.302205	-4.039999	28.436813	0	0	-0.54030229	0.84147099
7.046172	-20.810099	25.988708	0	0	-0.95533648	0.29552023
-9.423542	-20.597879	25.621183	0	0	0.50484609	0.86320938
-9.432938	-20.632942	26.021967	0	0	0.66627604	0.74570519
-10.334431	-32.110550	4.503178	0	0	0	1
-10.335758	-32.110165	4.518358	0	0	0.97095818	0.23924928
-10.333168	-32.110920	4.488755	0	0	0.97095818	0.23924928
-10.331968	-32.111267	4.475036	0	0	0.97095818	0.23924928
-10.337152	-32.109760	4.534287	0	0	0.97095818	0.23924928
-10.330923	-32.111572	4.463096	0	0	0.97095818	0.23924928
-10.330813	-32.111603	4.461833	0	0	0	1
-10.338531	-32.109360	4.550059	0	0	0.1288445	0.99166481
-10.329681	-32.111935	4.448897	0	0	0.97095818	0.23924928
-10.328515	-32.112274	4.435566	0	0	0.97095818	0.23924928
-10.327329	-32.112617	4.422010	0	0	0.97095818	0.23924928
-10.326186	-32.112949	4.408952	0	0	0.97095818	0.23924928
-10.325065	-32.113277	4.396132	0	0	0.97095818	0.23924928
-10.324861	-32.113335	4.393792	0	0	0	1
-10.324677	-32.113388	4.391687	0	0	0	1
-10.324438	-32.113461	4.388964	0	0	0.97095818	0.23924928
-10.324216	-32.113525	4.386425	0	0	0.97095818	0.23924928
-10.324122	-32.113552	4.385364	0	0	0.97095818	0.23924928
-10.323712	-32.113670	4.380667	0	0	0	1
-10.323298	-32.113792	4.375941	0	0	0.97095818	0.23924928
-10.323180	-32.113827	4.374588	0	0	0.97095818	0.23924928
-10.322557	-32.114006	4.367473	0	0	0.97095818	0.23924928
-10.322441	-32.114040	4.366140	0	0	0.97095818	0.23924928
-10.321776	-32.114235	4.358544	0	0	0.97095818	0.23924928
-10.321165	-32.114410	4.351554	0	0	0	1
-10.320223	-32.114685	4.340783	0	0	0	1
-10.313514	-32.116638	4.264097	0	0	0	1
-10.405866	-32.089767	5.319689	0	0	0.97095818	0.23924928
-10.248298	-32.135612	3.518684	0	0	0.1288445	0.99166481
-10.218920	-32.144161	3.182882	0	0	0	1
-10.172964	-32.157536	2.657608	0	0	0.94222235	0.33498812
-10.094202	-32.180450	1.757362	0	0	0.1288445	0.99166481
-10.581618	-32.038628	7.328555	0	0	0.97095818	0.23924928
-10.582343	-32.038418	7.336833	0	0	0.1288445	0.99166481
-9.446175	-20.682343	26.586605	0	0	0.50484609	0.86320938
-10.827526	-31.967075	10.139286	0	0	0	1
-10.945232	-31.932825	11.484677	0	0	0.22720209	0.97384763
-11.376516	-19.575487	27.000412	0	0	0.32328956	0.94630009
-10.988948	-31.920105	11.984346	0	0	0.80114363	0.59847213
-9.465111	-20.753016	27.394402	0	0	0.50484609	0.86320938
-11.079646	-31.893715	13.021032	0	0	0.97095818	0.23924928
-11.099210	-31.888021	13.244653	0	0	0.97095818	0.23924928
-11.190049	-31.861591	14.282949	0	0	0.029199523	0.9995736
-11.476813	-19.594988	28.104683	0	0	0.41614682	0.90929743
-11.518845	-19.603161	28.567444	0	0	0.32328956	0.94630009
12.155501	-20.975719	27.881760	0	0	-0.95533648	0.29552023
-6.512045	-22.667648	29.469963	0	0	0.94222235	0.33498812
20.249010	-5.539116	27.015238	0	0	0.90407214	0.42737988
-11.675927	-19.633705	30.296906	0	0	0	1
-10.640169	-2.778702	33.306244	0	0	0	1
10.385139	-31.602571	21.346380	0	0	0.94222235	0.33498812
-11.849687	-31.669655	21.822643	0	0	0.73739371	0.67546319
17.670277	11.356268	24.564314	0	0	-0.99500417	0.099833397
-10.784730	-2.239194	35.389095	0	0	0	1
-11.948687	-19.686741	33.299980	0	0	0.32328956	0.94630009
16.683334	-21.173677	30.144426	0	0	-0.99500417	0.099833397
-12.097903	-31.597431	24.659767	0	0	0.029199523	0.9995736
-10.848157	-2.002480	36.302967	0	0	-0.54030229	0.84147099
-10.872016	-1.913437	36.646732	0	0	-0.45359611	0.89120736
14.534503	13.005479	28.568941	0	0	0.97095818	0.23924928
25.023895	-2.998290	29.152914	0	0	0.90407214	0.42737988
7.046172	17.328869	29.325436	0	0	-0.36235775	0.93203909
28.775711	0.250833	24.564314	0	0	0.98999249	0.14112005
1.161406	18.905687	29.325436	0	0	-0.26749883	0.96355818
29.041906	-0.210229	24.517736	0	0	0.98999249	0.14112005
-12.465478	-31.490477	28.861168	0	0	0.029199523	0.9995736
28.775711	-20.526445	22.746538	0	0	0.98999249	0.14112005
-12.611429	-31.448009	30.529400	0	0	0.029199523	0.9995736
-12.694008	-31.423981	31.473278	0	0	0.94222235	0.33498812
-12.757420	-31.405531	32.198074	0	0	0.029199523	0.9995736
27.754597	-1.668063	31.591410	0	0	-0.98006658	0.19866933
16.840204	16.585707	30.931326	0	0	-0.45359611	0.89120736
12.155501	19.290421	31.404591	0	0	-0.36235775	0.93203909
1.994055	22.013172	31.404591	0	0	-0.26749883	0.96355818
31.116564	-20.894175	26.949694	0	0	-0.95533648	0.29552023
1.851738	21.482038	33.528629	0	0	-0.26749883	0.96355818
-11.343865	-0.152470	43.445217	0	0	-0.82533563	0.56464246
16.683334	17.507925	33.528629	0	0	-0.45359611	0.89120736
17.391687	17.098955	33.457069	0	0	-0.45359611	0.89120736
1.608074	-28.703405	42.809513	0	0	0.97095818	0.23924928
38.815384	-20.395002	21.244143	0	-0	-1	-4.371139e-08
-13.053284	-19.901518	45.461540	0	0	0	1
-13.169684	-19.924152	46.743099	0	0	0	1
-13.598471	-31.160809	41.811333	0	0	0.029199523	0.9995736
-14.391088	-30.930180	50.870991	0	0	0.90407214	0.42737988
-14.604765	-30.868006	53.313320	0	0	0.85688874	0.51550139
6.159659	37.559422	43.977554	0	0	-0.62160997	0.7833269
52.865204	13.049969	29.409578	0	0	-0.87758258	0.4794255
30.786594	-45.791958	45.208214	0	0	0.90407214	0.42737988
56.687481	15.804046	23.992182	0	0	0.94222235	0.33498812
7.178704	41.362545	48.027016	0	0	-0.92106097	0.38941839
-13.330465	7.261620	72.068451	0	0	0	1
38.815384	46.759426	27.119394	0	0	-0.54030229	0.84147099
35.330536	48.286777	32.789391	0	0	-0.87758258	0.4794255
31.116564	50.719715	33.215099	0	0	-0.87758258	0.4794255
-13.837111	9.152445	79.368279	0	0	0	1
-13.900316	9.388334	80.278961	0	0	-0.16996714	0.98544973
73.081436	-22.475983	45.029858	0	0	-0.99500417	0.099833397
82.292633	-21.047762	28.705223	0	0	-0.99500417	0.099833397
-12.401036	3.792945	117.967773	0	0	-0.36235775	0.93203909
16.794468	77.249062	86.237938	0	0	0	1
-19.519266	-60.650837	109.486336	0	0	0.94222235	0.33498812
-2.778893	4.200288	127.586891	0	0	-0.76484218	0.64421769
104.445831	40.767357	49.827675	0	0	-0.87758258	0.4794255
125.452629	-22.861261	49.433601	0	0	0.99913515	0.041580682
73.081436	95.092087	55.315731	0	0	-0.54030229	0.84147099
22.138823	97.194466	107.475227	0	0	-0.36235775	0.93203909
71.998657	65.684647	128.546036	0	0	0.99913515	0.041580682
24.515020	106.062561	116.917717	0	0	0	1
141.827087	63.873722	34.739250	0	0	-0.95533648	0.29552023
154.023010	68.689072	56.773457	0	0	-0.98006658	0.19866933
52.261528	-144.985901	113.789314	0	0	0.99913515	0.041580682
125.452629	118.174423	61.772625	0	0	-0.98006658	0.19866933
124.970528	118.656517	61.772625	0	0	-0.98006658	0.19866933
104.917839	142.830399	62.153168	0	0	-0.87758258	0.4794255
-24.700487	3.097401	195.561203	0	0	-0.26749883	0.96355818
-24.700487	3.097401	195.561203	0	0	-0.070737201	0.99749499
-24.700487	3.097401	195.561203	0	0	-0.45359611	0.89120736
-24.700487	3.097401	195.561203	0	0	-0.16996714	0.98544973
172.863113	34.408333	128.546036	0	0	0.99913515	0.041580682
159.532776	-127.856773	121.756676	0	0	0.99913515	0.041580682
198.334137	-60.650837	128.546036	0	0	0.99913515	0.041580682
