165.302628	51.554691	-139.183502	-2.541593	119.316345	123.931770	-139.549316
119.316345	123.931770	-139.549316	-2.141593	33.017605	150.204926	-125.297386
33.017605	150.204926	-125.297386	-1.741593	-40.156414	115.741936	-101.184319
-40.156414	115.741936	-101.184319	-1.141593	39.379524	-58.621677	-34.463181
39.379524	-58.621677	-34.463181	3.058407	92.245667	-72.855217	-65.843895
92.245667	-72.855217	-65.843895	3.058407	144.983170	-39.789333	-92.885742
144.983170	-39.789333	-92.885742	3.058407	167.226349	8.264571	-119.870255
167.226349	8.264571	-119.870255	3.058407	-40.587368	-132.440750	-101.280754
165.302628	51.554691	-139.183502	-2.541593	119.316345	123.931770	-139.549316
119.316345	123.931770	-139.549316	-2.141593	33.017605	150.204926	-125.297386
33.017605	150.204926	-125.297386	-1.741593	-40.156414	115.741936	-101.184319
-40.156414	115.741936	-101.184319	-1.141593	39.379524	-58.621677	-34.463181
39.379524	-58.621677	-34.463181	3.058407	92.245667	-72.855217	-65.843895
92.245667	-72.855217	-65.843895	3.058407	144.983170	-39.789333	-92.885742
144.983170	-39.789333	-92.885742	3.058407	167.226349	8.264571	-119.870255
167.226349	8.264571	-119.870255	3.058407	-40.587368	-132.440750	-101.280754
165.302628	51.554691	-139.183502	-2.541593	119.316345	123.931770	-139.549316
119.316345	123.931770	-139.549316	-2.141593	33.017605	150.204926	-125.297386
33.017605	150.204926	-125.297386	-1.741593	-40.156414	115.741936	-101.184319
-40.156414	115.741936	-101.184319	-1.141593	39.379524	-58.621677	-34.463181
39.379524	-58.621677	-34.463181	3.058407	92.245667	-72.855217	-65.843895
92.245667	-72.855217	-65.843895	3.058407	144.983170	-39.789333	-92.885742
144.983170	-39.789333	-92.885742	3.058407	167.226349	8.264571	-119.870255
167.226349	8.264571	-119.870255	3.058407	-40.587368	-132.440750	-101.280754
165.302628	51.554691	-139.183502	-2.541593	119.316345	123.931770	-139.549316
119.316345	123.931770	-139.549316	-2.141593	33.017605	150.204926	-125.297386
33.017605	150.204926	-125.297386	-1.741593	-40.156414	115.741936	-101.184319
-40.156414	115.741936	-101.184319	-1.141593	39.379524	-58.621677	-34.463181
39.379524	-58.621677	-34.463181	3.058407	92.245667	-72.855217	-65.843895
92.245667	-72.855217	-65.843895	3.058407	144.983170	-39.789333	-92.885742
144.983170	-39.789333	-92.885742	3.058407	167.226349	8.264571	-119.870255
167.226349	8.264571	-119.870255	3.058407	-40.587368	-132.440750	-101.280754
165.302628	51.554691	-139.183502	-2.541593	119.316345	123.931770	-139.549316
119.316345	123.931770	-139.549316	-2.141593	33.017605	150.204926	-125.297386
33.017605	150.204926	-125.297386	-1.741593	-40.156414	115.741936	-101.184319
-40.156414	115.741936	-101.184319	-1.141593	39.379524	-58.621677	-34.463181
39.379524	-58.621677	-34.463181	3.058407	92.245667	-72.855217	-65.843895
92.245667	-72.855217	-65.843895	3.058407	144.983170	-39.789333	-92.885742
144.983170	-39.789333	-92.885742	3.058407	167.226349	8.264571	-119.870255
167.226349	8.264571	-119.870255	3.058407	-40.587368	-132.440750	-101.280754
165.302628	51.554691	-139.183502	-2.541593	119.316345	123.931770	-139.549316
119.316345	123.931770	-139.549316	-2.141593	33.017605	150.204926	-125.297386
33.017605	150.204926	-125.297386	-1.741593	-40.156414	115.741936	-101.184319
-40.156414	115.741936	-101.184319	-1.141593	39.379524	-58.621677	-34.463181
39.379524	-58.621677	-34.463181	3.058407	92.245667	-72.855217	-65.843895
92.245667	-72.855217	-65.843895	3.058407	144.983170	-39.789333	-92.885742
144.983170	-39.789333	-92.885742	3.058407	167.226349	8.264571	-119.870255
167.226349	8.264571	-119.870255	3.058407	-40.587368	-132.440750	-101.280754
165.302628	51.554691	-139.183502	-2.541593	119.316345	123.931770	-139.549316
119.316345	123.931770	-139.549316	-2.141593	33.017605	150.204926	-125.297386
33.017605	150.204926	-125.297386	-1.741593	-40.156414	115.741936	-101.184319
-40.156414	115.741936	-101.184319	-1.141593	39.379524	-58.621677	-34.463181
39.379524	-58.621677	-34.463181	3.058407	92.245667	-72.855217	-65.843895
92.245667	-72.855217	-65.843895	3.058407	144.983170	-39.789333	-92.885742
144.983170	-39.789333	-92.885742	3.058407	167.226349	8.264571	-119.870255
167.226349	8.264571	-119.870255	3.058407	-40.587368	-132.440750	-101.280754
165.302628	51.554691	-139.183502	-2.541593	119.316345	123.931770	-139.549316
119.316345	123.931770	-139.549316	-2.141593	33.017605	150.204926	-125.297386
33.017605	150.204926	-125.297386	-1.741593	-40.156414	115.741936	-101.184319
-40.156414	115.741936	-101.184319	-1.141593	39.379524	-58.621677	-34.463181
39.379524	-58.621677	-34.463181	3.058407	92.245667	-72.855217	-65.843895
92.245667	-72.855217	-65.843895	3.058407	144.983170	-39.789333	-92.885742
144.983170	-39.789333	-92.885742	3.058407	167.226349	8.264571	-119.870255
167.226349	8.264571	-119.870255	3.058407	-40.587368	-132.440750	-101.280754
165.302628	51.554691	-139.183502	-2.541593	119.316345	123.931770	-139.549316
119.316345	123.931770	-139.549316	-2.141593	33.017605	150.204926	-125.297386
33.017605	150.204926	-125.297386	-1.741593	-40.156414	115.741936	-101.184319
-40.156414	115.741936	-101.184319	-1.141593	39.379524	-58.621677	-34.463181
39.379524	-58.621677	-34.463181	3.058407	92.245667	-72.855217	-65.843895
92.245667	-72.855217	-65.843895	3.058407	144.983170	-39.789333	-92.885742
144.983170	-39.789333	-92.885742	3.058407	167.226349	8.264571	-119.870255
167.226349	8.264571	-119.870255	3.058407	-40.587368	-132.440750	-101.280754
165.302628	51.554691	-139.183502	-2.541593	119.316345	123.931770	-139.549316
119.316345	123.931770	-139.549316	-2.141593	33.017605	150.204926	-125.297386
33.017605	150.204926	-125.297386	-1.741593	-40.156414	115.741936	-101.184319
-40.156414	115.741936	-101.184319	-1.141593	39.379524	-58.621677	-34.463181
39.379524	-58.621677	-34.463181	3.058407	92.245667	-72.855217	-65.843895
92.245667	-72.855217	-65.843895	3.058407	144.983170	-39.789333	-92.885742
144.983170	-39.789333	-92.885742	3.058407	167.226349	8.264571	-119.870255
167.226349	8.264571	-119.870255	3.058407	-40.587368	-132.440750	-101.280754
165.302628	51.554691	-139.183502	-2.541593	119.316345	123.931770	-139.549316
119.316345	123.931770	-139.549316	-2.141593	33.017605	150.204926	-125.297386
33.017605	150.204926	-125.297386	-1.741593	-40.156414	115.741936	-101.184319
-40.156414	115.741936	-101.184319	-1.141593	39.379524	-58.621677	-34.463181
39.379524	-58.621677	-34.463181	3.058407	92.245667	-72.855217	-65.843895
92.245667	-72.855217	-65.843895	3.058407	144.983170	-39.789333	-92.885742
144.983170	-39.789333	-92.885742	3.058407	167.226349	8.264571	-119.870255
167.226349	8.264571	-119.870255	3.058407	-40.587368	-132.440750	-101.280754
165.302628	51.554691	-139.183502	-2.541593	119.316345	123.931770	-139.549316
119.316345	123.931770	-139.549316	-2.141593	33.017605	150.204926	-125.297386
33.017605	150.204926	-125.297386	-1.741593	-40.156414	115.741936	-101.184319
-40.156414	115.741936	-101.184319	-1.141593	39.379524	-58.621677	-34.463181
39.379524	-58.621677	-34.463181	3.058407	92.245667	-72.855217	-65.843895
92.245667	-72.855217	-65.843895	3.058407	144.983170	-39.789333	-92.885742
144.983170	-39.789333	-92.885742	3.058407	167.226349	8.264571	-119.870255
167.226349	8.264571	-119.870255	3.058407	-40.587368	-132.440750	-101.280754
165.302628	51.554691	-139.183502	-2.541593	119.316345	123.931770	-139.549316
119.316345	123.931770	-139.549316	-2.141593	33.017605	150.204926	-125.297386
33.017605	150.204926	-125.297386	-1.741593	-40.156414	115.741936	-101.184319
-40.156414	115.741936	-101.184319	-1.141593	39.379524	-58.621677	-34.463181
39.379524	-58.621677	-34.463181	3.058407	92.245667	-72.855217	-65.843895
92.245667	-72.855217	-65.843895	3.058407	144.983170	-39.789333	-92.885742
144.983170	-39.789333	-92.885742	3.058407	167.226349	8.264571	-119.870255
167.226349	8.264571	-119.870255	3.058407	-40.587368	-132.440750	-101.280754
165.302628	51.554691	-139.183502	-2.541593	119.316345	123.931770	-139.549316
119.316345	123.931770	-139.549316	-2.141593	33.017605	150.204926	-125.297386
33.017605	150.204926	-125.297386	-1.741593	-40.156414	115.741936	-101.184319
-40.156414	115.741936	-101.184319	-1.141593	39.379524	-58.621677	-34.463181
39.379524	-58.621677	-34.463181	3.058407	92.245667	-72.855217	-65.843895
92.245667	-72.855217	-65.843895	3.058407	144.983170	-39.789333	-92.885742
144.983170	-39.789333	-92.885742	3.058407	167.226349	8.264571	-119.870255
167.226349	8.264571	-119.870255	3.058407	-40.587368	-132.440750	-101.280754
165.302628	51.554691	-139.183502	-2.541593	119.316345	123.931770	-139.549316
119.316345	123.931770	-139.549316	-2.141593	33.017605	150.204926	-125.297386
33.017605	150.204926	-125.297386	-1.741593	-40.156414	115.741936	-101.184319
-40.156414	115.741936	-101.184319	-1.141593	39.379524	-58.621677	-34.463181
39.379524	-58.621677	-34.463181	3.058407	92.245667	-72.855217	-65.843895
92.245667	-72.855217	-65.843895	3.058407	144.983170	-39.789333	-92.885742
144.983170	-39.789333	-92.885742	3.058407	167.226349	8.264571	-119.870255
167.226349	8.264571	-119.870255	3.058407	-40.587368	-132.440750	-101.280754
165.302628	51.554691	-139.183502	-2.541593	119.316345	123.931770	-139.549316
119.316345	123.931770	-139.549316	-2.141593	33.017605	150.204926	-125.297386
33.017605	150.204926	-125.297386	-1.741593	-40.156414	115.741936	-101.184319
-40.156414	115.741936	-101.184319	-1.141593	39.379524	-58.621677	-34.463181
39.379524	-58.621677	-34.463181	3.058407	92.245667	-72.855217	-65.843895
92.245667	-72.855217	-65.843895	3.058407	144.983170	-39.789333	-92.885742
144.983170	-39.789333	-92.885742	3.058407	167.226349	8.264571	-119.870255
167.226349	8.264571	-119.870255	3.058407	-40.587368	-132.440750	-101.280754
165.302628	51.554691	-139.183502	-2.541593	119.316345	123.931770	-139.549316
119.316345	123.931770	-139.549316	-2.141593	33.017605	150.204926	-125.297386
33.017605	150.204926	-125.297386	-1.741593	-40.156414	115.741936	-101.184319
-40.156414	115.741936	-101.184319	-1.141593	39.379524	-58.621677	-34.463181
39.379524	-58.621677	-34.463181	3.058407	92.245667	-72.855217	-65.843895
92.245667	-72.855217	-65.843895	3.058407	144.983170	-39.789333	-92.885742
144.983170	-39.789333	-92.885742	3.058407	167.226349	8.264571	-119.870255
167.226349	8.264571	-119.870255	3.058407	-40.587368	-132.440750	-101.280754
165.302628	51.554691	-139.183502	-2.541593	119.316345	123.931770	-139.549316
119.316345	123.931770	-139.549316	-2.141593	33.017605	150.204926	-125.297386
33.017605	150.204926	-125.297386	-1.741593	-40.156414	115.741936	-101.184319
-40.156414	115.741936	-101.184319	-1.141593	39.379524	-58.621677	-34.463181
39.379524	-58.621677	-34.463181	3.058407	92.245667	-72.855217	-65.843895
92.245667	-72.855217	-65.843895	3.058407	144.983170	-39.789333	-92.885742
144.983170	-39.789333	-92.885742	3.058407	167.226349	8.264571	-119.870255
167.226349	8.264571	-119.870255	3.058407	-40.587368	-132.440750	-101.280754
165.302628	51.554691	-139.183502	-2.541593	119.316345	123.931770	-139.549316
119.316345	123.931770	-139.549316	-2.141593	33.017605	150.204926	-125.297386
33.017605	150.204926	-125.297386	-1.741593	-40.156414	115.741936	-101.184319
-40.156414	115.741936	-101.184319	-1.141593	39.379524	-58.621677	-34.463181
39.379524	-58.621677	-34.463181	3.058407	92.245667	-72.855217	-65.843895
92.245667	-72.855217	-65.843895	3.058407	144.983170	-39.789333	-92.885742
144.983170	-39.789333	-92.885742	3.058407	167.226349	8.264571	-119.870255
167.226349	8.264571	-119.870255	3.058407	-40.587368	-132.440750	-101.280754
165.302628	51.554691	-139.183502	-2.541593	119.316345	123.931770	-139.549316
119.316345	123.931770	-139.549316	-2.141593	33.017605	150.204926	-125.297386
33.017605	150.204926	-125.297386	-1.741593	-40.156414	115.741936	-101.184319
-40.156414	115.741936	-101.184319	-1.141593	39.379524	-58.621677	-34.463181
39.379524	-58.621677	-34.463181	3.058407	92.245667	-72.855217	-65.843895
92.245667	-72.855217	-65.843895	3.058407	144.983170	-39.789333	-92.885742
144.983170	-39.789333	-92.885742	3.058407	167.226349	8.264571	-119.870255
167.226349	8.264571	-119.870255	3.058407	-40.587368	-132.440750	-101.280754
