141.137924	16.769367	-53.017975	0	0	-0.87758258	0.4794255
142.994034	16.251192	-54.349594	0	0	0.98999249	0.14112005
139.119766	17.331011	-51.569717	0	0	-0.87758258	0.4794255
144.686768	15.769614	-55.571796	0	0	0.98999249	0.14112005
136.937073	17.936365	-50.004879	0	0	0.98999249	0.14112005
146.233643	15.328712	-56.687809	0	0	0.98999249	0.14112005
135.608017	20.454586	-50.930309	0	0	-0.87758258	0.4794255
134.749344	18.537228	-48.444897	0	0	0.98999249	0.14112005
145.229904	14.406857	-46.269947	0	0	-0.87758258	0.4794255
147.096054	13.882887	-47.585014	0	0	0.97095818	0.23924928
143.200439	14.975037	-44.840359	0	0	-0.87758258	0.4794255
148.799820	13.394936	-48.789013	0	0	0.97095818	0.23924928
141.005814	15.587278	-43.295193	0	0	0.97095818	0.23924928
150.356323	12.948483	-49.889168	0	0	0.97095818	0.23924928
140.739975	17.491644	-42.467270	0	0	-0.87758258	0.4794255
132.537338	19.132021	-46.879421	0	0	0.98999249	0.14112005
132.484299	19.177597	-46.872208	0	0	0.98999249	0.14112005
132.376434	19.256041	-46.752655	0	0	0.98999249	0.14112005
132.241653	19.103651	-46.747196	0	0	0.98999249	0.14112005
138.808731	16.193539	-41.750633	0	0	0.98999249	0.14112005
130.019455	18.413132	-48.563633	0	0	0.98999249	0.14112005
136.590271	16.792067	-40.195816	0	0	-0.87758258	0.4794255
136.553864	16.828032	-40.161152	0	0	-0.87758258	0.4794255
136.435135	16.912741	-40.059502	0	0	0.98999249	0.14112005
136.309692	16.754969	-40.038666	0	0	-0.87758258	0.4794255
135.276535	15.377952	-39.894260	0	0	0.98999249	0.14112005
143.650452	32.732170	-48.003334	0	0	-0.82533563	0.56464246
147.356064	30.592743	-41.892494	0	0	-0.82533563	0.56464246
142.386032	33.291565	-38.874805	0	0	0.98999249	0.14112005
142.768921	33.070507	-38.243393	0	0	0.98999249	0.14112005
150.322937	49.050476	-48.969765	0	0	-0.98006658	0.19866933
145.220932	43.939194	-32.719879	0	0	0.98999249	0.14112005
155.100052	46.292416	-41.091919	0	0	-0.98006658	0.19866933
175.767258	28.004820	-36.828800	0	0	-0.87758258	0.4794255
152.784775	-3.403579	-19.751104	0	0	-0.98006658	0.19866933
154.727234	-4.071319	-20.836081	0	0	-0.98006658	0.19866933
150.672394	-2.678723	-18.571999	0	0	-0.98006658	0.19866933
156.499268	-4.690241	-21.831789	0	0	-0.98006658	0.19866933
148.387833	-1.896944	-17.298100	0	0	-0.98006658	0.19866933
158.118286	-5.256096	-22.741745	0	0	-0.98006658	0.19866933
147.744232	-0.565966	-16.265669	0	0	-0.87758258	0.4794255
146.099167	-1.121244	-16.026442	0	0	-0.95533648	0.29552023
143.786057	-0.351333	-14.749745	0	0	-0.95533648	0.29552023
143.742188	-0.321625	-14.716367	0	0	-0.95533648	0.29552023
143.626266	-0.229258	-14.619775	0	0	-0.92106097	0.38941839
143.479599	-0.361024	-14.648325	0	0	-0.95533648	0.29552023
141.768509	-1.936838	-15.004839	0	0	-0.92106097	0.38941839
156.186615	11.018903	-12.196344	0	0	0.97095818	0.23924928
152.961380	14.974532	-8.668491	0	0	-0.95533648	0.29552023
150.414108	63.254581	-32.311859	0	-0	-1	-4.371139e-08
164.862000	23.868092	-7.441912	0	0	-0.99500417	0.099833397
140.600922	68.920227	-48.494621	0	0	0.99913515	0.041580682
155.634003	25.903223	-2.977058	0	0	-0.87758258	0.4794255
103.221107	54.686188	-53.017975	0	0	-0.95533648	0.29552023
103.890068	55.355152	-54.349594	0	0	-0.87758258	0.4794255
102.492851	53.957932	-51.569717	0	0	-0.95533648	0.29552023
102.298759	53.763840	-50.930309	0	0	-0.98006658	0.19866933
104.495651	55.960728	-55.571796	0	0	-0.87758258	0.4794255
101.704178	53.169258	-50.004879	0	0	-0.87758258	0.4794255
105.048637	56.513714	-56.687809	0	0	-0.87758258	0.4794255
100.910744	52.375824	-48.444897	0	0	-0.87758258	0.4794255
182.363281	16.580149	-17.988567	0	0	0.97095818	0.23924928
100.102142	51.567223	-46.879421	0	0	-0.92106097	0.38941839
100.098404	51.563488	-46.872208	0	0	-0.92106097	0.38941839
100.083694	51.548775	-46.752655	0	0	-0.87758258	0.4794255
99.940117	51.405193	-46.747196	0	0	-0.92106097	0.38941839
98.483749	49.948833	-48.563633	0	0	-0.87758258	0.4794255
112.458778	63.923855	-48.003334	0	0	-0.99500417	0.099833397
112.106262	63.571342	-38.874805	0	0	-0.82533563	0.56464246
123.954170	75.419250	-48.969765	0	0	-0.92106097	0.38941839
118.847527	70.312607	-32.719879	0	-0	-1	-4.371139e-08
158.658554	37.643497	3.083312	0	0	-0.99500417	0.099833397
126.153496	77.618576	-36.828800	0	0	-0.69670669	0.71735611
129.028030	80.493111	-48.494621	0	-0	-1	-4.371139e-08
141.137924	-27.028593	9.531995	0	-0	-1	-4.371139e-08
142.994034	-28.001951	8.850442	0	0	0.99913515	0.041580682
139.119766	-25.971266	10.272343	0	-0	-1	-4.371139e-08
140.600922	-24.524298	11.285521	0	0	0.99913515	0.041580682
142.386032	-24.524298	11.285521	0	0	-0.98006658	0.19866933
143.650452	-24.524298	11.285521	0	0	0.94222235	0.33498812
144.686768	-28.899340	8.222083	0	0	0.99913515	0.041580682
136.937073	-24.829834	11.071583	0	0	0.99913515	0.041580682
145.220932	-24.524298	11.285521	0	0	-0.99500417	0.099833397
146.233643	-29.719545	7.647770	0	0	0.99913515	0.041580682
135.608017	-24.524298	11.285521	0	0	-0.99500417	0.099833397
134.749344	-24.524298	11.285521	0	-0	-1	-4.371139e-08
132.537338	-24.524298	11.285521	0	-0	-1	-4.371139e-08
132.484299	-24.524298	11.285521	0	-0	-1	-4.371139e-08
132.376434	-24.524298	11.285521	0	0	-0.99500417	0.099833397
132.241653	-24.524298	11.285521	0	-0	-1	-4.371139e-08
150.322937	-24.524298	11.285521	0	0	0.98999249	0.14112005
130.019455	-24.524298	11.285521	0	0	-0.99500417	0.099833397
175.767242	-24.524298	11.285521	0	0	0.90407214	0.42737988
46.492146	51.523754	-39.601772	0	0	-0.82533563	0.56464246
46.619370	51.998558	-39.934231	0	0	-0.82533563	0.56464246
46.648510	52.107319	-40.010387	0	0	-0.76484218	0.64421769
46.321781	50.887936	-39.156567	0	0	-0.82533563	0.56464246
46.790504	52.637238	-40.381443	0	0	-0.76484218	0.64421769
46.137344	50.199623	-38.674603	0	0	-0.76484218	0.64421769
46.920013	53.120579	-40.719879	0	0	-0.76484218	0.64421769
45.952496	49.509743	-38.191547	0	0	-0.76484218	0.64421769
45.769341	48.826202	-37.712925	0	0	-0.82533563	0.56464246
45.764824	48.809357	-37.701130	0	0	-0.82533563	0.56464246
45.763477	48.804325	-37.697605	0	0	-0.82533563	0.56464246
45.730488	48.681206	-37.611397	0	0	-0.82533563	0.56464246
45.728073	48.672195	-37.605087	0	0	-0.82533563	0.56464246
48.743469	59.925812	-45.484955	0	0	-0.82533563	0.56464246
48.357773	58.486362	-38.874805	0	0	-0.69670669	0.71735611
49.272202	61.899067	-36.828800	0	0	-0.92106097	0.38941839
52.829170	75.173851	-48.969765	0	0	-0.82533563	0.56464246
51.209579	69.129463	-32.719879	0	0	-0.69670669	0.71735611
57.145359	91.282074	-48.494621	0	0	-0.54030229	0.84147099
94.689911	-63.680954	11.219630	0	0	0.97095818	0.23924928
96.306366	-64.614212	11.219630	0	0	0.97095818	0.23924928
92.933098	-62.666656	11.219630	0	0	0.97095818	0.23924928
97.784439	-65.467583	11.219630	0	0	0.97095818	0.23924928
91.033943	-61.570183	11.219630	0	0	0.97095818	0.23924928
99.135513	-66.247627	11.219630	0	0	0.97095818	0.23924928
89.662209	-60.778214	11.219630	0	0	0.94222235	0.33498812
89.132965	-60.472649	11.219630	0	0	0.97095818	0.23924928
88.946732	-60.365128	11.219630	0	0	0.97095818	0.23924928
88.471672	-60.090851	11.219630	0	0	0.97095818	0.23924928
87.600540	-59.587906	11.219630	0	0	0.94222235	0.33498812
87.216415	-59.366131	11.219630	0	0	0.97095818	0.23924928
87.156898	-59.331768	11.219630	0	0	0.97095818	0.23924928
87.042023	-59.265446	11.219630	0	0	0.97095818	0.23924928
87.006935	-59.245186	11.219630	0	0	0.97095818	0.23924928
85.987289	-58.656494	11.219630	0	0	0.98999249	0.14112005
85.639282	-58.455574	11.219630	0	0	0.98999249	0.14112005
115.796806	-75.867027	11.219630	0	0	-0.98006658	0.19866933
71.705170	-50.410709	11.219630	0	0	0.94222235	0.33498812
59.654598	100.646690	7.440892	0	0	-0.45359611	0.89120736
180.828003	132.293076	7.440892	0	0	0.99913515	0.041580682
268.410309	44.710766	7.440892	0	0	0.99913515	0.041580682
178.045212	-111.806168	11.219630	0	0	0.99913515	0.041580682
268.410309	-24.524298	11.285521	0	0	0.99913515	0.041580682
