-91.351173	-6.554911	-12.643972	0	0	0.41614682	0.90929743
-91.318169	-6.456171	-12.495466	0	0	0.41614682	0.90929743
-91.316719	-6.191013	-12.711369	0	0	-0.45359611	0.89120736
-91.512604	-6.549563	-13.052032	0	0	-0.45359611	0.89120736
-91.266235	-6.303486	-12.276359	0	0	-0.45359611	0.89120736
-91.650490	-6.673598	-13.283194	0	0	-0.45359611	0.89120736
-91.129486	-5.957372	-11.978559	0	0	-0.45359611	0.89120736
-90.932777	-5.618532	-11.694264	0	0	-0.45359611	0.89120736
-91.351173	-4.971951	-12.782463	0	0	0.41614682	0.90929743
-91.316719	-4.975038	-12.817753	0	0	-0.45359611	0.89120736
-91.318169	-4.958307	-12.626512	0	0	0.41614682	0.90929743
-91.266235	-4.938123	-12.395812	0	0	-0.45359611	0.89120736
-91.512604	-5.007339	-13.186958	0	0	-0.45359611	0.89120736
-91.650490	-5.028352	-13.427135	0	0	-0.45359611	0.89120736
-91.129486	-4.909638	-12.070225	0	0	-0.45359611	0.89120736
-90.092697	-5.399753	-12.143192	0	0	-0.45359611	0.89120736
-90.932777	-4.882380	-11.758669	0	0	-0.45359611	0.89120736
-90.716019	-5.141154	-11.440560	0	0	-0.45359611	0.89120736
-90.092697	-4.919696	-12.185191	0	0	-0.45359611	0.89120736
-90.716019	-4.856727	-11.465445	0	0	-0.45359611	0.89120736
-89.813690	-4.508118	-10.906000	0	0	-0.45359611	0.89120736
-87.996620	-7.381505	-6.592648	0	0	-0.36235775	0.93203909
-87.996620	-4.452829	-6.848874	0	0	-0.26749883	0.96355818
-90.215233	10.538854	-2.571419	0	0	0.32328956	0.94630009
-85.878426	-26.979481	-12.643972	0	0	0.029199523	0.9995736
-85.755302	-26.946491	-12.711369	0	0	0.32328956	0.94630009
-85.822945	-26.964615	-12.495466	0	0	0.029199523	0.9995736
-85.736320	-26.941404	-12.276359	0	0	0.22720209	0.97384763
-86.027702	-27.019480	-13.052032	0	0	0.32328956	0.94630009
-86.187363	-27.062260	-13.283194	0	0	0.22720209	0.97384763
-85.522209	-26.884033	-11.978559	0	0	0.22720209	0.97384763
-85.253960	-26.812157	-11.694264	0	0	0.22720209	0.97384763
-84.932381	-26.725988	-11.440560	0	0	0.22720209	0.97384763
-84.415459	-26.587481	-12.143192	0	0	0.1288445	0.99166481
-83.932236	-26.458000	-10.906000	0	0	0.41614682	0.90929743
-82.955231	-26.196213	-6.592648	0	0	-0.36235775	0.93203909
-81.072144	-25.691641	-4.598377	0	0	0.1288445	0.99166481
-80.545135	-25.550430	-2.571419	0	0	-0.36235775	0.93203909
-96.076561	17.417522	-4.598377	0	0	0.32328956	0.94630009
-81.963242	-25.930410	5.213640	0	0	0.41614682	0.90929743
-91.234489	-28.414633	7.191047	0	0	0.029199523	0.9995736
-94.824448	17.082020	5.213640	0	0	-0.62160997	0.7833269
-94.349884	23.861565	-4.598377	0	0	0.32328956	0.94630009
-94.156418	19.575136	5.213640	0	0	-0.62160997	0.7833269
-87.017120	-27.284594	-36.382690	0	0	0.50484609	0.86320938
-79.196762	-25.189135	10.280143	0	0	-0.36235775	0.93203909
-103.383713	16.926889	7.191047	0	0	0.32328956	0.94630009
-97.718063	17.857361	10.280143	0	0	-0.62160997	0.7833269
-110.895027	21.388119	-36.382690	0	0	0.22720209	0.97384763
-69.991447	30.441216	-14.193530	0	0	-0.36235775	0.93203909
-70.009453	30.451609	-14.193530	0	0	-0.36235775	0.93203909
-70.036613	30.467291	-14.193530	0	0	-0.16996714	0.98544973
-70.083115	30.494139	-14.193530	0	0	-0.16996714	0.98544973
-70.083931	30.494608	-14.193530	0	0	-0.16996714	0.98544973
-70.114838	30.512453	-14.193530	0	0	-0.16996714	0.98544973
-70.123184	30.517271	-14.193530	0	0	-0.16996714	0.98544973
-70.127258	30.519623	-14.193530	0	0	-0.26749883	0.96355818
-70.164543	30.541151	-14.193530	0	0	-0.16996714	0.98544973
-69.724625	30.287163	-14.193530	0	0	-0.16996714	0.98544973
-69.547791	30.185068	-14.193530	0	0	-0.26749883	0.96355818
-66.946236	29.078823	-10.275988	0	0	-0.16996714	0.98544973
-94.224548	30.895327	10.280143	0	0	-0.62160997	0.7833269
-76.140640	34.916759	-5.034154	0	0	-0.69670669	0.71735611
-80.223015	-25.464117	26.448568	0	0	0.22720209	0.97384763
-85.062553	39.947685	-6.223449	0	0	0.22720209	0.97384763
-101.906311	18.979599	26.448568	0	0	-0.62160997	0.7833269
-82.649155	39.506306	3.200129	0	0	-0.26749883	0.96355818
-88.363289	42.943027	4.562813	0	0	-0.69670669	0.71735611
-87.344986	42.811085	9.076375	0	0	-0.69670669	0.71735611
-105.476982	41.608543	-36.382690	0	0	0.22720209	0.97384763
-49.945187	-47.960899	-12.643972	0	0	0.32328956	0.94630009
-49.879311	-47.895023	-12.495466	0	0	0.32328956	0.94630009
-49.746010	-47.761723	-12.711369	0	0	0.41614682	0.90929743
-50.023228	-48.038937	-13.052032	0	0	0.41614682	0.90929743
-49.777004	-47.792717	-12.276359	0	0	0.41614682	0.90929743
-50.154186	-48.169899	-13.283194	0	0	0.41614682	0.90929743
-49.535576	-47.551285	-11.978559	0	0	0.41614682	0.90929743
-49.267799	-47.283512	-11.694264	0	0	0.41614682	0.90929743
-48.738369	-46.754082	-12.143192	0	0	0.41614682	0.90929743
-48.920731	-46.936440	-11.440560	0	0	0.41614682	0.90929743
-48.153049	-46.168758	-10.906000	0	0	0.50484609	0.86320938
-48.681206	-46.696918	-6.592648	0	0	0.66627604	0.74570519
-97.018990	37.219322	26.448568	0	0	-0.69670669	0.71735611
-98.936501	52.936989	-17.701139	0	0	0.1288445	0.99166481
-40.830334	-38.846043	-2.571419	0	0	0.22720209	0.97384763
-36.236305	-34.252014	-4.598377	0	0	0.32328956	0.94630009
-44.220554	-42.236267	7.191047	0	0	0.32328956	0.94630009
-38.282784	-36.298496	5.213640	0	0	0.50484609	0.86320938
-91.461784	46.844681	25.476185	0	0	-0.69670669	0.71735611
-32.656754	-30.672466	10.280143	0	0	0.85688874	0.51550139
-32.926365	-30.942076	-36.382690	0	0	0.50484609	0.86320938
-30.891977	-28.907690	26.448568	0	0	0.32328956	0.94630009
-13.808125	-27.332508	-12.643972	0	0	0.58850112	0.8084964
-13.781230	-27.232130	-12.495466	0	0	0.58850112	0.8084964
-13.714844	-26.984373	-12.711369	0	0	0.58850112	0.8084964
-13.817602	-27.367876	-13.052032	0	0	0.58850112	0.8084964
-13.739580	-27.076691	-12.276359	0	0	0.58850112	0.8084964
-13.857848	-27.518072	-13.283194	0	0	0.58850112	0.8084964
-13.643891	-26.719576	-11.978559	0	0	0.58850112	0.8084964
-13.546004	-26.354256	-11.694264	0	0	0.58850112	0.8084964
-13.435035	-25.940111	-12.143192	0	0	0.58850112	0.8084964
-13.412139	-25.854666	-11.440560	0	0	0.58850112	0.8084964
-13.193436	-25.038454	-10.906000	0	0	0.66627604	0.74570519
-13.790062	-27.265093	-6.592648	0	0	0.73739371	0.67546319
-11.447560	-18.522757	-5.912635	0	0	0.58850112	0.8084964
-10.653034	-15.557545	-8.360041	0	0	0	1
-10.514692	-15.041247	-8.786180	0	0	0	1
-10.415405	-14.670704	-9.092015	0	0	0	1
-9.327097	-10.609079	-12.444371	0	0	0.80114363	0.59847213
-8.588053	-7.850929	-14.720874	0	0	0	1
-8.588053	-7.850929	-14.720874	0	0	0	1
-137.015137	69.137360	-14.193529	0	0	0.22720209	0.97384763
-237.746292	-5.110844	-14.370017	0	0	0.41614682	0.90929743
-48.309540	-156.093536	-29.089277	0	0	0.90407214	0.42737988
-237.746292	-105.334106	-29.089277	0	0	0.58850112	0.8084964
-172.532349	-170.548050	-29.089277	0	0	0.73739371	0.67546319
