44.048111	-55.782764	-44.910194	0	0	0.58850112	0.8084964
43.323853	-55.618572	-44.645042	0	0	0.66627604	0.74570519
43.358150	-52.840694	-44.409016	0	0	0.32328956	0.94630009
41.856293	-53.047871	-45.392273	0	0	0.32328956	0.94630009
41.988426	-52.915737	-45.265884	0	0	0.32328956	0.94630009
41.557869	-53.346294	-45.677715	0	0	0.32328956	0.94630009
42.123383	-52.780781	-45.136799	0	0	0.32328956	0.94630009
42.126270	-52.777893	-45.134033	0	0	0.32328956	0.94630009
42.822269	-52.409386	-44.582970	0	0	0.50484609	0.86320938
42.308887	-52.595276	-44.959362	0	0	0.32328956	0.94630009
41.337265	-53.566898	-45.888721	0	0	0.32328956	0.94630009
42.441799	-52.462360	-44.832230	0	0	0.32328956	0.94630009
41.151230	-53.752930	-46.066662	0	0	0.32328956	0.94630009
41.130146	-53.774017	-46.086830	0	0	0.32328956	0.94630009
42.866863	-52.037300	-44.425659	0	0	0.50484609	0.86320938
43.268215	-51.944519	-44.149799	0	0	0.50484609	0.86320938
43.049160	-51.855003	-44.251293	0	0	0.32328956	0.94630009
43.073360	-51.830803	-44.228142	0	0	0.32328956	0.94630009
43.253262	-51.650902	-44.056068	0	0	0.32328956	0.94630009
43.273590	-51.630573	-44.036625	0	0	0.50484609	0.86320938
43.371742	-51.532421	-43.942741	0	0	0.50484609	0.86320938
43.416668	-51.487495	-43.899769	0	0	0.50484609	0.86320938
41.483562	-55.782764	-41.247639	0	0	0.029199523	0.9995736
41.122158	-55.618572	-41.500694	0	0	0.66627604	0.74570519
43.542065	-51.362099	-43.779827	0	0	0.32328956	0.94630009
39.460510	-55.443649	-45.221523	0	0	0.50484609	0.86320938
38.862606	-56.041557	-44.702305	0	0	0.1288445	0.99166481
41.084686	-51.887489	-41.526932	0	0	0.029199523	0.9995736
40.677437	-51.645645	-41.812092	0	0	0.58850112	0.8084964
41.126240	-50.880692	-41.497837	0	0	0.58850112	0.8084964
40.716259	-50.575794	-41.784908	0	0	0.029199523	0.9995736
40.897732	-54.006432	-38.911339	0	0	0	1
40.955421	-50.234661	-41.617447	0	0	0.58850112	0.8084964
38.905956	-55.998207	-39.749260	0	0	0.41614682	0.90929743
41.096455	-50.041458	-41.518692	0	0	0.58850112	0.8084964
41.300129	-49.950829	-41.376080	0	0	0.029199523	0.9995736
40.873478	-49.906502	-41.674820	0	0	0.58850112	0.8084964
40.633018	-49.876774	-41.843193	0	0	0.029199523	0.9995736
36.568115	-53.756050	-44.689472	0	0	0.029199523	0.9995736
40.106178	-49.648766	-42.212090	0	0	0.029199523	0.9995736
39.013206	-48.635715	-42.977398	0	0	0.50484609	0.86320938
35.749023	-51.732162	-45.221523	0	0	0.41614682	0.90929743
36.612785	-50.215832	-44.658192	0	0	0.50484609	0.86320938
36.069115	-58.835049	-40.942688	0	0	0.66627604	0.74570519
46.951794	-47.952370	-40.518417	0	0	0.32328956	0.94630009
36.904419	-49.400959	-44.453987	0	0	0.029199523	0.9995736
37.531113	-48.620598	-44.015171	0	0	0.029199523	0.9995736
37.751846	-48.420677	-43.860615	0	0	0.50484609	0.86320938
37.919880	-48.291740	-43.742954	0	0	0.029199523	0.9995736
37.160969	-48.912357	-44.274349	0	0	0.50484609	0.86320938
53.464329	-58.344463	-44.855026	0	0	0.50484609	0.86320938
53.480202	-58.285221	-44.702305	0	0	0.50484609	0.86320938
53.466518	-58.336288	-44.645042	0	0	0.50484609	0.86320938
53.740303	-57.314510	-44.133846	0	0	0.66627604	0.74570519
45.206581	-49.697582	-37.098652	0	0	0.50484609	0.86320938
53.909851	-56.681747	-43.690781	0	0	0.58850112	0.8084964
53.955727	-56.510536	-43.570896	0	0	0.50484609	0.86320938
53.968025	-56.464638	-43.538757	0	0	0.50484609	0.86320938
54.080406	-56.045227	-43.245083	0	0	0.50484609	0.86320938
54.110657	-55.932331	-43.166035	0	0	0.50484609	0.86320938
54.126846	-55.871914	-43.123730	0	0	0.66627604	0.74570519
54.131889	-55.853088	-43.110546	0	0	0.66627604	0.74570519
54.191910	-55.629089	-42.953701	0	0	0.50484609	0.86320938
54.194469	-55.619545	-42.947018	0	0	0.50484609	0.86320938
54.227863	-55.494907	-42.859745	0	0	0.50484609	0.86320938
54.239403	-55.451847	-42.829594	0	0	0.50484609	0.86320938
54.252941	-55.401321	-42.794216	0	0	0.66627604	0.74570519
54.259071	-55.378441	-42.778194	0	0	0.58850112	0.8084964
54.267200	-55.348103	-42.756950	0	0	0.66627604	0.74570519
54.270054	-55.337456	-42.749496	0	0	0.50484609	0.86320938
54.281021	-55.296528	-42.720837	0	0	0.66627604	0.74570519
45.733112	-49.171051	-36.877148	0	0	0.32328956	0.94630009
54.334499	-55.096943	-42.581089	0	0	0.50484609	0.86320938
54.370869	-54.961212	-42.486050	0	0	0.50484609	0.86320938
54.370895	-54.961109	-42.485977	0	0	0.66627604	0.74570519
35.828217	-48.899227	-45.207554	0	0	0.41614682	0.90929743
35.957314	-48.636520	-45.117157	0	0	0.41614682	0.90929743
54.569321	-54.220573	-41.967449	0	0	0.58850112	0.8084964
34.315891	-60.588272	-41.680252	0	0	0.22720209	0.97384763
34.312069	-60.592094	-41.681862	0	0	0.22720209	0.97384763
46.474514	-48.429649	-36.565247	0	0	0	1
46.505287	-48.398876	-36.577347	0	0	0	1
54.743767	-53.569538	-41.511585	0	0	0.58850112	0.8084964
47.144543	-47.759621	-36.828693	0	0	0	1
35.354172	-45.468845	-45.539482	0	0	0.32328956	0.94630009
49.741699	-45.162464	-37.849869	0	0	0	1
31.812870	-63.091293	-42.733250	0	0	0.50484609	0.86320938
34.703606	-44.002934	-45.995014	0	0	0.22720209	0.97384763
41.020981	-40.244434	-41.571541	0	0	0	1
38.855865	-40.824577	-41.551216	0	0	0	1
54.352306	-55.030476	-32.435146	0	0	0.32328956	0.94630009
55.028591	-52.506550	-33.306408	0	0	0	1
35.838226	-41.633152	-45.200542	0	0	0.029199523	0.9995736
54.525963	-54.382389	-32.388828	0	0	0	1
55.360600	-51.267483	-33.912506	0	0	0	1
36.897820	-41.349236	-41.532833	0	0	0	1
55.605457	-50.353664	-34.359505	0	0	0	1
55.610786	-50.333767	-34.369240	0	0	0	1
33.846977	-42.166702	-42.942162	0	0	0.22720209	0.97384763
56.274303	-47.857498	-35.580521	0	0	0	1
33.129856	-42.358856	-43.273434	0	0	0.41614682	0.90929743
33.083115	-42.371380	-43.295025	0	0	0.22720209	0.97384763
31.893097	-42.690247	-43.844753	0	0	0.41614682	0.90929743
56.709435	-46.233562	-36.374882	0	0	0	1
30.673952	-43.016914	-44.407932	0	0	0.41614682	0.90929743
34.706135	-39.728836	-42.669697	0	0	0	1
34.438644	-39.846626	-42.790665	0	0	0.22720209	0.97384763
34.224552	-39.940899	-42.887482	0	0	0	1
33.934566	-40.068592	-43.018623	0	0	0.32328956	0.94630009
33.403374	-40.302502	-43.258846	0	0	0.1288445	0.99166481
32.975372	-40.490971	-43.452400	0	0	0.32328956	0.94630009
29.818624	-43.246098	-44.803047	0	0	0.32328956	0.94630009
32.815216	-40.561493	-43.524830	0	0	0.22720209	0.97384763
32.648941	-40.634712	-43.600025	0	0	0.1288445	0.99166481
32.406105	-40.741642	-43.709843	0	0	0.1288445	0.99166481
32.203995	-40.830643	-43.801243	0	0	0.029199523	0.9995736
32.044006	-40.901093	-43.873596	0	0	0.22720209	0.97384763
28.091198	-66.812965	-44.298916	0	0	0.50484609	0.86320938
30.969725	-41.374146	-44.359417	0	0	0.41614682	0.90929743
30.846962	-41.428204	-44.414936	0	0	0.1288445	0.99166481
28.483273	-43.603905	-45.419910	0	0	0.1288445	0.99166481
27.990673	-43.735897	-45.647465	0	0	0.32328956	0.94630009
27.728008	-43.806278	-45.768803	0	0	0.1288445	0.99166481
30.258678	-40.922005	-44.724102	0	0	0	1
64.360474	-52.825119	-41.361195	0	0	0.73739371	0.67546319
64.267174	-52.476921	-41.117382	0	0	0.73739371	0.67546319
64.003288	-51.492104	-40.427807	0	0	0.73739371	0.67546319
63.877987	-51.024467	-40.100365	0	0	0.73739371	0.67546319
63.842083	-50.890465	-40.006535	0	0	0.73739371	0.67546319
63.714474	-50.414223	-39.673065	0	0	0.73739371	0.67546319
63.698105	-50.353138	-39.630295	0	0	0.73739371	0.67546319
63.681931	-50.292770	-39.588024	0	0	0.73739371	0.67546319
63.666500	-50.235191	-39.547707	0	0	0.73739371	0.67546319
63.644470	-50.152969	-39.490135	0	0	0.73739371	0.67546319
63.588631	-49.944576	-39.344215	0	0	0.73739371	0.67546319
63.577003	-49.901184	-39.313835	0	0	0.73739371	0.67546319
63.482346	-49.547920	-39.066475	0	0	0.73739371	0.67546319
63.321609	-48.948036	-38.646431	0	0	0.73739371	0.67546319
63.275581	-48.776264	-38.526154	0	0	0.73739371	0.67546319
63.225464	-48.589218	-38.395184	0	0	0.73739371	0.67546319
63.157398	-48.335194	-38.217316	0	0	0.73739371	0.67546319
63.105629	-48.141987	-38.082027	0	0	0.73739371	0.67546319
63.091793	-48.090351	-38.045876	0	0	0.73739371	0.67546319
63.079414	-48.044147	-38.013523	0	0	0.73739371	0.67546319
63.064007	-47.986660	-37.973267	0	0	0	1
63.047043	-47.923344	-37.928936	0	0	0	1
62.959026	-47.594856	-37.698925	0	0	0	1
26.092791	-68.811371	-45.139626	0	0	0.41614682	0.90929743
62.594658	-46.235020	-36.746758	0	0	0	1
62.354843	-45.340012	-36.120068	0	0	0	1
62.351269	-45.326683	-36.110733	0	0	0	1
21.800531	-45.394539	-48.506981	0	0	0.1288445	0.99166481
21.750795	-45.143631	-48.544849	0	0	0.1288445	0.99166481
19.847328	-45.917900	-49.409260	0	0	0.32328956	0.94630009
27.523149	-34.418186	-46.395630	0	0	0	1
27.097301	-34.103340	-46.616524	0	0	0	1
68.109154	-43.709606	-36.203716	0	0	0	1
30.852365	-29.212610	-48.688385	0	0	0	1
30.170856	-27.352898	-49.752743	0	0	0	1
13.800940	-47.538025	-52.202370	0	0	0.41614682	0.90929743
29.516436	-27.177546	-49.930466	0	0	0	1
12.261437	-47.950531	-52.913536	0	0	0	1
74.240944	-39.161442	-37.784401	0	0	0	1
19.223877	-28.282217	-50.700600	0	0	0	1
21.916727	-26.425749	-52.568348	0	0	0.029199523	0.9995736
7.939088	-49.108704	-54.910233	0	0	0.41614682	0.90929743
18.546856	-27.781670	-51.051781	0	0	0	1
22.366619	-25.261759	-54.333908	0	0	-0.070737201	0.99749499
78.314354	-39.366451	-37.142918	0	0	0	1
16.345455	-28.252209	-52.075436	0	0	-0.36235775	0.93203909
16.789469	-27.452547	-51.908688	0	0	0.22720209	0.97384763
16.515745	-27.401285	-52.042156	0	0	0.22720209	0.97384763
16.104902	-27.324343	-52.242485	0	0	0.1288445	0.99166481
14.074299	-26.944052	-53.232613	0	0	0.22720209	0.97384763
80.367546	-33.994030	-39.690426	0	0	0	1
80.177628	-29.752443	-41.939114	0	0	0	1
8.464139	-28.794533	-55.804638	0	0	-0.36235775	0.93203909
0.238533	-51.172058	-58.467484	0	0	0.50484609	0.86320938
81.103722	-28.284040	-42.587570	0	0	0	1
-0.043167	-51.247540	-58.597614	0	0	0.41614682	0.90929743
9.583287	-26.261497	-55.413509	0	0	0.22720209	0.97384763
3.907794	-28.772284	-57.979488	0	0	0.22720209	0.97384763
87.299362	-30.270178	-42.590126	0	0	-0.98006658	0.19866933
83.682930	-24.194454	-44.393551	0	0	0	1
-3.864985	-31.967854	-61.507381	0	0	0.32328956	0.94630009
-4.640805	-26.557564	-62.182404	0	0	-0.36235775	0.93203909
92.651115	-19.175064	-50.673141	0	0	-0.98006658	0.19866933
-30.624313	-68.496780	-72.214149	0	0	0	1
-26.888691	-152.867935	-89.122406	0	0	0.73739371	0.67546319
160.123459	-8.331024	-97.917786	0	0	-0.98006658	0.19866933
6.460167	-200.557526	-118.500076	0	0	0.80114363	0.59847213
200.472336	-72.985046	-126.172569	0	0	0.99913515	0.041580682
50.297611	-220.008011	-143.996078	0	0	0.80114363	0.59847213
184.448547	-160.048996	-147.482498	0	0	0.94222235	0.33498812
108.282074	-216.742767	-156.137573	0	0	0.85688874	0.51550139
