20.711212	6.931308	146.728775	0	0	-0.95533648	0.29552023
20.719574	6.879470	146.745789	0	0	0.85688874	0.51550139
20.692663	6.983010	146.705917	0	0	-0.95533648	0.29552023
20.722036	6.824635	146.757523	0	0	0.85688874	0.51550139
20.659950	7.039424	146.677704	0	0	0.85688874	0.51550139
20.719511	6.765233	146.763672	0	0	0.85688874	0.51550139
20.595589	7.108101	146.629868	0	0	0.85688874	0.51550139
20.500366	7.222486	146.586121	0	0	0.85688874	0.51550139
20.252022	7.419543	146.446594	0	0	0.85688874	0.51550139
20.021471	8.173046	146.567108	0	0	-0.95533648	0.29552023
19.276539	8.674056	148.358719	0	0	0.85688874	0.51550139
18.222847	10.116638	146.185822	0	0	0.85688874	0.51550139
25.669456	4.994964	144.743454	0	0	-0.76484218	0.64421769
16.902843	11.067795	147.871384	0	0	-0.92106097	0.38941839
20.714409	13.312369	146.773087	0	0	-0.95533648	0.29552023
13.371388	8.562041	147.659851	0	0	0.99913515	0.041580682
17.851973	17.602140	146.728775	0	0	-0.99500417	0.099833397
17.846813	17.600758	146.745789	0	0	-0.98006658	0.19866933
17.847591	17.600965	146.705917	0	0	-0.99500417	0.099833397
17.835402	17.597700	146.757523	0	0	-0.98006658	0.19866933
17.818195	17.593090	146.763672	0	0	-0.98006658	0.19866933
17.831171	17.596567	146.677704	0	0	-0.98006658	0.19866933
17.788292	17.585077	146.629868	0	0	-0.98006658	0.19866933
17.728045	17.568933	146.586121	0	0	-0.98006658	0.19866933
17.518867	17.512886	146.567108	0	0	-0.98006658	0.19866933
17.545601	17.520048	146.446594	0	0	-0.99500417	0.099833397
19.450220	18.030390	146.773087	0	0	-0.95533648	0.29552023
16.326628	17.193426	146.185822	0	0	-0.82533563	0.56464246
16.949089	17.360214	148.358719	0	0	0.85688874	0.51550139
15.332836	16.927139	147.871384	0	-0	-1	-4.371139e-08
23.022066	17.629660	151.479065	0	0	0.90407214	0.42737988
21.993990	18.711990	144.743454	0	0	-0.69670669	0.71735611
11.411506	15.876423	147.659851	0	0	0.98999249	0.14112005
22.682615	18.896507	151.479065	0	0	0.90407214	0.42737988
20.711212	-15.895347	144.731705	0	0	0.99913515	0.041580682
20.719574	-15.897218	144.753082	0	-0	-1	-4.371139e-08
20.692663	-15.892969	144.704529	0	0	0.99913515	0.041580682
20.722036	-15.898653	144.769485	0	-0	-1	-4.371139e-08
20.719511	-15.899638	144.780746	0	-0	-1	-4.371139e-08
20.659950	-15.890092	144.671631	0	-0	-1	-4.371139e-08
20.595589	-15.885417	144.618195	0	-0	-1	-4.371139e-08
20.500366	-15.880750	144.564850	0	-0	-1	-4.371139e-08
20.714409	-15.850722	144.221634	0	-0	-1	-4.371139e-08
20.252022	-15.867139	144.409271	0	-0	-1	-4.371139e-08
20.021471	-15.871879	144.463455	0	-0	-1	-4.371139e-08
19.276539	-16.023628	146.197952	0	0	-0.98006658	0.19866933
18.222847	-15.824010	143.916306	0	0	-0.99500417	0.099833397
16.902843	-15.963132	145.506485	0	0	0.99913515	0.041580682
23.022066	-16.226521	148.517029	0	0	0.98999249	0.14112005
25.669456	-15.737682	142.929581	0	0	-0.82533563	0.56464246
13.371388	-15.963799	145.514114	0	0	-0.99500417	0.099833397
10.156614	4.259639	185.830917	0	0	0.85688874	0.51550139
7.336480	14.784523	185.830917	0	0	0.90407214	0.42737988
10.156614	-19.310650	183.768784	0	0	0.97095818	0.23924928
-13.342067	40.984589	146.728775	0	0	-0.92106097	0.38941839
-13.325491	41.001163	146.705917	0	0	-0.92106097	0.38941839
-13.363806	40.962849	146.745789	0	0	-0.92106097	0.38941839
-13.313641	41.013016	146.677704	0	0	-0.92106097	0.38941839
-13.389992	40.936665	146.757523	0	0	-0.92106097	0.38941839
-13.311482	41.015171	146.629868	0	0	-0.92106097	0.38941839
-13.420956	40.905701	146.763672	0	0	-0.92106097	0.38941839
-13.301901	41.024754	146.586121	0	0	-0.92106097	0.38941839
-13.327545	40.999111	146.446594	0	0	-0.92106097	0.38941839
-13.066069	41.260586	146.567108	0	0	-0.92106097	0.38941839
-12.993585	41.333069	146.185822	0	0	-0.92106097	0.38941839
-13.178008	41.148647	147.871384	0	0	-0.92106097	0.38941839
-13.188030	41.138626	148.358719	0	0	-0.82533563	0.56464246
-11.831117	42.495537	144.743454	0	0	-0.98006658	0.19866933
-16.196613	38.130043	147.659851	0	0	-0.95533648	0.29552023
-10.149938	44.176716	146.773087	0	0	-0.92106097	0.38941839
-6.837464	47.489189	151.479065	0	0	-0.69670669	0.71735611
-9.529091	-45.446434	141.437408	0	0	0.97095818	0.23924928
-9.501266	-45.464558	141.457825	0	0	0.97095818	0.23924928
-9.564263	-45.423523	141.411636	0	0	0.97095818	0.23924928
-9.476360	-45.480522	141.473480	0	0	0.97095818	0.23924928
-9.453000	-45.495087	141.484161	0	0	0.97095818	0.23924928
-9.611878	-45.392918	141.380814	0	0	0.97095818	0.23924928
-9.687707	-45.344105	141.330978	0	0	0.97095818	0.23924928
-9.806559	-45.270649	141.283096	0	0	0.97095818	0.23924928
-10.071912	-45.103050	141.140594	0	0	0.97095818	0.23924928
-10.574293	-44.820370	141.213547	0	0	0.97095818	0.23924928
6.923780	-7.647019	204.064148	0	0	0.80114363	0.59847213
-11.427480	-44.506863	142.986206	0	0	0.97095818	0.23924928
-12.270702	-43.819519	141.001434	0	0	0.97095818	0.23924928
-12.745331	-43.521816	140.767090	0	0	0.97095818	0.23924928
1.343541	13.178720	204.064148	0	0	-0.82533563	0.56464246
-12.595115	-44.061108	145.246857	0	0	0.94222235	0.33498812
-14.219748	-42.838116	142.425644	0	0	0.94222235	0.33498812
-4.882713	-47.922943	139.397522	0	0	0.90407214	0.42737988
-15.789082	-41.945374	142.557434	0	0	0.94222235	0.33498812
-19.955200	34.371452	185.830917	0	0	-0.69670669	0.71735611
6.923780	-20.984177	202.897293	0	0	0.73739371	0.67546319
-49.188877	25.660982	146.728775	0	0	-0.76484218	0.64421769
-49.177197	25.704582	146.705917	0	0	-0.76484218	0.64421769
-49.201279	25.614706	146.745789	0	0	-0.82533563	0.56464246
-49.214821	25.564159	146.757523	0	0	-0.82533563	0.56464246
-49.165283	25.749039	146.677704	0	0	-0.82533563	0.56464246
-49.229839	25.508106	146.763672	0	0	-0.82533563	0.56464246
-49.152424	25.797026	146.629868	0	0	-0.82533563	0.56464246
-49.130207	25.879942	146.586121	0	0	-0.82533563	0.56464246
-49.097580	26.001713	146.446594	0	0	-0.82533563	0.56464246
-49.272869	25.347519	147.659851	0	0	-0.76484218	0.64421769
-48.924648	26.647102	146.567108	0	0	-0.76484218	0.64421769
-49.340824	25.093908	144.743454	0	0	-0.87758258	0.4794255
-48.849297	26.928318	148.358719	0	0	-0.76484218	0.64421769
-48.559235	28.010843	146.185822	0	0	-0.76484218	0.64421769
-48.409870	28.568283	147.871384	0	0	-0.76484218	0.64421769
-47.593399	31.615393	146.773087	0	0	-0.76484218	0.64421769
-18.014509	-44.534176	180.901611	0	0	0.97095818	0.23924928
-46.359493	36.220394	151.479065	0	0	-0.62160997	0.7833269
-27.524946	26.801708	204.064133	0	0	-0.82533563	0.56464246
-60.403812	11.445251	144.444595	0	0	-0.69670669	0.71735611
-60.403111	11.442632	144.414658	0	0	-0.69670669	0.71735611
-60.403996	11.445935	144.452423	0	0	-0.69670669	0.71735611
-60.403973	11.445848	144.451416	0	0	-0.69670669	0.71735611
-60.403530	11.444185	144.432419	0	0	-0.69670669	0.71735611
-60.402672	11.440988	144.395859	0	0	-0.69670669	0.71735611
-60.402588	11.440679	144.392334	0	0	-0.69670669	0.71735611
-60.401649	11.437180	144.352341	0	0	-0.69670669	0.71735611
-60.400917	11.434446	144.321091	0	0	-0.69670669	0.71735611
-60.398739	11.426314	144.228149	0	0	-0.69670669	0.71735611
-60.398212	11.424340	144.205582	0	0	-0.69670669	0.71735611
-60.417538	11.496469	145.030014	0	0	-0.62160997	0.7833269
-60.432495	11.552293	145.668091	0	0	-0.69670669	0.71735611
-60.440586	11.582489	146.013229	0	0	-0.69670669	0.71735611
-60.445755	11.601776	146.233688	0	0	-0.69670669	0.71735611
-60.350723	11.247119	142.179932	0	0	-0.69670669	0.71735611
-60.534485	11.932920	150.018677	0	0	-0.54030229	0.84147099
-50.563820	20.529631	185.830917	0	0	-0.69670669	0.71735611
-16.120243	-47.560436	200.031952	0	0	0.85688874	0.51550139
-53.131054	-35.701546	139.268997	0	0	0.85688874	0.51550139
-53.107918	-35.744854	139.287491	0	0	0.85688874	0.51550139
-53.156296	-35.653706	139.245453	0	0	0.85688874	0.51550139
-53.084606	-35.787651	139.301331	0	0	0.85688874	0.51550139
-53.186783	-35.596008	139.217468	0	0	0.85688874	0.51550139
-53.060188	-35.831497	139.310211	0	0	0.85688874	0.51550139
-53.229153	-35.514633	139.171860	0	0	0.85688874	0.51550139
-53.299366	-35.385811	139.130646	0	0	0.85688874	0.51550139
-53.437057	-35.124866	139.002289	0	0	0.85688874	0.51550139
-53.828869	-34.464466	139.106522	0	0	0.85688874	0.51550139
-54.369354	-33.845421	140.918777	0	0	0.85688874	0.51550139
-55.095306	-32.213619	138.778992	0	0	0.90407214	0.42737988
-50.881874	-39.201969	137.009995	0	0	0.85688874	0.51550139
-55.778599	-31.361725	140.674103	0	0	0.80114363	0.59847213
-55.875660	-30.906929	139.035706	0	0	0.85688874	0.51550139
-55.968304	-31.004383	140.509705	0	0	0.85688874	0.51550139
-57.494690	-28.856714	143.345001	0	0	0.85688874	0.51550139
-66.613007	7.537876	141.110306	0	0	-0.45359611	0.89120736
-66.613678	7.538548	141.120789	0	0	-0.45359611	0.89120736
-66.612175	7.537041	141.097260	0	0	-0.45359611	0.89120736
-66.611008	7.535874	141.079041	0	0	-0.45359611	0.89120736
-66.613525	7.538389	141.118301	0	0	-0.45359611	0.89120736
-66.609764	7.534629	141.059601	0	0	-0.45359611	0.89120736
-66.609581	7.534445	141.056717	0	0	-0.45359611	0.89120736
-66.607079	7.531947	141.017731	0	0	-0.45359611	0.89120736
-66.605156	7.530021	140.987656	0	0	-0.45359611	0.89120736
-66.600769	7.525633	140.919144	0	0	-0.45359611	0.89120736
-66.598106	7.522970	140.877563	0	0	-0.45359611	0.89120736
-66.640938	7.565804	141.546356	0	0	-0.45359611	0.89120736
-66.707817	7.632684	142.590607	0	0	-0.45359611	0.89120736
-66.717079	7.641949	142.735260	0	0	-0.45359611	0.89120736
-66.728645	7.653510	142.915787	0	0	-0.45359611	0.89120736
-66.458008	7.382873	138.690109	0	0	-0.45359611	0.89120736
-66.948059	7.872927	146.341705	0	0	-0.45359611	0.89120736
-61.313042	14.838531	183.229965	0	0	-0.69670669	0.71735611
-69.671928	1.101339	138.983246	0	0	-0.16996714	0.98544973
-69.671043	1.101101	138.973083	0	0	-0.16996714	0.98544973
-69.669739	1.100751	138.958145	0	0	-0.16996714	0.98544973
-69.667999	1.100285	138.938278	0	0	-0.16996714	0.98544973
-69.672363	1.101455	138.988174	0	0	-0.16996714	0.98544973
-69.665916	1.099727	138.914459	0	0	-0.16996714	0.98544973
-69.663467	1.099072	138.886536	0	0	-0.16996714	0.98544973
-69.662392	1.098783	138.874191	0	0	-0.16996714	0.98544973
-69.659554	1.098022	138.841721	0	0	-0.16996714	0.98544973
-69.686539	1.105253	139.150192	0	0	-0.16996714	0.98544973
-69.649727	1.095390	138.729462	0	0	-0.16996714	0.98544973
-69.647995	1.094925	138.709610	0	0	-0.16996714	0.98544973
-69.806213	1.137321	140.518127	0	0	-0.16996714	0.98544973
-69.809570	1.138220	140.556488	0	0	-0.16996714	0.98544973
-69.825615	1.142519	140.739853	0	0	-0.16996714	0.98544973
-69.455872	1.043447	136.513702	0	0	-0.16996714	0.98544973
-70.086174	1.212334	143.718002	0	0	-0.16996714	0.98544973
-69.806129	-5.885778	138.539368	0	0	0.1288445	0.99166481
-69.803505	-5.885074	138.509308	0	0	0.1288445	0.99166481
-69.805023	-5.885481	138.526672	0	0	0.1288445	0.99166481
-69.801559	-5.884552	138.487045	0	0	0.1288445	0.99166481
-69.806808	-5.885959	138.547058	0	0	0.1288445	0.99166481
-69.799240	-5.883932	138.460587	0	0	0.1288445	0.99166481
-69.795441	-5.882913	138.417130	0	0	0.1288445	0.99166481
-69.794342	-5.882619	138.404617	0	0	0.029199523	0.9995736
-69.792183	-5.882041	138.379944	0	0	0.1288445	0.99166481
-69.792137	-5.882027	138.379349	0	0	0.1288445	0.99166481
-69.781509	-5.879181	138.257935	0	0	0.1288445	0.99166481
-69.768799	-5.875775	138.112640	0	0	0.1288445	0.99166481
-69.923157	-5.917134	139.876923	0	0	0.029199523	0.9995736
-69.936707	-5.920765	140.031830	0	0	0.1288445	0.99166481
-69.952293	-5.924942	140.209976	0	0	0.1288445	0.99166481
-69.597519	-5.829881	136.154922	0	0	0.029199523	0.9995736
-70.176414	-5.984994	142.771667	0	0	0.029199523	0.9995736
-51.725418	16.194489	203.353165	0	0	-0.76484218	0.64421769
-57.621918	-34.872314	178.983719	0	0	0.90407214	0.42737988
-69.128212	10.053077	180.381989	0	0	-0.45359611	0.89120736
-61.714535	16.336931	200.356766	0	0	-0.69670669	0.71735611
-73.137589	2.029959	178.595886	0	0	-0.16996714	0.98544973
-73.282227	-6.817195	178.271301	0	0	0.1288445	0.99166481
-54.702965	-43.227238	197.838409	0	0	0.80114363	0.59847213
-70.251183	11.176052	197.915833	0	0	-0.45359611	0.89120736
-74.720131	2.454000	196.684433	0	0	-0.16996714	0.98544973
-74.912415	-7.647019	196.904404	0	0	0.22720209	0.97384763
-33.304832	5.995449	251.393997	0	0	-0.95533648	0.29552023
-33.402233	-8.617098	251.059967	0	0	0.99913515	0.041580682
-40.876896	16.314201	251.814575	0	0	-0.82533563	0.56464246
-40.028671	-19.046461	250.817276	0	0	0.94222235	0.33498812
-50.581200	20.464773	252.162735	0	0	-0.76484218	0.64421769
-50.593697	-25.166599	250.702606	0	0	0.85688874	0.51550139
-62.930347	20.874409	252.220367	0	0	-0.54030229	0.84147099
-62.938641	-25.653822	250.752960	0	0	0.66627604	0.74570519
-73.721924	14.646794	252.107101	0	0	-0.26749883	0.96355818
-73.793938	-19.467285	251.025787	0	0	0.41614682	0.90929743
-79.546783	3.747298	251.853287	0	0	-0.070737201	0.99749499
-79.684357	-8.532640	251.447983	0	0	0.1288445	0.99166481
