23.431738	-66.795738	-12.947959	0	-0	-1	-4.371139e-08
23.879225	-67.100067	-13.529225	0	0	0.73739371	0.67546319
22.963892	-66.459709	-11.948515	0	0	-0.99500417	0.099833397
24.311277	-67.392021	-14.048959	0	0	0.73739371	0.67546319
22.455524	-66.129417	-11.627400	0	0	0.73739371	0.67546319
24.735525	-67.674873	-14.475494	0	0	0	1
21.711512	-65.811119	-14.780716	0	0	0	1
21.112461	-65.433868	-14.664593	0	0	0.73739371	0.67546319
20.453615	-65.010345	-14.347795	0	0	-0.99500417	0.099833397
19.681341	-64.594025	-15.734813	0	0	-0.99500417	0.099833397
17.864380	-63.360462	-13.421867	0	0	0.73739371	0.67546319
21.745205	-70.932076	-4.324762	0	0	0.98999249	0.14112005
22.073387	-71.406136	-4.497334	0	0	0.98999249	0.14112005
21.373028	-70.487389	-4.185409	0	0	0.97095818	0.23924928
20.873100	-70.160301	-4.162089	0	0	0.98999249	0.14112005
20.226488	-70.031715	-4.310496	0	0	0.97095818	0.23924928
22.394737	-71.865753	-4.663538	0	0	0.98999249	0.14112005
19.405003	-69.964851	-4.557557	0	0	0.97095818	0.23924928
18.904797	-69.430168	-4.408451	0	0	0.97095818	0.23924928
18.496546	-68.605621	-4.051375	0	0	0.97095818	0.23924928
18.181278	-67.538742	-3.514799	0	0	0.99913515	0.041580682
15.082769	-68.199173	-5.000081	0	0	0.73739371	0.67546319
10.843025	-65.117630	-11.595387	0	0	0.73739371	0.67546319
9.203357	-67.957619	-6.912010	0	0	0.73739371	0.67546319
-3.102656	-70.294197	-7.756674	0	0	0.66627604	0.74570519
-1.841721	-57.691505	-7.564974	0	0	0.99913515	0.041580682
-2.549165	-58.916836	-5.544303	0	0	0.99913515	0.041580682
-4.604692	-71.796234	-7.756674	0	0	0.66627604	0.74570519
-5.838634	-67.558220	-15.406643	0	-0	-1	-4.371139e-08
-11.706807	-61.690048	-12.801861	0	-0	-1	-4.371139e-08
-14.797744	-76.517334	-15.406643	0	0	0.99913515	0.041580682
-16.238764	-57.158092	-6.955774	0	0	0.66627604	0.74570519
-16.362022	-89.701759	1.091403	0	0	0.90407214	0.42737988
-16.128082	-90.106964	1.091403	0	0	0.90407214	0.42737988
-16.588339	-89.309769	1.091403	0	0	0.90407214	0.42737988
-16.795530	-88.950905	1.091403	0	0	0.85688874	0.51550139
-16.886345	-88.793610	1.091403	0	0	0.85688874	0.51550139
-17.017498	-88.566444	1.091403	0	0	0.90407214	0.42737988
-17.772959	-87.257950	1.091403	0	0	0.90407214	0.42737988
-18.136765	-86.627823	1.091403	0	0	0.90407214	0.42737988
-18.606409	-85.814369	1.091403	0	0	0.90407214	0.42737988
-19.288170	-84.633530	1.091403	0	0	0.94222235	0.33498812
-19.498829	-84.268654	1.091403	0	0	0.90407214	0.42737988
-20.206001	-83.043800	1.091403	0	0	0.94222235	0.33498812
-21.176010	-81.363693	1.091403	0	0	0.66627604	0.74570519
-23.774965	-81.700333	-0.602456	0	0	0.98999249	0.14112005
-26.592794	-71.981544	1.091403	0	0	0.94222235	0.33498812
-28.319071	-78.302315	-12.801861	0	0	0.98999249	0.14112005
-32.645844	-80.800377	-5.666654	0	0	0.98999249	0.14112005
-35.533180	-76.452507	-6.955774	0	0	0.50484609	0.86320938
-29.883795	-43.513062	3.349150	0	0	0.66627604	0.74570519
-35.964676	-76.701630	-6.244201	0	0	0.50484609	0.86320938
-45.625206	-62.910473	3.349150	0	0	0.41614682	0.90929743
-50.619396	-64.248665	3.349150	0	0	0.41614682	0.90929743
62.589233	-135.986084	2.140306	0	0	0.99913515	0.041580682
-59.518028	-65.865822	1.082155	0	0	0.73739371	0.67546319
-59.518028	-65.579575	1.082155	0	0	0.73739371	0.67546319
-59.518028	-65.563530	1.082155	0	0	0.73739371	0.67546319
-59.518028	-65.409622	1.082155	0	0	0.66627604	0.74570519
-59.518028	-65.300797	1.082155	0	0	0.73739371	0.67546319
-59.518028	-65.127716	1.082155	0	0	0.66627604	0.74570519
-59.518028	-65.117630	1.082155	0	0	0.80114363	0.59847213
-59.518028	-63.707436	1.082155	0	0	0.73739371	0.67546319
-59.518028	-63.147709	1.082155	0	0	0.73739371	0.67546319
-59.518028	-63.084599	1.082155	0	0	0.80114363	0.59847213
-59.518028	-62.286648	1.082155	0	0	0.73739371	0.67546319
-59.518028	-71.796234	1.082155	0	0	0.80114363	0.59847213
-59.518028	-60.001678	1.082155	0	0	0.73739371	0.67546319
-59.647266	-64.248665	2.559314	0	0	0.32328956	0.94630009
-59.518028	-57.691505	1.082155	0	0	0.50484609	0.86320938
-59.518028	-76.452507	1.082155	0	0	0.41614682	0.90929743
-59.518028	-76.517334	1.082155	0	0	0.32328956	0.94630009
-59.518028	-78.302315	1.082155	0	0	0.94222235	0.33498812
-51.416950	-21.979906	17.567799	0	0	0	1
-53.875977	-32.118183	35.088749	0	-0	-1	-4.371139e-08
-61.022732	-17.440208	1.102967	0	0	0.58850112	0.8084964
-60.912769	-17.249750	1.102967	0	0	0.50484609	0.86320938
-60.634434	-16.767662	1.102967	0	0	0.50484609	0.86320938
-60.398598	-16.359180	1.102967	0	0	0.50484609	0.86320938
-60.398598	-16.359180	1.102967	0	0	0.50484609	0.86320938
-60.398598	-16.359180	1.102967	0	0	0.50484609	0.86320938
-60.398598	-16.359180	1.102967	0	0	0.50484609	0.86320938
-60.398598	-16.359180	1.102967	0	0	0.50484609	0.86320938
-60.398598	-16.359180	1.102967	0	0	0.58850112	0.8084964
-60.398598	-16.359180	1.102967	0	0	0.50484609	0.86320938
-60.398598	-16.359180	1.102967	0	0	0.50484609	0.86320938
-63.656799	-22.002552	1.102967	0	0	0.1288445	0.99166481
-63.701221	-22.079491	1.102967	0	0	0.58850112	0.8084964
-70.455070	-33.777500	1.102967	0	0	0.58850112	0.8084964
-63.862072	-17.273111	1.148264	0	0	0	1
-63.862072	-17.273111	1.148264	0	0	0	1
-63.862072	-17.273111	1.148264	0	0	0	1
-63.862072	-17.273111	1.148264	0	0	0	1
-63.862072	-17.273111	1.148264	0	0	0	1
-63.862072	-17.273111	1.148264	0	0	0	1
-63.862072	-17.273111	1.148264	0	0	0	1
-63.862072	-17.273111	1.148264	0	0	0	1
-63.862072	-17.273111	1.148264	0	0	0	1
-63.862072	-17.273111	1.148264	0	0	0	1
-63.862072	-17.273111	1.148264	0	0	0	1
-63.862072	-17.273111	1.148264	0	0	0	1
-63.862072	-17.273111	1.148264	0	0	0	1
-63.862072	-17.273111	1.148264	0	0	0	1
-63.862072	-17.273111	1.148264	0	0	0	1
-63.862072	-17.273111	1.148264	0	0	0	1
-75.047630	-41.732044	1.102967	0	0	0.41614682	0.90929743
-68.240837	-19.801191	1.148264	0	0	0.32328956	0.94630009
-78.690552	-48.041775	1.102967	0	0	0.41614682	0.90929743
-79.200882	-48.925686	1.102967	0	0	0.029199523	0.9995736
-80.203415	-50.662132	1.102967	0	0	0.41614682	0.90929743
-72.253624	-66.288025	35.088749	0	0	0.1288445	0.99166481
-74.271080	-23.282755	1.148264	0	0	0.32328956	0.94630009
-111.034393	-67.457436	35.088749	0	0	-0.16996714	0.98544973
-126.826591	-51.665241	35.088749	0	0	-0.26749883	0.96355818
-127.457565	-50.572365	34.978344	0	0	-0.26749883	0.96355818
3.552628	-246.444641	2.140306	0	0	0.97095818	0.23924928
-173.368057	-80.496422	1.148264	0	0	0.66627604	0.74570519
-66.691063	-265.266388	2.140306	0	0	0.94222235	0.33498812
-169.751694	-205.764297	1.102967	0	0	0.80114363	0.59847213
