-109.325211	-14.515094	-33.001961	0	0	-0.54030229	0.84147099
-109.325211	-13.257219	-33.112011	0	0	-0.54030229	0.84147099
-111.093079	-15.028902	-33.032505	0	0	0.32328956	0.94630009
-111.093079	-13.263774	-33.186935	0	0	0.32328956	0.94630009
-107.619194	-12.812251	-32.422913	0	0	-0.54030229	0.84147099
-112.275780	-15.159493	-33.193119	0	0	0.32328956	0.94630009
-112.275780	-13.278711	-33.357666	0	0	0.32328956	0.94630009
-113.091621	-14.992598	-33.341049	0	0	0.32328956	0.94630009
-113.091621	-13.290287	-33.489983	0	0	0.32328956	0.94630009
-105.352173	-10.587125	-31.689919	0	0	0.41614682	0.90929743
-102.272408	-8.438182	-30.566330	0	0	0.41614682	0.90929743
-104.437469	-7.393558	-20.394615	0	0	0	1
-100.459618	-2.023864	-31.670433	0	0	0.32328956	0.94630009
-110.241371	-11.858871	-17.128828	0	0	0.50484609	0.86320938
-110.973457	-11.815715	-16.635546	0	0	0	1
-107.699753	-0.995328	-17.363997	0	0	0	1
-98.221634	0.605279	-23.460705	0	0	0	1
-93.574181	-0.640003	-26.722466	0	0	-0.26749883	0.96355818
-92.802994	-0.846642	-27.263712	0	0	0	1
-90.030373	-1.589563	-29.209641	0	0	-0.070737201	0.99749499
-110.109207	3.790544	-15.117560	0	0	-0.62160997	0.7833269
-111.533096	4.172074	-14.118220	0	0	0	1
-102.116219	-41.419422	-33.001961	0	0	0.41614682	0.90929743
-103.894112	-41.895809	-33.032505	0	0	0.1288445	0.99166481
-100.098770	-40.878849	-32.422913	0	0	0.41614682	0.90929743
-105.030235	-42.200230	-33.193119	0	0	0.1288445	0.99166481
-105.749702	-42.393013	-33.341049	0	0	0.1288445	0.99166481
-97.427330	-40.163040	-31.689919	0	0	0.1288445	0.99166481
-100.053726	-40.866779	-27.803957	0	0	-0.26749883	0.96355818
-100.109650	-40.881767	-27.768726	0	0	0	1
-102.463554	-41.512493	-26.285885	0	0	0	1
-94.779373	-39.453522	-31.126537	0	0	0.66627604	0.74570519
-94.463020	-39.368755	-31.325819	0	0	0.1288445	0.99166481
-91.584816	-38.597542	-33.138947	0	0	0	1
-87.928146	-37.617741	-35.442467	0	0	0	1
-114.150208	-42.632668	-18.654078	0	0	0	1
-86.580742	-37.256706	-36.291264	0	0	0	1
-113.898987	-44.576607	-19.082134	0	0	0.66627604	0.74570519
-94.707977	14.843928	-23.890398	0	0	0	1
-113.913368	-47.480125	-19.462046	0	0	0	1
-80.758156	-35.696548	-39.959202	0	0	0	1
-122.121368	7.009194	-6.686970	0	0	0.41614682	0.90929743
-107.819244	19.221987	-14.572397	0	0	0	1
-75.931473	-34.403244	-42.999771	0	0	0	1
-88.136429	21.395781	-27.387461	0	0	0	1
-86.793480	24.511017	-36.944504	0	0	0.029199523	0.9995736
-86.217339	24.256853	-36.167751	0	0	0.029199523	0.9995736
-87.903267	25.137035	-37.090199	0	0	-0.45359611	0.89120736
-88.743385	25.599800	-37.310753	0	0	-0.45359611	0.89120736
-85.437134	23.906734	-35.174599	0	0	-0.54030229	0.84147099
-85.437416	23.995354	-34.298977	0	0	-0.45359611	0.89120736
-89.434959	25.981937	-37.480431	0	0	-0.36235775	0.93203909
-83.996132	23.217249	-33.764263	0	0	-0.45359611	0.89120736
-81.639389	22.072901	-31.622971	0	0	-0.54030229	0.84147099
-86.274384	25.101765	-28.130249	0	0	0.22720209	0.97384763
-79.627541	20.758204	-33.139008	0	0	0.029199523	0.9995736
-87.656609	26.005016	-27.088669	0	0	0.22720209	0.97384763
-88.743355	26.715179	-26.269745	0	0	0	1
-83.560448	24.628981	-30.000864	0	0	0	1
-92.532661	29.191401	-23.414303	0	0	0	1
-100.269814	34.247448	-17.583941	0	0	0	1
-47.913986	-26.895979	-60.649391	0	0	0	1
-68.040764	-66.176300	-52.516312	0	0	0	1
-69.033173	-67.168709	-51.988598	0	0	0	1
-66.682343	-64.817871	-53.238655	0	0	0	1
-69.571068	-67.706604	-51.702572	0	0	0	1
-69.820892	-67.956421	-51.569729	0	0	0	1
-65.716675	-63.852211	-53.752144	0	0	0	1
-65.048882	-63.184414	-54.107246	0	0	0	1
-64.885223	-63.020760	-54.194271	0	0	0	1
-62.856434	-60.991966	-55.273079	0	0	0	1
-98.149040	52.257580	-16.580200	0	0	-0.82533563	0.56464246
-58.995220	-57.130753	-57.326279	0	0	0	1
-56.894978	-55.030510	-58.443085	0	0	0	1
-50.898701	-49.034233	-61.631603	0	0	0	1
-85.814026	-83.949562	-43.065384	0	0	0.32328956	0.94630009
-87.645576	-85.781105	-42.091457	0	0	0	1
-101.483597	59.848534	-13.341456	0	0	0	1
-44.335163	-42.470695	-65.121765	0	0	0	1
-46.170513	29.189667	-54.286804	0	0	0	1
-46.311802	29.457127	-54.156841	0	0	0	1
-46.456886	29.731775	-54.023388	0	0	0	1
-46.548096	29.904428	-53.939495	0	0	0	1
-46.640274	30.078926	-53.854706	0	0	0	1
-47.030525	30.817667	-53.495743	0	0	0	1
-47.402874	31.522528	-53.153244	0	0	0	1
-49.118294	34.769817	-51.575352	0	0	0	1
-49.889050	36.228855	-50.866386	0	0	0	1
-40.305450	-38.440983	-67.264565	0	0	0	1
-39.686718	16.915844	-60.250786	0	0	0	1
-39.546360	16.650145	-60.379890	0	0	0	1
-53.234047	42.560940	-47.789562	0	0	0	1
-38.954258	-37.089790	-67.983063	0	0	0.22720209	0.97384763
-108.117714	63.757206	-8.399513	0	0	0	1
-55.257935	46.392159	-45.927933	0	0	0	1
-55.581165	47.004032	-45.630615	0	0	0	1
-55.739452	47.303669	-45.485020	0	0	0	1
-37.719292	-35.854824	-68.639755	0	0	0.22720209	0.97384763
-60.777729	56.841122	-40.850670	0	0	0	1
-26.753036	-38.557762	-76.304695	0	0	0	1
-26.999125	-39.476173	-76.264030	0	0	0	1
-27.109018	-39.886307	-76.245865	0	0	0	1
-27.120287	-39.928364	-76.244003	0	0	0	1
-26.220428	-36.570042	-76.392715	0	0	0	1
-25.521679	-33.962269	-76.508194	0	0	0	1
-24.791910	-31.238743	-76.628799	0	0	0	1
-24.788399	-31.225632	-76.629379	0	0	0	1
-23.032049	-21.167583	-76.449692	0	0	0	1
-23.443382	-26.205969	-76.851654	0	0	0	1
-23.226910	-25.398081	-76.887428	0	0	0	1
-23.226910	-25.398081	-76.887428	0	0	0	1
-23.226910	-25.398081	-76.887428	0	0	0	1
-23.226910	-25.398081	-76.887428	0	0	0	1
-23.226910	-25.398081	-76.887428	0	0	0	1
-23.226910	-25.398081	-76.887428	0	0	0	1
-23.226910	-25.398081	-76.887428	0	0	0	1
-23.226910	-25.398081	-76.887428	0	0	0	1
-70.174362	74.628952	-32.207378	0	0	0	1
-34.250763	-66.539658	-75.065613	0	0	0	1
-35.435650	-70.961716	-74.869797	0	0	0	1
-76.816978	78.337181	-76.768097	0	0	-0.070737201	0.99749499
-77.405609	88.317703	-25.555872	0	0	0	1
-78.779076	99.991608	-23.075304	0	0	0	1
-188.514313	79.216461	-76.768089	0	0	0.22720209	0.97384763
-45.634228	-109.023323	-137.662476	0	0	0.66627604	0.74570519
-245.124466	35.003830	-113.235222	0	0	0.32328956	0.94630009
-135.725647	-133.861191	-184.242249	0	0	0.41614682	0.90929743
-253.631577	-4.100451	-165.826492	0	0	0.32328956	0.94630009
-229.898666	-75.658630	-190.125320	0	0	0.41614682	0.90929743
-245.124466	-18.835197	-190.125320	0	0	0.32328956	0.94630009
