-22.936634	-13.980145	194.177979	-2.941593	-45.650047	26.879723	195.207275
-45.650047	26.879723	195.207275	-0.341593	-126.879936	52.806435	198.749237
-126.879936	52.806435	198.749237	0.658407	-189.948074	0.040387	204.844147
-189.948074	0.040387	204.844147	1.258407	-189.948074	-56.430786	209.784729
-189.948074	-56.430786	209.784729	1.658407	-189.948074	-56.430786	209.784729
-189.948074	-56.430786	209.784729	1.658407	-189.373093	-58.576660	209.784729
-189.373093	-58.576660	209.784729	1.658407	-133.733841	-112.645020	209.784729
-133.733841	-112.645020	209.784729	2.058407	-59.089638	-91.494202	209.784729
-59.089638	-91.494202	209.784729	2.458407	-34.315884	-37.804470	207.765915
-34.315884	-37.804470	207.765915	2.058407	-25.787054	-32.143528	200.826355
-25.787054	-32.143528	200.826355	2.658407	-21.792934	-23.168076	195.852829
-21.792934	-23.168076	195.852829	3.058407	0.000000	0.000000	0.000000
-22.936634	-13.980145	194.177979	-2.941593	-45.650047	26.879723	195.207275
-45.650047	26.879723	195.207275	-0.341593	-126.879936	52.806435	198.749237
-126.879936	52.806435	198.749237	0.658407	-189.948074	0.040387	204.844147
-189.948074	0.040387	204.844147	1.258407	-189.948074	-56.430786	209.784729
-189.948074	-56.430786	209.784729	1.658407	-189.948074	-56.430786	209.784729
-189.948074	-56.430786	209.784729	1.658407	-189.373093	-58.576660	209.784729
-189.373093	-58.576660	209.784729	1.658407	-133.733841	-112.645020	209.784729
-133.733841	-112.645020	209.784729	2.058407	-59.089638	-91.494202	209.784729
-59.089638	-91.494202	209.784729	2.458407	-34.315884	-37.804470	207.765915
-34.315884	-37.804470	207.765915	2.058407	-25.787054	-32.143528	200.826355
-25.787054	-32.143528	200.826355	2.658407	-21.792934	-23.168076	195.852829
-21.792934	-23.168076	195.852829	3.058407	0.000000	0.000000	0.000000
-22.936634	-13.980145	194.177979	-2.941593	-45.650047	26.879723	195.207275
-45.650047	26.879723	195.207275	-0.341593	-126.879936	52.806435	198.749237
-126.879936	52.806435	198.749237	0.658407	-189.948074	0.040387	204.844147
-189.948074	0.040387	204.844147	1.258407	-189.948074	-56.430786	209.784729
-189.948074	-56.430786	209.784729	1.658407	-189.948074	-56.430786	209.784729
-189.948074	-56.430786	209.784729	1.658407	-189.373093	-58.576660	209.784729
-189.373093	-58.576660	209.784729	1.658407	-133.733841	-112.645020	209.784729
-133.733841	-112.645020	209.784729	2.058407	-59.089638	-91.494202	209.784729
-59.089638	-91.494202	209.784729	2.458407	-34.315884	-37.804470	207.765915
-34.315884	-37.804470	207.765915	2.058407	-25.787054	-32.143528	200.826355
-25.787054	-32.143528	200.826355	2.658407	-21.792934	-23.168076	195.852829
-21.792934	-23.168076	195.852829	3.058407	0.000000	0.000000	0.000000
-22.936634	-13.980145	194.177979	-2.941593	-45.650047	26.879723	195.207275
-45.650047	26.879723	195.207275	-0.341593	-126.879936	52.806435	198.749237
-126.879936	52.806435	198.749237	0.658407	-189.948074	0.040387	204.844147
-189.948074	0.040387	204.844147	1.258407	-189.948074	-56.430786	209.784729
-189.948074	-56.430786	209.784729	1.658407	-189.948074	-56.430786	209.784729
-189.948074	-56.430786	209.784729	1.658407	-189.373093	-58.576660	209.784729
-189.373093	-58.576660	209.784729	1.658407	-133.733841	-112.645020	209.784729
-133.733841	-112.645020	209.784729	2.058407	-59.089638	-91.494202	209.784729
-59.089638	-91.494202	209.784729	2.458407	-34.315884	-37.804470	207.765915
-34.315884	-37.804470	207.765915	2.058407	-25.787054	-32.143528	200.826355
-25.787054	-32.143528	200.826355	2.658407	-21.792934	-23.168076	195.852829
-21.792934	-23.168076	195.852829	3.058407	0.000000	0.000000	0.000000
-22.936634	-13.980145	194.177979	-2.941593	-45.650047	26.879723	195.207275
-45.650047	26.879723	195.207275	-0.341593	-126.879936	52.806435	198.749237
-126.879936	52.806435	198.749237	0.658407	-189.948074	0.040387	204.844147
-189.948074	0.040387	204.844147	1.258407	-189.948074	-56.430786	209.784729
-189.948074	-56.430786	209.784729	1.658407	-189.948074	-56.430786	209.784729
-189.948074	-56.430786	209.784729	1.658407	-189.373093	-58.576660	209.784729
-189.373093	-58.576660	209.784729	1.658407	-133.733841	-112.645020	209.784729
-133.733841	-112.645020	209.784729	2.058407	-59.089638	-91.494202	209.784729
-59.089638	-91.494202	209.784729	2.458407	-34.315884	-37.804470	207.765915
-34.315884	-37.804470	207.765915	2.058407	-25.787054	-32.143528	200.826355
-25.787054	-32.143528	200.826355	2.658407	-21.792934	-23.168076	195.852829
-21.792934	-23.168076	195.852829	3.058407	0.000000	0.000000	0.000000
-22.936634	-13.980145	194.177979	-2.941593	-45.650047	26.879723	195.207275
-45.650047	26.879723	195.207275	-0.341593	-126.879936	52.806435	198.749237
-126.879936	52.806435	198.749237	0.658407	-189.948074	0.040387	204.844147
-189.948074	0.040387	204.844147	1.258407	-189.948074	-56.430786	209.784729
-189.948074	-56.430786	209.784729	1.658407	-189.948074	-56.430786	209.784729
-189.948074	-56.430786	209.784729	1.658407	-189.373093	-58.576660	209.784729
-189.373093	-58.576660	209.784729	1.658407	-133.733841	-112.645020	209.784729
-133.733841	-112.645020	209.784729	2.058407	-59.089638	-91.494202	209.784729
-59.089638	-91.494202	209.784729	2.458407	-34.315884	-37.804470	207.765915
-34.315884	-37.804470	207.765915	2.058407	-25.787054	-32.143528	200.826355
-25.787054	-32.143528	200.826355	2.658407	-21.792934	-23.168076	195.852829
-21.792934	-23.168076	195.852829	3.058407	0.000000	0.000000	0.000000
-22.936634	-13.980145	194.177979	-2.941593	-45.650047	26.879723	195.207275
-45.650047	26.879723	195.207275	-0.341593	-126.879936	52.806435	198.749237
-126.879936	52.806435	198.749237	0.658407	-189.948074	0.040387	204.844147
-189.948074	0.040387	204.844147	1.258407	-189.948074	-56.430786	209.784729
-189.948074	-56.430786	209.784729	1.658407	-189.948074	-56.430786	209.784729
-189.948074	-56.430786	209.784729	1.658407	-189.373093	-58.576660	209.784729
-189.373093	-58.576660	209.784729	1.658407	-133.733841	-112.645020	209.784729
-133.733841	-112.645020	209.784729	2.058407	-59.089638	-91.494202	209.784729
-59.089638	-91.494202	209.784729	2.458407	-34.315884	-37.804470	207.765915
-34.315884	-37.804470	207.765915	2.058407	-25.787054	-32.143528	200.826355
-25.787054	-32.143528	200.826355	2.658407	-21.792934	-23.168076	195.852829
-21.792934	-23.168076	195.852829	3.058407	0.000000	0.000000	0.000000
-22.936634	-13.980145	194.177979	-2.941593	-45.650047	26.879723	195.207275
-45.650047	26.879723	195.207275	-0.341593	-126.879936	52.806435	198.749237
-126.879936	52.806435	198.749237	0.658407	-189.948074	0.040387	204.844147
-189.948074	0.040387	204.844147	1.258407	-189.948074	-56.430786	209.784729
-189.948074	-56.430786	209.784729	1.658407	-189.948074	-56.430786	209.784729
-189.948074	-56.430786	209.784729	1.658407	-189.373093	-58.576660	209.784729
-189.373093	-58.576660	209.784729	1.658407	-133.733841	-112.645020	209.784729
-133.733841	-112.645020	209.784729	2.058407	-59.089638	-91.494202	209.784729
-59.089638	-91.494202	209.784729	2.458407	-34.315884	-37.804470	207.765915
-34.315884	-37.804470	207.765915	2.058407	-25.787054	-32.143528	200.826355
-25.787054	-32.143528	200.826355	2.658407	-21.792934	-23.168076	195.852829
-21.792934	-23.168076	195.852829	3.058407	0.000000	0.000000	0.000000
-22.936634	-13.980145	194.177979	-2.941593	-45.650047	26.879723	195.207275
-45.650047	26.879723	195.207275	-0.341593	-126.879936	52.806435	198.749237
-126.879936	52.806435	198.749237	0.658407	-189.948074	0.040387	204.844147
-189.948074	0.040387	204.844147	1.258407	-189.948074	-56.430786	209.784729
-189.948074	-56.430786	209.784729	1.658407	-189.948074	-56.430786	209.784729
-189.948074	-56.430786	209.784729	1.658407	-189.373093	-58.576660	209.784729
-189.373093	-58.576660	209.784729	1.658407	-133.733841	-112.645020	209.784729
-133.733841	-112.645020	209.784729	2.058407	-59.089638	-91.494202	209.784729
-59.089638	-91.494202	209.784729	2.458407	-34.315884	-37.804470	207.765915
-34.315884	-37.804470	207.765915	2.058407	-25.787054	-32.143528	200.826355
-25.787054	-32.143528	200.826355	2.658407	-21.792934	-23.168076	195.852829
-21.792934	-23.168076	195.852829	3.058407	0.000000	0.000000	0.000000
-22.936634	-13.980145	194.177979	-2.941593	-45.650047	26.879723	195.207275
-45.650047	26.879723	195.207275	-0.341593	-126.879936	52.806435	198.749237
-126.879936	52.806435	198.749237	0.658407	-189.948074	0.040387	204.844147
-189.948074	0.040387	204.844147	1.258407	-189.948074	-56.430786	209.784729
-189.948074	-56.430786	209.784729	1.658407	-189.948074	-56.430786	209.784729
-189.948074	-56.430786	209.784729	1.658407	-189.373093	-58.576660	209.784729
-189.373093	-58.576660	209.784729	1.658407	-133.733841	-112.645020	209.784729
-133.733841	-112.645020	209.784729	2.058407	-59.089638	-91.494202	209.784729
-59.089638	-91.494202	209.784729	2.458407	-34.315884	-37.804470	207.765915
-34.315884	-37.804470	207.765915	2.058407	-25.787054	-32.143528	200.826355
-25.787054	-32.143528	200.826355	2.658407	-21.792934	-23.168076	195.852829
-21.792934	-23.168076	195.852829	3.058407	0.000000	0.000000	0.000000
-22.936634	-13.980145	194.177979	-2.941593	-45.650047	26.879723	195.207275
-45.650047	26.879723	195.207275	-0.341593	-126.879936	52.806435	198.749237
-126.879936	52.806435	198.749237	0.658407	-189.948074	0.040387	204.844147
-189.948074	0.040387	204.844147	1.258407	-189.948074	-56.430786	209.784729
-189.948074	-56.430786	209.784729	1.658407	-189.948074	-56.430786	209.784729
-189.948074	-56.430786	209.784729	1.658407	-189.373093	-58.576660	209.784729
-189.373093	-58.576660	209.784729	1.658407	-133.733841	-112.645020	209.784729
-133.733841	-112.645020	209.784729	2.058407	-59.089638	-91.494202	209.784729
-59.089638	-91.494202	209.784729	2.458407	-34.315884	-37.804470	207.765915
-34.315884	-37.804470	207.765915	2.058407	-25.787054	-32.143528	200.826355
-25.787054	-32.143528	200.826355	2.658407	-21.792934	-23.168076	195.852829
-21.792934	-23.168076	195.852829	3.058407	0.000000	0.000000	0.000000
-22.936634	-13.980145	194.177979	-2.941593	-45.650047	26.879723	195.207275
-45.650047	26.879723	195.207275	-0.341593	-126.879936	52.806435	198.749237
-126.879936	52.806435	198.749237	0.658407	-189.948074	0.040387	204.844147
-189.948074	0.040387	204.844147	1.258407	-189.948074	-56.430786	209.784729
-189.948074	-56.430786	209.784729	1.658407	-189.948074	-56.430786	209.784729
-189.948074	-56.430786	209.784729	1.658407	-189.373093	-58.576660	209.784729
-189.373093	-58.576660	209.784729	1.658407	-133.733841	-112.645020	209.784729
-133.733841	-112.645020	209.784729	2.058407	-59.089638	-91.494202	209.784729
-59.089638	-91.494202	209.784729	2.458407	-34.315884	-37.804470	207.765915
-34.315884	-37.804470	207.765915	2.058407	-25.787054	-32.143528	200.826355
-25.787054	-32.143528	200.826355	2.658407	-21.792934	-23.168076	195.852829
-21.792934	-23.168076	195.852829	3.058407	0.000000	0.000000	0.000000
-22.936634	-13.980145	194.177979	-2.941593	-45.650047	26.879723	195.207275
-45.650047	26.879723	195.207275	-0.341593	-126.879936	52.806435	198.749237
-126.879936	52.806435	198.749237	0.658407	-189.948074	0.040387	204.844147
-189.948074	0.040387	204.844147	1.258407	-189.948074	-56.430786	209.784729
-189.948074	-56.430786	209.784729	1.658407	-189.948074	-56.430786	209.784729
-189.948074	-56.430786	209.784729	1.658407	-189.373093	-58.576660	209.784729
-189.373093	-58.576660	209.784729	1.658407	-133.733841	-112.645020	209.784729
-133.733841	-112.645020	209.784729	2.058407	-59.089638	-91.494202	209.784729
-59.089638	-91.494202	209.784729	2.458407	-34.315884	-37.804470	207.765915
-34.315884	-37.804470	207.765915	2.058407	-25.787054	-32.143528	200.826355
-25.787054	-32.143528	200.826355	2.658407	-21.792934	-23.168076	195.852829
-21.792934	-23.168076	195.852829	3.058407	0.000000	0.000000	0.000000
-22.936634	-13.980145	194.177979	-2.941593	-45.650047	26.879723	195.207275
-45.650047	26.879723	195.207275	-0.341593	-126.879936	52.806435	198.749237
-126.879936	52.806435	198.749237	0.658407	-189.948074	0.040387	204.844147
-189.948074	0.040387	204.844147	1.258407	-189.948074	-56.430786	209.784729
-189.948074	-56.430786	209.784729	1.658407	-189.948074	-56.430786	209.784729
-189.948074	-56.430786	209.784729	1.658407	-189.373093	-58.576660	209.784729
-189.373093	-58.576660	209.784729	1.658407	-133.733841	-112.645020	209.784729
-133.733841	-112.645020	209.784729	2.058407	-59.089638	-91.494202	209.784729
-59.089638	-91.494202	209.784729	2.458407	-34.315884	-37.804470	207.765915
-34.315884	-37.804470	207.765915	2.058407	-25.787054	-32.143528	200.826355
-25.787054	-32.143528	200.826355	2.658407	-21.792934	-23.168076	195.852829
-21.792934	-23.168076	195.852829	3.058407	0.000000	0.000000	0.000000
-22.936634	-13.980145	194.177979	-2.941593	-45.650047	26.879723	195.207275
-45.650047	26.879723	195.207275	-0.341593	-126.879936	52.806435	198.749237
-126.879936	52.806435	198.749237	0.658407	-189.948074	0.040387	204.844147
-189.948074	0.040387	204.844147	1.258407	-189.948074	-56.430786	209.784729
-189.948074	-56.430786	209.784729	1.658407	-189.948074	-56.430786	209.784729
-189.948074	-56.430786	209.784729	1.658407	-189.373093	-58.576660	209.784729
-189.373093	-58.576660	209.784729	1.658407	-133.733841	-112.645020	209.784729
-133.733841	-112.645020	209.784729	2.058407	-59.089638	-91.494202	209.784729
-59.089638	-91.494202	209.784729	2.458407	-34.315884	-37.804470	207.765915
-34.315884	-37.804470	207.765915	2.058407	-25.787054	-32.143528	200.826355
-25.787054	-32.143528	200.826355	2.658407	-21.792934	-23.168076	195.852829
-21.792934	-23.168076	195.852829	3.058407	0.000000	0.000000	0.000000
-22.936634	-13.980145	194.177979	-2.941593	-45.650047	26.879723	195.207275
-45.650047	26.879723	195.207275	-0.341593	-126.879936	52.806435	198.749237
-126.879936	52.806435	198.749237	0.658407	-189.948074	0.040387	204.844147
-189.948074	0.040387	204.844147	1.258407	-189.948074	-56.430786	209.784729
-189.948074	-56.430786	209.784729	1.658407	-189.948074	-56.430786	209.784729
-189.948074	-56.430786	209.784729	1.658407	-189.373093	-58.576660	209.784729
-189.373093	-58.576660	209.784729	1.658407	-133.733841	-112.645020	209.784729
-133.733841	-112.645020	209.784729	2.058407	-59.089638	-91.494202	209.784729
-59.089638	-91.494202	209.784729	2.458407	-34.315884	-37.804470	207.765915
-34.315884	-37.804470	207.765915	2.058407	-25.787054	-32.143528	200.826355
-25.787054	-32.143528	200.826355	2.658407	-21.792934	-23.168076	195.852829
-21.792934	-23.168076	195.852829	3.058407	0.000000	0.000000	0.000000
-22.936634	-13.980145	194.177979	-2.941593	-45.650047	26.879723	195.207275
-45.650047	26.879723	195.207275	-0.341593	-126.879936	52.806435	198.749237
-126.879936	52.806435	198.749237	0.658407	-189.948074	0.040387	204.844147
-189.948074	0.040387	204.844147	1.258407	-189.948074	-56.430786	209.784729
-189.948074	-56.430786	209.784729	1.658407	-189.948074	-56.430786	209.784729
-189.948074	-56.430786	209.784729	1.658407	-189.373093	-58.576660	209.784729
-189.373093	-58.576660	209.784729	1.658407	-133.733841	-112.645020	209.784729
-133.733841	-112.645020	209.784729	2.058407	-59.089638	-91.494202	209.784729
-59.089638	-91.494202	209.784729	2.458407	-34.315884	-37.804470	207.765915
-34.315884	-37.804470	207.765915	2.058407	-25.787054	-32.143528	200.826355
-25.787054	-32.143528	200.826355	2.658407	-21.792934	-23.168076	195.852829
-21.792934	-23.168076	195.852829	3.058407	0.000000	0.000000	0.000000
-22.936634	-13.980145	194.177979	-2.941593	-45.650047	26.879723	195.207275
-45.650047	26.879723	195.207275	-0.341593	-126.879936	52.806435	198.749237
-126.879936	52.806435	198.749237	0.658407	-189.948074	0.040387	204.844147
-189.948074	0.040387	204.844147	1.258407	-189.948074	-56.430786	209.784729
-189.948074	-56.430786	209.784729	1.658407	-189.948074	-56.430786	209.784729
-189.948074	-56.430786	209.784729	1.658407	-189.373093	-58.576660	209.784729
-189.373093	-58.576660	209.784729	1.658407	-133.733841	-112.645020	209.784729
-133.733841	-112.645020	209.784729	2.058407	-59.089638	-91.494202	209.784729
-59.089638	-91.494202	209.784729	2.458407	-34.315884	-37.804470	207.765915
-34.315884	-37.804470	207.765915	2.058407	-25.787054	-32.143528	200.826355
-25.787054	-32.143528	200.826355	2.658407	-21.792934	-23.168076	195.852829
-21.792934	-23.168076	195.852829	3.058407	0.000000	0.000000	0.000000
-22.936634	-13.980145	194.177979	-2.941593	-45.650047	26.879723	195.207275
-45.650047	26.879723	195.207275	-0.341593	-126.879936	52.806435	198.749237
-126.879936	52.806435	198.749237	0.658407	-189.948074	0.040387	204.844147
-189.948074	0.040387	204.844147	1.258407	-189.948074	-56.430786	209.784729
-189.948074	-56.430786	209.784729	1.658407	-189.948074	-56.430786	209.784729
-189.948074	-56.430786	209.784729	1.658407	-189.373093	-58.576660	209.784729
-189.373093	-58.576660	209.784729	1.658407	-133.733841	-112.645020	209.784729
-133.733841	-112.645020	209.784729	2.058407	-59.089638	-91.494202	209.784729
-59.089638	-91.494202	209.784729	2.458407	-34.315884	-37.804470	207.765915
-34.315884	-37.804470	207.765915	2.058407	-25.787054	-32.143528	200.826355
-25.787054	-32.143528	200.826355	2.658407	-21.792934	-23.168076	195.852829
-21.792934	-23.168076	195.852829	3.058407	0.000000	0.000000	0.000000
-22.936634	-13.980145	194.177979	-2.941593	-45.650047	26.879723	195.207275
-45.650047	26.879723	195.207275	-0.341593	-126.879936	52.806435	198.749237
-126.879936	52.806435	198.749237	0.658407	-189.948074	0.040387	204.844147
-189.948074	0.040387	204.844147	1.258407	-189.948074	-56.430786	209.784729
-189.948074	-56.430786	209.784729	1.658407	-189.948074	-56.430786	209.784729
-189.948074	-56.430786	209.784729	1.658407	-189.373093	-58.576660	209.784729
-189.373093	-58.576660	209.784729	1.658407	-133.733841	-112.645020	209.784729
-133.733841	-112.645020	209.784729	2.058407	-59.089638	-91.494202	209.784729
-59.089638	-91.494202	209.784729	2.458407	-34.315884	-37.804470	207.765915
-34.315884	-37.804470	207.765915	2.058407	-25.787054	-32.143528	200.826355
-25.787054	-32.143528	200.826355	2.658407	-21.792934	-23.168076	195.852829
-21.792934	-23.168076	195.852829	3.058407	0.000000	0.000000	0.000000
