-1.282427	23.805206	-11.290073	0	0	-0.98006658	0.19866933
-0.831976	23.922585	-10.263372	0	0	-0.16996714	0.98544973
-1.827029	23.794971	-12.559095	0	0	-0.070737201	0.99749499
-2.322859	22.420471	-11.328049	0	0	-0.95533648	0.29552023
-0.502248	24.079653	-9.432897	0	0	-0.98006658	0.19866933
-2.664883	23.717379	-14.137754	0	0	-0.95533648	0.29552023
-0.774274	20.446703	-13.792505	0	0	-0.98006658	0.19866933
-2.794059	24.028364	-16.202730	0	0	-0.95533648	0.29552023
-2.943394	23.957642	-16.158928	0	0	-0.95533648	0.29552023
-2.636887	24.139532	-16.255678	0	0	-0.070737201	0.99749499
-3.199127	23.687366	-16.087915	0	0	-0.95533648	0.29552023
-2.498080	24.233738	-16.306080	0	0	-0.95533648	0.29552023
-3.405423	23.549850	-16.050303	0	0	-0.070737201	0.99749499
-3.627419	23.401026	-16.032320	0	0	-0.070737201	0.99749499
-3.879958	23.230286	-16.041428	0	0	-0.95533648	0.29552023
-4.125088	23.055874	-16.113712	0	0	-0.070737201	0.99749499
-4.465666	22.772417	-16.238628	0	0	-0.95533648	0.29552023
4.551129	22.798286	-9.126794	0	0	0	1
-4.720717	22.758656	-16.522261	0	0	-0.070737201	0.99749499
-5.744398	21.369799	-16.730188	0	0	-0.95533648	0.29552023
-9.225953	22.956657	-12.222128	0	0	-0.45359611	0.89120736
-9.262250	23.092121	-12.036107	0	0	-0.95533648	0.29552023
-9.121030	22.565081	-12.759850	0	0	-0.95533648	0.29552023
-9.353387	23.432247	-11.569041	0	0	-0.95533648	0.29552023
-9.080364	22.413313	-12.968257	0	0	0	1
-9.462934	23.841082	-11.007621	0	0	-0.54030229	0.84147099
-9.585248	24.297567	-10.380769	0	0	0	1
-8.976624	22.026152	-14.137754	0	0	-0.92106097	0.38941839
-6.368059	20.687027	-17.361166	0	0	-0.070737201	0.99749499
-8.598005	20.613127	-15.440305	0	0	0	1
-8.962014	21.971626	-16.032320	0	0	0.029199523	0.9995736
-8.936246	21.875458	-16.041428	0	0	-0.92106097	0.38941839
-8.984349	22.054981	-16.050303	0	0	0.029199523	0.9995736
-9.004910	22.131712	-16.087915	0	0	-0.92106097	0.38941839
-8.909063	21.774012	-16.113712	0	0	-0.070737201	0.99749499
-9.055347	22.319948	-16.158928	0	0	-0.92106097	0.38941839
-9.063025	22.348600	-16.202730	0	0	-0.92106097	0.38941839
-8.861013	21.594687	-16.238628	0	0	-0.92106097	0.38941839
-9.080288	22.413029	-16.255678	0	0	0.029199523	0.9995736
-9.094542	22.466223	-16.306080	0	0	-0.92106097	0.38941839
-8.463843	20.112427	-16.127874	0	0	-0.92106097	0.38941839
-8.874659	21.645609	-16.522261	0	0	-0.070737201	0.99749499
-8.596018	20.605709	-16.730188	0	0	-0.92106097	0.38941839
-10.100704	26.221273	-7.739101	0	0	-0.92106097	0.38941839
-7.368565	20.420816	-18.283243	0	0	-0.92106097	0.38941839
-8.284015	19.441298	-17.049480	0	0	0	1
-8.467103	20.124590	-17.361166	0	0	-0.070737201	0.99749499
9.006371	23.805206	-12.190227	0	0	-0.62160997	0.7833269
9.098934	23.922585	-11.132215	0	0	-0.95533648	0.29552023
8.892052	23.794971	-13.496893	0	0	-0.98006658	0.19866933
-8.172462	19.024973	-17.621185	0	0	-0.87758258	0.4794255
9.173544	24.079653	-10.279419	0	0	-0.62160997	0.7833269
-8.467571	20.126339	-18.283243	0	0	-0.92106097	0.38941839
8.748622	23.717379	-15.136307	0	0	-0.62160997	0.7833269
9.099922	20.648333	-11.120927	0	0	-0.36235775	0.93203909
9.281891	22.064354	-9.041015	0	0	-0.99500417	0.099833397
8.576941	23.549850	-17.098623	0	0	-0.95533648	0.29552023
8.576817	23.401026	-17.100052	0	0	-0.95533648	0.29552023
8.575243	23.687366	-17.118038	0	0	-0.62160997	0.7833269
8.574107	23.230286	-17.131016	0	0	-0.62160997	0.7833269
8.571019	23.957642	-17.166309	0	0	-0.62160997	0.7833269
8.568351	24.028364	-17.196812	0	0	-0.62160997	0.7833269
8.881507	18.948698	-13.617423	0	0	0	1
8.564948	24.139532	-17.235712	0	0	-0.92106097	0.38941839
8.565969	23.055874	-17.224035	0	0	-0.92106097	0.38941839
8.561625	24.233738	-17.273680	0	0	-0.62160997	0.7833269
8.667836	18.666752	-14.074357	0	0	-0.26749883	0.96355818
8.552536	22.772417	-17.377573	0	0	-0.54030229	0.84147099
8.841806	18.639761	-14.071202	0	0	0	1
8.525972	22.758656	-17.681196	0	0	-0.92106097	0.38941839
8.500144	21.369799	-17.976423	0	0	-0.54030229	0.84147099
8.440622	20.687027	-18.656757	0	0	-0.92106097	0.38941839
8.352963	20.420816	-19.658699	0	0	-0.62160997	0.7833269
-7.497731	16.506844	-21.079123	0	0	-0.070737201	0.99749499
8.846215	16.159180	-17.636835	0	0	0	1
-7.381297	16.072308	-21.675837	0	0	0	1
8.322056	15.738270	-18.368465	0	0	0	1
12.647049	19.876417	-11.375253	0	0	0	1
12.775455	20.355635	-10.655240	0	0	-0.26749883	0.96355818
8.466073	15.715927	-18.365854	0	0	0	1
8.326088	14.900672	-19.571833	0	0	-0.54030229	0.84147099
8.360619	14.895314	-19.571205	0	0	0	1
-7.155600	15.229994	-22.832516	0	0	0	1
13.831623	24.297308	-4.732968	0	0	0	1
7.677505	13.784457	-21.333216	0	0	-0.62160997	0.7833269
-6.911911	14.320535	-24.081400	0	0	0	1
8.207303	13.702264	-21.323608	0	0	0	1
9.201333	13.977778	-20.687700	0	0	0	1
-6.851079	14.093505	-24.393162	0	0	-0.82533563	0.56464246
14.257426	25.886427	-2.345353	0	0	0	1
16.675919	19.577662	-10.833049	0	0	-0.36235775	0.93203909
10.955214	13.562402	-20.861912	0	0	0	1
10.945563	13.526389	-20.916019	0	0	-0.99500417	0.099833397
15.286096	25.681253	-2.392246	0	0	-0.26749883	0.96355818
10.971221	13.622144	-21.625549	0	0	-0.87758258	0.4794255
16.625679	23.740015	-4.860340	0	0	0	1
10.941623	13.511682	-21.699041	0	0	-0.87758258	0.4794255
17.587761	18.890961	-11.600483	0	0	-0.99500417	0.099833397
-3.398291	34.188225	5.332785	0	0	0	1
10.667188	12.487474	-22.476965	0	0	-0.82533563	0.56464246
-12.286100	34.377285	3.460874	0	0	0	1
-12.314917	34.484829	3.608554	0	0	-0.62160997	0.7833269
-6.045386	11.086618	-28.522268	0	0	-0.92106097	0.38941839
10.561581	32.022480	5.585910	0	0	-0.99500417	0.099833397
-12.454177	35.004555	4.322249	0	0	-0.92106097	0.38941839
-5.996810	10.905333	-28.771215	0	0	-0.76484218	0.64421769
-5.996491	10.904144	-28.772846	0	0	0	1
9.975554	9.906265	-26.355171	0	0	-0.92106097	0.38941839
9.861174	9.479391	-26.996538	0	0	0	1
-5.606979	9.450462	-30.769068	0	0	0	1
-5.556970	9.263828	-31.025356	0	0	0	1
-13.404658	38.551796	9.193385	0	0	-0.62160997	0.7833269
9.043180	6.426596	-31.583290	0	0	-0.99500417	0.099833397
-4.835598	6.571628	-34.722332	0	0	-0.87758258	0.4794255
8.877774	5.809293	-32.510773	0	0	0	1
-4.609451	5.727636	-35.881317	0	0	0	1
27.340582	12.999038	-17.719774	0	0	0	1
27.716221	13.506211	-16.899933	0	0	0	1
26.946066	12.466380	-18.580812	0	0	-0.62160997	0.7833269
26.936668	12.453690	-18.601326	0	0	0	1
26.901886	12.406730	-18.677237	0	0	-0.87758258	0.4794255
28.026560	13.925217	-16.222612	0	0	0	1
26.323467	11.625772	-19.939648	0	0	0	1
28.552691	14.635577	-15.074320	0	0	0	1
26.089916	11.310440	-20.449383	0	0	0.98999249	0.14112005
-4.480039	5.244666	-36.544540	0	0	-0.82533563	0.56464246
28.864071	15.055991	-14.394724	0	0	0.98999249	0.14112005
25.813545	10.937296	-21.052567	0	0	0	1
25.792982	10.909533	-21.097446	0	0	-0.92106097	0.38941839
25.767712	10.875414	-21.152597	0	0	0	1
25.748041	10.848856	-21.195530	0	0	-0.76484218	0.64421769
25.686661	10.765982	-21.329494	0	0	0	1
25.645813	10.710833	-21.418644	0	0	-0.92106097	0.38941839
25.595238	10.642548	-21.529026	0	0	-0.92106097	0.38941839
29.086874	15.356810	-13.908452	0	0	0	1
16.805393	35.395573	11.941911	0	0	-0.26749883	0.96355818
25.528942	10.553038	-21.673717	0	0	-0.76484218	0.64421769
25.489008	10.499120	-21.760876	0	0	0	1
25.444794	10.439424	-21.857374	0	0	-0.92106097	0.38941839
25.313517	10.262177	-22.143892	0	0	0	1
25.195848	10.103307	-22.400705	0	0	0	1
25.134521	10.020506	-22.534552	0	0	-0.82533563	0.56464246
14.595703	5.319110	-31.836412	0	-0	-1	-4.371139e-08
25.567369	10.232727	-22.125008	0	0	-0.45359611	0.89120736
24.753914	9.506625	-23.365236	0	0	-0.76484218	0.64421769
24.639786	9.352533	-23.614325	0	0	-0.76484218	0.64421769
25.967070	10.225407	-22.039124	0	0	0	1
24.368664	8.986477	-24.206053	0	0	-0.87758258	0.4794255
24.269880	8.853105	-24.421648	0	0	0	1
23.924129	8.386284	-25.176260	0	0	-0.82533563	0.56464246
23.848902	8.284715	-25.340446	0	0	-0.76484218	0.64421769
26.879229	10.386256	-21.587833	0	0	-0.45359611	0.89120736
31.539333	18.668020	-8.555904	0	0	0	1
17.162355	36.727772	13.943511	0	0	0	1
32.418289	19.854752	-6.637560	0	0	-0.54030229	0.84147099
33.691822	21.574221	-3.858050	0	0	-0.45359611	0.89120736
29.654186	8.700397	-23.342518	0	0	0	1
25.393009	33.682716	11.550429	0	0	0	1
-3.662048	2.191880	-40.736675	0	0	-0.82533563	0.56464246
20.232553	3.402070	-33.233208	0	0	0	1
31.911505	10.389245	-20.369747	0	0	-0.54030229	0.84147099
29.363724	7.841463	-24.647594	0	0	-0.99500417	0.099833397
27.553570	6.031308	-27.686930	0	0	0	1
27.934498	5.874552	-27.820440	0	0	0	1
25.226391	3.704131	-31.594372	0	0	0	1
4.107866	0.073857	-41.907959	0	0	0	1
6.410058	-0.283307	-41.866215	0	0	-0.95533648	0.29552023
-3.135812	0.227943	-43.433590	0	0	-0.87758258	0.4794255
30.368950	34.093632	13.341466	0	0	0	1
36.837795	8.362020	-22.096359	0	0	0	1
-32.764313	15.488494	-41.404724	0	0	0	1
-32.593842	15.318026	-41.535854	0	0	-0.69670669	0.71735611
-32.940525	15.664709	-41.269173	0	0	-0.69670669	0.71735611
-32.569462	15.293646	-41.554607	0	0	-0.45359611	0.89120736
-32.418633	15.142817	-41.670631	0	0	-0.45359611	0.89120736
-33.120396	15.844578	-41.130810	0	0	0	1
-32.140335	14.864518	-41.884705	0	0	-0.76484218	0.64421769
-32.134502	14.858686	-41.889191	0	0	-0.36235775	0.93203909
-32.134216	14.858399	-41.889412	0	0	-0.76484218	0.64421769
-32.125298	14.849482	-41.896271	0	0	-0.36235775	0.93203909
-32.105644	14.829828	-41.911392	0	0	-0.76484218	0.64421769
-32.072075	14.796257	-41.937214	0	0	-0.76484218	0.64421769
-32.034370	14.758555	-41.966217	0	0	-0.36235775	0.93203909
-32.018906	14.743090	-41.978111	0	0	0	1
-31.975574	14.699757	-42.011444	0	0	0	1
-31.942108	14.666291	-42.037189	0	0	0	1
-31.931601	14.655785	-42.045269	0	0	-0.45359611	0.89120736
-31.909941	14.634123	-42.061932	0	0	-0.36235775	0.93203909
-31.731165	14.455348	-42.199451	0	0	-0.45359611	0.89120736
-31.721518	14.445701	-42.206875	0	0	-0.76484218	0.64421769
-31.272120	13.996304	-42.552567	0	0	-0.76484218	0.64421769
-30.224142	12.948324	-43.358704	0	0	-0.76484218	0.64421769
-28.622520	11.346704	-44.590725	0	0	-0.76484218	0.64421769
30.676264	1.461446	-33.504494	0	0	-0.62160997	0.7833269
-28.322567	11.046750	-44.821457	0	0	-0.69670669	0.71735611
39.185772	28.991926	8.132619	0	0	0	1
-27.092100	9.816282	-45.767975	0	0	-0.76484218	0.64421769
-26.574383	9.298566	-46.166218	0	0	0.1288445	0.99166481
-26.453772	9.177955	-46.258995	0	0	-0.62160997	0.7833269
19.067419	43.837566	24.625811	0	0	-0.62160997	0.7833269
-24.919735	7.643918	-47.439026	0	0	-0.62160997	0.7833269
15.019080	-3.636946	-44.611729	0	0	0	1
-41.523441	24.247625	-34.666912	0	0	0	1
37.862885	4.343960	-27.626461	0	0	0.99913515	0.041580682
-23.636932	6.361116	-48.425800	0	0	-0.62160997	0.7833269
-23.538879	6.263062	-48.501228	0	0	-0.62160997	0.7833269
-22.889118	5.613301	-49.001045	0	0	-0.69670669	0.71735611
-22.791792	5.515975	-49.075912	0	0	-0.62160997	0.7833269
-21.966702	4.690884	-49.710598	0	0	-0.62160997	0.7833269
40.430077	30.671936	10.848345	0	0	-0.92106097	0.38941839
-21.743082	4.467266	-49.882614	0	0	0.1288445	0.99166481
-20.414988	3.139171	-50.904224	0	0	-0.69670669	0.71735611
-51.586159	34.310341	-26.926342	0	0	-0.26749883	0.96355818
-13.881506	-3.394311	-55.929993	0	0	-0.62160997	0.7833269
-13.751993	-3.523824	-56.029621	0	0	-0.62160997	0.7833269
37.203579	-3.128227	-38.529346	0	0	0	1
37.388260	-3.039055	-38.356586	0	0	-0.76484218	0.64421769
37.440571	-3.013796	-38.307648	0	0	0	1
36.770905	-3.337142	-38.934093	0	0	0	1
37.899693	-2.792111	-37.878159	0	0	-0.87758258	0.4794255
36.379826	-3.525975	-39.299938	0	0	-0.92106097	0.38941839
36.376072	-3.527786	-39.303444	0	0	0	1
-13.288481	-3.987336	-56.386169	0	0	-0.62160997	0.7833269
36.047028	-3.686665	-39.611256	0	0	-0.87758258	0.4794255
38.460564	-2.521296	-37.353485	0	0	-0.87758258	0.4794255
35.755680	-3.827340	-39.883797	0	0	-0.76484218	0.64421769
35.565037	-3.919391	-40.062138	0	0	0	1
35.264149	-4.064674	-40.343605	0	0	0	1
39.511009	-2.014092	-36.370838	0	0	-0.87758258	0.4794255
39.620605	-1.961172	-36.268311	0	0	0.97095818	0.23924928
34.702179	-4.336021	-40.869308	0	0	0	1
34.499405	-4.433929	-41.058994	0	0	-0.87758258	0.4794255
34.434353	-4.465339	-41.119850	0	0	-0.92106097	0.38941839
34.357834	-4.502286	-41.191429	0	0	-0.87758258	0.4794255
34.290237	-4.534925	-41.254662	0	0	0	1
34.138546	-4.608170	-41.396564	0	0	-0.87758258	0.4794255
34.025887	-4.662567	-41.501953	0	0	0	1
33.894482	-4.726016	-41.624878	0	0	-0.92106097	0.38941839
33.731548	-4.804687	-41.777298	0	0	-0.87758258	0.4794255
40.699894	-1.440042	-35.258678	0	0	0	1
33.543255	-4.895604	-41.953438	0	0	-0.92106097	0.38941839
33.261360	-5.031715	-42.217136	0	0	0	1
33.011375	-5.152420	-42.450989	0	0	-0.92106097	0.38941839
42.023129	-0.801123	-34.020847	0	0	-0.87758258	0.4794255
42.249149	-0.691989	-33.809414	0	0	-0.87758258	0.4794255
32.115459	-5.585010	-43.289082	0	0	-0.87758258	0.4794255
42.918900	-0.368602	-33.182888	0	0	-0.76484218	0.64421769
31.384417	-5.937992	-43.972946	0	0	-0.76484218	0.64421769
31.383287	-5.938538	-43.974003	0	0	-0.92106097	0.38941839
43.070454	-0.295425	-33.041115	0	0	0	1
30.438602	-6.394676	-44.857719	0	0	-0.87758258	0.4794255
44.065479	0.185021	-32.110306	0	0	0	1
44.891068	0.583654	-31.337999	0	0	0	1
44.956352	0.615176	-31.276930	0	0	-0.69670669	0.71735611
45.953854	1.096817	-30.343803	0	0	0	1
-54.066326	36.790508	-25.018517	0	0	-0.62160997	0.7833269
46.953312	1.579403	-29.408850	0	0	-0.69670669	0.71735611
-11.251190	-6.024627	-57.953320	0	0	0	1
-10.965204	-6.310612	-58.173309	0	0	-0.62160997	0.7833269
26.050688	-8.513368	-48.962440	0	0	0	1
48.536030	2.343612	-27.928282	0	0	0.94222235	0.33498812
49.440361	2.780267	-27.082312	0	0	-0.82533563	0.56464246
-58.731304	41.455490	-21.430061	0	0	-0.76484218	0.64421769
-19.810200	62.457603	37.507607	0	0	-0.45359611	0.89120736
52.608505	37.147583	23.096785	0	0	0	1
62.253597	8.967099	-15.096031	0	0	-0.92106097	0.38941839
65.502670	10.535906	-12.056646	0	0	-0.82533563	0.56464246
-20.964390	66.765106	47.936382	0	0	0.029199523	0.9995736
29.524994	82.865768	37.507607	0	0	-0.95533648	0.29552023
81.079666	18.057211	2.515025	0	0	0	1
42.939548	79.271347	37.507607	0	0	-0.95533648	0.29552023
63.960609	67.134834	35.383991	0	0	-0.87758258	0.4794255
30.441610	86.286621	50.964470	0	0	-0.26749883	0.96355818
92.535324	23.588541	13.231344	0	0	-0.92106097	0.38941839
48.925610	81.333847	50.964470	0	0	0.99913515	0.041580682
67.389381	70.673790	49.099201	0	0	0.98999249	0.14112005
101.818146	28.070723	21.915060	0	0	0	1
-28.622787	95.346626	87.185020	0	0	-0.87758258	0.4794255
-99.354225	82.078407	-83.379318	0	0	0.029199523	0.9995736
35.245533	104.215111	115.341652	0	0	0	1
146.764801	61.180958	-48.962444	0	0	0.99913515	0.041580682
92.641479	92.767128	112.725159	0	0	0	1
152.576920	52.579449	69.397926	0	0	0	1
-57.200035	201.998367	-83.379318	0	0	-0.26749883	0.96355818
124.619576	186.820938	-48.179478	0	0	-0.54030229	0.84147099
51.365257	230.462616	-80.044205	0	0	-0.45359611	0.89120736
49.029984	230.462616	-83.379318	0	0	-0.45359611	0.89120736
