-47.492657	-0.340813	-17.964914	0	0	-0.16996714	0.98544973
-47.297966	-0.193163	-17.822783	0	0	-0.76484218	0.64421769
-47.443371	-0.639760	-18.145950	0	0	-0.76484218	0.64421769
-47.447613	-0.592836	-18.243980	0	0	-0.16996714	0.98544973
-47.231262	-0.073862	-17.727072	0	0	-0.16996714	0.98544973
-47.891182	-0.362300	-18.625597	0	0	-0.16996714	0.98544973
-47.894070	-0.367300	-18.633842	0	0	-0.16996714	0.98544973
-47.791271	-1.067829	-18.232746	0	0	-0.76484218	0.64421769
-48.054710	-1.524120	-18.985209	0	0	-0.76484218	0.64421769
-47.306622	-2.022155	-17.823721	0	0	-0.16996714	0.98544973
-47.360954	-2.102106	-17.756218	0	0	-0.76484218	0.64421769
-47.286747	-2.119567	-17.771610	0	0	-0.16996714	0.98544973
-47.564949	-2.124937	-17.670954	0	0	-0.16996714	0.98544973
-47.751221	-2.293187	-17.503714	0	0	-0.76484218	0.64421769
-48.031788	-2.250982	-17.431078	0	0	-0.76484218	0.64421769
-47.890759	-2.303652	-17.448515	0	0	-0.16996714	0.98544973
-47.739376	-2.452887	-17.411018	0	0	-0.16996714	0.98544973
-47.760494	-2.590818	-17.319984	0	0	-0.76484218	0.64421769
-47.786682	-2.702380	-17.243164	0	0	-0.16996714	0.98544973
-47.709629	-2.720181	-18.974825	0	0	-0.16996714	0.98544973
-47.821983	-2.866402	-17.131342	0	0	-0.76484218	0.64421769
-47.820427	-2.909571	-17.105711	0	0	-0.16996714	0.98544973
-47.825111	-2.906052	-19.081991	0	0	-0.69670669	0.71735611
-47.781452	-2.976424	-19.184637	0	0	-0.16996714	0.98544973
-48.102036	-3.397331	-17.910069	0	0	-0.16996714	0.98544973
-47.946907	-3.425884	-16.748339	0	0	-0.16996714	0.98544973
-48.204411	-3.232516	-19.497444	0	0	-0.16996714	0.98544973
-48.272198	-3.543313	-18.629932	0	0	-0.16996714	0.98544973
-48.264500	-3.632860	-18.395296	0	0	-0.69670669	0.71735611
-48.376720	-3.376584	-19.290325	0	0	-0.69670669	0.71735611
-48.318699	-3.557658	-18.914383	0	0	-0.69670669	0.71735611
-48.339619	-3.492537	-19.125486	0	0	-0.16996714	0.98544973
-48.018154	-3.600482	-16.617519	0	0	-0.16996714	0.98544973
-48.597038	-3.526961	-19.465853	0	0	-0.16996714	0.98544973
-48.044758	-3.724897	-16.532759	0	0	-0.16996714	0.98544973
-48.783787	-3.553480	-19.579006	0	0	-0.69670669	0.71735611
-45.438572	0.845113	-14.688023	0	0	-0.26749883	0.96355818
-45.415733	0.893543	-14.718827	0	0	-0.82533563	0.56464246
-45.421429	0.971045	-14.742508	0	0	-0.26749883	0.96355818
-45.509930	1.009184	-14.702195	0	0	-0.26749883	0.96355818
-45.300137	0.647009	-14.702614	0	0	-0.26749883	0.96355818
-45.296803	0.599560	-14.688023	0	0	-0.82533563	0.56464246
-48.379684	-4.305004	-17.489405	0	0	-0.070737201	0.99749499
-48.460011	-4.314605	-18.213913	0	0	-0.16996714	0.98544973
-45.066700	0.201008	-14.688023	0	0	-0.82533563	0.56464246
-48.474575	-4.391028	-17.921196	0	0	-0.070737201	0.99749499
-48.326973	-4.308990	-16.079763	0	0	-0.69670669	0.71735611
-44.462521	-0.845462	-14.688023	0	0	-0.26749883	0.96355818
-44.410908	-0.934859	-14.688023	0	0	-0.82533563	0.56464246
-44.370232	-1.005312	-14.688023	0	0	-0.36235775	0.93203909
-44.369518	-1.006543	-14.688023	0	0	-0.26749883	0.96355818
-44.364368	-1.015466	-14.688023	0	0	-0.36235775	0.93203909
-44.345062	-1.048904	-14.688023	0	0	-0.36235775	0.93203909
-44.335026	-1.066287	-14.688023	0	0	-0.36235775	0.93203909
-44.285576	-1.151934	-14.688023	0	0	-0.36235775	0.93203909
-44.267406	-1.183408	-14.688023	0	0	-0.26749883	0.96355818
-44.252148	-1.209834	-14.688023	0	0	-0.36235775	0.93203909
-44.246735	-1.219211	-14.688023	0	0	-0.36235775	0.93203909
-44.206036	-1.289705	-14.688023	0	0	-0.26749883	0.96355818
-48.343628	-4.669248	-15.855473	0	0	-0.69670669	0.71735611
-43.959709	-1.716355	-14.688023	0	0	-0.36235775	0.93203909
-43.955177	-1.724201	-14.688023	0	0	-0.54030229	0.84147099
-43.943787	-1.743937	-14.688023	0	0	-0.26749883	0.96355818
-43.930260	-1.767365	-14.688023	0	0	-0.36235775	0.93203909
-51.196938	-4.045094	-17.964914	0	0	-0.36235775	0.93203909
-51.173416	-4.068615	-17.822781	0	0	-0.070737201	0.99749499
-51.199718	-4.042316	-17.727072	0	0	-0.36235775	0.93203909
-51.022820	-4.219212	-18.145950	0	0	-0.69670669	0.71735611
-51.048405	-4.193629	-18.243980	0	0	-0.26749883	0.96355818
-51.384399	-3.857632	-18.633842	0	0	-0.26749883	0.96355818
-48.974281	-5.430166	-17.928677	0	0	-0.69670669	0.71735611
-50.886311	-4.355722	-18.985209	0	0	-0.69670669	0.71735611
-43.605225	-2.330339	-14.688023	0	0	-0.26749883	0.96355818
-49.973370	-5.268665	-17.910069	0	0	-0.070737201	0.99749499
-50.115742	-5.126293	-18.974825	0	0	-0.16996714	0.98544973
-49.936836	-5.305197	-18.395296	0	0	-0.62160997	0.7833269
-49.985458	-5.256575	-18.629932	0	0	-0.16996714	0.98544973
-50.080547	-5.161486	-19.081991	0	0	-0.62160997	0.7833269
-50.001537	-5.240496	-18.914385	0	0	-0.62160997	0.7833269
-47.879490	-5.395401	-15.577631	0	0	-0.070737201	0.99749499
-50.044559	-5.197475	-19.125486	0	0	-0.16996714	0.98544973
-50.121086	-5.120948	-19.290325	0	0	-0.62160997	0.7833269
-50.023529	-5.218502	-19.184637	0	0	-0.16996714	0.98544973
-50.156055	-5.085979	-19.465853	0	0	-0.16996714	0.98544973
-50.236168	-5.005864	-19.579006	0	0	-0.62160997	0.7833269
-49.693718	-5.548314	-18.213913	0	0	-0.070737201	0.99749499
-49.662788	-5.579243	-17.921196	0	0	-0.070737201	0.99749499
-50.106964	-5.135069	-19.497444	0	0	-0.16996714	0.98544973
-48.999115	-5.804589	-17.727745	0	0	-0.69670669	0.71735611
-43.449303	-2.600403	-14.688023	0	0	-0.36235775	0.93203909
-49.658356	-5.583677	-17.489405	0	0	-0.070737201	0.99749499
-49.393074	-5.848958	-17.928677	0	0	-0.62160997	0.7833269
-49.218281	-6.023753	-17.727745	0	0	-0.69670669	0.71735611
-48.542030	-6.542956	-17.470045	0	0	-0.070737201	0.99749499
-43.015308	-3.352102	-14.688023	0	0	-0.45359611	0.89120736
-48.620552	-6.621480	-17.470047	0	0	-0.070737201	0.99749499
-49.341530	-5.900502	-20.888107	0	0	-0.45359611	0.89120736
-45.257175	-7.453916	-15.247435	0	0	-0.69670669	0.71735611
-45.761669	-7.551174	-15.011832	0	0	-0.070737201	0.99749499
-44.103130	-7.231435	-15.786382	0	0	-0.26749883	0.96355818
-46.861187	-8.380848	-16.024294	0	0	-0.62160997	0.7833269
-46.093540	-8.463463	-16.952461	0	0	-0.62160997	0.7833269
-46.288223	-8.521382	-16.911905	0	0	0	1
-51.996162	-5.976269	-13.784131	0	0	-0.16996714	0.98544973
-46.725342	-8.516691	-16.488007	0	0	-0.62160997	0.7833269
-47.439262	-7.802773	-14.050979	0	0	-0.69670669	0.71735611
-44.150070	2.998145	-24.977966	0	0	-0.69670669	0.71735611
-46.353809	-8.888223	-17.756266	0	0	-0.26749883	0.96355818
-46.291092	-8.950941	-17.970358	0	0	-0.45359611	0.89120736
-46.291092	-8.950941	-17.970358	0	0	-0.36235775	0.93203909
-41.586964	-5.826070	-14.688023	0	0	-0.82533563	0.56464246
-41.586964	-5.826070	-14.688023	0	0	-0.36235775	0.93203909
-41.536839	-5.820083	-14.720514	0	0	-0.36235775	0.93203909
-48.209751	-8.023125	-13.868561	0	0	0.029199523	0.9995736
-41.475597	-6.983133	-17.989000	0	0	-0.69670669	0.71735611
-41.449173	-7.081748	-17.919949	0	0	-0.69670669	0.71735611
-41.988304	-5.069680	-12.440917	0	0	-0.76484218	0.64421769
-48.156105	-7.085927	-11.603961	0	0	0	1
-47.939407	-9.643834	-18.127270	0	0	-0.16996714	0.98544973
-42.069618	-4.766216	-11.614559	0	0	-0.69670669	0.71735611
-48.526997	-6.715037	-10.337895	0	0	-0.69670669	0.71735611
-50.395935	-9.743441	-16.056211	0	0	0.1288445	0.99166481
-56.525024	-3.361530	-13.784131	0	0	-0.36235775	0.93203909
-51.268963	-10.003169	-15.874348	0	0	-0.070737201	0.99749499
-42.318977	-3.835588	-9.080379	0	0	-0.87758258	0.4794255
-42.320293	-3.830679	-9.067012	0	0	-0.82533563	0.56464246
-51.360504	-11.081944	-18.452944	0	0	0.029199523	0.9995736
-36.173203	-0.340813	-14.688025	0	0	-0.87758258	0.4794255
-36.173203	-0.367300	-14.688025	0	0	-0.92106097	0.38941839
-36.173203	-0.193163	-14.688025	0	0	-0.45359611	0.89120736
-36.173203	-0.592836	-14.688025	0	0	-0.87758258	0.4794255
-36.173203	-0.073862	-14.688025	0	0	-0.87758258	0.4794255
-36.173203	-0.639760	-14.688025	0	0	-0.45359611	0.89120736
-36.173203	-1.524120	-14.688025	0	0	-0.62160997	0.7833269
-36.173203	-2.720181	-14.688025	0	0	-0.87758258	0.4794255
-36.173203	-2.906052	-14.688025	0	0	-0.54030229	0.84147099
-36.173203	-2.976424	-14.688025	0	0	-0.82533563	0.56464246
-36.173203	-3.232516	-14.688025	0	0	-0.82533563	0.56464246
-36.173203	-3.376584	-14.688025	0	0	-0.62160997	0.7833269
-36.173203	-3.397331	-14.688025	0	0	-0.87758258	0.4794255
-36.173203	-3.492537	-14.688025	0	0	-0.76484218	0.64421769
-36.173203	-3.526961	-14.688025	0	0	-0.76484218	0.64421769
-36.173203	-3.543313	-14.688025	0	0	-0.82533563	0.56464246
-36.173203	-3.553480	-14.688025	0	0	-0.62160997	0.7833269
-36.173203	-3.557658	-14.688025	0	0	-0.62160997	0.7833269
-36.173203	-3.632860	-14.688025	0	0	-0.62160997	0.7833269
-36.173203	-3.758938	-14.688025	0	0	0	1
-36.444187	-5.754914	-19.363165	0	0	-0.82533563	0.56464246
-35.718063	-4.028058	-15.782154	0	0	-0.54030229	0.84147099
-35.713669	-4.011661	-20.676027	0	0	-0.82533563	0.56464246
-57.478348	-8.532626	-16.904034	0	0	-0.070737201	0.99749499
-53.454491	-12.374285	-19.670319	0	0	-0.26749883	0.96355818
-53.445404	-12.376720	-19.684908	0	0	-0.36235775	0.93203909
-53.474506	-12.368922	-19.638193	0	0	-0.070737201	0.99749499
-53.421169	-12.383214	-19.723808	0	0	-0.36235775	0.93203909
-53.502762	-12.361351	-19.592838	0	0	-0.070737201	0.99749499
-53.504337	-12.360929	-19.590303	0	0	0	1
-53.507092	-12.360190	-19.585884	0	0	-0.26749883	0.96355818
-53.339375	-12.405130	-19.855099	0	0	0	1
-53.570473	-12.343208	-19.484150	0	0	-0.070737201	0.99749499
-53.318237	-12.410794	-19.889030	0	0	-0.36235775	0.93203909
-53.300854	-12.415452	-19.916933	0	0	-0.26749883	0.96355818
-53.615685	-12.331093	-19.411573	0	0	-0.36235775	0.93203909
-53.268261	-12.424185	-19.969248	0	0	0	1
-53.234917	-12.433120	-20.022776	0	0	-0.070737201	0.99749499
-53.140369	-12.458454	-20.174540	0	0	-0.26749883	0.96355818
-53.072742	-12.476574	-20.283092	0	0	0.029199523	0.9995736
-53.026913	-12.488854	-20.356659	0	0	-0.16996714	0.98544973
-52.948639	-12.509828	-20.482300	0	0	-0.070737201	0.99749499
-52.948639	-12.509828	-20.482300	0	0	-0.16996714	0.98544973
-49.952148	-5.289883	-5.473001	0	0	-0.45359611	0.89120736
-34.669350	-4.999884	-19.172096	0	0	-0.69670669	0.71735611
-42.700298	-2.412487	-5.205152	0	0	-0.76484218	0.64421769
-55.094719	-11.934788	-17.037466	0	0	-0.36235775	0.93203909
-50.194359	-5.047675	-4.646200	0	0	0	1
-32.808472	-3.427902	-17.044035	0	0	-0.62160997	0.7833269
-56.212135	-13.121398	-18.914797	0	0	0.029199523	0.9995736
-59.564739	-11.857961	-20.854702	0	0	-0.070737201	0.99749499
-34.602577	0.134995	-6.550169	0	0	-0.87758258	0.4794255
-59.196293	-10.835774	-10.453718	0	0	0	1
-43.117382	-0.855908	-0.966456	0	0	-0.76484218	0.64421769
-33.282547	5.061417	-27.029064	0	0	-0.82533563	0.56464246
-61.391979	-11.791342	-14.410565	0	0	-0.45359611	0.89120736
-34.347340	1.087548	-4.437789	0	0	0	1
-59.358997	-14.385900	-23.712704	0	0	-0.070737201	0.99749499
-45.763241	9.018568	-0.920404	0	0	-0.69670669	0.71735611
-58.685802	-15.662016	-22.857708	0	0	0.1288445	0.99166481
-32.647255	7.432351	-7.772818	0	0	-0.87758258	0.4794255
-28.238028	-4.231777	-23.340952	0	0	-0.92106097	0.38941839
-55.604214	0.362180	0.713398	0	0	0	1
-27.332737	-2.889178	-20.878185	0	0	-0.76484218	0.64421769
-27.109203	0.439694	-14.364283	0	0	-0.62160997	0.7833269
-27.109203	0.439694	-14.364283	0	0	-0.82533563	0.56464246
-27.109203	0.439694	-14.364283	0	0	-0.99500417	0.099833397
-27.109203	0.439694	-14.364283	0	0	-0.76484218	0.64421769
-27.109203	0.439694	-14.364283	0	0	-0.69670669	0.71735611
-26.889214	0.794059	-14.211867	0	0	-0.92106097	0.38941839
-26.809303	0.799719	-14.420095	0	0	-0.62160997	0.7833269
-28.120453	1.462686	-9.384579	0	0	-0.92106097	0.38941839
-31.567385	11.462486	-10.002368	0	0	-0.87758258	0.4794255
-27.419609	2.382254	-9.347469	0	-0	-1	-4.371139e-08
-25.709949	-1.274872	-21.895222	0	0	-0.76484218	0.64421769
-25.564449	2.928017	-13.294036	0	0	-0.99500417	0.099833397
-57.753647	2.511612	2.842861	0	0	0	1
-31.205372	12.813539	2.138844	0	0	-0.92106097	0.38941839
-29.428457	19.445076	-3.264633	0	0	-0.92106097	0.38941839
-17.977205	11.402487	-16.063787	0	0	-0.87758258	0.4794255
-47.505280	15.519949	10.356200	0	0	-0.69670669	0.71735611
-14.906815	9.045492	-29.578911	0	0	-0.92106097	0.38941839
-15.259466	7.483966	-31.951199	0	0	-0.92106097	0.38941839
-14.834693	15.159542	-16.681763	0	0	-0.87758258	0.4794255
-14.839705	15.168998	-16.647692	0	0	-0.87758258	0.4794255
-14.886381	15.410480	-16.001738	0	0	-0.92106097	0.38941839
-16.026432	19.000147	-5.169163	0	0	-0.98006658	0.19866933
-15.488635	19.158360	-6.313243	0	0	-0.98006658	0.19866933
-53.923435	39.472836	-1.120426	0	0	-0.62160997	0.7833269
-8.539362	25.613136	-11.649893	0	0	-0.98006658	0.19866933
-49.621754	23.418734	23.699461	0	0	0	1
-23.945559	39.907532	-0.920404	0	0	-0.87758258	0.4794255
-53.456341	37.729614	20.523613	0	0	-0.87758258	0.4794255
-23.522577	41.486118	10.356200	0	0	-0.82533563	0.56464246
-21.354504	49.577480	-33.438736	0	0	-0.95533648	0.29552023
-24.075857	39.421249	30.040812	0	0	-0.92106097	0.38941839
3.280666	42.536781	-7.993715	0	0	-0.95533648	0.29552023
-1.308359	42.783630	5.189180	0	0	0	1
-0.713377	42.958668	3.923447	0	0	-0.87758258	0.4794255
0.620293	45.106972	4.847449	0	0	-0.95533648	0.29552023
-8.891945	42.308598	25.083279	0	0	-0.92106097	0.38941839
-14.424240	75.441574	-1.120426	0	0	-0.82533563	0.56464246
-58.300339	55.807655	45.825768	0	0	-0.54030229	0.84147099
-67.015106	88.331612	-22.510790	0	0	-0.69670669	0.71735611
24.195770	62.030354	-23.912369	0	0	-0.62160997	0.7833269
-12.956442	80.919472	20.523613	0	0	-0.36235775	0.93203909
27.603107	55.600361	-47.080791	0	0	-0.69670669	0.71735611
23.459383	70.117126	-4.560289	0	-0	-1	-4.371139e-08
25.948898	81.403160	12.749098	0	0	-0.54030229	0.84147099
-4.624616	112.014267	45.825768	0	0	-0.87758258	0.4794255
37.908657	113.053932	-14.364283	0	0	-0.54030229	0.84147099
-174.079910	19.947199	-104.812767	0	0	-0.070737201	0.99749499
43.486298	114.354408	34.970142	0	0	-0.98006658	0.19866933
43.636639	114.398636	34.650314	0	0	0	1
6.039565	151.813538	-22.510790	0	0	-0.82533563	0.56464246
81.287781	135.051514	-24.934496	0	0	-0.82533563	0.56464246
-36.173203	206.574280	-14.688025	0	0	-0.36235775	0.93203909
-192.944824	137.702789	-104.812767	0	0	-0.070737201	0.99749499
-97.306671	222.028015	-60.672310	0	0	-0.26749883	0.96355818
-124.073334	206.574280	-104.812767	0	0	-0.26749883	0.96355818
