0.464441	-21.601183	3.280532	0	0	-0.95533648	0.29552023
0.335523	-21.437269	3.092497	0	0	0.80114363	0.59847213
0.238146	-21.367140	2.951680	0	0	-0.95533648	0.29552023
0.350268	-22.183260	3.556078	0	0	0.80114363	0.59847213
0.168480	-21.724766	4.075356	0	0	-0.95533648	0.29552023
0.138660	-21.682093	4.101418	0	0	0.80114363	0.59847213
0.161900	-21.862850	4.081795	0	0	0.80114363	0.59847213
0.117277	-21.644913	4.133149	0	0	-0.95533648	0.29552023
0.189477	-22.020559	4.113605	0	0	-0.95533648	0.29552023
0.003754	-21.267660	4.164146	0	0	0.80114363	0.59847213
0.281681	-22.298744	4.100015	0	0	0.80114363	0.59847213
-0.033864	-21.175724	4.196232	0	0	-0.95533648	0.29552023
-0.077991	-21.082243	4.225022	0	0	-0.95533648	0.29552023
-0.241688	-22.618378	3.352835	0	0	-0.95533648	0.29552023
0.121098	-22.755020	3.592071	0	0	-0.95533648	0.29552023
-0.367939	-22.576456	3.369256	0	0	-0.95533648	0.29552023
-0.345157	-22.610313	3.328348	0	0	-0.95533648	0.29552023
-0.023596	-22.850636	3.330404	0	0	-0.95533648	0.29552023
-0.101982	-22.863787	3.342434	0	0	0.80114363	0.59847213
-0.188863	-20.570684	4.202731	0	0	-0.95533648	0.29552023
-0.742283	-22.563242	3.043938	0	0	0.90407214	0.42737988
-0.319223	-20.416206	4.284351	0	0	-0.95533648	0.29552023
-0.386137	-20.196241	4.359506	0	0	0.80114363	0.59847213
-0.523202	-20.055351	4.522761	0	0	0.80114363	0.59847213
1.244369	-18.690454	3.280532	0	0	0.85688874	0.51550139
1.101387	-18.652142	3.330404	0	0	0.90407214	0.42737988
1.031540	-18.633427	3.342434	0	0	-0.99500417	0.099833397
1.083108	-18.647243	3.092497	0	0	-0.95533648	0.29552023
1.283363	-18.700903	3.556078	0	0	-0.95533648	0.29552023
1.212484	-18.681910	3.592071	0	0	0.85688874	0.51550139
0.839840	-18.582060	3.352835	0	0	0.90407214	0.42737988
0.974721	-18.618202	2.951680	0	0	0.94222235	0.33498812
0.741286	-18.555653	3.328348	0	0	0.90407214	0.42737988
0.711566	-18.547689	3.369256	0	0	0.85688874	0.51550139
1.248241	-18.691492	4.100015	0	0	-0.98006658	0.19866933
1.027511	-18.632347	4.081795	0	0	-0.98006658	0.19866933
0.999129	-18.624743	4.075356	0	0	0.85688874	0.51550139
1.092668	-18.649805	4.113605	0	0	0.85688874	0.51550139
0.960638	-18.614428	4.101418	0	0	-0.99500417	0.099833397
0.931392	-18.606592	4.133149	0	0	0.85688874	0.51550139
0.358995	-18.453218	3.043938	0	0	0.98999249	0.14112005
0.731161	-18.552940	4.164146	0	0	-0.99500417	0.099833397
0.673079	-18.537376	4.196232	0	0	0.85688874	0.51550139
-1.182808	-19.381523	4.929877	0	0	0.80114363	0.59847213
0.608538	-18.520082	4.225022	0	0	0.85688874	0.51550139
0.377203	-18.458097	4.202731	0	0	0.85688874	0.51550139
-1.549027	-19.862860	5.315709	0	0	-0.95533648	0.29552023
0.216956	-18.415159	4.284351	0	0	0.85688874	0.51550139
0.099533	-18.383696	4.359506	0	0	0.99913515	0.041580682
-0.063573	-18.339993	4.522761	0	-0	-1	-4.371139e-08
-1.561039	-19.053547	5.541404	0	0	-0.95533648	0.29552023
-0.847451	-18.129951	4.929877	0	0	-0.99500417	0.099833397
-1.068803	-18.070641	5.315709	0	0	-0.95533648	0.29552023
-0.343915	-17.437815	4.353988	0	0	-0.98006658	0.19866933
-3.262557	-23.049561	1.114515	0	0	0.80114363	0.59847213
-2.942057	-19.231947	5.174525	0	0	-0.98006658	0.19866933
-1.282339	-18.013424	5.541404	0	0	-0.95533648	0.29552023
-1.870873	-17.855726	1.114515	0	0	0.85688874	0.51550139
-2.526246	-17.680120	5.174525	0	0	-0.98006658	0.19866933
-2.489048	-20.037657	7.420717	0	0	-0.95533648	0.29552023
-2.839246	-17.596252	1.060883	0	0	0.85688874	0.51550139
-1.902156	-17.847345	7.420717	0	0	-0.95533648	0.29552023
-5.457840	-27.368980	1.060883	0	0	0.80114363	0.59847213
-4.746713	-17.085148	10.397798	0	0	0.98999249	0.14112005
-9.534324	-15.802312	6.805690	0	0	0.80114363	0.59847213
3.716748	-19.352926	-8.664594	0	0	0.85688874	0.51550139
-7.733997	-28.233843	10.397798	0	0	-0.98006658	0.19866933
-10.647421	-17.463604	9.694925	0	0	-0.95533648	0.29552023
-10.157535	-15.635323	9.694925	0	0	-0.95533648	0.29552023
-6.445854	-33.570164	2.071387	0	0	0.94222235	0.33498812
-6.542819	-33.532253	2.250280	0	0	0.94222235	0.33498812
-6.331864	-33.654259	2.252346	0	0	0.98999249	0.14112005
-6.623019	-33.483891	2.229864	0	0	0.94222235	0.33498812
-6.278055	-33.683674	2.236016	0	0	0.94222235	0.33498812
-6.605062	-33.458714	1.878052	0	0	0.98999249	0.14112005
-6.656474	-33.468517	2.268905	0	0	0.94222235	0.33498812
-6.293531	-33.690655	2.393564	0	0	0.98999249	0.14112005
-6.702303	-33.388348	1.737259	0	0	0.94222235	0.33498812
-6.221707	-33.741081	2.482224	0	0	0.94222235	0.33498812
-6.929498	-33.279812	1.961315	0	0	0.97095818	0.23924928
-6.273826	-33.723122	2.602312	0	0	0.94222235	0.33498812
-6.649785	-33.534348	2.882314	0	0	0.94222235	0.33498812
-6.595674	-33.567314	2.899373	0	0	0.98999249	0.14112005
-6.691676	-33.512581	2.906264	0	0	0.98999249	0.14112005
-6.508548	-33.621880	2.941602	0	0	0.94222235	0.33498812
-6.319088	-33.731613	2.945030	0	0	0.98999249	0.14112005
-6.725109	-33.496273	2.935886	0	0	0.94222235	0.33498812
-6.973926	-33.353355	2.943211	0	0	0.98999249	0.14112005
-7.043111	-33.316097	2.969773	0	0	0.94222235	0.33498812
-7.117711	-33.275394	2.993231	0	0	0.94222235	0.33498812
-7.419937	-33.095272	2.937457	0	0	0.94222235	0.33498812
-7.587881	-33.005890	3.012501	0	0	0.94222235	0.33498812
-7.735980	-32.926540	3.073450	0	0	0.97095818	0.23924928
-7.906670	-32.843891	3.230822	0	0	0.97095818	0.23924928
-8.346933	-32.373035	1.086070	0	0	0.73739371	0.67546319
-8.570834	-32.243767	1.086070	0	0	0.73739371	0.67546319
-8.889355	-32.238949	2.858730	0	0	0.90407214	0.42737988
-8.709861	-32.418758	3.612813	0	0	0.97095818	0.23924928
-8.795128	-32.413475	4.047805	0	0	0.85688874	0.51550139
1.022079	-29.409569	-8.664594	0	0	0.80114363	0.59847213
-9.161738	-32.218346	4.211454	0	0	0.94222235	0.33498812
-2.603394	-35.689072	1.086070	0	0	0.73739371	0.67546319
-10.107535	-31.642920	3.920729	0	0	0.94222235	0.33498812
-9.518197	-32.212502	6.190775	0	0	-0.98006658	0.19866933
-10.069016	-32.278217	9.989222	0	-0	-1	-4.371139e-08
-13.523691	-30.690830	6.805690	0	0	-0.98006658	0.19866933
-15.848232	-14.110505	5.384467	0	0	0.94222235	0.33498812
-16.857328	-28.219481	8.608332	0	0	0.85688874	0.51550139
-18.784651	-25.069372	5.384467	0	0	0.90407214	0.42737988
-13.449270	-30.779518	14.472267	0	0	0.98999249	0.14112005
-18.638557	-27.112743	7.832818	0	0	0.94222235	0.33498812
-19.520203	-26.343382	5.255763	0	0	0.94222235	0.33498812
1.370842	-39.328522	14.399105	0	0	-0.99500417	0.099833397
-12.738694	-31.379612	16.351467	0	0	0.73739371	0.67546319
1.148321	-7.326597	18.781380	0	0	-0.87758258	0.4794255
11.770915	-5.133218	10.468652	0	0	0.90407214	0.42737988
5.187586	-6.102104	21.543060	0	0	-0.99500417	0.099833397
-1.384914	-38.493847	21.886087	0	0	-0.98006658	0.19866933
-20.016783	-27.409281	18.644758	0	0	0.98999249	0.14112005
-20.978642	-26.900951	19.109995	0	0	0.98999249	0.14112005
4.099527	-6.612776	27.380072	0	0	0.85688874	0.51550139
16.435369	-6.086507	21.364790	0	0	-0.98006658	0.19866933
-18.124016	-29.058910	24.156771	0	0	0.97095818	0.23924928
21.694357	-5.775594	17.811041	0	0	0.85688874	0.51550139
22.752684	-5.749326	17.510790	0	0	-0.98006658	0.19866933
7.018762	-50.886578	-4.760908	0	0	-0.99500417	0.099833397
21.694357	-4.127162	17.955259	0	0	0.85688874	0.51550139
-22.239384	-26.768015	24.999266	0	0	-0.99500417	0.099833397
-7.878408	9.534754	3.280532	0	0	-0.99500417	0.099833397
-7.957712	9.513505	3.092497	0	0	-0.98006658	0.19866933
-8.031034	9.493858	2.951680	0	0	-0.99500417	0.099833397
-8.130452	9.467219	3.556078	0	0	-0.98006658	0.19866933
-8.487211	9.371626	3.592071	0	0	-0.99500417	0.099833397
-8.646116	9.329047	3.330404	0	0	-0.99500417	0.099833397
-8.185439	9.452485	4.075356	0	0	-0.99500417	0.099833397
-8.722539	9.308570	3.342434	0	0	-0.98006658	0.19866933
-8.226100	9.441590	4.081795	0	0	-0.98006658	0.19866933
-8.202594	9.447888	4.101418	0	0	-0.98006658	0.19866933
-8.223316	9.442336	4.100015	0	0	-0.98006658	0.19866933
-8.239797	9.437921	4.113605	0	0	-0.99500417	0.099833397
-8.213249	9.445034	4.133149	0	0	-0.99500417	0.099833397
-8.791533	9.290083	3.352835	0	0	-0.99500417	0.099833397
-8.224854	9.441924	4.164146	0	0	-0.98006658	0.19866933
-8.236968	9.438678	4.196232	0	0	-0.99500417	0.099833397
-8.230325	9.440458	4.202731	0	0	-0.99500417	0.099833397
-8.254769	9.433908	4.225022	0	0	-0.99500417	0.099833397
-8.886056	9.264755	3.328348	0	0	-0.99500417	0.099833397
-8.898848	9.261328	3.369256	0	0	-0.99500417	0.099833397
-8.313333	9.418217	4.284351	0	0	-0.99500417	0.099833397
-7.591772	9.611558	4.353988	0	0	-0.99500417	0.099833397
-8.320772	9.416223	4.359506	0	0	-0.98006658	0.19866933
-8.413434	9.391395	4.522761	0	0	-0.98006658	0.19866933
-9.244812	9.168628	3.043938	0	0	-0.98006658	0.19866933
-8.860397	9.271631	4.929877	0	0	-0.99500417	0.099833397
-9.322418	9.147833	5.315709	0	-0	-1	-4.371139e-08
-9.131298	9.199043	5.541404	0	0	-0.99500417	0.099833397
-10.464405	8.841838	5.174525	0	0	-0.99500417	0.099833397
-11.717839	8.505981	1.114515	0	0	-0.82533563	0.56464246
-10.243170	8.901118	7.420717	0	0	-0.99500417	0.099833397
18.139727	-23.217552	-24.519304	0	0	-0.98006658	0.19866933
-14.845922	7.667815	1.060883	0	0	-0.82533563	0.56464246
-17.211521	7.033954	9.694925	0	0	-0.98006658	0.19866933
-17.185820	7.040841	10.397798	0	0	-0.99500417	0.099833397
-9.310222	9.151101	-8.664594	0	0	-0.98006658	0.19866933
13.936251	-39.517502	-23.644753	0	0	-0.99500417	0.099833397
13.936251	-38.905136	-24.519304	0	0	-0.99500417	0.099833397
-3.671693	10.661940	18.781380	0	0	-0.82533563	0.56464246
-23.201925	5.428830	6.805690	0	0	0.97095818	0.23924928
23.498882	-6.588138	27.098454	0	0	0.99913515	0.041580682
-26.705103	4.490156	5.384467	0	0	-0.98006658	0.19866933
3.293197	12.528176	-15.200836	0	0	0.99913515	0.041580682
-35.208534	-42.196987	1.086072	0	0	0.85688874	0.51550139
-35.229012	-42.161518	1.086072	0	0	0.85688874	0.51550139
-35.170864	-42.262234	1.086072	0	0	0.85688874	0.51550139
-35.254948	-42.116600	1.086072	0	0	0.85688874	0.51550139
-35.276394	-42.079456	1.086072	0	0	0.85688874	0.51550139
-35.311741	-42.018227	1.086072	0	0	0.85688874	0.51550139
-35.095680	-42.392456	1.086072	0	0	0.85688874	0.51550139
-35.093632	-42.396004	1.086072	0	0	0.85688874	0.51550139
-35.366455	-41.923466	1.086072	0	0	0.85688874	0.51550139
-34.994324	-42.568012	1.086072	0	0	0.85688874	0.51550139
-34.985035	-42.584106	1.086072	0	0	0.90407214	0.42737988
-34.973969	-42.603268	1.086072	0	0	0.85688874	0.51550139
-34.952171	-42.641022	1.086072	0	0	0.85688874	0.51550139
-35.468128	-41.747360	1.086072	0	0	0.85688874	0.51550139
-34.944611	-42.654118	1.086072	0	0	0.85688874	0.51550139
-35.513119	-41.669434	1.086072	0	0	0.94222235	0.33498812
-35.517342	-41.662121	1.086072	0	0	0.85688874	0.51550139
-35.568851	-41.572903	1.086072	0	0	0.85688874	0.51550139
-34.803417	-42.898670	1.086072	0	0	0.85688874	0.51550139
-34.794746	-42.913692	1.086072	0	0	0.85688874	0.51550139
-34.789516	-42.922749	1.086072	0	0	0.85688874	0.51550139
-35.818081	-41.141224	1.086072	0	0	0.85688874	0.51550139
-35.917564	-40.968918	1.086072	0	0	0.85688874	0.51550139
-36.029537	-40.774967	1.086072	0	0	0.85688874	0.51550139
-36.124813	-40.609951	1.086072	0	0	0.85688874	0.51550139
-34.191578	-43.958412	1.086072	0	0	0.80114363	0.59847213
-36.601620	-39.830585	1.351755	0	0	0.85688874	0.51550139
-36.517429	-40.051880	1.783089	0	0	0.85688874	0.51550139
-36.885254	-39.447990	1.972839	0	0	0.85688874	0.51550139
-37.213417	-38.724430	1.086072	0	0	0.80114363	0.59847213
-37.134125	-38.972748	1.720333	0	0	0.80114363	0.59847213
-35.038319	-43.112309	4.632214	0	0	0.98999249	0.14112005
-36.840958	-39.870743	3.950377	0	0	0.66627604	0.74570519
-31.687998	-48.294739	1.086072	0	0	0.90407214	0.42737988
-38.692341	-36.563080	3.373329	0	0	0.90407214	0.42737988
-34.883831	-43.908810	7.655034	0	0	0.80114363	0.59847213
-40.204163	-34.528194	6.709008	0	0	0.80114363	0.59847213
-38.286556	-38.757160	11.895796	0	0	0.94222235	0.33498812
16.297878	16.012770	17.955259	0	0	0.94222235	0.33498812
13.641418	19.561569	13.936925	0	0	0.94222235	0.33498812
5.249786	18.220884	23.714533	0	0	-0.76484218	0.64421769
-42.227364	-32.369560	14.399429	0	0	0.85688874	0.51550139
-24.347752	-61.008415	1.086072	0	0	0.98999249	0.14112005
4.161264	18.654400	29.633827	0	0	0.94222235	0.33498812
43.020794	-6.468321	25.728941	0	0	0.85688874	0.51550139
38.423214	-7.269545	34.886978	0	0	0.99913515	0.041580682
20.311398	23.301970	26.645868	0	0	-0.82533563	0.56464246
-53.033627	-12.308969	6.720783	0	0	0.90407214	0.42737988
25.166519	24.185854	21.817410	0	0	-0.87758258	0.4794255
-51.996380	-16.439096	20.057140	0	-0	-1	-4.371139e-08
-52.627548	-14.959302	17.847822	0	0	0.94222235	0.33498812
-53.722431	-12.228826	13.081027	0	0	0.90407214	0.42737988
-54.126812	-11.192096	11.158941	0	0	0.85688874	0.51550139
-57.147133	-21.601183	1.086068	0	0	0.66627604	0.74570519
-57.147133	-21.644913	1.086068	0	0	0.73739371	0.67546319
-57.147133	-21.682093	1.086068	0	0	0.73739371	0.67546319
-57.147133	-21.724766	1.086068	0	0	0.73739371	0.67546319
-57.147133	-21.437269	1.086068	0	0	0.73739371	0.67546319
-57.147133	-21.367140	1.086068	0	0	0.66627604	0.74570519
-57.147133	-21.862850	1.086068	0	0	0.73739371	0.67546319
-57.147133	-21.267660	1.086068	0	0	0.73739371	0.67546319
-57.147133	-22.020559	1.086068	0	0	0.73739371	0.67546319
-57.147133	-21.175724	1.086068	0	0	0.73739371	0.67546319
-57.147133	-21.082243	1.086068	0	0	0.73739371	0.67546319
-57.147133	-22.183260	1.086068	0	0	0.73739371	0.67546319
-57.147133	-22.298744	1.086068	0	0	0.73739371	0.67546319
-57.147133	-22.563242	1.086068	0	0	0.66627604	0.74570519
-57.147133	-22.576456	1.086068	0	0	0.73739371	0.67546319
-57.147133	-22.610313	1.086068	0	0	0.73739371	0.67546319
-57.147133	-22.618378	1.086068	0	0	0.73739371	0.67546319
-57.147133	-20.570684	1.086068	0	0	0.73739371	0.67546319
-57.147133	-22.755020	1.086068	0	0	0.73739371	0.67546319
-57.147133	-20.416206	1.086068	0	0	0.73739371	0.67546319
-57.147133	-22.850636	1.086068	0	0	0.73739371	0.67546319
-57.147133	-22.863787	1.086068	0	0	0.73739371	0.67546319
-57.147133	-20.196241	1.086068	0	0	0.66627604	0.74570519
-57.147133	-23.049561	1.086068	0	0	0.80114363	0.59847213
-57.147133	-20.055351	1.086068	0	0	0.66627604	0.74570519
-57.147133	-19.862860	1.086068	0	0	0.73739371	0.67546319
-57.147133	-19.381523	1.086068	0	0	0.73739371	0.67546319
-57.147133	-19.329073	1.086068	0	0	0.66627604	0.74570519
-57.147133	-19.329073	1.086068	0	0	0.58850112	0.8084964
-57.281944	-20.037657	2.626960	0	0	0.73739371	0.67546319
-57.228931	-25.069372	2.021029	0	0	0.66627604	0.74570519
-57.147133	-27.368980	1.086068	0	0	0.66627604	0.74570519
-57.147133	-29.409569	1.086068	0	0	0.73739371	0.67546319
-57.541454	-17.465899	5.593178	0	0	0	1
-53.536514	-14.423868	23.785400	0	0	0.90407214	0.42737988
-57.580265	-28.233843	6.036814	0	0	0.66627604	0.74570519
-57.312363	-30.690830	2.974678	0	0	0.66627604	0.74570519
-55.943733	-9.335804	18.535355	0	0	0	1
-57.147133	-38.905136	1.086068	0	0	0.94222235	0.33498812
-51.249172	-10.774747	32.478165	0	0	0.97095818	0.23924928
-58.353870	-13.627217	14.879134	0	0	0	1
-58.450455	-13.170856	15.983095	0	0	0	1
-58.602825	-12.450900	17.724705	0	0	0	1
-56.617992	-8.849570	22.430826	0	0	0	1
-56.618782	-8.867572	22.541513	0	0	0	1
-51.130451	1.499895	30.345516	0	0	0.98999249	0.14112005
-51.130451	1.499895	30.345516	0	0	-0.69670669	0.71735611
-51.130451	1.499895	30.345516	0	0	-0.76484218	0.64421769
-51.130451	1.499895	30.345516	0	0	-0.92106097	0.38941839
-51.130451	1.499895	30.345516	0	0	-0.98006658	0.19866933
-51.130451	1.499895	30.345516	0	0	-0.82533563	0.56464246
-51.130451	1.499895	30.345516	0	0	-0.95533648	0.29552023
-51.065922	1.564426	30.685495	0	0	0.98999249	0.14112005
28.568773	26.781055	33.562489	0	0	-0.99500417	0.099833397
-49.847843	2.782506	37.102898	0	0	-0.69670669	0.71735611
-49.313950	3.316396	39.915676	0	0	0.98999249	0.14112005
65.086548	-4.812648	6.804517	0	0	0.99913515	0.041580682
-48.821835	3.808513	42.508373	0	0	0.98999249	0.14112005
-48.651928	3.978417	43.403507	0	0	0.98999249	0.14112005
-47.032917	5.597430	51.933205	0	0	-0.62160997	0.7833269
-46.956116	5.674232	52.337830	0	0	0.98999249	0.14112005
-46.847771	5.782576	52.908638	0	0	-0.82533563	0.56464246
45.159443	31.563036	30.551487	0	0	0.94222235	0.33498812
-44.818668	7.811678	82.656189	0	0	0.99913515	0.041580682
-40.158199	12.472149	88.152359	0	0	-0.62160997	0.7833269
80.235191	41.313290	21.431173	0	-0	-1	-4.371139e-08
69.992912	43.336536	61.386360	0	-0	-1	-4.371139e-08
62.000195	28.258669	85.091972	0	0	0.99913515	0.041580682
146.265167	-57.548660	85.091972	0	0	0.99913515	0.041580682
-63.128441	-171.885574	69.452751	0	0	0.97095818	0.23924928
115.628685	-171.885574	85.091972	0	0	0.99913515	0.041580682
52.773777	-208.174881	78.742165	0	0	0.99913515	0.041580682
