60.237800	143.058000	-12.901200	0.000000	0.000000	-0.453596	0.891207
-42.609924	-62.337017	97.250244	0	0	0.85688874	0.51550139
-43.990841	-64.416550	97.755013	0	0	0	1
-45.462452	-66.606483	98.182457	0	0	0	1
-44.928951	-67.860069	106.670044	0	0	0	1
-47.025684	-68.902809	98.510109	0	0	0	1
-48.683865	-71.306297	98.721237	0	0	0	1
-50.439701	-73.816391	98.797363	0	0	0.85688874	0.51550139
-47.888706	-74.909096	118.692467	0	0	0	1
-74.103073	99.906029	71.233353	0	0	-0.070737201	0.99749499
-75.424347	100.771980	71.202446	0	0	-0.070737201	0.99749499
-52.295044	-76.430939	98.718170	0	0	0	1
-76.756241	101.621346	71.171501	0	0	-0.070737201	0.99749499
-78.098526	102.453995	71.140472	0	0	-0.070737201	0.99749499
-54.250637	-79.145729	98.461571	0	0	0.85688874	0.51550139
-79.451012	103.269791	71.109390	0	0	-0.070737201	0.99749499
-80.813477	104.068611	71.078255	0	0	-0.070737201	0.99749499
-56.305798	-81.954185	98.003830	0	0	0.85688874	0.51550139
-82.185715	104.850334	71.047066	0	0	-0.070737201	0.99749499
-83.567505	105.614845	71.015808	0	0	-0.070737201	0.99749499
-84.958633	106.362015	70.984505	0	0	-0.070737201	0.99749499
-58.458050	-84.846840	97.319809	0	0	0.85688874	0.51550139
-51.797661	-84.218765	134.570511	0	0	0	1
-86.358879	107.091743	70.953148	0	0	-0.070737201	0.99749499
-87.768021	107.803909	70.921730	0	0	-0.070737201	0.99749499
-60.702785	-87.810936	96.383270	0	0	0	1
-89.185852	108.498398	70.890274	0	0	-0.070737201	0.99749499
-90.612129	109.175110	70.858765	0	0	-0.070737201	0.99749499
-63.032871	-90.829994	95.167442	0	0	0.85688874	0.51550139
-92.046654	109.833946	70.827202	0	0	-0.070737201	0.99749499
-93.489174	110.474792	70.795593	0	0	-0.070737201	0.99749499
-94.939484	111.097565	70.763939	0	0	-0.070737201	0.99749499
-65.438156	-93.883324	93.645744	0	0	0.85688874	0.51550139
-96.397354	111.702164	70.732239	0	0	-0.070737201	0.99749499
-97.862534	112.288483	70.700500	0	0	-0.070737201	0.99749499
-99.334831	112.856453	70.668716	0	0	-0.070737201	0.99749499
-67.905258	-96.945869	91.792595	0	0	0.85688874	0.51550139
-100.813988	113.405968	70.636894	0	0	-0.070737201	0.99749499
-102.299782	113.936958	70.605034	0	0	-0.070737201	0.99749499
-70.417099	-99.987846	89.584602	0	0	0	1
-103.791962	114.449341	70.573128	0	0	-0.070737201	0.99749499
-57.200058	-97.085243	156.514862	0	0	0	1
-89.504532	133.409882	71.264183	0	0	-0.070737201	0.99749499
-105.290329	114.943031	70.541191	0	0	-0.070737201	0.99749499
-106.794624	115.417961	70.509216	0	0	-0.070737201	0.99749499
-72.952782	-102.974869	87.001816	0	0	0.80114363	0.59847213
-108.304619	115.874054	70.477203	0	0	-0.070737201	0.99749499
-109.820076	116.311241	70.445160	0	0	-0.070737201	0.99749499
-111.340767	116.729462	70.413094	0	0	-0.070737201	0.99749499
-75.487511	-105.868179	84.029198	0	0	0.80114363	0.59847213
-112.866440	117.128647	70.380981	0	0	-0.070737201	0.99749499
-114.396843	117.508736	70.348846	0	0	-0.070737201	0.99749499
-115.931763	117.869675	70.316673	0	0	-0.070737201	0.99749499
-77.992714	-108.625198	80.658157	0	0	0.80114363	0.59847213
-117.470963	118.211411	70.284485	0	0	-0.070737201	0.99749499
-119.014183	118.533882	70.252266	0	0	-0.070737201	0.99749499
-80.436539	-111.200546	76.888000	0	0	0.80114363	0.59847213
-120.561188	118.837059	70.220032	0	0	0.029199523	0.9995736
-122.111748	119.120872	70.187767	0	0	0.029199523	0.9995736
-123.665588	119.385300	70.155479	0	0	0.029199523	0.9995736
-82.784348	-113.547165	72.727577	0	0	0	1
-125.222488	119.630302	70.123169	0	0	0.029199523	0.9995736
-126.782204	119.855827	70.090851	0	0	0.029199523	0.9995736
-84.999924	-115.618179	68.196030	0	0	0	1
-128.344498	120.061859	70.058502	0	0	0.029199523	0.9995736
-129.909119	120.248360	70.026146	0	0	0.029199523	0.9995736
-131.475800	120.415298	69.993767	0	0	0.029199523	0.9995736
-87.046600	-117.368721	63.323620	0	0	0	1
-133.044342	120.562660	69.961380	0	0	0.029199523	0.9995736
-88.552879	-118.260483	62.242435	0	0	0.80114363	0.59847213
-134.614456	120.690422	69.928970	0	0	0.029199523	0.9995736
-89.952545	-118.961235	62.242435	0	0	0.80114363	0.59847213
-136.185898	120.798561	69.896553	0	0	0.029199523	0.9995736
-91.360909	-119.644341	62.242435	0	0	0.80114363	0.59847213
-65.154762	-116.030365	188.826584	0	0	0	1
-137.758469	120.887070	69.864136	0	0	0.029199523	0.9995736
-92.777733	-120.309685	62.242435	0	0	0.80114363	0.59847213
-139.331894	120.955940	69.831703	0	0	0.029199523	0.9995736
-94.202820	-120.957184	62.242435	0	0	0.80114363	0.59847213
-140.905899	121.005150	69.799255	0	0	0.029199523	0.9995736
-95.635933	-121.586723	62.242435	0	0	0.80114363	0.59847213
-142.480270	121.034698	69.766808	0	0	0.029199523	0.9995736
-97.076828	-122.198196	62.242435	0	0	0.80114363	0.59847213
-144.054764	121.044594	69.734352	0	0	0.029199523	0.9995736
-98.525299	-122.791519	62.242435	0	0	0.80114363	0.59847213
-145.629120	121.034828	69.701889	0	0	0.029199523	0.9995736
-99.981125	-123.366600	62.242435	0	0	0.80114363	0.59847213
-147.203094	121.005402	69.669434	0	0	0.029199523	0.9995736
-101.444046	-123.923332	62.242435	0	0	0.80114363	0.59847213
-148.776459	120.956329	69.636971	0	0	0.029199523	0.9995736
-102.913864	-124.461647	62.242435	0	0	0.73739371	0.67546319
-150.348923	120.887627	69.604500	0	0	0.029199523	0.9995736
-104.390312	-124.981438	62.242435	0	0	0.73739371	0.67546319
-151.920288	120.799294	69.572044	0	0	0.029199523	0.9995736
-105.873184	-125.482643	62.242435	0	0	0.73739371	0.67546319
-153.490295	120.691353	69.539589	0	0	0.029199523	0.9995736
-107.362228	-125.965164	62.242435	0	0	0.73739371	0.67546319
-155.058670	120.563820	69.507133	0	0	0.029199523	0.9995736
-108.857231	-126.428947	62.242435	0	0	0.73739371	0.67546319
-156.625214	120.416725	69.474678	0	0	0.029199523	0.9995736
-110.357941	-126.873909	62.242435	0	0	0.73739371	0.67546319
-158.189651	120.250092	69.442230	0	0	0.029199523	0.9995736
-111.864120	-127.299965	62.242435	0	0	0.73739371	0.67546319
-159.751755	120.063942	69.409798	0	0	0.029199523	0.9995736
-113.375534	-127.707069	62.242435	0	0	0.73739371	0.67546319
-161.311264	119.858315	69.377365	0	0	0.029199523	0.9995736
-114.891945	-128.095154	62.242435	0	0	0.73739371	0.67546319
-162.867935	119.633240	69.344948	0	0	0.029199523	0.9995736
-116.413109	-128.464142	62.242435	0	0	0.73739371	0.67546319
-164.421539	119.388763	69.312538	0	0	0.029199523	0.9995736
-117.938797	-128.813995	62.242435	0	0	0.73739371	0.67546319
-165.971832	119.124916	69.280151	0	0	0.029199523	0.9995736
-119.468750	-129.144638	62.242435	0	0	0.73739371	0.67546319
-167.518555	118.841743	69.247780	0	0	0.029199523	0.9995736
-121.002754	-129.456039	62.242435	0	0	0.73739371	0.67546319
-169.061478	118.539299	69.215408	0	0	0.029199523	0.9995736
-122.540535	-129.748138	62.242435	0	0	0.73739371	0.67546319
-170.600357	118.217628	69.183052	0	0	0.1288445	0.99166481
-124.081886	-130.020889	62.242435	0	0	0.73739371	0.67546319
-172.134964	117.876785	69.150726	0	0	0.1288445	0.99166481
-125.626526	-130.274246	62.242435	0	0	0.73739371	0.67546319
-173.665039	117.516830	69.118416	0	0	0.1288445	0.99166481
-127.174232	-130.508179	62.242435	0	0	0.73739371	0.67546319
-175.190353	117.137817	69.086128	0	0	0.1288445	0.99166481
-128.724747	-130.722641	62.242435	0	0	0.73739371	0.67546319
-176.710678	116.739799	69.053856	0	0	0.1288445	0.99166481
-130.277832	-130.917587	62.242435	0	0	0.73739371	0.67546319
-178.225754	116.322861	69.021606	0	0	0.1288445	0.99166481
-131.833267	-131.093018	62.242435	0	0	0.73739371	0.67546319
-179.735367	115.887062	68.989388	0	0	0.1288445	0.99166481
-133.390762	-131.248901	62.242435	0	0	0.73739371	0.67546319
-181.239258	115.432472	68.957184	0	0	0.1288445	0.99166481
-134.950104	-131.385178	62.242435	0	0	0.73739371	0.67546319
-182.737213	114.959160	68.925018	0	0	0.1288445	0.99166481
-136.511032	-131.501862	62.242435	0	0	0.73739371	0.67546319
-184.228989	114.467209	68.892876	0	0	0.1288445	0.99166481
-138.073303	-131.598923	62.242435	0	0	0.73739371	0.67546319
-185.714355	113.956696	68.860764	0	0	0.1288445	0.99166481
-139.636658	-131.676331	62.242435	0	0	0.73739371	0.67546319
-187.193100	113.427704	68.828690	0	0	0.1288445	0.99166481
-141.200882	-131.734100	62.242435	0	0	0.73739371	0.67546319
-188.664932	112.880325	68.796623	0	0	0.1288445	0.99166481
-142.765701	-131.772217	62.242435	0	0	0.73739371	0.67546319
-190.129684	112.314644	68.764595	0	0	0.1288445	0.99166481
-144.330872	-131.790649	62.242435	0	0	0.73739371	0.67546319
-191.587097	111.730743	68.732620	0	0	0.1288445	0.99166481
-145.896164	-131.789413	62.242435	0	0	0.73739371	0.67546319
-193.036972	111.128731	68.700684	0	0	0.1288445	0.99166481
-147.461304	-131.768524	62.242435	0	0	0.73739371	0.67546319
-194.479034	110.508698	68.668770	0	0	0.1288445	0.99166481
-149.026062	-131.727951	62.242435	0	0	0.73739371	0.67546319
-195.913101	109.870735	68.636894	0	0	0.1288445	0.99166481
-150.590179	-131.667725	62.242435	0	0	0.73739371	0.67546319
-197.338943	109.214966	68.605057	0	0	0.1288445	0.99166481
-152.153427	-131.587860	62.242435	0	0	0.73739371	0.67546319
-198.756317	108.541473	68.573273	0	0	0.1288445	0.99166481
-153.715546	-131.488342	62.242435	0	0	0.73739371	0.67546319
-200.165009	107.850388	68.541512	0	0	0.1288445	0.99166481
-155.276291	-131.369202	62.242435	0	0	0.66627604	0.74570519
-201.564819	107.141800	68.509804	0	0	0.1288445	0.99166481
-156.835403	-131.230469	62.242435	0	0	0.66627604	0.74570519
-202.955521	106.415833	68.478142	0	0	0.1288445	0.99166481
-158.392654	-131.072159	62.242435	0	0	0.66627604	0.74570519
-204.336884	105.672600	68.446526	0	0	0.1288445	0.99166481
-159.947800	-130.894272	62.242435	0	0	0.66627604	0.74570519
-78.031136	-146.697067	241.129974	0	0	0	1
-205.708694	104.912239	68.414948	0	0	0.1288445	0.99166481
-161.500595	-130.696869	62.242435	0	0	0.66627604	0.74570519
-207.070755	104.134842	68.383423	0	0	0.1288445	0.99166481
-163.050766	-130.479980	62.242435	0	0	0.66627604	0.74570519
-208.422836	103.340546	68.351959	0	0	0.1288445	0.99166481
-164.598099	-130.243622	62.242435	0	0	0.66627604	0.74570519
-209.764740	102.529488	68.320526	0	0	0.1288445	0.99166481
-166.142334	-129.987823	62.242435	0	0	0.66627604	0.74570519
-211.096252	101.701782	68.289162	0	0	0.1288445	0.99166481
-167.683258	-129.712662	62.242435	0	0	0.66627604	0.74570519
-212.417160	100.857574	68.257835	0	0	0.1288445	0.99166481
-169.220581	-129.418152	62.242435	0	0	0.66627604	0.74570519
-213.727264	99.996994	68.226570	0	0	0.1288445	0.99166481
-170.754089	-129.104340	62.242435	0	0	0.66627604	0.74570519
-215.026367	99.120178	68.195366	0	0	0.1288445	0.99166481
-172.283524	-128.771286	62.242435	0	0	0.66627604	0.74570519
-216.314255	98.227264	68.164215	0	0	0.1288445	0.99166481
-173.808655	-128.419037	62.242435	0	0	0.66627604	0.74570519
-217.590729	97.318398	68.133118	0	0	0.22720209	0.97384763
-175.329239	-128.047653	62.242435	0	0	0.66627604	0.74570519
-218.855606	96.393730	68.102074	0	0	0.22720209	0.97384763
-176.845047	-127.657196	62.242435	0	0	0.66627604	0.74570519
-220.108673	95.453392	68.071114	0	0	0.22720209	0.97384763
-178.355820	-127.247719	62.242435	0	0	0.66627604	0.74570519
-221.349731	94.497559	68.040192	0	0	0.22720209	0.97384763
-179.861328	-126.819290	62.242435	0	0	0.66627604	0.74570519
-222.578598	93.526360	68.009338	0	0	0.22720209	0.97384763
-181.361328	-126.371971	62.242435	0	0	0.66627604	0.74570519
-223.795074	92.539963	67.978554	0	0	0.22720209	0.97384763
-182.855606	-125.905846	62.242435	0	0	0.66627604	0.74570519
-224.998993	91.538513	67.947845	0	0	0.22720209	0.97384763
-184.343903	-125.420975	62.242435	0	0	0.66627604	0.74570519
-226.190155	90.522186	67.917183	0	0	0.22720209	0.97384763
-185.825974	-124.917442	62.242435	0	0	0.66627604	0.74570519
-227.368347	89.491135	67.886597	0	0	0.22720209	0.97384763
-187.301605	-124.395325	62.242435	0	0	0.66627604	0.74570519
-228.533432	88.445526	67.856079	0	0	0.22720209	0.97384763
-188.770569	-123.854706	62.242435	0	0	0.66627604	0.74570519
-229.685196	87.385529	67.825638	0	0	0.22720209	0.97384763
-190.232620	-123.295677	62.242435	0	0	0.66627604	0.74570519
-230.823471	86.311310	67.795258	0	0	0.22720209	0.97384763
-191.687531	-122.718307	62.242435	0	0	0.66627604	0.74570519
-231.948090	85.223030	67.764954	0	0	0.22720209	0.97384763
-193.135071	-122.122711	62.242435	0	0	0.66627604	0.74570519
-233.058868	84.120872	67.734726	0	0	0.22720209	0.97384763
-194.575012	-121.508965	62.242435	0	0	0.66627604	0.74570519
-234.155624	83.005020	67.704567	0	0	0.22720209	0.97384763
-196.007126	-120.877174	62.242435	0	0	0.66627604	0.74570519
-235.238220	81.875641	67.674492	0	0	0.22720209	0.97384763
-197.431183	-120.227448	62.242435	0	0	0.66627604	0.74570519
-236.306442	80.732910	67.644485	0	0	0.22720209	0.97384763
-198.846985	-119.559868	62.242435	0	0	0.66627604	0.74570519
-237.360168	79.577026	67.614563	0	0	0.22720209	0.97384763
-200.254257	-118.874557	62.242435	0	0	0.66627604	0.74570519
-238.399216	78.408150	67.584717	0	0	0.22720209	0.97384763
-239.423416	77.226486	67.554955	0	0	0.22720209	0.97384763
-201.652817	-118.171608	62.242435	0	0	0.66627604	0.74570519
-240.432617	76.032211	67.525276	0	0	0.22720209	0.97384763
-203.042450	-117.451141	62.242435	0	0	0.66627604	0.74570519
-241.426666	74.825523	67.495682	0	0	0.22720209	0.97384763
-204.422897	-116.713272	62.242435	0	0	0.58850112	0.8084964
-242.405411	73.606613	67.466171	0	0	0.22720209	0.97384763
-205.793976	-115.958115	62.242435	0	0	0.58850112	0.8084964
-243.368698	72.375671	67.436745	0	0	0.22720209	0.97384763
-207.155441	-115.185783	62.242435	0	0	0.58850112	0.8084964
-244.316376	71.132896	67.407402	0	0	0.22720209	0.97384763
-208.507111	-114.396408	62.242435	0	0	0.58850112	0.8084964
-245.248306	69.878479	67.378151	0	0	0.22720209	0.97384763
-209.848755	-113.590111	62.242435	0	0	0.58850112	0.8084964
-246.164322	68.612633	67.348984	0	0	0.22720209	0.97384763
-211.180161	-112.767021	62.242435	0	0	0.58850112	0.8084964
-247.064316	67.335541	67.319908	0	0	0.22720209	0.97384763
-212.501114	-111.927261	62.242435	0	0	0.58850112	0.8084964
-247.948120	66.047409	67.290924	0	0	0.22720209	0.97384763
-213.811401	-111.070969	62.242435	0	0	0.58850112	0.8084964
-142.927444	247.487198	71.294952	0	0	-0.070737201	0.99749499
-248.815613	64.748459	67.262039	0	0	0.22720209	0.97384763
-215.110840	-110.198280	62.242435	0	0	0.58850112	0.8084964
-249.666672	63.438877	67.233246	0	0	0.22720209	0.97384763
-216.399200	-109.309326	62.242435	0	0	0.58850112	0.8084964
-250.501144	62.118877	67.204544	0	0	0.22720209	0.97384763
-217.676285	-108.404266	62.242435	0	0	0.58850112	0.8084964
-251.318893	60.788681	67.175926	0	0	0.32328956	0.94630009
-218.941910	-107.483215	62.242435	0	0	0.58850112	0.8084964
-252.119827	59.448479	67.147430	0	0	0.32328956	0.94630009
-220.195847	-106.546341	62.242435	0	0	0.58850112	0.8084964
-252.903793	58.098503	67.119019	0	0	0.32328956	0.94630009
-221.437912	-105.593781	62.242435	0	0	0.58850112	0.8084964
-253.670685	56.738953	67.090706	0	0	0.32328956	0.94630009
-222.667923	-104.625694	62.242435	0	0	0.58850112	0.8084964
-254.420395	55.370052	67.062500	0	0	0.32328956	0.94630009
-223.885666	-103.642220	62.242435	0	0	0.58850112	0.8084964
-255.152786	53.992016	67.034393	0	0	0.32328956	0.94630009
-225.090942	-102.643524	62.242435	0	0	0.58850112	0.8084964
-255.867752	52.605064	67.006378	0	0	0.32328956	0.94630009
-226.283585	-101.629761	62.242435	0	0	0.58850112	0.8084964
-256.565186	51.209415	66.978477	0	0	0.32328956	0.94630009
-227.463394	-100.601089	62.242435	0	0	0.58850112	0.8084964
-257.244965	49.805286	66.950676	0	0	0.32328956	0.94630009
-228.630188	-99.557678	62.242435	0	0	0.58850112	0.8084964
-257.907043	48.392902	66.922981	0	0	0.32328956	0.94630009
-229.783768	-98.499687	62.242435	0	0	0.58850112	0.8084964
-258.551239	46.972496	66.895401	0	0	0.32328956	0.94630009
-230.923965	-97.427277	62.242435	0	0	0.58850112	0.8084964
-259.177521	45.544281	66.867928	0	0	0.32328956	0.94630009
-232.050613	-96.340630	62.242435	0	0	0.58850112	0.8084964
-259.785736	44.108490	66.840561	0	0	0.32328956	0.94630009
-233.163498	-95.239906	62.242435	0	0	0.58850112	0.8084964
-260.375854	42.665348	66.813293	0	0	0.32328956	0.94630009
-234.262466	-94.125290	62.242435	0	0	0.58850112	0.8084964
-260.947723	41.215084	66.786148	0	0	0.32328956	0.94630009
-235.347351	-92.996948	62.242435	0	0	0.58850112	0.8084964
-261.501312	39.757931	66.759117	0	0	0.32328956	0.94630009
-262.036469	38.294109	66.732193	0	0	0.32328956	0.94630009
-236.417953	-91.855064	62.242435	0	0	0.58850112	0.8084964
-262.553192	36.823860	66.705391	0	0	0.32328956	0.94630009
-237.474136	-90.699821	62.242435	0	0	0.58850112	0.8084964
-263.051361	35.347420	66.678696	0	0	0.32328956	0.94630009
-238.515717	-89.531387	62.242435	0	0	0.58850112	0.8084964
-263.530884	33.865013	66.652122	0	0	0.32328956	0.94630009
-239.542526	-88.349968	62.242435	0	0	0.58850112	0.8084964
-263.991730	32.376877	66.625671	0	0	0.32328956	0.94630009
-240.554413	-87.155739	62.242435	0	0	0.58850112	0.8084964
-264.433777	30.883253	66.599335	0	0	0.32328956	0.94630009
-241.551224	-85.948875	62.242435	0	0	0.58850112	0.8084964
-264.857025	29.384369	66.573112	0	0	0.32328956	0.94630009
-242.532776	-84.729591	62.242435	0	0	0.58850112	0.8084964
-265.261353	27.880470	66.547020	0	0	0.32328956	0.94630009
-243.498932	-83.498070	62.242435	0	0	0.50484609	0.86320938
-265.646729	26.371788	66.521042	0	0	0.32328956	0.94630009
-244.449539	-82.254501	62.242435	0	0	0.50484609	0.86320938
-266.013123	24.858562	66.495186	0	0	0.32328956	0.94630009
-245.384445	-80.999092	62.242435	0	0	0.50484609	0.86320938
-266.360413	23.341034	66.469467	0	0	0.32328956	0.94630009
-246.303497	-79.732025	62.242435	0	0	0.50484609	0.86320938
-266.688568	21.819447	66.443855	0	0	0.32328956	0.94630009
-266.997589	20.294039	66.418381	0	0	0.32328956	0.94630009
-247.206558	-78.453514	62.242435	0	0	0.50484609	0.86320938
-267.287384	18.765049	66.393028	0	0	0.32328956	0.94630009
-248.093475	-77.163757	62.242435	0	0	0.50484609	0.86320938
-267.557922	17.232718	66.367805	0	0	0.32328956	0.94630009
-248.964127	-75.862953	62.242435	0	0	0.50484609	0.86320938
-267.809143	15.697295	66.342720	0	0	0.32328956	0.94630009
-249.818359	-74.551315	62.242435	0	0	0.50484609	0.86320938
-268.041046	14.159018	66.317749	0	0	0.32328956	0.94630009
-250.656036	-73.229042	62.242435	0	0	0.50484609	0.86320938
-268.253601	12.618132	66.292915	0	0	0.41614682	0.90929743
-251.477036	-71.896355	62.242435	0	0	0.50484609	0.86320938
-268.446747	11.074879	66.268211	0	0	0.41614682	0.90929743
-268.620453	9.529504	66.243645	0	0	0.41614682	0.90929743
-252.281219	-70.553452	62.242435	0	0	0.50484609	0.86320938
-268.774719	7.982247	66.219208	0	0	0.41614682	0.90929743
-253.068481	-69.200546	62.242435	0	0	0.50484609	0.86320938
-268.909546	6.433361	66.194908	0	0	0.41614682	0.90929743
-253.838669	-67.837852	62.242435	0	0	0.50484609	0.86320938
-268.962494	5.874207	65.475388	0	0	0.41614682	0.90929743
-269.006256	5.353226	64.728943	0	0	0.41614682	0.90929743
-254.591660	-66.465591	62.242435	0	0	0.50484609	0.86320938
-269.043427	4.831937	63.982689	0	0	0.41614682	0.90929743
-269.074036	4.310414	63.236637	0	0	0.41614682	0.90929743
-255.327362	-65.083984	62.242435	0	0	0.50484609	0.86320938
-269.098083	3.788748	62.490837	0	0	0.41614682	0.90929743
-269.104645	3.614939	62.242435	0	0	0.41614682	0.90929743
-256.045654	-63.693230	62.242435	0	0	0.50484609	0.86320938
-269.154358	3.030171	62.242435	0	0	0.41614682	0.90929743
-256.746399	-62.293568	62.242435	0	0	0.50484609	0.86320938
-269.273499	1.469434	62.242435	0	0	0.41614682	0.90929743
-257.429504	-60.885208	62.242435	0	0	0.50484609	0.86320938
-269.373016	-0.092685	62.242435	0	0	0.41614682	0.90929743
-258.094849	-59.468376	62.242435	0	0	0.50484609	0.86320938
-269.452881	-1.655928	62.242435	0	0	0.41614682	0.90929743
-258.742340	-58.043293	62.242435	0	0	0.50484609	0.86320938
-269.513123	-3.220051	62.242435	0	0	0.41614682	0.90929743
-259.371887	-56.610184	62.242435	0	0	0.50484609	0.86320938
-269.553680	-4.784809	62.242435	0	0	0.41614682	0.90929743
-259.983368	-55.169281	62.242435	0	0	0.50484609	0.86320938
-269.574585	-6.349950	62.242435	0	0	0.41614682	0.90929743
-260.576691	-53.720806	62.242435	0	0	0.50484609	0.86320938
-269.575806	-7.915232	62.242435	0	0	0.41614682	0.90929743
-261.151764	-52.264992	62.242435	0	0	0.50484609	0.86320938
-269.557373	-9.480409	62.242435	0	0	0.41614682	0.90929743
-261.708496	-50.802063	62.242435	0	0	0.50484609	0.86320938
-269.519257	-11.045227	62.242435	0	0	0.41614682	0.90929743
-262.246796	-49.332256	62.242435	0	0	0.50484609	0.86320938
-269.461487	-12.609442	62.242435	0	0	0.41614682	0.90929743
-262.766602	-47.855801	62.242435	0	0	0.50484609	0.86320938
-269.384064	-14.172811	62.242435	0	0	0.41614682	0.90929743
-263.267792	-46.372929	62.242435	0	0	0.50484609	0.86320938
-269.287018	-15.735080	62.242435	0	0	0.41614682	0.90929743
-263.750336	-44.883877	62.242435	0	0	0.50484609	0.86320938
-269.170349	-17.296007	62.242435	0	0	0.41614682	0.90929743
-264.214111	-43.388882	62.242435	0	0	0.50484609	0.86320938
-269.034058	-18.855347	62.242435	0	0	0.41614682	0.90929743
-264.659058	-41.888172	62.242435	0	0	0.50484609	0.86320938
-268.878174	-20.412849	62.242435	0	0	0.41614682	0.90929743
-265.085114	-40.381992	62.242435	0	0	0.50484609	0.86320938
-268.702759	-21.968271	62.242435	0	0	0.41614682	0.90929743
-265.492218	-38.870575	62.242435	0	0	0.50484609	0.86320938
-268.507782	-23.521362	62.242435	0	0	0.41614682	0.90929743
-265.880310	-37.354164	62.242435	0	0	0.41614682	0.90929743
-268.293335	-25.071884	62.242435	0	0	0.41614682	0.90929743
-266.249298	-35.832996	62.242435	0	0	0.41614682	0.90929743
-268.059387	-26.619589	62.242435	0	0	0.41614682	0.90929743
-266.599152	-34.307308	62.242435	0	0	0.41614682	0.90929743
-267.806030	-28.164230	62.242435	0	0	0.41614682	0.90929743
-266.929810	-32.777348	62.242435	0	0	0.41614682	0.90929743
-267.533295	-29.705566	62.242435	0	0	0.41614682	0.90929743
-267.241180	-31.243355	62.242435	0	0	0.41614682	0.90929743
-102.445549	-204.843018	340.300446	0	0	0	1
