95.759888	20.496052	-54.317249	-2.741593	64.003418	65.777946	-49.392265
64.003418	65.777946	-49.392265	-2.141593	16.990633	91.074654	-47.465458
16.990633	91.074654	-47.465458	-1.741593	-36.499954	93.151031	-49.076641
-36.499954	93.151031	-49.076641	-1.141593	-87.391350	70.212921	-53.203991
-87.391350	70.212921	-53.203991	-0.541593	-123.341362	22.808056	-58.984211
-123.341362	22.808056	-58.984211	-0.141593	-130.424973	-40.109997	-65.185181
-130.424973	-40.109997	-65.185181	0.258407	-103.056793	-101.282265	-67.012604
-103.056793	-101.282265	-67.012604	0.858407	-44.529678	-138.522278	-66.814156
-44.529678	-138.522278	-66.814156	1.458407	25.102175	-136.751236	-64.735603
25.102175	-136.751236	-64.735603	2.058407	80.561752	-97.740181	-61.333893
80.561752	-97.740181	-61.333893	2.658407	104.801903	-38.322746	-57.520508
104.801903	-38.322746	-57.520508	3.058407	0.000000	0.000000	0.000000
95.759888	20.496052	-54.317249	-2.741593	64.003418	65.777946	-49.392265
64.003418	65.777946	-49.392265	-2.141593	16.990633	91.074654	-47.465458
16.990633	91.074654	-47.465458	-1.741593	-36.499954	93.151031	-49.076641
-36.499954	93.151031	-49.076641	-1.141593	-87.391350	70.212921	-53.203991
-87.391350	70.212921	-53.203991	-0.541593	-123.341362	22.808056	-58.984211
-123.341362	22.808056	-58.984211	-0.141593	-130.424973	-40.109997	-65.185181
-130.424973	-40.109997	-65.185181	0.258407	-103.056793	-101.282265	-67.012604
-103.056793	-101.282265	-67.012604	0.858407	-44.529678	-138.522278	-66.814156
-44.529678	-138.522278	-66.814156	1.458407	25.102175	-136.751236	-64.735603
25.102175	-136.751236	-64.735603	2.058407	80.561752	-97.740181	-61.333893
80.561752	-97.740181	-61.333893	2.658407	104.801903	-38.322746	-57.520508
104.801903	-38.322746	-57.520508	3.058407	0.000000	0.000000	0.000000
95.759888	20.496052	-54.317249	-2.741593	64.003418	65.777946	-49.392265
64.003418	65.777946	-49.392265	-2.141593	16.990633	91.074654	-47.465458
16.990633	91.074654	-47.465458	-1.741593	-36.499954	93.151031	-49.076641
-36.499954	93.151031	-49.076641	-1.141593	-87.391350	70.212921	-53.203991
-87.391350	70.212921	-53.203991	-0.541593	-123.341362	22.808056	-58.984211
-123.341362	22.808056	-58.984211	-0.141593	-130.424973	-40.109997	-65.185181
-130.424973	-40.109997	-65.185181	0.258407	-103.056793	-101.282265	-67.012604
-103.056793	-101.282265	-67.012604	0.858407	-44.529678	-138.522278	-66.814156
-44.529678	-138.522278	-66.814156	1.458407	25.102175	-136.751236	-64.735603
25.102175	-136.751236	-64.735603	2.058407	80.561752	-97.740181	-61.333893
80.561752	-97.740181	-61.333893	2.658407	104.801903	-38.322746	-57.520508
104.801903	-38.322746	-57.520508	3.058407	0.000000	0.000000	0.000000
95.759888	20.496052	-54.317249	-2.741593	64.003418	65.777946	-49.392265
64.003418	65.777946	-49.392265	-2.141593	16.990633	91.074654	-47.465458
16.990633	91.074654	-47.465458	-1.741593	-36.499954	93.151031	-49.076641
-36.499954	93.151031	-49.076641	-1.141593	-87.391350	70.212921	-53.203991
-87.391350	70.212921	-53.203991	-0.541593	-123.341362	22.808056	-58.984211
-123.341362	22.808056	-58.984211	-0.141593	-130.424973	-40.109997	-65.185181
-130.424973	-40.109997	-65.185181	0.258407	-103.056793	-101.282265	-67.012604
-103.056793	-101.282265	-67.012604	0.858407	-44.529678	-138.522278	-66.814156
-44.529678	-138.522278	-66.814156	1.458407	25.102175	-136.751236	-64.735603
25.102175	-136.751236	-64.735603	2.058407	80.561752	-97.740181	-61.333893
80.561752	-97.740181	-61.333893	2.658407	104.801903	-38.322746	-57.520508
104.801903	-38.322746	-57.520508	3.058407	0.000000	0.000000	0.000000
95.759888	20.496052	-54.317249	-2.741593	64.003418	65.777946	-49.392265
64.003418	65.777946	-49.392265	-2.141593	16.990633	91.074654	-47.465458
16.990633	91.074654	-47.465458	-1.741593	-36.499954	93.151031	-49.076641
-36.499954	93.151031	-49.076641	-1.141593	-87.391350	70.212921	-53.203991
-87.391350	70.212921	-53.203991	-0.541593	-123.341362	22.808056	-58.984211
-123.341362	22.808056	-58.984211	-0.141593	-130.424973	-40.109997	-65.185181
-130.424973	-40.109997	-65.185181	0.258407	-103.056793	-101.282265	-67.012604
-103.056793	-101.282265	-67.012604	0.858407	-44.529678	-138.522278	-66.814156
-44.529678	-138.522278	-66.814156	1.458407	25.102175	-136.751236	-64.735603
25.102175	-136.751236	-64.735603	2.058407	80.561752	-97.740181	-61.333893
80.561752	-97.740181	-61.333893	2.658407	104.801903	-38.322746	-57.520508
104.801903	-38.322746	-57.520508	3.058407	0.000000	0.000000	0.000000
95.759888	20.496052	-54.317249	-2.741593	64.003418	65.777946	-49.392265
64.003418	65.777946	-49.392265	-2.141593	16.990633	91.074654	-47.465458
16.990633	91.074654	-47.465458	-1.741593	-36.499954	93.151031	-49.076641
-36.499954	93.151031	-49.076641	-1.141593	-87.391350	70.212921	-53.203991
-87.391350	70.212921	-53.203991	-0.541593	-123.341362	22.808056	-58.984211
-123.341362	22.808056	-58.984211	-0.141593	-130.424973	-40.109997	-65.185181
-130.424973	-40.109997	-65.185181	0.258407	-103.056793	-101.282265	-67.012604
-103.056793	-101.282265	-67.012604	0.858407	-44.529678	-138.522278	-66.814156
-44.529678	-138.522278	-66.814156	1.458407	25.102175	-136.751236	-64.735603
25.102175	-136.751236	-64.735603	2.058407	80.561752	-97.740181	-61.333893
80.561752	-97.740181	-61.333893	2.658407	104.801903	-38.322746	-57.520508
104.801903	-38.322746	-57.520508	3.058407	0.000000	0.000000	0.000000
95.759888	20.496052	-54.317249	-2.741593	64.003418	65.777946	-49.392265
64.003418	65.777946	-49.392265	-2.141593	16.990633	91.074654	-47.465458
16.990633	91.074654	-47.465458	-1.741593	-36.499954	93.151031	-49.076641
-36.499954	93.151031	-49.076641	-1.141593	-87.391350	70.212921	-53.203991
-87.391350	70.212921	-53.203991	-0.541593	-123.341362	22.808056	-58.984211
-123.341362	22.808056	-58.984211	-0.141593	-130.424973	-40.109997	-65.185181
-130.424973	-40.109997	-65.185181	0.258407	-103.056793	-101.282265	-67.012604
-103.056793	-101.282265	-67.012604	0.858407	-44.529678	-138.522278	-66.814156
-44.529678	-138.522278	-66.814156	1.458407	25.102175	-136.751236	-64.735603
25.102175	-136.751236	-64.735603	2.058407	80.561752	-97.740181	-61.333893
80.561752	-97.740181	-61.333893	2.658407	104.801903	-38.322746	-57.520508
104.801903	-38.322746	-57.520508	3.058407	0.000000	0.000000	0.000000
95.759888	20.496052	-54.317249	-2.741593	64.003418	65.777946	-49.392265
64.003418	65.777946	-49.392265	-2.141593	16.990633	91.074654	-47.465458
16.990633	91.074654	-47.465458	-1.741593	-36.499954	93.151031	-49.076641
-36.499954	93.151031	-49.076641	-1.141593	-87.391350	70.212921	-53.203991
-87.391350	70.212921	-53.203991	-0.541593	-123.341362	22.808056	-58.984211
-123.341362	22.808056	-58.984211	-0.141593	-130.424973	-40.109997	-65.185181
-130.424973	-40.109997	-65.185181	0.258407	-103.056793	-101.282265	-67.012604
-103.056793	-101.282265	-67.012604	0.858407	-44.529678	-138.522278	-66.814156
-44.529678	-138.522278	-66.814156	1.458407	25.102175	-136.751236	-64.735603
25.102175	-136.751236	-64.735603	2.058407	80.561752	-97.740181	-61.333893
80.561752	-97.740181	-61.333893	2.658407	104.801903	-38.322746	-57.520508
104.801903	-38.322746	-57.520508	3.058407	0.000000	0.000000	0.000000
95.759888	20.496052	-54.317249	-2.741593	64.003418	65.777946	-49.392265
64.003418	65.777946	-49.392265	-2.141593	16.990633	91.074654	-47.465458
16.990633	91.074654	-47.465458	-1.741593	-36.499954	93.151031	-49.076641
-36.499954	93.151031	-49.076641	-1.141593	-87.391350	70.212921	-53.203991
-87.391350	70.212921	-53.203991	-0.541593	-123.341362	22.808056	-58.984211
-123.341362	22.808056	-58.984211	-0.141593	-130.424973	-40.109997	-65.185181
-130.424973	-40.109997	-65.185181	0.258407	-103.056793	-101.282265	-67.012604
-103.056793	-101.282265	-67.012604	0.858407	-44.529678	-138.522278	-66.814156
-44.529678	-138.522278	-66.814156	1.458407	25.102175	-136.751236	-64.735603
25.102175	-136.751236	-64.735603	2.058407	80.561752	-97.740181	-61.333893
80.561752	-97.740181	-61.333893	2.658407	104.801903	-38.322746	-57.520508
104.801903	-38.322746	-57.520508	3.058407	0.000000	0.000000	0.000000
95.759888	20.496052	-54.317249	-2.741593	64.003418	65.777946	-49.392265
64.003418	65.777946	-49.392265	-2.141593	16.990633	91.074654	-47.465458
16.990633	91.074654	-47.465458	-1.741593	-36.499954	93.151031	-49.076641
-36.499954	93.151031	-49.076641	-1.141593	-87.391350	70.212921	-53.203991
-87.391350	70.212921	-53.203991	-0.541593	-123.341362	22.808056	-58.984211
-123.341362	22.808056	-58.984211	-0.141593	-130.424973	-40.109997	-65.185181
-130.424973	-40.109997	-65.185181	0.258407	-103.056793	-101.282265	-67.012604
-103.056793	-101.282265	-67.012604	0.858407	-44.529678	-138.522278	-66.814156
-44.529678	-138.522278	-66.814156	1.458407	25.102175	-136.751236	-64.735603
25.102175	-136.751236	-64.735603	2.058407	80.561752	-97.740181	-61.333893
80.561752	-97.740181	-61.333893	2.658407	104.801903	-38.322746	-57.520508
104.801903	-38.322746	-57.520508	3.058407	0.000000	0.000000	0.000000
95.759888	20.496052	-54.317249	-2.741593	64.003418	65.777946	-49.392265
64.003418	65.777946	-49.392265	-2.141593	16.990633	91.074654	-47.465458
16.990633	91.074654	-47.465458	-1.741593	-36.499954	93.151031	-49.076641
-36.499954	93.151031	-49.076641	-1.141593	-87.391350	70.212921	-53.203991
-87.391350	70.212921	-53.203991	-0.541593	-123.341362	22.808056	-58.984211
-123.341362	22.808056	-58.984211	-0.141593	-130.424973	-40.109997	-65.185181
-130.424973	-40.109997	-65.185181	0.258407	-103.056793	-101.282265	-67.012604
-103.056793	-101.282265	-67.012604	0.858407	-44.529678	-138.522278	-66.814156
-44.529678	-138.522278	-66.814156	1.458407	25.102175	-136.751236	-64.735603
25.102175	-136.751236	-64.735603	2.058407	80.561752	-97.740181	-61.333893
80.561752	-97.740181	-61.333893	2.658407	104.801903	-38.322746	-57.520508
104.801903	-38.322746	-57.520508	3.058407	0.000000	0.000000	0.000000
95.759888	20.496052	-54.317249	-2.741593	64.003418	65.777946	-49.392265
64.003418	65.777946	-49.392265	-2.141593	16.990633	91.074654	-47.465458
16.990633	91.074654	-47.465458	-1.741593	-36.499954	93.151031	-49.076641
-36.499954	93.151031	-49.076641	-1.141593	-87.391350	70.212921	-53.203991
-87.391350	70.212921	-53.203991	-0.541593	-123.341362	22.808056	-58.984211
-123.341362	22.808056	-58.984211	-0.141593	-130.424973	-40.109997	-65.185181
-130.424973	-40.109997	-65.185181	0.258407	-103.056793	-101.282265	-67.012604
-103.056793	-101.282265	-67.012604	0.858407	-44.529678	-138.522278	-66.814156
-44.529678	-138.522278	-66.814156	1.458407	25.102175	-136.751236	-64.735603
25.102175	-136.751236	-64.735603	2.058407	80.561752	-97.740181	-61.333893
80.561752	-97.740181	-61.333893	2.658407	104.801903	-38.322746	-57.520508
104.801903	-38.322746	-57.520508	3.058407	0.000000	0.000000	0.000000
95.759888	20.496052	-54.317249	-2.741593	64.003418	65.777946	-49.392265
64.003418	65.777946	-49.392265	-2.141593	16.990633	91.074654	-47.465458
16.990633	91.074654	-47.465458	-1.741593	-36.499954	93.151031	-49.076641
-36.499954	93.151031	-49.076641	-1.141593	-87.391350	70.212921	-53.203991
-87.391350	70.212921	-53.203991	-0.541593	-123.341362	22.808056	-58.984211
-123.341362	22.808056	-58.984211	-0.141593	-130.424973	-40.109997	-65.185181
-130.424973	-40.109997	-65.185181	0.258407	-103.056793	-101.282265	-67.012604
-103.056793	-101.282265	-67.012604	0.858407	-44.529678	-138.522278	-66.814156
-44.529678	-138.522278	-66.814156	1.458407	25.102175	-136.751236	-64.735603
25.102175	-136.751236	-64.735603	2.058407	80.561752	-97.740181	-61.333893
80.561752	-97.740181	-61.333893	2.658407	104.801903	-38.322746	-57.520508
104.801903	-38.322746	-57.520508	3.058407	0.000000	0.000000	0.000000
95.759888	20.496052	-54.317249	-2.741593	64.003418	65.777946	-49.392265
64.003418	65.777946	-49.392265	-2.141593	16.990633	91.074654	-47.465458
16.990633	91.074654	-47.465458	-1.741593	-36.499954	93.151031	-49.076641
-36.499954	93.151031	-49.076641	-1.141593	-87.391350	70.212921	-53.203991
-87.391350	70.212921	-53.203991	-0.541593	-123.341362	22.808056	-58.984211
-123.341362	22.808056	-58.984211	-0.141593	-130.424973	-40.109997	-65.185181
-130.424973	-40.109997	-65.185181	0.258407	-103.056793	-101.282265	-67.012604
-103.056793	-101.282265	-67.012604	0.858407	-44.529678	-138.522278	-66.814156
-44.529678	-138.522278	-66.814156	1.458407	25.102175	-136.751236	-64.735603
25.102175	-136.751236	-64.735603	2.058407	80.561752	-97.740181	-61.333893
80.561752	-97.740181	-61.333893	2.658407	104.801903	-38.322746	-57.520508
104.801903	-38.322746	-57.520508	3.058407	0.000000	0.000000	0.000000
95.759888	20.496052	-54.317249	-2.741593	64.003418	65.777946	-49.392265
64.003418	65.777946	-49.392265	-2.141593	16.990633	91.074654	-47.465458
16.990633	91.074654	-47.465458	-1.741593	-36.499954	93.151031	-49.076641
-36.499954	93.151031	-49.076641	-1.141593	-87.391350	70.212921	-53.203991
-87.391350	70.212921	-53.203991	-0.541593	-123.341362	22.808056	-58.984211
-123.341362	22.808056	-58.984211	-0.141593	-130.424973	-40.109997	-65.185181
-130.424973	-40.109997	-65.185181	0.258407	-103.056793	-101.282265	-67.012604
-103.056793	-101.282265	-67.012604	0.858407	-44.529678	-138.522278	-66.814156
-44.529678	-138.522278	-66.814156	1.458407	25.102175	-136.751236	-64.735603
25.102175	-136.751236	-64.735603	2.058407	80.561752	-97.740181	-61.333893
80.561752	-97.740181	-61.333893	2.658407	104.801903	-38.322746	-57.520508
104.801903	-38.322746	-57.520508	3.058407	0.000000	0.000000	0.000000
95.759888	20.496052	-54.317249	-2.741593	64.003418	65.777946	-49.392265
64.003418	65.777946	-49.392265	-2.141593	16.990633	91.074654	-47.465458
16.990633	91.074654	-47.465458	-1.741593	-36.499954	93.151031	-49.076641
-36.499954	93.151031	-49.076641	-1.141593	-87.391350	70.212921	-53.203991
-87.391350	70.212921	-53.203991	-0.541593	-123.341362	22.808056	-58.984211
-123.341362	22.808056	-58.984211	-0.141593	-130.424973	-40.109997	-65.185181
-130.424973	-40.109997	-65.185181	0.258407	-103.056793	-101.282265	-67.012604
-103.056793	-101.282265	-67.012604	0.858407	-44.529678	-138.522278	-66.814156
-44.529678	-138.522278	-66.814156	1.458407	25.102175	-136.751236	-64.735603
25.102175	-136.751236	-64.735603	2.058407	80.561752	-97.740181	-61.333893
80.561752	-97.740181	-61.333893	2.658407	104.801903	-38.322746	-57.520508
104.801903	-38.322746	-57.520508	3.058407	0.000000	0.000000	0.000000
95.759888	20.496052	-54.317249	-2.741593	64.003418	65.777946	-49.392265
64.003418	65.777946	-49.392265	-2.141593	16.990633	91.074654	-47.465458
16.990633	91.074654	-47.465458	-1.741593	-36.499954	93.151031	-49.076641
-36.499954	93.151031	-49.076641	-1.141593	-87.391350	70.212921	-53.203991
-87.391350	70.212921	-53.203991	-0.541593	-123.341362	22.808056	-58.984211
-123.341362	22.808056	-58.984211	-0.141593	-130.424973	-40.109997	-65.185181
-130.424973	-40.109997	-65.185181	0.258407	-103.056793	-101.282265	-67.012604
-103.056793	-101.282265	-67.012604	0.858407	-44.529678	-138.522278	-66.814156
-44.529678	-138.522278	-66.814156	1.458407	25.102175	-136.751236	-64.735603
25.102175	-136.751236	-64.735603	2.058407	80.561752	-97.740181	-61.333893
80.561752	-97.740181	-61.333893	2.658407	104.801903	-38.322746	-57.520508
104.801903	-38.322746	-57.520508	3.058407	0.000000	0.000000	0.000000
95.759888	20.496052	-54.317249	-2.741593	64.003418	65.777946	-49.392265
64.003418	65.777946	-49.392265	-2.141593	16.990633	91.074654	-47.465458
16.990633	91.074654	-47.465458	-1.741593	-36.499954	93.151031	-49.076641
-36.499954	93.151031	-49.076641	-1.141593	-87.391350	70.212921	-53.203991
-87.391350	70.212921	-53.203991	-0.541593	-123.341362	22.808056	-58.984211
-123.341362	22.808056	-58.984211	-0.141593	-130.424973	-40.109997	-65.185181
-130.424973	-40.109997	-65.185181	0.258407	-103.056793	-101.282265	-67.012604
-103.056793	-101.282265	-67.012604	0.858407	-44.529678	-138.522278	-66.814156
-44.529678	-138.522278	-66.814156	1.458407	25.102175	-136.751236	-64.735603
25.102175	-136.751236	-64.735603	2.058407	80.561752	-97.740181	-61.333893
80.561752	-97.740181	-61.333893	2.658407	104.801903	-38.322746	-57.520508
104.801903	-38.322746	-57.520508	3.058407	0.000000	0.000000	0.000000
95.759888	20.496052	-54.317249	-2.741593	64.003418	65.777946	-49.392265
64.003418	65.777946	-49.392265	-2.141593	16.990633	91.074654	-47.465458
16.990633	91.074654	-47.465458	-1.741593	-36.499954	93.151031	-49.076641
-36.499954	93.151031	-49.076641	-1.141593	-87.391350	70.212921	-53.203991
-87.391350	70.212921	-53.203991	-0.541593	-123.341362	22.808056	-58.984211
-123.341362	22.808056	-58.984211	-0.141593	-130.424973	-40.109997	-65.185181
-130.424973	-40.109997	-65.185181	0.258407	-103.056793	-101.282265	-67.012604
-103.056793	-101.282265	-67.012604	0.858407	-44.529678	-138.522278	-66.814156
-44.529678	-138.522278	-66.814156	1.458407	25.102175	-136.751236	-64.735603
25.102175	-136.751236	-64.735603	2.058407	80.561752	-97.740181	-61.333893
80.561752	-97.740181	-61.333893	2.658407	104.801903	-38.322746	-57.520508
104.801903	-38.322746	-57.520508	3.058407	0.000000	0.000000	0.000000
95.759888	20.496052	-54.317249	-2.741593	64.003418	65.777946	-49.392265
64.003418	65.777946	-49.392265	-2.141593	16.990633	91.074654	-47.465458
16.990633	91.074654	-47.465458	-1.741593	-36.499954	93.151031	-49.076641
-36.499954	93.151031	-49.076641	-1.141593	-87.391350	70.212921	-53.203991
-87.391350	70.212921	-53.203991	-0.541593	-123.341362	22.808056	-58.984211
-123.341362	22.808056	-58.984211	-0.141593	-130.424973	-40.109997	-65.185181
-130.424973	-40.109997	-65.185181	0.258407	-103.056793	-101.282265	-67.012604
-103.056793	-101.282265	-67.012604	0.858407	-44.529678	-138.522278	-66.814156
-44.529678	-138.522278	-66.814156	1.458407	25.102175	-136.751236	-64.735603
25.102175	-136.751236	-64.735603	2.058407	80.561752	-97.740181	-61.333893
80.561752	-97.740181	-61.333893	2.658407	104.801903	-38.322746	-57.520508
104.801903	-38.322746	-57.520508	3.058407	0.000000	0.000000	0.000000
