-18.443903	-6.167935	36.479111	0	0	0.32328956	0.94630009
-18.414000	-6.121395	36.535297	0	0	-0.36235775	0.93203909
-18.486952	-6.239819	36.426300	0	0	-0.36235775	0.93203909
-18.372290	-6.055791	36.589912	0	0	0.32328956	0.94630009
-18.524136	-6.303522	36.373310	0	0	0.41614682	0.90929743
-18.549587	-6.354420	36.321812	0	0	0.41614682	0.90929743
-18.577108	-6.407844	36.269146	0	0	-0.36235775	0.93203909
-18.622993	-6.495618	36.219830	0	0	0.41614682	0.90929743
-18.647209	-6.553905	36.169823	0	0	0.41614682	0.90929743
-18.406796	-6.661828	36.135696	0	0	0.22720209	0.97384763
-18.678492	-6.631167	36.122757	0	0	0.41614682	0.90929743
-18.691372	-6.692859	36.079147	0	0	-0.36235775	0.93203909
-18.704201	-6.760148	36.034584	0	0	-0.36235775	0.93203909
-18.713198	-6.832151	35.990456	0	0	0.41614682	0.90929743
-18.367249	-6.977366	35.972366	0	0	-0.36235775	0.93203909
-18.723734	-6.929425	35.951275	0	0	-0.36235775	0.93203909
-19.270750	-5.868748	36.022606	0	0	0.32328956	0.94630009
-18.707462	-7.010232	35.915791	0	0	0.50484609	0.86320938
-18.674906	-7.108078	35.881195	0	0	-0.36235775	0.93203909
-18.636698	-7.215516	35.854626	0	0	0.50484609	0.86320938
-17.780939	-6.891131	35.636574	0	0	-0.36235775	0.93203909
-19.563129	-5.679612	36.025661	0	0	0.029199523	0.9995736
-18.010832	-7.246870	35.877464	0	0	-0.36235775	0.93203909
-18.538071	-7.419145	35.829102	0	0	-0.36235775	0.93203909
-18.523729	-7.465007	35.832249	0	0	0.58850112	0.8084964
-19.218674	-4.825993	36.343544	0	0	0.32328956	0.94630009
-19.178629	-4.797018	36.401505	0	0	-0.45359611	0.89120736
-19.279640	-4.866844	36.287598	0	0	-0.45359611	0.89120736
-19.121447	-4.758213	36.458828	0	0	0.32328956	0.94630009
-19.332672	-4.903095	36.231834	0	0	0.32328956	0.94630009
-19.371447	-4.930919	36.178005	0	0	0.32328956	0.94630009
-19.412811	-4.960366	36.122917	0	0	-0.45359611	0.89120736
-19.482889	-5.006236	36.069366	0	0	0.32328956	0.94630009
-19.388102	-4.962156	35.963989	0	0	0.32328956	0.94630009
-19.523973	-5.035306	36.016407	0	0	0.32328956	0.94630009
-19.578653	-5.072043	35.965252	0	0	0.32328956	0.94630009
-19.612953	-5.096631	35.917892	0	0	-0.45359611	0.89120736
-19.486870	-5.038125	35.776455	0	0	-0.45359611	0.89120736
-19.691994	-5.139132	35.948898	0	0	0.32328956	0.94630009
-19.649580	-5.122701	35.869164	0	0	-0.45359611	0.89120736
-19.330572	-4.961011	35.646538	0	0	-0.45359611	0.89120736
-19.685373	-5.148296	35.820347	0	0	0.32328956	0.94630009
-19.830688	-5.216183	35.978844	0	0	0.029199523	0.9995736
-19.733395	-5.180643	35.774605	0	0	-0.45359611	0.89120736
-19.754343	-5.196980	35.732613	0	0	0.32328956	0.94630009
-19.770409	-5.210610	35.689507	0	0	-0.45359611	0.89120736
-18.994390	-4.789372	35.424248	0	0	-0.45359611	0.89120736
-19.786695	-5.223661	35.653400	0	0	0.32328956	0.94630009
-19.798933	-5.235265	35.608479	0	0	-0.45359611	0.89120736
-19.807997	-5.240592	35.607533	0	0	0.41614682	0.90929743
-19.785376	-5.242749	35.456917	0	0	0.41614682	0.90929743
-18.025007	-8.291798	35.764942	0	0	0.66627604	0.74570519
-20.650265	-5.814457	34.740597	0	0	-0.45359611	0.89120736
-18.832268	-8.963319	35.058704	0	0	0.73739371	0.67546319
-19.628029	-4.734582	39.587868	0	0	0.32328956	0.94630009
-15.071741	-9.540096	36.479111	0	0	0.41614682	0.90929743
-15.033520	-9.501875	36.535297	0	0	0.32328956	0.94630009
-15.129208	-9.597564	36.426300	0	0	0.41614682	0.90929743
-14.979862	-9.448218	36.589912	0	0	0.41614682	0.90929743
-15.179650	-9.648006	36.373310	0	0	0.41614682	0.90929743
-15.217826	-9.686182	36.321812	0	0	0.41614682	0.90929743
-15.258299	-9.726654	36.269146	0	0	0.41614682	0.90929743
-15.325128	-9.793484	36.219830	0	0	0.41614682	0.90929743
-15.300134	-9.768490	36.135696	0	0	0.32328956	0.94630009
-15.366380	-9.834735	36.169823	0	0	0.41614682	0.90929743
-15.335571	-9.803926	36.022606	0	0	0.41614682	0.90929743
-15.420651	-9.889008	36.122757	0	0	0.41614682	0.90929743
-15.387193	-9.855548	36.025661	0	0	0.50484609	0.86320938
-15.457937	-9.926293	36.079147	0	0	0.41614682	0.90929743
-15.438129	-9.906486	35.972366	0	0	0.41614682	0.90929743
-15.497996	-9.966352	36.034584	0	0	0.41614682	0.90929743
-15.394672	-9.863029	35.877464	0	0	0.32328956	0.94630009
-15.538497	-10.006853	35.990456	0	0	0.32328956	0.94630009
-15.101857	-9.570213	35.636574	0	0	-0.16996714	0.98544973
-15.592402	-10.060758	35.951275	0	0	0.41614682	0.90929743
-15.624669	-10.093025	35.915791	0	0	0.32328956	0.94630009
-15.657313	-10.125669	35.881195	0	0	0.50484609	0.86320938
-15.691929	-10.160285	35.854626	0	0	0.32328956	0.94630009
-15.744430	-10.212786	35.829102	0	0	0.58850112	0.8084964
-15.760190	-10.228546	35.832249	0	0	0.32328956	0.94630009
-15.924225	-10.392580	35.764942	0	0	0.73739371	0.67546319
-16.932713	-9.403007	40.059486	0	0	0.32328956	0.94630009
-16.663616	-11.131971	35.058704	0	0	0.80114363	0.59847213
-15.933681	-10.402038	40.059486	0	0	0.32328956	0.94630009
-12.144648	-6.613003	34.237980	0	0	0	1
-12.369498	-6.837854	33.718685	0	0	0.32328956	0.94630009
-12.443753	-4.903272	32.913177	0	0	0.32328956	0.94630009
-18.443903	1.019855	35.850262	0	0	-0.070737201	0.99749499
-18.414000	1.025087	35.910061	0	0	0.1288445	0.99166481
-18.486952	1.014724	35.791607	0	0	0.1288445	0.99166481
-18.372290	1.030328	35.969959	0	0	-0.070737201	0.99749499
-18.524136	1.009640	35.733490	0	0	-0.070737201	0.99749499
-18.549587	1.004781	35.677963	0	0	-0.070737201	0.99749499
-18.577108	0.999803	35.621059	0	0	0.1288445	0.99166481
-18.622993	0.994854	35.564499	0	0	-0.070737201	0.99749499
-18.406796	0.986287	35.466572	0	0	0.1288445	0.99166481
-18.647209	0.990070	35.509811	0	0	-0.070737201	0.99749499
-18.678492	0.985397	35.456394	0	0	-0.070737201	0.99749499
-18.691372	0.981142	35.407761	0	0	0.1288445	0.99166481
-18.704201	0.976761	35.357693	0	0	0.1288445	0.99166481
-18.367249	0.969709	35.277084	0	0	0.1288445	0.99166481
-18.713198	0.972383	35.307648	0	0	-0.070737201	0.99749499
-18.723734	0.968242	35.260319	0	0	0.1288445	0.99166481
-18.707462	0.964548	35.218090	0	0	-0.070737201	0.99749499
-18.674906	0.960800	35.175259	0	0	0.1288445	0.99166481
-18.636698	0.957678	35.139565	0	0	-0.16996714	0.98544973
-18.523729	0.953840	35.095695	0	0	-0.16996714	0.98544973
-18.538071	0.953915	35.096554	0	0	0.22720209	0.97384763
-18.010832	0.959422	35.159508	0	0	0.029199523	0.9995736
-12.528484	-4.543938	32.577339	0	0	0.32328956	0.94630009
-19.270750	0.982493	35.423203	0	0	-0.070737201	0.99749499
-18.025007	0.941715	34.957115	0	0	-0.36235775	0.93203909
-17.780939	0.941209	34.951332	0	0	0.22720209	0.97384763
-19.563129	0.984194	35.442654	0	0	-0.070737201	0.99749499
-18.832268	0.875296	34.197937	0	0	-0.69670669	0.71735611
-10.864796	-5.333152	37.193817	0	0	0	1
-17.237419	-7.092528	28.837915	0	0	-0.36235775	0.93203909
-18.377119	-5.118510	28.638494	0	0	-0.45359611	0.89120736
-10.911062	-3.345148	36.444927	0	0	0.1288445	0.99166481
-10.891880	-3.340008	36.493660	0	0	0.029199523	0.9995736
-16.932713	1.306144	39.122559	0	0	0.32328956	0.94630009
-11.197213	-1.779284	35.199539	0	0	-0.16996714	0.98544973
-11.921371	-1.585247	33.237293	0	0	0.1288445	0.99166481
-12.678171	-1.504787	31.840073	0	0	0.22720209	0.97384763
-14.930796	-9.399152	28.837915	0	0	0.80114363	0.59847213
-13.936591	-4.155836	28.758390	0	0	-0.36235775	0.93203909
-11.093091	0.360339	34.797585	0	0	-0.54030229	0.84147099
-10.459747	-11.287089	40.136253	0	0	0	1
-10.461436	-11.293391	40.133812	0	0	0.58850112	0.8084964
-10.619125	-11.881898	39.905594	0	0	0	1
-12.019606	0.705437	32.256447	0	0	0.1288445	0.99166481
-10.873816	-12.832413	39.536995	0	0	0.94222235	0.33498812
-10.898858	-12.925872	39.500751	0	0	0	1
-17.237419	0.349392	28.186832	0	0	-0.69670669	0.71735611
-11.460524	-15.022036	38.687881	0	0	0	1
-12.533654	1.800903	30.561262	0	0	0.1288445	0.99166481
-12.519877	4.092777	35.442543	0	0	-0.36235775	0.93203909
-12.523649	4.088925	35.382854	0	0	-0.16996714	0.98544973
-12.514954	4.096052	35.503098	0	0	-0.16996714	0.98544973
-12.526532	4.084630	35.323864	0	0	-0.36235775	0.93203909
-12.509412	4.099009	35.564045	0	0	-0.36235775	0.93203909
-12.526034	4.078681	35.267826	0	0	-0.36235775	0.93203909
-12.526056	4.072887	35.210346	0	0	-0.16996714	0.98544973
-12.524979	4.066453	35.152817	0	0	-0.36235775	0.93203909
-12.520309	4.058195	35.097755	0	0	-0.36235775	0.93203909
-12.512673	4.048343	35.043880	0	0	-0.36235775	0.93203909
-12.497740	4.034824	34.995403	0	0	-0.16996714	0.98544973
-12.294648	3.924722	35.066208	0	0	-0.36235775	0.93203909
-12.480405	4.019781	34.945560	0	0	-0.16996714	0.98544973
-12.458145	4.001918	34.895962	0	0	-0.36235775	0.93203909
-12.425967	3.978627	34.849308	0	0	-0.16996714	0.98544973
-12.380548	3.948304	34.808723	0	0	-0.36235775	0.93203909
-12.315524	3.906694	34.768448	0	0	-0.16996714	0.98544973
-12.136409	3.814764	34.882111	0	0	-0.16996714	0.98544973
-12.241781	3.860806	34.735661	0	0	-0.36235775	0.93203909
-12.081226	3.764437	34.699299	0	0	-0.16996714	0.98544973
-12.050598	3.746784	34.699596	0	0	-0.45359611	0.89120736
-13.289969	4.490269	34.976105	0	0	-0.36235775	0.93203909
-11.756727	3.585557	34.783138	0	0	-0.16996714	0.98544973
-11.747198	3.559615	34.580803	0	0	-0.070737201	0.99749499
-13.590952	4.664502	34.980667	0	0	-0.36235775	0.93203909
-11.386722	3.351171	34.577610	0	0	0	1
-11.672310	3.438092	33.805874	0	0	-0.82533563	0.56464246
-11.291525	3.176031	33.388004	0	0	0.029199523	0.9995736
-11.886790	4.020421	38.344425	0	0	0	1
-14.564528	-0.877015	26.075144	0	0	-0.54030229	0.84147099
-13.083382	3.718079	28.513075	0	0	-0.82533563	0.56464246
-27.089422	-11.656777	24.622892	0	0	-0.26749883	0.96355818
-27.563213	-10.836148	24.539989	0	0	-0.26749883	0.96355818
-14.554253	3.821502	24.619209	0	0	-0.62160997	0.7833269
-22.138922	-16.607277	24.622892	0	0	-0.070737201	0.99749499
-27.089422	-0.051244	23.607540	0	0	-0.54030229	0.84147099
-11.548364	8.732993	30.959927	0	0	0	1
-11.549382	8.751726	30.951340	0	0	0	1
-11.772772	9.379266	32.326473	0	0	0	1
-24.663013	-19.131371	26.432756	0	0	0.80114363	0.59847213
-15.349991	4.403743	22.346535	0	0	0.029199523	0.9995736
-17.176453	5.512987	22.888348	0	0	-0.76484218	0.64421769
-32.387138	-11.407244	26.432756	0	0	0.58850112	0.8084964
-12.237167	10.683832	35.185188	0	0	0	1
-17.098768	-0.429743	19.281273	0	0	0.22720209	0.97384763
-12.081100	9.393035	29.353107	0	0	0	1
-18.294720	-16.244370	21.133032	0	0	0.50484609	0.86320938
-12.902863	-20.404919	47.240700	0	0	0.029199523	0.9995736
-18.390953	-6.229557	17.719614	0	0	0.41614682	0.90929743
-21.188463	7.989433	24.473242	0	0	-0.45359611	0.89120736
-32.387138	0.107791	25.425322	0	0	0.41614682	0.90929743
-12.415150	9.795934	28.349028	0	0	-0.95533648	0.29552023
-12.428955	9.812584	28.307531	0	0	-0.95533648	0.29552023
-11.644948	10.509212	30.145784	0	0	0	1
-13.003739	10.505835	26.579851	0	0	-0.16996714	0.98544973
-13.071651	10.587743	26.375725	0	0	-0.92106097	0.38941839
-23.609570	-9.313592	17.016165	0	0	0.32328956	0.94630009
-13.162850	10.697740	26.101597	0	0	-0.070737201	0.99749499
-16.654165	4.798264	18.798393	0	0	0.029199523	0.9995736
-19.841965	-0.686223	16.349689	0	0	0.22720209	0.97384763
-12.842319	11.563584	26.669764	0	0	-0.69670669	0.71735611
-13.434667	11.025578	25.284576	0	0	-0.36235775	0.93203909
-11.756083	12.553039	29.208984	0	0	0	1
-19.841965	-15.839275	17.675409	0	0	0.32328956	0.94630009
-22.997211	-0.711230	16.063858	0	0	-0.45359611	0.89120736
-17.270058	4.984575	17.122797	0	0	-0.070737201	0.99749499
-18.205708	5.542935	17.302580	0	0	-0.36235775	0.93203909
-13.538479	-22.777073	51.009792	0	0	0	1
-27.976116	-0.711230	16.063858	0	0	-0.45359611	0.89120736
-17.659286	5.102320	16.063858	0	0	-0.62160997	0.7833269
-17.659286	5.102320	16.063858	0	0	-0.16996714	0.98544973
-31.921396	-0.528256	18.155270	0	0	-0.070737201	0.99749499
-29.911400	-0.661434	16.633039	0	0	0.1288445	0.99166481
-15.924351	17.490162	37.585167	0	0	-0.54030229	0.84147099
-19.706957	6.284542	16.063858	0	0	-0.36235775	0.93203909
-33.800274	-14.959026	19.373753	0	0	0.029199523	0.9995736
-31.921396	-18.213335	19.702515	0	0	0.029199523	0.9995736
-27.833187	-22.301544	19.702515	0	0	0.22720209	0.97384763
-15.271041	13.240440	19.764824	0	0	-0.36235775	0.93203909
-24.161566	8.856412	16.063858	0	0	-0.26749883	0.96355818
-24.376808	8.980682	16.063858	0	0	-0.070737201	0.99749499
-32.235565	-14.421789	15.749373	0	0	0.58850112	0.8084964
-34.450840	-15.491186	17.824059	0	0	0.50484609	0.86320938
-33.134377	-14.940718	15.749373	0	0	0.58850112	0.8084964
-35.262630	-0.711230	16.063858	0	0	0.1288445	0.99166481
-29.911400	-23.353729	18.618359	0	0	0.73739371	0.67546319
-29.398386	-23.866743	18.618359	0	0	0.73739371	0.67546319
-15.928862	14.033843	17.787550	0	0	0	1
-37.080730	-0.711230	16.063858	0	0	0.029199523	0.9995736
-16.271051	14.446559	16.759003	0	0	-0.16996714	0.98544973
-16.400801	14.603051	16.369003	0	0	-0.82533563	0.56464246
-16.502319	14.725493	16.063858	0	0	-0.16996714	0.98544973
-16.502319	14.725493	16.063858	0	0	-0.62160997	0.7833269
-16.502319	14.725493	16.063858	0	0	-0.36235775	0.93203909
-35.371708	17.639605	38.939930	0	0	-0.76484218	0.64421769
-39.465401	-0.711230	16.063858	0	0	-0.26749883	0.96355818
-27.926668	-26.632921	14.775940	0	0	0.73739371	0.67546319
-43.179253	-0.711230	16.063858	0	0	-0.070737201	0.99749499
-33.581722	14.295142	16.063858	0	0	-0.45359611	0.89120736
-43.595161	-0.711230	16.063858	0	0	0.029199523	0.9995736
-30.837122	-22.223288	9.498265	0	0	0.66627604	0.74570519
-41.592888	-19.824242	15.749373	0	0	0.41614682	0.90929743
-43.510666	-20.931471	15.749373	0	0	0.58850112	0.8084964
-44.640556	-16.903828	12.911441	0	0	-0.26749883	0.96355818
-45.042046	-21.800398	15.740147	0	0	0.58850112	0.8084964
-28.556669	-23.428713	4.963262	0	0	0.66627604	0.74570519
-39.465397	-27.938082	11.290740	0	0	0.66627604	0.74570519
-36.467564	-30.935919	11.290740	0	0	0.73739371	0.67546319
-36.716640	-31.184998	11.607412	0	0	0.73739371	0.67546319
-43.595161	-24.306477	11.607412	0	0	0.58850112	0.8084964
-48.029121	-15.682971	10.984767	0	0	-0.26749883	0.96355818
-43.091820	-37.560177	42.850899	0	0	-0.16996714	0.98544973
-37.251205	-29.640467	8.205564	0	0	0.1288445	0.99166481
-58.964207	1.462379	40.908321	0	0	-0.54030229	0.84147099
-43.859825	-38.328182	43.068085	0	0	-0.16996714	0.98544973
-46.775227	24.242489	39.128586	0	0	-0.54030229	0.84147099
-54.607235	-0.711230	16.063858	0	0	-0.070737201	0.99749499
-35.262630	-30.788570	4.926240	0	0	0.029199523	0.9995736
-58.964207	-23.223799	43.068085	0	0	-0.36235775	0.93203909
-41.130493	-35.598850	9.209244	0	0	0.32328956	0.94630009
-44.045094	-25.976954	2.803155	0	0	-0.070737201	0.99749499
-55.400612	-20.747940	11.475366	0	0	0.029199523	0.9995736
-45.430656	-22.783340	0.844859	0	0	-0.070737201	0.99749499
-54.607235	-22.122110	9.209244	0	0	0.029199523	0.9995736
-36.714561	-31.182919	-2.001631	0	0	0.66627604	0.74570519
-43.179253	-24.083189	-2.867893	0	0	-0.070737201	0.99749499
-66.535500	-18.249672	42.850899	0	0	-0.36235775	0.93203909
-68.048355	-12.603644	42.850899	0	0	-0.45359611	0.89120736
-68.048355	1.524194	41.614876	0	0	-0.54030229	0.84147099
-38.321743	-32.790100	-3.179821	0	0	0.029199523	0.9995736
-39.200829	-29.997831	-5.653848	0	0	0.029199523	0.9995736
-16.877560	-35.238693	105.444023	0	0	0.94222235	0.33498812
-72.981071	125.149422	88.072365	0	0	0.029199523	0.9995736
-112.299911	-106.768272	105.444023	0	0	0.80114363	0.59847213
-193.594193	114.800270	96.459999	0	0	0.22720209	0.97384763
-221.957520	-59.894878	105.444023	0	0	0.58850112	0.8084964
-244.938141	25.869957	105.444023	0	0	0.41614682	0.90929743
