19.734617	-14.629576	129.126144	0	0	-0.98006658	0.19866933
19.800175	-14.612009	128.493210	0	0	-0.95533648	0.29552023
19.988935	-14.221451	128.548172	0	-0	-1	-4.371139e-08
19.663887	-14.648527	128.317703	0	-0	-1	-4.371139e-08
19.650187	-14.652199	128.161102	0	-0	-1	-4.371139e-08
20.479103	-14.398304	128.289612	0	-0	-1	-4.371139e-08
19.613432	-14.662046	127.740990	0	0	-0.98006658	0.19866933
19.713835	-10.825898	128.888611	0	-0	-1	-4.371139e-08
20.683998	-10.471277	127.903877	0	0	0.99913515	0.041580682
19.853157	-10.265821	130.481079	0	0	-0.99500417	0.099833397
24.176407	-17.164345	128.051926	0	0	0.97095818	0.23924928
24.407627	-16.772583	128.101776	0	0	-0.92106097	0.38941839
24.437521	-16.683699	127.889717	0	0	0.97095818	0.23924928
23.492874	-18.478453	128.795990	0	0	0.97095818	0.23924928
25.508928	-15.174681	129.871185	0	0	-0.92106097	0.38941839
25.647375	-14.656411	128.279709	0	0	-0.92106097	0.38941839
22.511646	-20.062981	128.138718	0	0	-0.98006658	0.19866933
22.129950	-20.704735	128.028046	0	0	-0.98006658	0.19866933
26.148443	-13.626178	127.351845	0	0	0.97095818	0.23924928
21.261580	-22.163465	127.768990	0	0	0.97095818	0.23924928
22.929461	-8.024544	124.682518	0	0	0.99913515	0.041580682
20.747337	-5.892570	128.917480	0	-0	-1	-4.371139e-08
28.208433	-10.200236	128.163727	0	0	0.97095818	0.23924928
27.531801	-10.681706	124.217575	0	0	0.97095818	0.23924928
12.843683	-3.439794	128.872009	0	0	-0.87758258	0.4794255
12.836888	-3.446588	128.765930	0	0	-0.95533648	0.29552023
12.808316	-3.475160	128.319809	0	0	-0.92106097	0.38941839
12.802377	-3.481099	128.227066	0	0	-0.95533648	0.29552023
12.793165	-3.490311	128.083252	0	0	-0.92106097	0.38941839
12.778656	-3.504820	127.856705	0	0	-0.95533648	0.29552023
12.767673	-3.515804	127.685204	0	0	-0.95533648	0.29552023
12.950884	-3.332592	130.545822	0	0	-0.92106097	0.38941839
12.732320	-3.551157	127.133209	0	0	-0.92106097	0.38941839
13.248098	-3.035378	127.903877	0	0	-0.87758258	0.4794255
15.569121	-0.714355	128.917480	0	0	-0.98006658	0.19866933
15.594196	-0.689280	124.682518	0	0	-0.92106097	0.38941839
27.443411	-27.866787	127.157242	0	0	-0.99500417	0.099833397
26.888964	-28.267141	127.951553	0	0	-0.98006658	0.19866933
27.762503	-27.685663	127.187973	0	0	-0.98006658	0.19866933
28.043837	-27.500807	126.965950	0	0	-0.98006658	0.19866933
27.314587	-28.119894	128.926437	0	0	-0.98006658	0.19866933
28.505087	-27.267139	127.289009	0	0	-0.95533648	0.29552023
26.083847	-28.672068	127.358551	0	0	-0.98006658	0.19866933
25.493948	-29.004814	127.281013	0	0	-0.98006658	0.19866933
25.205177	-29.150112	127.068947	0	0	0.90407214	0.42737988
29.868687	-26.379625	126.296768	0	0	-0.95533648	0.29552023
19.175047	-0.054943	122.730240	0	0	-0.69670669	0.71735611
31.927893	-25.257860	126.961136	0	0	-0.95533648	0.29552023
19.040497	-0.235734	121.192322	0	0	-0.69670669	0.71735611
16.236399	0.349033	122.939850	0	0	-0.69670669	0.71735611
16.410921	0.127445	121.393013	0	0	0	1
32.468620	-24.546854	123.013382	0	0	-0.95533648	0.29552023
18.664747	-0.740614	116.897484	0	0	-0.99500417	0.099833397
18.534859	-0.915141	115.412849	0	0	0	1
32.178471	-1.998696	120.589989	0	0	-0.82533563	0.56464246
15.752026	-0.531451	115.620155	0	0	0	1
31.939806	-2.156313	119.128304	0	0	-0.92106097	0.38941839
9.419324	0.582928	117.965210	0	0	-0.95533648	0.29552023
18.227814	-1.327705	111.903320	0	0	-0.69670669	0.71735611
37.321507	-21.233606	117.950836	0	0	-0.92106097	0.38941839
31.075733	-2.726958	113.836342	0	0	-0.99500417	0.099833397
31.002607	-2.775251	113.388489	0	0	-0.95533648	0.29552023
18.010548	-1.619639	109.419937	0	0	0	1
0.958513	0.855918	128.351166	0	0	-0.82533563	0.56464246
0.951884	0.831178	128.068390	0	0	-0.82533563	0.56464246
0.942796	0.797259	127.680695	0	0	-0.82533563	0.56464246
0.968739	0.894082	128.787384	0	0	-0.69670669	0.71735611
0.940563	0.788927	127.585449	0	0	-0.82533563	0.56464246
0.936691	0.774477	127.420280	0	0	-0.82533563	0.56464246
0.935822	0.771235	127.383232	0	0	-0.82533563	0.56464246
0.929014	0.745825	127.092789	0	0	-0.82533563	0.56464246
9.264635	-0.088763	112.595261	0	0	-0.69670669	0.71735611
0.925060	0.731070	126.924141	0	0	-0.82533563	0.56464246
0.999951	1.010566	130.118805	0	0	-0.76484218	0.64421769
0.909619	0.673441	126.265442	0	0	-0.82533563	0.56464246
0.867121	0.514839	124.452614	0	0	-0.69670669	0.71735611
30.346001	-3.208882	109.367149	0	0	-0.87758258	0.4794255
40.645065	-19.044378	115.274536	0	-0	-1	-4.371139e-08
1.343415	2.292390	123.194725	0	0	-0.82533563	0.56464246
9.194790	-0.392049	110.170593	0	0	-0.95533648	0.29552023
1.290616	2.095343	121.612007	0	0	0	1
20.109756	-40.863728	127.008423	0	-0	-1	-4.371139e-08
19.987865	-40.808521	126.377403	0	0	0.97095818	0.23924928
19.808327	-40.793461	126.205292	0	-0	-1	-4.371139e-08
19.988935	-40.795036	126.223282	0	-0	-1	-4.371139e-08
20.414259	-40.813057	126.429260	0	0	0.99913515	0.041580682
19.012732	-40.804127	126.327202	0	0	0.99913515	0.041580682
20.479103	-40.773930	125.982040	0	-0	-1	-4.371139e-08
20.747337	-40.763836	125.866638	0	-0	-1	-4.371139e-08
21.126362	-40.788307	126.146355	0	-0	-1	-4.371139e-08
20.683998	-40.710609	125.258278	0	-0	-1	-4.371139e-08
17.006533	-40.954433	128.045212	0	0	0.98999249	0.14112005
29.932440	-3.482003	106.834312	0	0	-0.82533563	0.56464246
22.929461	-40.412331	121.848953	0	-0	-1	-4.371139e-08
1.172613	1.654949	118.074692	0	0	-0.62160997	0.7833269
1.098207	1.377262	115.844254	0	0	-0.62160997	0.7833269
17.804306	-39.967922	116.769325	0	0	0.99913515	0.041580682
19.213684	-39.722820	113.967812	0	0	0.94222235	0.33498812
0.994407	0.989878	112.732712	0	0	-0.62160997	0.7833269
40.753075	-18.176035	107.296318	0	0	-0.99500417	0.099833397
0.913349	0.687364	110.302872	0	0	0	1
-9.943881	-2.662779	127.220428	0	0	-0.69670669	0.71735611
-9.951706	-2.633575	127.554222	0	0	-0.69670669	0.71735611
-9.960041	-2.602468	127.909775	0	0	-0.69670669	0.71735611
-9.934924	-2.696206	126.838348	0	0	-0.69670669	0.71735611
-9.932889	-2.703804	126.751503	0	0	-0.69670669	0.71735611
-9.928286	-2.720983	126.555145	0	0	-0.69670669	0.71735611
-9.927194	-2.725058	126.508568	0	0	-0.69670669	0.71735611
-9.920679	-2.749371	126.230675	0	0	-0.69670669	0.71735611
-9.917191	-2.762391	126.081856	0	0	-0.69670669	0.71735611
-9.900508	-2.824652	125.370201	0	0	-0.69670669	0.71735611
-9.995331	-2.470765	129.415146	0	0	-0.69670669	0.71735611
-9.856045	-2.990590	123.473526	0	0	-0.69670669	0.71735611
17.035275	-2.930078	98.272514	0	0	-0.87758258	0.4794255
8.901991	-1.663444	100.006203	0	0	-0.87758258	0.4794255
42.774204	-16.559454	102.845070	0	0	-0.92106097	0.38941839
40.880802	-17.436790	100.708717	0	0	-0.82533563	0.56464246
7.368311	-39.047855	106.252892	0	0	0.90407214	0.42737988
21.648956	-38.751244	102.862633	0	0	0.98999249	0.14112005
27.927492	-4.806097	94.555130	0	0	-0.87758258	0.4794255
12.883188	-38.641987	101.613823	0	0	0.98999249	0.14112005
-11.659781	3.741042	121.490631	0	0	-0.76484218	0.64421769
-11.601655	3.524116	119.864037	0	0	-0.54030229	0.84147099
-11.510959	3.185634	117.325989	0	0	-0.54030229	0.84147099
-2.133673	-0.129722	100.922668	0	0	-0.82533563	0.56464246
-11.397833	2.763442	114.160248	0	0	-0.54030229	0.84147099
11.441733	-38.462246	99.559357	0	0	0.97095818	0.23924928
-11.305785	2.419914	111.584366	0	0	-0.54030229	0.84147099
24.527275	-25.908098	91.102936	0	0	-0.95533648	0.29552023
-11.222141	2.107751	109.243660	0	0	0	1
-0.721690	-50.093304	124.924278	0	0	0.90407214	0.42737988
-0.674198	-50.119202	124.909233	0	0	0.90407214	0.42737988
-0.265910	-50.329720	124.659698	0	0	0.90407214	0.42737988
0.333539	-50.778622	125.677376	0	0	0.90407214	0.42737988
-1.782640	-49.384636	123.972725	0	0	0.90407214	0.42737988
-2.932287	-48.835785	125.110077	0	0	0.90407214	0.42737988
1.545257	-51.411537	125.017418	0	0	0.90407214	0.42737988
1.596567	-51.445251	125.057930	0	0	0.94222235	0.33498812
52.717297	-10.992350	104.562897	0	0	-0.95533648	0.29552023
-3.746596	-48.317307	124.631592	0	0	0.85688874	0.51550139
-4.758706	-47.964317	126.921700	0	0	0.85688874	0.51550139
3.546095	-52.535309	124.706497	0	0	0.94222235	0.33498812
-1.005853	-49.481720	120.494377	0	0	0.90407214	0.42737988
-22.616638	-3.595037	125.820648	0	0	-0.62160997	0.7833269
-22.600918	-3.610757	125.575188	0	0	-0.62160997	0.7833269
-22.627588	-3.584085	125.991631	0	0	-0.62160997	0.7833269
-22.573328	-3.638347	125.144417	0	0	-0.62160997	0.7833269
-22.568859	-3.642816	125.074631	0	0	-0.62160997	0.7833269
-22.554190	-3.657485	124.845581	0	0	-0.62160997	0.7833269
-22.544828	-3.666845	124.699440	0	0	-0.62160997	0.7833269
-22.540207	-3.671467	124.627274	0	0	-0.62160997	0.7833269
-22.532692	-3.678982	124.509949	0	0	-0.62160997	0.7833269
-22.488075	-3.723599	123.813309	0	0	-0.62160997	0.7833269
-22.740164	-3.471511	127.749352	0	0	-0.62160997	0.7833269
-10.875612	-43.309639	115.804634	0	0	0.73739371	0.67546319
-22.341011	-3.870664	121.517075	0	0	-0.62160997	0.7833269
-22.234968	-3.976705	119.861366	0	0	-0.62160997	0.7833269
-22.102896	-4.108778	117.799217	0	0	-0.54030229	0.84147099
-10.809205	-43.061806	112.971878	0	0	0.50484609	0.86320938
-10.900530	0.907483	100.243637	0	0	-0.76484218	0.64421769
-10.634903	-42.411301	105.536591	0	0	0.50484609	0.86320938
-23.691154	-2.520521	109.999153	0	0	-0.36235775	0.93203909
-10.547687	-42.085804	101.816124	0	0	0.73739371	0.67546319
-0.560047	-37.683723	90.660812	0	0	0	1
-10.523205	-41.994438	100.771812	0	0	0.50484609	0.86320938
-24.270897	-1.940778	108.075325	0	0	-0.54030229	0.84147099
-10.475855	-41.817726	98.751984	0	0	0.73739371	0.67546319
-24.161558	-2.050117	105.859886	0	0	-0.69670669	0.71735611
-25.124632	-41.408108	124.164459	0	0	0.66627604	0.74570519
-25.108952	-41.392429	123.919624	0	0	0.66627604	0.74570519
-25.107908	-41.391384	123.903328	0	0	0.66627604	0.74570519
-25.095440	-41.378918	123.708664	0	0	0.66627604	0.74570519
-25.091251	-41.374729	123.643265	0	0	0.66627604	0.74570519
-25.243601	-41.527077	126.021996	0	0	0.66627604	0.74570519
-25.049936	-41.333412	122.998192	0	0	0.66627604	0.74570519
-24.625048	-42.352859	124.618507	0	0	0.66627604	0.74570519
-23.488100	-44.199093	123.915443	0	0	0.73739371	0.67546319
-23.324459	-44.474384	123.868904	0	0	0.73739371	0.67546319
-24.826210	-41.109688	119.504974	0	0	0.66627604	0.74570519
-21.873869	-46.911591	123.438629	0	0	0.73739371	0.67546319
-33.207378	-13.679812	124.448189	0	0	-0.16996714	0.98544973
-33.203754	-13.680784	124.406754	0	0	-0.16996714	0.98544973
-33.201427	-13.681407	124.380165	0	0	-0.16996714	0.98544973
-33.158192	-13.692991	123.886009	0	0	-0.16996714	0.98544973
-33.153938	-13.694132	123.837379	0	0	-0.16996714	0.98544973
-33.131676	-13.700097	123.582901	0	0	-0.16996714	0.98544973
-33.128399	-13.700974	123.545471	0	0	-0.16996714	0.98544973
-33.121174	-13.702911	123.462868	0	0	-0.16996714	0.98544973
-33.104637	-13.707342	123.273842	0	0	-0.16996714	0.98544973
-33.067131	-13.717392	122.845169	0	0	-0.16996714	0.98544973
-33.378223	-13.634034	126.400986	0	0	-0.16996714	0.98544973
-24.552580	-40.836056	115.232574	0	0	0.66627604	0.74570519
-32.813026	-13.785479	119.940727	0	0	-0.16996714	0.98544973
-32.606030	-13.840943	117.574738	0	0	-0.16996714	0.98544973
-24.375715	-40.659191	112.471054	0	0	0.32328956	0.94630009
-32.403351	-13.895251	115.258125	0	0	-0.16996714	0.98544973
-29.245718	3.034043	113.137894	0	0	-0.26749883	0.96355818
-32.026340	-13.996271	110.948868	0	0	-0.16996714	0.98544973
-10.281068	-41.090771	90.442856	0	0	0.50484609	0.86320938
-23.962191	-40.245667	106.014412	0	0	0.32328956	0.94630009
-31.652004	-14.096574	106.670181	0	0	-0.16996714	0.98544973
-34.480938	-29.156590	124.065582	0	0	0.41614682	0.90929743
-34.461376	-29.151348	123.841980	0	0	0.41614682	0.90929743
-34.435352	-29.144375	123.544540	0	0	0.41614682	0.90929743
-34.426006	-29.141870	123.437706	0	0	0.41614682	0.90929743
-34.423462	-29.141190	123.408653	0	0	0.41614682	0.90929743
-34.415051	-29.138935	123.312508	0	0	0.41614682	0.90929743
-34.410332	-29.137671	123.258545	0	0	0.41614682	0.90929743
-34.400208	-29.134958	123.142822	0	0	0.41614682	0.90929743
-34.366940	-29.126043	122.762566	0	0	0.41614682	0.90929743
-34.357189	-29.123432	122.651146	0	0	0.41614682	0.90929743
-34.629944	-29.196516	125.768730	0	0	0.41614682	0.90929743
-31.536137	-14.127621	105.345810	0	0	-0.16996714	0.98544973
-34.055626	-29.042627	119.204247	0	0	0.41614682	0.90929743
-33.764832	-28.964710	115.880478	0	0	0.029199523	0.9995736
-23.691797	-39.975273	101.792564	0	0	0.32328956	0.94630009
-31.351454	-14.177106	103.234886	0	0	-0.16996714	0.98544973
-33.539761	-28.904402	113.307877	0	0	0.029199523	0.9995736
-23.636196	-39.919674	100.924416	0	0	0.32328956	0.94630009
38.891975	-32.998775	77.094383	0	0	0.99913515	0.041580682
-23.508080	-39.791557	98.924034	0	0	0.66627604	0.74570519
-33.074982	-28.779865	107.995438	0	0	0.029199523	0.9995736
14.560494	-16.015978	69.985664	0	0	-0.95533648	0.29552023
-32.687740	-28.676104	103.569267	0	0	0.029199523	0.9995736
-32.602821	-28.653349	102.598618	0	0	0.029199523	0.9995736
-30.683144	-14.356179	95.596054	0	0	0	1
-29.064154	2.852478	97.253159	0	0	-0.69670669	0.71735611
-32.424892	-28.605675	100.564896	0	0	0.029199523	0.9995736
-0.357976	-4.057285	72.193001	0	0	-0.69670669	0.71735611
-23.016920	-39.300396	91.255180	0	0	0.32328956	0.94630009
-31.775419	-28.431648	93.141380	0	0	0.029199523	0.9995736
8.567647	-7.715829	62.107098	0	0	-0.69670669	0.71735611
-11.625024	-8.677475	58.472134	0	0	-0.69670669	0.71735611
91.847038	-118.058716	77.094383	0	0	0.99913515	0.041580682
-105.888855	-58.261040	60.600349	0	0	0.73739371	0.67546319
44.660503	-206.449112	77.094383	0	0	0.99913515	0.041580682
-113.446655	-162.744034	66.808037	0	0	0.85688874	0.51550139
-11.625024	-221.530777	77.094383	0	0	0.97095818	0.23924928
-30.229090	-221.530777	75.466736	0	0	0.97095818	0.23924928
