11.833703	1.476616	0.473127	0	0	-0.82533563	0.56464246
11.657281	1.406050	0.476880	0	0	-0.82533563	0.56464246
11.885265	1.617738	0.631035	0	0	-0.26749883	0.96355818
11.892080	1.526594	0.257566	0	0	-0.82533563	0.56464246
11.733617	1.364049	0.655761	0	0	-0.82533563	0.56464246
12.018517	1.564929	0.597715	0	0	-0.26749883	0.96355818
11.706077	1.326272	0.131052	0	0	-0.82533563	0.56464246
12.177472	1.524973	0.734461	0	0	-0.82533563	0.56464246
12.034616	1.114909	0.297775	0	0	-0.82533563	0.56464246
11.824865	0.965915	0.175534	0	0	-0.26749883	0.96355818
11.926106	0.948380	0.067345	0	0	-0.82533563	0.56464246
11.999684	0.826241	0.059093	0	0	-0.26749883	0.96355818
12.099348	0.858969	0.033982	0	0	-0.82533563	0.56464246
11.230593	1.200508	0.931663	0	0	-0.26749883	0.96355818
12.183176	0.916968	-0.013368	0	0	-0.82533563	0.56464246
12.034023	0.814813	-0.118875	0	0	-0.82533563	0.56464246
12.100564	0.816442	-0.179237	0	0	-0.26749883	0.96355818
11.887280	0.787019	-0.368820	0	0	-0.82533563	0.56464246
12.185066	0.598549	-0.212493	0	0	-0.26749883	0.96355818
11.898819	0.775226	-0.498131	0	0	-0.82533563	0.56464246
11.714787	0.802495	-0.612618	0	0	-0.82533563	0.56464246
11.824605	0.634229	-0.608961	0	0	-0.45359611	0.89120736
11.182167	0.540497	-0.629299	0	0	-0.36235775	0.93203909
11.720122	0.420799	-0.776353	0	0	-0.54030229	0.84147099
11.641007	0.622731	-0.967060	0	0	-0.54030229	0.84147099
10.938710	1.134710	-1.213972	0	0	-0.82533563	0.56464246
10.426789	3.469352	-2.558022	0	0	-0.26749883	0.96355818
13.675138	-1.006382	-2.883672	0	0	-0.82533563	0.56464246
16.126446	3.955032	0.039461	0	0	-0.36235775	0.93203909
16.111940	3.977950	0.026856	0	0	-0.36235775	0.93203909
16.145121	3.947424	0.180833	0	0	-0.62160997	0.7833269
16.162960	3.921331	0.208295	0	0	-0.36235775	0.93203909
16.090860	4.045839	0.206172	0	0	-0.62160997	0.7833269
16.103687	3.958166	-0.167904	0	0	-0.36235775	0.93203909
16.213217	3.855011	0.326757	0	0	-0.36235775	0.93203909
16.132698	3.881983	-0.316140	0	0	-0.36235775	0.93203909
16.125360	4.026504	0.437178	0	0	-0.62160997	0.7833269
16.320068	3.589116	-0.135155	0	0	-0.36235775	0.93203909
11.280855	-3.350586	1.637816	0	0	-0.82533563	0.56464246
16.321270	3.561915	-0.278707	0	0	-0.62160997	0.7833269
16.346558	3.500529	-0.379223	0	0	-0.36235775	0.93203909
16.417236	3.376716	-0.387182	0	0	-0.62160997	0.7833269
16.426767	3.357406	-0.403188	0	0	-0.36235775	0.93203909
16.419720	3.362937	-0.441357	0	0	-0.36235775	0.93203909
16.417545	3.345641	-0.561712	0	0	-0.45359611	0.89120736
16.429321	3.315652	-0.616541	0	0	-0.54030229	0.84147099
16.373175	3.376951	-0.821999	0	0	-0.45359611	0.89120736
16.542061	3.114061	-0.652650	0	0	-0.62160997	0.7833269
16.371469	3.357512	-0.949973	0	0	-0.45359611	0.89120736
16.304087	3.452128	-1.076244	0	0	-0.45359611	0.89120736
16.279228	3.483287	-1.144221	0	0	-0.45359611	0.89120736
16.404749	3.278576	-1.071662	0	0	-0.54030229	0.84147099
16.457163	3.155730	-1.254903	0	0	-0.45359611	0.89120736
16.335819	3.333281	-1.441345	0	0	-0.45359611	0.89120736
15.917667	4.009313	-1.716962	0	0	-0.36235775	0.93203909
16.181150	-1.196440	2.660413	0	0	-0.87758258	0.4794255
16.315945	-1.699500	-1.823173	0	0	-0.76484218	0.64421769
16.922077	-0.997909	2.660413	0	0	-0.87758258	0.4794255
14.682459	5.926364	-2.987944	0	0	-0.36235775	0.93203909
18.147022	0.613597	0.944174	0	0	-0.62160997	0.7833269
17.411894	1.151035	-3.261171	0	0	-0.82533563	0.56464246
8.161568	3.218005	-5.387440	0	0	-0.76484218	0.64421769
18.042519	-1.236866	-1.823173	0	0	-0.76484218	0.64421769
18.655355	0.002800	2.485312	0	0	-0.92106097	0.38941839
6.603077	-3.754010	0.473127	0	0	-0.26749883	0.96355818
6.550149	-3.701082	0.476880	0	0	-0.26749883	0.96355818
6.651328	-3.802261	0.597715	0	0	-0.45359611	0.89120736
6.558298	-3.709230	0.631035	0	0	-0.45359611	0.89120736
6.609318	-3.760250	0.655761	0	0	-0.26749883	0.96355818
6.607277	-3.758210	0.257566	0	0	-0.26749883	0.96355818
6.750783	-3.901716	0.734461	0	0	-0.26749883	0.96355818
6.614436	-3.765368	0.131052	0	0	-0.26749883	0.96355818
6.884387	-4.035319	0.297775	0	0	-0.26749883	0.96355818
6.854009	-4.004941	0.175534	0	0	-0.45359611	0.89120736
6.439576	-3.590508	0.931663	0	0	-0.45359611	0.89120736
6.913397	-4.064329	0.067345	0	0	-0.26749883	0.96355818
7.011255	-4.162188	0.059093	0	0	-0.45359611	0.89120736
7.044724	-4.195656	0.033982	0	0	-0.36235775	0.93203909
7.057638	-4.208570	-0.013368	0	0	-0.36235775	0.93203909
7.034139	-4.185071	-0.118875	0	0	-0.36235775	0.93203909
7.066595	-4.217527	-0.179237	0	0	-0.45359611	0.89120736
6.974664	-4.125597	-0.368820	0	0	-0.36235775	0.93203909
7.217793	-4.368725	-0.212493	0	0	-0.45359611	0.89120736
6.986331	-4.137263	-0.498131	0	0	-0.36235775	0.93203909
6.745369	-3.896301	-0.629299	0	0	-0.45359611	0.89120736
6.880680	-4.031612	-0.612618	0	0	-0.36235775	0.93203909
7.019722	-4.170654	-0.608961	0	0	-0.36235775	0.93203909
13.567825	7.824625	-3.172775	0	0	-0.36235775	0.93203909
7.074195	-4.225128	-0.776353	0	0	-0.36235775	0.93203909
6.933672	-4.084604	-0.967060	0	0	-0.36235775	0.93203909
6.326534	-3.477466	-1.213972	0	0	-0.36235775	0.93203909
18.707405	-0.852993	-1.890342	0	0	-0.76484218	0.64421769
8.740254	-5.891187	1.637816	0	0	-0.76484218	0.64421769
4.903253	-2.054185	-2.558022	0	0	-0.76484218	0.64421769
13.998508	6.587965	-5.977107	0	0	-0.87758258	0.4794255
8.765293	-5.916226	-2.883672	0	0	-0.76484218	0.64421769
9.868413	-7.019345	-1.619828	0	0	0	1
10.234504	-7.385437	2.685924	0	0	0	1
13.276895	9.783790	5.144065	0	0	-0.36235775	0.93203909
10.087726	10.755257	-1.510651	0	0	-0.87758258	0.4794255
3.896315	-1.047248	-5.387440	0	0	-0.070737201	0.99749499
1.905974	1.091652	-1.994657	0	0	0.029199523	0.9995736
1.831695	1.017373	-1.994657	0	0	0.029199523	0.9995736
11.543591	11.595800	-1.657727	0	0	-0.87758258	0.4794255
12.951270	10.470120	5.843194	0	0	-0.54030229	0.84147099
1.090768	1.758299	-1.510651	0	0	0.029199523	0.9995736
5.025921	-2.176854	11.679811	0	0	-0.070737201	0.99749499
9.118282	-6.269214	-10.442429	0	0	0	1
10.563022	14.423066	4.793796	0	0	-0.87758258	0.4794255
6.687022	13.683709	5.906189	0	0	-0.87758258	0.4794255
9.973302	15.581044	5.574199	0	0	-0.87758258	0.4794255
-2.073810	4.922878	5.906189	0	0	-0.76484218	0.64421769
-1.309383	7.568531	5.993184	0	0	0.029199523	0.9995736
5.718775	15.012079	6.749384	0	0	-0.87758258	0.4794255
-3.014423	5.863491	5.993184	0	0	0.029199523	0.9995736
9.218293	17.032528	6.395852	0	0	-0.26749883	0.96355818
-3.222118	6.071186	6.749384	0	0	-0.62160997	0.7833269
29.012583	1.476616	-1.029830	0	0	-0.62160997	0.7833269
29.011568	1.406050	-1.041424	0	0	-0.62160997	0.7833269
29.024805	1.564929	-0.890142	0	0	-0.76484218	0.64421769
29.027679	1.364049	-0.857273	0	0	-0.62160997	0.7833269
29.026686	1.617738	-0.868645	0	0	-0.76484218	0.64421769
28.994310	1.526594	-1.238686	0	0	-0.62160997	0.7833269
29.037884	1.524973	-0.740634	0	0	-0.69670669	0.71735611
28.981913	1.326272	-1.380388	0	0	-0.62160997	0.7833269
28.998884	1.114909	-1.186407	0	0	-0.62160997	0.7833269
29.047813	1.200508	-0.627142	0	0	-0.76484218	0.64421769
28.986677	0.965915	-1.325930	0	0	-0.76484218	0.64421769
28.978054	0.948380	-1.424507	0	0	-0.62160997	0.7833269
28.972998	0.916968	-1.482287	0	0	-0.69670669	0.71735611
28.976473	0.858969	-1.442575	0	0	-0.69670669	0.71735611
28.977896	0.826241	-1.426308	0	0	-0.76484218	0.64421769
28.962704	0.814813	-1.599942	0	0	-0.69670669	0.71735611
28.957970	0.816442	-1.654068	0	0	-0.76484218	0.64421769
28.939888	0.787019	-1.860730	0	0	-0.69670669	0.71735611
28.955723	0.598549	-1.679735	0	0	-0.76484218	0.64421769
28.928749	0.775226	-1.988057	0	0	-0.69670669	0.71735611
28.917412	0.802495	-2.117653	0	0	-0.69670669	0.71735611
28.918562	0.634229	-2.104489	0	0	-0.69670669	0.71735611
28.911917	0.540497	-2.180451	0	0	-0.76484218	0.64421769
28.903234	0.420799	-2.279680	0	0	-0.69670669	0.71735611
28.886076	0.622731	-2.475808	0	0	-0.69670669	0.71735611
28.859304	1.134710	-2.781821	0	0	-0.62160997	0.7833269
28.860373	-1.236866	-2.769612	0	0	-0.62160997	0.7833269
28.722908	1.091652	-4.340835	0	0	-0.95533648	0.29552023
29.241144	-0.997909	1.582635	0	0	-0.98006658	0.19866933
28.738720	3.469352	-4.160109	0	0	-0.76484218	0.64421769
28.735119	-1.006382	-4.201250	0	0	-0.69670669	0.71735611
29.109507	-3.350586	0.078011	0	0	-0.69670669	0.71735611
-5.283303	2.334200	6.809892	0	0	-0.54030229	0.84147099
10.026943	13.565479	14.078329	0	0	-0.82533563	0.56464246
-0.344734	3.193802	14.078329	0	0	-0.36235775	0.93203909
28.475851	3.218005	-7.164710	0	0	-0.62160997	0.7833269
29.454229	-2.565018	4.018219	0	0	-0.62160997	0.7833269
11.492595	14.411674	13.930264	0	0	-0.82533563	0.56464246
29.392021	7.568531	3.307159	0	0	-0.95533648	0.29552023
29.518383	-4.789586	4.751486	0	0	-0.76484218	0.64421769
28.827080	10.755257	-3.150132	0	0	-0.76484218	0.64421769
-7.902229	-1.630198	6.849529	0	0	0	1
-8.310671	4.162770	7.608902	0	0	-0.26749883	0.96355818
29.445210	13.683709	3.915106	0	0	-0.54030229	0.84147099
29.511065	15.012079	4.667829	0	0	-0.54030229	0.84147099
-1.674290	4.523358	19.837831	0	0	-0.26749883	0.96355818
10.420159	16.617807	19.837831	0	0	-0.92106097	0.38941839
10.714550	16.787773	19.808092	0	0	-0.92106097	0.38941839
30.180119	13.565479	12.315154	0	0	-0.69670669	0.71735611
34.040878	-10.235836	-1.680573	0	0	0	1
34.040874	-10.235826	-1.680688	0	0	-0.82533563	0.56464246
34.047737	-10.246056	-1.554296	0	0	0	1
34.033607	-10.224999	-1.814471	0	0	0	1
34.048908	-10.247804	-1.532691	0	0	0	1
34.050900	-10.250772	-1.496016	0	0	0	1
34.029236	-10.218485	-1.894973	0	0	0	1
34.027069	-10.215254	-1.934899	0	0	0	1
34.055729	-10.257969	-1.407084	0	0	-0.82533563	0.56464246
34.022762	-10.208832	-2.014242	0	0	-0.82533563	0.56464246
34.021927	-10.207585	-2.029644	0	0	-0.87758258	0.4794255
34.021622	-10.207134	-2.035219	0	0	0	1
34.020721	-10.205794	-2.051783	0	0	0	1
34.018169	-10.201987	-2.098827	0	0	0	1
34.064983	-10.271762	-1.236656	0	0	0	1
34.012505	-10.193542	-2.203175	0	0	-0.82533563	0.56464246
34.009441	-10.188982	-2.259520	0	0	0	1
34.008850	-10.188097	-2.270450	0	0	-0.87758258	0.4794255
33.998753	-10.173046	-2.456433	0	0	0	1
33.991882	-10.162806	-2.582961	0	0	-0.82533563	0.56464246
33.986317	-10.154512	-2.685437	0	0	0	1
33.985065	-10.152650	-2.708456	0	0	0	1
33.983753	-10.150694	-2.732625	0	0	0	1
33.977936	-10.142023	-2.839763	0	0	0	1
33.966568	-10.125080	-3.049120	0	0	0	1
-12.570031	-0.734906	6.538493	0	0	0	1
34.122925	-10.358119	-0.169591	0	0	0	1
33.949009	-10.098907	-3.372528	0	0	0	1
33.947311	-10.096377	-3.403776	0	0	-0.82533563	0.56464246
34.184162	-10.449391	0.958204	0	0	0	1
33.880825	-9.997280	-4.628266	0	0	0	1
33.876511	-9.990853	-4.707685	0	0	0	1
33.865059	-9.973781	-4.918633	0	0	-0.82533563	0.56464246
-8.159055	11.008122	13.166652	0	0	0.1288445	0.99166481
34.272884	-10.581633	2.592235	0	0	0	1
34.367680	-10.722919	4.338036	0	0	0	1
33.707348	-9.738722	-7.823120	0	0	0	1
34.426689	-10.810869	5.424775	0	0	0	1
36.949268	-4.753263	-4.224290	0	0	-0.87758258	0.4794255
37.895832	-4.334705	2.753376	0	0	-0.76484218	0.64421769
5.338573	24.505751	13.166652	0	0	-0.16996714	0.98544973
5.523950	24.612778	13.147924	0	0	-0.16996714	0.98544973
38.282486	-3.788589	3.459694	0	0	-0.82533563	0.56464246
-5.283374	8.132442	21.523525	0	0	-0.45359611	0.89120736
5.657198	19.073013	21.523525	0	0	-0.070737201	0.99749499
8.568364	20.753777	21.229429	0	0	-0.16996714	0.98544973
-5.755571	8.604638	22.527161	0	0	-0.54030229	0.84147099
39.313511	-3.343129	11.119705	0	0	-0.87758258	0.4794255
30.683168	16.617807	18.065048	0	0	-0.62160997	0.7833269
30.065350	24.505751	11.003340	0	0	-0.98006658	0.19866933
30.793346	19.073013	19.324398	0	0	-0.69670669	0.71735611
42.747448	2.907725	9.387487	0	0	0.98999249	0.14112005
-10.768200	13.617268	20.860842	0	0	-0.26749883	0.96355818
42.690018	-11.385071	-1.724786	0	0	0	1
42.689922	-11.384872	-1.727296	0	0	-0.82533563	0.56464246
42.694683	-11.394629	-1.603513	0	0	0	1
42.684612	-11.373991	-1.865350	0	0	0	1
42.695599	-11.396509	-1.579664	0	0	0	1
42.697083	-11.399550	-1.541071	0	0	0	1
42.681629	-11.367880	-1.942893	0	0	0	1
42.680088	-11.364717	-1.983009	0	0	-0.82533563	0.56464246
42.700253	-11.406050	-1.458620	0	0	0	1
42.677132	-11.358660	-2.059872	0	0	0	1
42.676319	-11.356997	-2.080964	0	0	0	1
42.676159	-11.356668	-2.085137	0	0	0	1
42.675407	-11.355131	-2.104640	0	0	0	1
42.673550	-11.351322	-2.152966	0	0	0	1
42.707367	-11.420626	-1.273681	0	0	-0.87758258	0.4794255
42.669613	-11.343250	-2.255369	0	0	0	1
42.667400	-11.338719	-2.312858	0	0	0	1
42.666912	-11.337715	-2.325593	0	0	-0.82533563	0.56464246
42.659943	-11.323430	-2.506833	0	0	-0.82533563	0.56464246
42.655060	-11.313423	-2.633795	0	0	-0.82533563	0.56464246
42.651142	-11.305401	-2.735583	0	0	0	1
42.650337	-11.303747	-2.756564	0	0	0	1
42.649708	-11.302455	-2.772953	0	0	0	1
42.645245	-11.293309	-2.888990	0	0	0	1
42.637241	-11.276910	-3.097056	0	0	0	1
42.748081	-11.504068	-0.215026	0	0	0	1
42.625248	-11.252328	-3.408932	0	0	0	1
42.619556	-11.240667	-3.556866	0	0	0	1
42.788311	-11.586518	0.831045	0	0	0	1
42.583736	-11.167252	-4.488319	0	0	0	1
42.582325	-11.164358	-4.525028	0	0	0.94222235	0.33498812
41.158779	-1.129144	16.732517	0	0	-0.82533563	0.56464246
42.571980	-11.143160	-4.793981	0	0	0	1
42.566177	-11.131267	-4.944871	0	0	0	1
42.853001	-11.719093	2.513066	0	0	-0.82533563	0.56464246
42.862980	-11.739544	2.772524	0	0	0	1
42.879765	-11.773944	3.208970	0	0	-0.82533563	0.56464246
42.455624	-10.904693	-7.819485	0	0	0	1
42.933537	-11.884148	4.607156	0	0	-0.82533563	0.56464246
41.122715	-1.403012	17.940685	0	0	-0.82533563	0.56464246
42.978474	-11.976240	5.775553	0	0	0	1
-5.969203	8.818271	29.192448	0	0	-0.070737201	0.99749499
43.088024	-12.200759	8.624091	0	0	0	1
7.541767	31.046173	22.527161	0	0	-0.69670669	0.71735611
46.683247	-10.620142	13.524821	0	0	0	1
20.032974	34.393181	22.527161	0	0	-0.95533648	0.29552023
5.994850	36.819347	20.860842	0	0	-0.92106097	0.38941839
48.456482	-9.840552	15.941953	0	0	-0.95533648	0.29552023
-12.778495	15.627563	32.162586	0	0	-0.16996714	0.98544973
12.954032	10.847326	42.071590	0	0	0	1
14.790730	39.176197	20.860842	0	0	-0.95533648	0.29552023
30.989687	34.393181	21.568571	0	0	-0.36235775	0.93203909
30.805189	39.176197	19.459757	0	0	-0.36235775	0.93203909
51.457462	16.250246	19.352556	0	0	-0.82533563	0.56464246
52.047115	17.666212	17.097082	0	0	-0.76484218	0.64421769
8.090896	28.996798	38.391373	0	0	-0.070737201	0.99749499
55.075256	-6.930652	24.964149	0	0	0	1
3.917543	44.571960	32.162586	0	0	-0.16996714	0.98544973
35.277512	36.916969	38.391373	0	0	-0.36235775	0.93203909
36.463444	36.599201	38.391373	0	0	-0.36235775	0.93203909
20.649115	49.055172	32.162586	0	0	-0.95533648	0.29552023
61.245808	-4.217810	33.375362	0	0	0.90407214	0.42737988
31.830954	49.055172	31.184301	0	0	-0.87758258	0.4794255
58.640114	27.121058	28.324612	0	0	-0.82533563	0.56464246
35.848442	39.047703	44.291584	0	0	-0.99500417	0.099833397
57.799522	24.280809	36.235935	0	0	-0.54030229	0.84147099
74.644058	36.246922	44.291580	0	0	0.98999249	0.14112005
-7.053175	85.515244	-12.167677	0	0	-0.76484218	0.64421769
85.018303	25.872679	44.291580	0	0	0.97095818	0.23924928
92.524811	12.871030	42.978115	0	0	0.94222235	0.33498812
104.555237	-19.293139	-6.276536	0	0	0	1
104.601418	-19.332167	-5.830433	0	0	-0.87758258	0.4794255
104.687569	-19.404970	-4.998276	0	0	-0.87758258	0.4794255
105.098091	-19.751913	-1.032714	0	0	0.90407214	0.42737988
105.337402	-19.954161	1.278994	0	0	-0.87758258	0.4794255
105.849236	-20.386723	6.223187	0	0	-0.87758258	0.4794255
105.899872	-20.429518	6.712343	0	0	0	1
105.999275	-20.513521	7.672523	0	0	-0.87758258	0.4794255
106.116333	-20.612448	8.803254	0	0	-0.87758258	0.4794255
106.971901	-21.335508	17.067877	0	0	-0.87758258	0.4794255
107.174522	-21.506748	19.025154	0	0	0.85688874	0.51550139
-88.628288	91.477348	6.188861	0	0	0.029199523	0.9995736
157.319077	55.737801	-11.046930	0	0	0.99913515	0.041580682
167.199753	-19.527737	-3.595064	0	0	0	1
68.062340	159.271622	-12.167677	0	0	-0.92106097	0.38941839
198.652054	79.601410	-11.046930	0	0	-0.76484218	0.64421769
168.135864	132.457001	-12.167677	0	0	-0.95533648	0.29552023
-40.150246	209.035187	6.188861	0	0	-0.16996714	0.98544973
144.882385	181.973022	-2.970699	0	0	-0.62160997	0.7833269
54.214508	234.320145	6.188861	0	0	-0.36235775	0.93203909
