66.221031	136.357422	-14.685180	0	0	-0.54030229	0.84147099
66.190765	136.316147	-14.789029	0	0	-0.99500417	0.099833397
66.246460	136.411926	-14.575623	0	0	-0.54030229	0.84147099
66.156937	136.283447	-14.891153	0	0	-0.99500417	0.099833397
66.266808	136.484131	-14.453984	0	0	-0.99500417	0.099833397
66.119652	136.256836	-14.994062	0	0	-0.99500417	0.099833397
66.278656	136.581848	-14.318673	0	0	-0.99500417	0.099833397
66.287003	136.722519	-14.127318	0	0	-0.99500417	0.099833397
66.253548	136.919098	-13.907958	0	0	-0.99500417	0.099833397
66.657120	136.350800	-13.419179	0	0	-0.99500417	0.099833397
66.784653	136.983307	-13.403395	0	0	-0.99500417	0.099833397
66.193161	137.346466	-13.398409	0	0	-0.99500417	0.099833397
66.801224	137.439407	-15.917836	0	0	-0.54030229	0.84147099
66.155754	137.481766	-12.993604	0	0	-0.99500417	0.099833397
73.938423	136.785507	-10.178566	0	0	-0.62160997	0.7833269
75.132896	137.430588	-6.041770	0	0	-0.54030229	0.84147099
74.354591	143.154022	-7.958440	0	0	-0.99500417	0.099833397
66.657928	147.751694	-0.204728	0	0	-0.99500417	0.099833397
68.731781	159.275589	-32.508377	0	0	-0.98006658	0.19866933
81.918083	127.294731	11.200565	0	0	-0.87758258	0.4794255
81.931664	127.228134	11.169015	0	0	-0.87758258	0.4794255
81.900421	127.374107	11.239064	0	0	-0.87758258	0.4794255
81.943077	127.169312	11.141500	0	0	-0.87758258	0.4794255
81.953072	127.115402	11.116564	0	0	-0.87758258	0.4794255
81.876541	127.471848	11.287766	0	0	-0.82533563	0.56464246
81.844322	127.595001	11.350417	0	0	-0.82533563	0.56464246
81.730492	127.648193	11.438068	0	0	-0.99500417	0.099833397
81.792793	127.770241	11.443021	0	0	-0.82533563	0.56464246
81.706337	127.997421	11.574984	0	0	-0.82533563	0.56464246
81.910240	128.250549	11.539958	0	0	-0.99500417	0.099833397
83.010818	128.080795	10.813140	0	0	-0.69670669	0.71735611
81.514397	128.500748	11.867586	0	0	-0.87758258	0.4794255
81.340782	128.714676	12.047771	0	0	-0.69670669	0.71735611
85.958519	129.845703	9.643561	0	0	-0.62160997	0.7833269
85.266899	131.579712	10.670044	0	0	-0.62160997	0.7833269
86.275864	136.271271	11.700738	0	0	-0.99500417	0.099833397
34.145943	144.951920	-14.685180	0	0	-0.82533563	0.56464246
34.133595	144.905838	-14.789029	0	0	-0.76484218	0.64421769
34.161270	145.009125	-14.575623	0	0	-0.82533563	0.56464246
34.123154	144.866867	-14.891153	0	0	-0.76484218	0.64421769
34.180683	145.081573	-14.453984	0	0	-0.76484218	0.64421769
34.114002	144.832718	-14.994062	0	0	-0.76484218	0.64421769
34.205906	145.175705	-14.318673	0	0	-0.76484218	0.64421769
34.241634	145.309052	-14.127318	0	0	-0.76484218	0.64421769
34.288536	145.484100	-13.907958	0	0	-0.76484218	0.64421769
34.173500	145.054764	-13.419179	0	0	-0.45359611	0.89120736
34.340168	145.676788	-13.403396	0	0	-0.45359611	0.89120736
34.391335	145.867737	-13.398409	0	0	-0.76484218	0.64421769
34.455303	146.106476	-15.917836	0	0	-0.82533563	0.56464246
34.422653	145.984619	-12.993604	0	0	-0.54030229	0.84147099
83.513847	138.019928	13.987829	0	0	-0.99500417	0.099833397
34.769928	147.280670	-10.178566	0	0	-0.76484218	0.64421769
35.011215	148.181152	-6.041770	0	0	-0.69670669	0.71735611
36.389938	153.326630	-7.958440	0	0	-0.98006658	0.19866933
37.023777	155.692139	-0.204728	0	0	-0.98006658	0.19866933
94.326408	144.498520	9.699298	0	0	-0.99500417	0.099833397
40.043671	166.962540	-32.508377	0	0	-0.95533648	0.29552023
103.073395	171.898056	13.987829	0	0	-0.54030229	0.84147099
63.921440	213.762466	-33.812344	0	0	-0.54030229	0.84147099
114.373611	52.954712	14.165536	0	0	-0.98006658	0.19866933
114.333038	52.931286	14.165536	0	0	-0.95533648	0.29552023
114.416283	52.979347	14.165536	0	0	-0.98006658	0.19866933
114.293510	52.908463	14.165536	0	0	-0.95533648	0.29552023
114.462807	53.006207	14.165536	0	0	-0.95533648	0.29552023
114.254021	52.885666	14.165536	0	0	-0.95533648	0.29552023
114.514008	53.035767	14.165536	0	0	-0.95533648	0.29552023
114.581177	53.074547	14.165536	0	0	-0.95533648	0.29552023
114.641212	53.109207	14.165536	0	0	-0.95533648	0.29552023
114.697815	53.141888	14.165536	0	0	-0.87758258	0.4794255
114.780975	53.189903	14.165536	0	0	-0.95533648	0.29552023
114.811508	53.207527	14.165536	0	0	-0.92106097	0.38941839
115.067345	53.355236	14.165536	0	0	-0.92106097	0.38941839
115.277267	53.476437	14.165536	0	0	-0.98006658	0.19866933
119.635147	55.992462	14.165536	0	0	-0.76484218	0.64421769
120.347023	56.403461	14.165536	0	-0	-1	-4.371139e-08
121.146782	56.865204	14.165536	0	0	0.99913515	0.041580682
121.522202	57.081951	14.165536	0	0	0.98999249	0.14112005
123.416794	58.175797	14.165536	0	0	-0.82533563	0.56464246
126.180527	59.771439	14.165536	0	0	0.97095818	0.23924928
30.562101	213.762466	-81.454414	0	0	-0.45359611	0.89120736
-41.398975	107.520737	-14.685180	0	0	-0.62160997	0.7833269
-41.390682	107.489777	-14.789029	0	0	-0.62160997	0.7833269
-41.410896	107.565224	-14.575623	0	0	-0.62160997	0.7833269
-41.384773	107.467728	-14.891153	0	0	-0.62160997	0.7833269
-41.427586	107.627502	-14.453984	0	0	-0.62160997	0.7833269
-41.380615	107.452217	-14.994062	0	0	-0.62160997	0.7833269
-41.451218	107.715714	-14.318673	0	0	-0.62160997	0.7833269
-41.485828	107.844872	-14.127318	0	0	-0.62160997	0.7833269
-41.537216	108.036652	-13.907958	0	0	-0.62160997	0.7833269
-41.368107	107.405533	-13.419179	0	0	-0.54030229	0.84147099
-41.517689	107.963783	-13.403395	0	0	-0.54030229	0.84147099
-41.630608	108.385193	-15.917835	0	0	-0.62160997	0.7833269
-41.648102	108.450478	-13.398409	0	0	-0.62160997	0.7833269
-41.684433	108.586067	-12.993604	0	0	-0.54030229	0.84147099
-40.989025	105.990784	-10.178566	0	0	-0.62160997	0.7833269
-42.553280	111.828659	-7.958440	0	0	-0.45359611	0.89120736
-41.070282	106.294037	-6.041770	0	0	-0.62160997	0.7833269
-44.218277	118.042503	-0.204728	0	0	-0.36235775	0.93203909
-46.960327	128.275986	-32.508377	0	0	-0.36235775	0.93203909
-63.138931	188.655350	-81.454414	0	0	-0.26749883	0.96355818
-46.755074	23.381321	-14.685180	0	0	-0.36235775	0.93203909
-46.749561	23.375811	-14.789029	0	0	-0.36235775	0.93203909
-46.769608	23.395855	-14.575623	0	0	-0.36235775	0.93203909
-46.750126	23.376375	-14.891153	0	0	-0.36235775	0.93203909
-46.795540	23.421787	-14.453984	0	0	-0.36235775	0.93203909
-46.755463	23.381712	-14.994062	0	0	-0.36235775	0.93203909
-46.838470	23.464718	-14.318673	0	0	-0.36235775	0.93203909
-46.904633	23.530880	-14.127318	0	0	-0.36235775	0.93203909
-47.019653	23.645901	-13.907958	0	0	-0.36235775	0.93203909
-46.786205	23.412453	-13.403395	0	0	-0.36235775	0.93203909
-47.005974	23.632221	-15.917835	0	0	-0.36235775	0.93203909
-46.533722	23.159967	-13.419179	0	0	-0.45359611	0.89120736
-47.263523	23.889772	-13.398409	0	0	-0.36235775	0.93203909
-47.349880	23.976128	-12.993604	0	0	-0.36235775	0.93203909
-46.086594	22.712843	-7.958440	0	0	-0.45359611	0.89120736
-43.110413	19.736662	-10.178566	0	0	-0.36235775	0.93203909
-42.835724	19.461971	-6.041770	0	0	-0.36235775	0.93203909
-52.233757	28.860006	-0.204728	0	0	-0.45359611	0.89120736
-58.891346	35.517593	-28.467472	0	0	-0.45359611	0.89120736
-106.739899	83.366150	-74.234680	0	0	-0.26749883	0.96355818
