12.348970	-16.722202	226.249191	0.000000	0.000000	3.058407
8.656297	-28.206657	227.660904	0.000000	0.000000	2.858407
-1.746995	-35.934284	231.486389	0.000000	0.000000	2.258407
-15.029836	-35.971931	236.700607	0.000000	0.000000	1.458407
-52.223190	-55.006805	238.483170	0.000000	0.000000	1.858407
-106.314529	-37.407562	238.483170	0.000000	0.000000	1.458407
-119.671562	12.441564	238.483170	0.000000	0.000000	1.058407
-119.671562	12.441564	238.483170	0.000000	0.000000	1.058407
-119.671562	12.441564	238.483170	0.000000	0.000000	1.058407
-91.010406	62.084137	233.468124	0.000000	0.000000	0.458407
-27.828602	65.467125	229.204895	0.000000	0.000000	-0.141593
11.869628	12.441564	226.974808	0.000000	0.000000	-1.541593
12.348970	-16.722202	226.249191	0.000000	0.000000	3.058407
8.656297	-28.206657	227.660904	0.000000	0.000000	2.858407
-1.746995	-35.934284	231.486389	0.000000	0.000000	2.258407
-15.029836	-35.971931	236.700607	0.000000	0.000000	1.458407
-52.223190	-55.006805	238.483170	0.000000	0.000000	1.858407
-106.314529	-37.407562	238.483170	0.000000	0.000000	1.458407
-119.671562	12.441564	238.483170	0.000000	0.000000	1.058407
-119.671562	12.441564	238.483170	0.000000	0.000000	1.058407
-119.671562	12.441564	238.483170	0.000000	0.000000	1.058407
-91.010406	62.084137	233.468124	0.000000	0.000000	0.458407
-27.828602	65.467125	229.204895	0.000000	0.000000	-0.141593
11.869628	12.441564	226.974808	0.000000	0.000000	-1.541593
12.348970	-16.722202	226.249191	0.000000	0.000000	3.058407
8.656297	-28.206657	227.660904	0.000000	0.000000	2.858407
-1.746995	-35.934284	231.486389	0.000000	0.000000	2.258407
-15.029836	-35.971931	236.700607	0.000000	0.000000	1.458407
-52.223190	-55.006805	238.483170	0.000000	0.000000	1.858407
-106.314529	-37.407562	238.483170	0.000000	0.000000	1.458407
-119.671562	12.441564	238.483170	0.000000	0.000000	1.058407
-119.671562	12.441564	238.483170	0.000000	0.000000	1.058407
-119.671562	12.441564	238.483170	0.000000	0.000000	1.058407
-91.010406	62.084137	233.468124	0.000000	0.000000	0.458407
-27.828602	65.467125	229.204895	0.000000	0.000000	-0.141593
11.869628	12.441564	226.974808	0.000000	0.000000	-1.541593
12.348970	-16.722202	226.249191	0.000000	0.000000	3.058407
8.656297	-28.206657	227.660904	0.000000	0.000000	2.858407
-1.746995	-35.934284	231.486389	0.000000	0.000000	2.258407
-15.029836	-35.971931	236.700607	0.000000	0.000000	1.458407
-52.223190	-55.006805	238.483170	0.000000	0.000000	1.858407
-106.314529	-37.407562	238.483170	0.000000	0.000000	1.458407
-119.671562	12.441564	238.483170	0.000000	0.000000	1.058407
-119.671562	12.441564	238.483170	0.000000	0.000000	1.058407
-119.671562	12.441564	238.483170	0.000000	0.000000	1.058407
-91.010406	62.084137	233.468124	0.000000	0.000000	0.458407
-27.828602	65.467125	229.204895	0.000000	0.000000	-0.141593
11.869628	12.441564	226.974808	0.000000	0.000000	-1.541593
12.348970	-16.722202	226.249191	0.000000	0.000000	3.058407
8.656297	-28.206657	227.660904	0.000000	0.000000	2.858407
-1.746995	-35.934284	231.486389	0.000000	0.000000	2.258407
-15.029836	-35.971931	236.700607	0.000000	0.000000	1.458407
-52.223190	-55.006805	238.483170	0.000000	0.000000	1.858407
-106.314529	-37.407562	238.483170	0.000000	0.000000	1.458407
-119.671562	12.441564	238.483170	0.000000	0.000000	1.058407
-119.671562	12.441564	238.483170	0.000000	0.000000	1.058407
-119.671562	12.441564	238.483170	0.000000	0.000000	1.058407
-91.010406	62.084137	233.468124	0.000000	0.000000	0.458407
-27.828602	65.467125	229.204895	0.000000	0.000000	-0.141593
11.869628	12.441564	226.974808	0.000000	0.000000	-1.541593
12.348970	-16.722202	226.249191	0.000000	0.000000	3.058407
8.656297	-28.206657	227.660904	0.000000	0.000000	2.858407
-1.746995	-35.934284	231.486389	0.000000	0.000000	2.258407
-15.029836	-35.971931	236.700607	0.000000	0.000000	1.458407
-52.223190	-55.006805	238.483170	0.000000	0.000000	1.858407
-106.314529	-37.407562	238.483170	0.000000	0.000000	1.458407
-119.671562	12.441564	238.483170	0.000000	0.000000	1.058407
-119.671562	12.441564	238.483170	0.000000	0.000000	1.058407
-119.671562	12.441564	238.483170	0.000000	0.000000	1.058407
-91.010406	62.084137	233.468124	0.000000	0.000000	0.458407
-27.828602	65.467125	229.204895	0.000000	0.000000	-0.141593
11.869628	12.441564	226.974808	0.000000	0.000000	-1.541593
12.348970	-16.722202	226.249191	0.000000	0.000000	3.058407
8.656297	-28.206657	227.660904	0.000000	0.000000	2.858407
-1.746995	-35.934284	231.486389	0.000000	0.000000	2.258407
-15.029836	-35.971931	236.700607	0.000000	0.000000	1.458407
-52.223190	-55.006805	238.483170	0.000000	0.000000	1.858407
-106.314529	-37.407562	238.483170	0.000000	0.000000	1.458407
-119.671562	12.441564	238.483170	0.000000	0.000000	1.058407
-119.671562	12.441564	238.483170	0.000000	0.000000	1.058407
-119.671562	12.441564	238.483170	0.000000	0.000000	1.058407
-91.010406	62.084137	233.468124	0.000000	0.000000	0.458407
-27.828602	65.467125	229.204895	0.000000	0.000000	-0.141593
11.869628	12.441564	226.974808	0.000000	0.000000	-1.541593
12.348970	-16.722202	226.249191	0.000000	0.000000	3.058407
8.656297	-28.206657	227.660904	0.000000	0.000000	2.858407
-1.746995	-35.934284	231.486389	0.000000	0.000000	2.258407
-15.029836	-35.971931	236.700607	0.000000	0.000000	1.458407
-52.223190	-55.006805	238.483170	0.000000	0.000000	1.858407
-106.314529	-37.407562	238.483170	0.000000	0.000000	1.458407
-119.671562	12.441564	238.483170	0.000000	0.000000	1.058407
-119.671562	12.441564	238.483170	0.000000	0.000000	1.058407
-119.671562	12.441564	238.483170	0.000000	0.000000	1.058407
-91.010406	62.084137	233.468124	0.000000	0.000000	0.458407
-27.828602	65.467125	229.204895	0.000000	0.000000	-0.141593
11.869628	12.441564	226.974808	0.000000	0.000000	-1.541593
12.348970	-16.722202	226.249191	0.000000	0.000000	3.058407
8.656297	-28.206657	227.660904	0.000000	0.000000	2.858407
-1.746995	-35.934284	231.486389	0.000000	0.000000	2.258407
-15.029836	-35.971931	236.700607	0.000000	0.000000	1.458407
-52.223190	-55.006805	238.483170	0.000000	0.000000	1.858407
-106.314529	-37.407562	238.483170	0.000000	0.000000	1.458407
-119.671562	12.441564	238.483170	0.000000	0.000000	1.058407
-119.671562	12.441564	238.483170	0.000000	0.000000	1.058407
-119.671562	12.441564	238.483170	0.000000	0.000000	1.058407
-91.010406	62.084137	233.468124	0.000000	0.000000	0.458407
-27.828602	65.467125	229.204895	0.000000	0.000000	-0.141593
11.869628	12.441564	226.974808	0.000000	0.000000	-1.541593
12.348970	-16.722202	226.249191	0.000000	0.000000	3.058407
8.656297	-28.206657	227.660904	0.000000	0.000000	2.858407
-1.746995	-35.934284	231.486389	0.000000	0.000000	2.258407
-15.029836	-35.971931	236.700607	0.000000	0.000000	1.458407
-52.223190	-55.006805	238.483170	0.000000	0.000000	1.858407
-106.314529	-37.407562	238.483170	0.000000	0.000000	1.458407
-119.671562	12.441564	238.483170	0.000000	0.000000	1.058407
-119.671562	12.441564	238.483170	0.000000	0.000000	1.058407
-119.671562	12.441564	238.483170	0.000000	0.000000	1.058407
-91.010406	62.084137	233.468124	0.000000	0.000000	0.458407
-27.828602	65.467125	229.204895	0.000000	0.000000	-0.141593
11.869628	12.441564	226.974808	0.000000	0.000000	-1.541593
12.348970	-16.722202	226.249191	0.000000	0.000000	3.058407
8.656297	-28.206657	227.660904	0.000000	0.000000	2.858407
-1.746995	-35.934284	231.486389	0.000000	0.000000	2.258407
-15.029836	-35.971931	236.700607	0.000000	0.000000	1.458407
-52.223190	-55.006805	238.483170	0.000000	0.000000	1.858407
-106.314529	-37.407562	238.483170	0.000000	0.000000	1.458407
-119.671562	12.441564	238.483170	0.000000	0.000000	1.058407
-119.671562	12.441564	238.483170	0.000000	0.000000	1.058407
-119.671562	12.441564	238.483170	0.000000	0.000000	1.058407
-91.010406	62.084137	233.468124	0.000000	0.000000	0.458407
-27.828602	65.467125	229.204895	0.000000	0.000000	-0.141593
11.869628	12.441564	226.974808	0.000000	0.000000	-1.541593
12.348970	-16.722202	226.249191	0.000000	0.000000	3.058407
8.656297	-28.206657	227.660904	0.000000	0.000000	2.858407
-1.746995	-35.934284	231.486389	0.000000	0.000000	2.258407
-15.029836	-35.971931	236.700607	0.000000	0.000000	1.458407
-52.223190	-55.006805	238.483170	0.000000	0.000000	1.858407
-106.314529	-37.407562	238.483170	0.000000	0.000000	1.458407
-119.671562	12.441564	238.483170	0.000000	0.000000	1.058407
-119.671562	12.441564	238.483170	0.000000	0.000000	1.058407
-119.671562	12.441564	238.483170	0.000000	0.000000	1.058407
-91.010406	62.084137	233.468124	0.000000	0.000000	0.458407
-27.828602	65.467125	229.204895	0.000000	0.000000	-0.141593
11.869628	12.441564	226.974808	0.000000	0.000000	-1.541593
12.348970	-16.722202	226.249191	0.000000	0.000000	3.058407
8.656297	-28.206657	227.660904	0.000000	0.000000	2.858407
-1.746995	-35.934284	231.486389	0.000000	0.000000	2.258407
-15.029836	-35.971931	236.700607	0.000000	0.000000	1.458407
-52.223190	-55.006805	238.483170	0.000000	0.000000	1.858407
-106.314529	-37.407562	238.483170	0.000000	0.000000	1.458407
-119.671562	12.441564	238.483170	0.000000	0.000000	1.058407
-119.671562	12.441564	238.483170	0.000000	0.000000	1.058407
-119.671562	12.441564	238.483170	0.000000	0.000000	1.058407
-91.010406	62.084137	233.468124	0.000000	0.000000	0.458407
-27.828602	65.467125	229.204895	0.000000	0.000000	-0.141593
11.869628	12.441564	226.974808	0.000000	0.000000	-1.541593
12.348970	-16.722202	226.249191	0.000000	0.000000	3.058407
8.656297	-28.206657	227.660904	0.000000	0.000000	2.858407
-1.746995	-35.934284	231.486389	0.000000	0.000000	2.258407
-15.029836	-35.971931	236.700607	0.000000	0.000000	1.458407
-52.223190	-55.006805	238.483170	0.000000	0.000000	1.858407
-106.314529	-37.407562	238.483170	0.000000	0.000000	1.458407
-119.671562	12.441564	238.483170	0.000000	0.000000	1.058407
-119.671562	12.441564	238.483170	0.000000	0.000000	1.058407
-119.671562	12.441564	238.483170	0.000000	0.000000	1.058407
-91.010406	62.084137	233.468124	0.000000	0.000000	0.458407
-27.828602	65.467125	229.204895	0.000000	0.000000	-0.141593
11.869628	12.441564	226.974808	0.000000	0.000000	-1.541593
12.348970	-16.722202	226.249191	0.000000	0.000000	3.058407
8.656297	-28.206657	227.660904	0.000000	0.000000	2.858407
-1.746995	-35.934284	231.486389	0.000000	0.000000	2.258407
-15.029836	-35.971931	236.700607	0.000000	0.000000	1.458407
-52.223190	-55.006805	238.483170	0.000000	0.000000	1.858407
-106.314529	-37.407562	238.483170	0.000000	0.000000	1.458407
-119.671562	12.441564	238.483170	0.000000	0.000000	1.058407
-119.671562	12.441564	238.483170	0.000000	0.000000	1.058407
-119.671562	12.441564	238.483170	0.000000	0.000000	1.058407
-91.010406	62.084137	233.468124	0.000000	0.000000	0.458407
-27.828602	65.467125	229.204895	0.000000	0.000000	-0.141593
11.869628	12.441564	226.974808	0.000000	0.000000	-1.541593
12.348970	-16.722202	226.249191	0.000000	0.000000	3.058407
8.656297	-28.206657	227.660904	0.000000	0.000000	2.858407
-1.746995	-35.934284	231.486389	0.000000	0.000000	2.258407
-15.029836	-35.971931	236.700607	0.000000	0.000000	1.458407
-52.223190	-55.006805	238.483170	0.000000	0.000000	1.858407
-106.314529	-37.407562	238.483170	0.000000	0.000000	1.458407
-119.671562	12.441564	238.483170	0.000000	0.000000	1.058407
-119.671562	12.441564	238.483170	0.000000	0.000000	1.058407
-119.671562	12.441564	238.483170	0.000000	0.000000	1.058407
-91.010406	62.084137	233.468124	0.000000	0.000000	0.458407
-27.828602	65.467125	229.204895	0.000000	0.000000	-0.141593
11.869628	12.441564	226.974808	0.000000	0.000000	-1.541593
12.348970	-16.722202	226.249191	0.000000	0.000000	3.058407
8.656297	-28.206657	227.660904	0.000000	0.000000	2.858407
-1.746995	-35.934284	231.486389	0.000000	0.000000	2.258407
-15.029836	-35.971931	236.700607	0.000000	0.000000	1.458407
-52.223190	-55.006805	238.483170	0.000000	0.000000	1.858407
-106.314529	-37.407562	238.483170	0.000000	0.000000	1.458407
-119.671562	12.441564	238.483170	0.000000	0.000000	1.058407
-119.671562	12.441564	238.483170	0.000000	0.000000	1.058407
-119.671562	12.441564	238.483170	0.000000	0.000000	1.058407
-91.010406	62.084137	233.468124	0.000000	0.000000	0.458407
-27.828602	65.467125	229.204895	0.000000	0.000000	-0.141593
11.869628	12.441564	226.974808	0.000000	0.000000	-1.541593
12.348970	-16.722202	226.249191	0.000000	0.000000	3.058407
8.656297	-28.206657	227.660904	0.000000	0.000000	2.858407
-1.746995	-35.934284	231.486389	0.000000	0.000000	2.258407
-15.029836	-35.971931	236.700607	0.000000	0.000000	1.458407
-52.223190	-55.006805	238.483170	0.000000	0.000000	1.858407
-106.314529	-37.407562	238.483170	0.000000	0.000000	1.458407
-119.671562	12.441564	238.483170	0.000000	0.000000	1.058407
-119.671562	12.441564	238.483170	0.000000	0.000000	1.058407
-119.671562	12.441564	238.483170	0.000000	0.000000	1.058407
-91.010406	62.084137	233.468124	0.000000	0.000000	0.458407
-27.828602	65.467125	229.204895	0.000000	0.000000	-0.141593
11.869628	12.441564	226.974808	0.000000	0.000000	-1.541593
12.348970	-16.722202	226.249191	0.000000	0.000000	3.058407
8.656297	-28.206657	227.660904	0.000000	0.000000	2.858407
-1.746995	-35.934284	231.486389	0.000000	0.000000	2.258407
-15.029836	-35.971931	236.700607	0.000000	0.000000	1.458407
-52.223190	-55.006805	238.483170	0.000000	0.000000	1.858407
-106.314529	-37.407562	238.483170	0.000000	0.000000	1.458407
-119.671562	12.441564	238.483170	0.000000	0.000000	1.058407
-119.671562	12.441564	238.483170	0.000000	0.000000	1.058407
-119.671562	12.441564	238.483170	0.000000	0.000000	1.058407
-91.010406	62.084137	233.468124	0.000000	0.000000	0.458407
-27.828602	65.467125	229.204895	0.000000	0.000000	-0.141593
11.869628	12.441564	226.974808	0.000000	0.000000	-1.541593
12.348970	-16.722202	226.249191	0.000000	0.000000	3.058407
8.656297	-28.206657	227.660904	0.000000	0.000000	2.858407
-1.746995	-35.934284	231.486389	0.000000	0.000000	2.258407
-15.029836	-35.971931	236.700607	0.000000	0.000000	1.458407
-52.223190	-55.006805	238.483170	0.000000	0.000000	1.858407
-106.314529	-37.407562	238.483170	0.000000	0.000000	1.458407
-119.671562	12.441564	238.483170	0.000000	0.000000	1.058407
-119.671562	12.441564	238.483170	0.000000	0.000000	1.058407
-119.671562	12.441564	238.483170	0.000000	0.000000	1.058407
-91.010406	62.084137	233.468124	0.000000	0.000000	0.458407
-27.828602	65.467125	229.204895	0.000000	0.000000	-0.141593
11.869628	12.441564	226.974808	0.000000	0.000000	-1.541593
