-53.165482	-23.785942	9.766580	0	0	0.58850112	0.8084964
-53.190411	-23.686111	9.876523	0	0	-0.45359611	0.89120736
-53.164162	-23.938740	9.640069	0	0	-0.45359611	0.89120736
-53.201889	-24.043825	9.604540	0	0	0.66627604	0.74570519
-53.516872	-23.177315	9.705094	0	0	0.58850112	0.8084964
-53.497490	-23.154234	9.822791	0	0	-0.45359611	0.89120736
-53.576050	-23.225330	9.567999	0	0	-0.45359611	0.89120736
-53.648029	-23.271084	9.526476	0	0	0.58850112	0.8084964
-53.112362	-22.945248	10.256294	0	0	0.58850112	0.8084964
-53.136925	-22.902704	10.251997	0	0	0.58850112	0.8084964
-53.108471	-22.909962	10.313584	0	0	0.58850112	0.8084964
-53.121323	-22.887701	10.311336	0	0	0.58850112	0.8084964
-52.594238	-22.941294	10.255623	0	0	-0.45359611	0.89120736
-52.818119	-22.898901	10.384613	0	0	-0.45359611	0.89120736
-52.300030	-23.060637	9.939398	0	0	0.50484609	0.86320938
-52.709980	-22.896389	10.337822	0	0	0.41614682	0.90929743
-53.055206	-22.806820	10.410167	0	0	0.58850112	0.8084964
-53.153484	-22.817547	10.467648	0	0	-0.45359611	0.89120736
-52.267818	-23.011244	10.044464	0	0	-0.45359611	0.89120736
-52.901337	-22.754761	10.370051	0	0	-0.45359611	0.89120736
-52.211994	-23.038214	10.092431	0	0	0.41614682	0.90929743
-52.816917	-22.711168	10.319110	0	0	0.41614682	0.90929743
-52.745621	-22.679092	10.229135	0	0	-0.45359611	0.89120736
-53.072937	-22.723175	10.533006	0	0	0.50484609	0.86320938
-52.561962	-22.606958	9.893566	0	0	0.41614682	0.90929743
-52.220474	-22.986332	10.307178	0	0	0.32328956	0.94630009
-52.521080	-22.572586	10.000150	0	0	-0.45359611	0.89120736
-52.492775	-22.551886	10.043301	0	0	0.41614682	0.90929743
-53.093044	-22.639275	10.661166	0	0	0.50484609	0.86320938
-51.828979	-23.157080	10.011504	0	0	0.32328956	0.94630009
-52.486179	-22.526117	10.260686	0	0	0.22720209	0.97384763
-51.601635	-23.347462	9.990178	0	0	0.32328956	0.94630009
-52.252354	-22.423775	9.937424	0	0	0.22720209	0.97384763
-53.133198	-22.515713	10.843494	0	0	-0.45359611	0.89120736
-53.119240	-22.493952	10.895247	0	0	-0.45359611	0.89120736
-52.162296	-22.376362	9.892075	0	0	0.22720209	0.97384763
-52.047119	-22.333866	9.654482	0	0	-0.45359611	0.89120736
-51.918007	-22.264120	9.607004	0	0	-0.45359611	0.89120736
-51.077412	-24.013445	9.824159	0	0	-0.36235775	0.93203909
-53.227890	-22.411802	11.382603	0	0	0.1288445	0.99166481
-50.960434	-23.922686	9.774558	0	0	-0.36235775	0.93203909
-53.293930	-22.165333	11.382603	0	0	0.029199523	0.9995736
-51.610043	-22.068525	9.783109	0	0	-0.45359611	0.89120736
-50.884987	-23.324356	9.909977	0	0	-0.36235775	0.93203909
-53.079411	-22.672001	12.206938	0	0	-0.45359611	0.89120736
-51.112804	-21.842310	9.180633	0	0	-0.45359611	0.89120736
-49.866116	-24.001640	9.398775	0	0	-0.36235775	0.93203909
-50.564373	-21.473425	9.697810	0	0	0.66627604	0.74570519
-49.665932	-23.029570	9.855017	0	0	0.66627604	0.74570519
-49.280308	-24.498672	11.838450	0	0	0	1
-49.219902	-21.337866	9.204821	0	0	0	1
-49.204750	-21.333805	7.767267	0	0	0	1
-51.221909	-27.885094	12.371152	0	0	0.80114363	0.59847213
-49.201664	-22.245035	6.575932	0	0	0.50484609	0.86320938
-49.199322	-20.807615	7.768811	0	0	-0.45359611	0.89120736
-49.187592	-21.005867	6.457693	0	0	0	1
-49.197605	-19.177702	9.211157	0	0	0	1
-49.194199	-23.538700	4.591770	0	0	0	1
-49.256584	-20.313715	13.703415	0	0	0	1
-49.168613	-21.324123	4.338757	0	0	0	1
-49.167702	-21.205378	4.369130	0	0	0	1
-49.162621	-20.743347	4.340461	0	0	0.66627604	0.74570519
-49.951748	-21.787703	3.085707	0	0	0.32328956	0.94630009
-49.210251	-26.184690	3.512793	0	0	0	1
-49.159996	-21.321814	3.521014	0	0	-0.45359611	0.89120736
-49.155861	-20.921337	3.522188	0	0	0	1
-51.295563	-30.918859	6.719347	0	0	-0.070737201	0.99749499
-51.297924	-30.921221	6.723425	0	0	0.029199523	0.9995736
-51.298458	-30.921755	6.724347	0	0	-0.070737201	0.99749499
-51.300011	-30.923309	6.727031	0	0	0.029199523	0.9995736
-51.285927	-30.909225	6.702707	0	0	0.029199523	0.9995736
-51.282112	-30.905409	6.696116	0	0	0.41614682	0.90929743
-51.318638	-30.941935	6.759202	0	0	0.85688874	0.51550139
-51.262054	-30.885351	6.661473	0	0	0.22720209	0.97384763
-51.329357	-30.952658	6.777720	0	0	0	1
-51.341808	-30.965107	6.799222	0	0	0.22720209	0.97384763
-51.360977	-30.984276	6.832330	0	0	0.029199523	0.9995736
-51.223629	-30.846928	6.595110	0	0	0.029199523	0.9995736
-51.407436	-31.030733	6.912569	0	0	0.22720209	0.97384763
-51.180923	-30.804222	6.521350	0	0	0.22720209	0.97384763
-51.418205	-31.041504	6.931171	0	0	0.1288445	0.99166481
-51.132824	-30.756123	6.438275	0	0	0.029199523	0.9995736
-51.067101	-30.690399	6.324762	0	0	0.029199523	0.9995736
-51.062042	-30.685343	6.316029	0	0	0.58850112	0.8084964
-51.056267	-30.679564	6.306049	0	0	0.22720209	0.97384763
-51.036224	-30.659523	6.271437	0	0	0.029199523	0.9995736
-51.556236	-31.179533	7.169566	0	0	0.1288445	0.99166481
-51.590622	-31.213919	7.228956	0	0	0.85688874	0.51550139
-50.986042	-30.609339	6.184761	0	0	0.029199523	0.9995736
-50.971230	-30.594530	6.159183	0	0	0.029199523	0.9995736
-50.942139	-30.565435	6.108933	0	0	0.85688874	0.51550139
-50.883255	-30.506554	6.007237	0	0	0.85688874	0.51550139
-50.794979	-30.418278	5.854770	0	0	0.85688874	0.51550139
-50.549244	-30.172541	5.430349	0	0	-0.16996714	0.98544973
-50.472130	-30.095427	5.297163	0	0	0.85688874	0.51550139
-49.215290	-22.967144	2.615699	0	0	-0.36235775	0.93203909
-49.884434	-21.808149	2.498613	0	0	-0.45359611	0.89120736
-50.816715	-22.409061	1.878355	0	0	0.66627604	0.74570519
-52.630905	-32.254204	9.025675	0	0	0.85688874	0.51550139
-53.165482	-15.116567	9.008107	0	0	-0.16996714	0.98544973
-53.190411	-15.106263	9.125883	0	0	0.22720209	0.97384763
-53.164162	-15.128712	8.869291	0	0	0.22720209	0.97384763
-49.181812	-24.867996	2.103888	0	0	-0.36235775	0.93203909
-53.201889	-15.132595	8.824908	0	0	-0.16996714	0.98544973
-53.112362	-15.067662	9.567095	0	0	-0.16996714	0.98544973
-53.108471	-15.062420	9.627013	0	0	-0.16996714	0.98544973
-53.055206	-15.053250	9.731817	0	0	-0.16996714	0.98544973
-52.818119	-15.056169	9.698462	0	0	0.1288445	0.99166481
-53.153484	-15.048341	9.787930	0	0	0.1288445	0.99166481
-52.709980	-15.060212	9.652245	0	0	-0.070737201	0.99749499
-52.594238	-15.067690	9.566772	0	0	0.1288445	0.99166481
-53.072937	-15.041949	9.860986	0	0	-0.070737201	0.99749499
-52.300030	-15.096052	9.242587	0	0	-0.070737201	0.99749499
-52.267818	-15.086555	9.351144	0	0	0.1288445	0.99166481
-53.093044	-15.030185	9.995457	0	0	-0.070737201	0.99749499
-52.211994	-15.082595	9.396404	0	0	-0.070737201	0.99749499
-52.220474	-15.063556	9.614025	0	0	-0.070737201	0.99749499
-53.133198	-15.013416	10.187129	0	0	0.1288445	0.99166481
-53.119240	-15.008758	10.240378	0	0	0.1288445	0.99166481
-51.828979	-15.090525	9.305772	0	0	-0.070737201	0.99749499
-51.601635	-15.093822	9.268079	0	0	-0.070737201	0.99749499
-53.293930	-14.963946	10.752563	0	0	-0.070737201	0.99749499
-49.201298	-26.560984	2.290352	0	0	0	1
-51.077412	-15.113296	9.045497	0	0	0.22720209	0.97384763
-50.960434	-15.116913	9.004152	0	0	0.22720209	0.97384763
-50.884987	-15.100611	9.190493	0	0	0.1288445	0.99166481
-49.248150	-28.871449	3.183180	0	0	-0.16996714	0.98544973
-49.234203	-28.857502	3.159093	0	0	0	1
-49.143032	-21.452894	1.778028	0	0	-0.45359611	0.89120736
-49.866116	-15.150140	8.624369	0	0	-0.69670669	0.71735611
-49.665932	-15.103143	9.161544	0	0	-0.69670669	0.71735611
-49.313477	-21.362938	18.082363	0	0	-0.36235775	0.93203909
-49.151981	-15.129748	8.857445	0	0	0	1
-49.227768	-28.851067	2.553073	0	0	-0.16996714	0.98544973
-49.136875	-15.267345	7.284700	0	0	0	1
-49.560749	-14.889062	11.608505	0	0	-0.69670669	0.71735611
-49.224716	-28.848015	2.265812	0	0	0	1
-49.222542	-28.845842	2.061207	0	0	0	1
-49.124306	-15.381823	5.976222	0	0	0	1
-49.192951	-14.756587	13.122692	0	0	0	1
-49.104317	-15.563912	3.894929	0	0	0.32328956	0.94630009
-49.104248	-15.564524	3.887933	0	0	0	1
-49.964169	-21.537291	20.136156	0	0	0.58850112	0.8084964
-49.282402	-18.019415	18.419313	0	0	0	1
-49.096298	-15.636921	3.060434	0	0	0	1
-49.091827	-15.677669	2.594685	0	0	0.029199523	0.9995736
-49.215290	-15.731215	1.982637	0	0	-0.69670669	0.71735611
-50.280510	-21.622055	21.134628	0	0	-0.16996714	0.98544973
-49.079861	-15.786662	1.348887	0	0	-0.69670669	0.71735611
-49.079494	-15.790008	1.310650	0	0	0.41614682	0.90929743
-49.336304	-19.617926	21.046427	0	0	0.50484609	0.86320938
-49.330345	-19.768108	21.258009	0	0	0.50484609	0.86320938
-51.389023	-14.215079	19.312159	0	0	0.41614682	0.90929743
-52.562607	-14.174020	19.781467	0	0	-0.62160997	0.7833269
-61.429962	-26.638823	20.664122	0	0	-0.45359611	0.89120736
-49.657368	-8.992635	5.755922	0	0	-0.16996714	0.98544973
-49.665485	-8.986307	5.772160	0	0	-0.16996714	0.98544973
-49.704079	-8.956227	5.849353	0	0	-0.070737201	0.99749499
-49.707481	-8.953573	5.856164	0	0	0	1
-49.714897	-8.947794	5.870994	0	0	0	1
-49.593803	-9.042176	5.628787	0	0	0	1
-49.590775	-9.044537	5.622729	0	0	0	1
-49.570225	-9.060553	5.581628	0	0	0	1
-49.792797	-8.887079	6.026804	0	0	-0.16996714	0.98544973
-49.519199	-9.100323	5.479568	0	0	0	1
-49.847313	-8.844586	6.135850	0	0	0	1
-49.412361	-9.183597	5.265867	0	0	-0.82533563	0.56464246
-49.903511	-8.800787	6.248250	0	0	-0.16996714	0.98544973
-49.939133	-8.773024	6.319499	0	0	-0.070737201	0.99749499
-49.939392	-8.772820	6.320021	0	0	-0.16996714	0.98544973
-49.366020	-9.219712	5.173184	0	0	0	1
-49.964035	-8.753613	6.369310	0	0	-0.16996714	0.98544973
-50.003319	-8.722996	6.447884	0	0	-0.16996714	0.98544973
-50.039852	-8.694520	6.520957	0	0	-0.070737201	0.99749499
-49.273956	-9.291469	4.989039	0	0	0	1
-50.049728	-8.686821	6.540715	0	0	0	1
-50.061916	-8.677324	6.565088	0	0	-0.16996714	0.98544973
-49.248020	-9.311684	4.937164	0	0	0	1
-50.122868	-8.629815	6.687006	0	0	0	1
-49.074982	-22.135569	-5.368486	0	0	0.58850112	0.8084964
-49.170017	-9.372481	4.781142	0	0	-0.26749883	0.96355818
-50.212231	-8.560166	6.865743	0	0	-0.070737201	0.99749499
-50.231224	-8.545362	6.903733	0	0	-0.070737201	0.99749499
-49.047951	-9.467621	4.536990	0	0	0	1
-50.481861	-8.350013	7.405050	0	0	-0.16996714	0.98544973
-49.034966	-9.614534	3.156938	0	0	0	1
-49.034538	-9.619373	3.111483	0	0	0	1
-51.458870	-7.588518	9.359235	0	0	-0.62160997	0.7833269
-49.027180	-9.702662	2.329109	0	0	-0.82533563	0.56464246
-49.021885	-9.762571	1.766340	0	0	-0.16996714	0.98544973
-49.016724	-9.820936	1.218081	0	0	0	1
-52.555355	-14.949848	24.169394	0	0	-0.16996714	0.98544973
-49.010136	-9.895463	0.518014	0	0	0	1
-49.010078	-9.896138	0.511667	0	0	0	1
-53.002934	-6.385055	12.447621	0	0	0.32328956	0.94630009
-49.011559	-16.408777	-5.761922	0	0	0	1
-49.189381	-33.095039	-5.278747	0	0	0	1
-53.974293	-11.444514	23.322832	0	0	0	1
-52.650093	-22.256983	28.613796	0	0	-0.36235775	0.93203909
-59.072044	-38.543648	20.446568	0	0	-0.26749883	0.96355818
-59.144249	-38.767548	20.275127	0	0	-0.26749883	0.96355818
-49.099709	-28.373222	-9.159611	0	0	0.32328956	0.94630009
-49.033592	-22.550789	-9.715173	0	0	0.029199523	0.9995736
-49.103325	-28.726625	-9.163403	0	0	0	1
-49.767673	-23.134275	-11.295635	0	0	-0.16996714	0.98544973
-48.941906	-10.667434	-6.733575	0	0	0	1
-48.969204	-16.794554	-10.171359	0	0	0	1
-56.351662	-3.775010	19.145645	0	0	-0.36235775	0.93203909
-48.958405	-16.892914	-11.295633	0	0	0	1
-49.141010	-34.531590	-11.295632	0	0	0	1
-63.051880	-30.803915	-11.295635	0	0	-0.070737201	0.99749499
-55.430565	-14.179438	32.178616	0	0	-0.36235775	0.93203909
-48.901817	-11.121017	-10.994341	0	0	0	1
-48.898983	-11.153090	-11.295635	0	0	0	1
-49.551514	-14.089039	-13.258927	0	0	0.1288445	0.99166481
-57.659729	-8.672535	30.848661	0	0	-0.45359611	0.89120736
-49.135597	-36.150295	-13.405006	0	0	0.1288445	0.99166481
-58.180538	-18.890686	-16.814312	0	0	0.32328956	0.94630009
-60.078171	-0.870515	26.599298	0	0	-0.45359611	0.89120736
-48.783943	0.162319	-11.095511	0	0	0	1
-48.782234	0.124340	-11.295635	0	0	-0.16996714	0.98544973
-48.782234	0.124340	-11.295635	0	0	-0.070737201	0.99749499
-48.782234	0.124340	-11.295635	0	0	-0.82533563	0.56464246
-61.625618	-26.865606	-21.550156	0	0	0.32328956	0.94630009
-51.188534	4.505354	-10.077296	0	0	-0.62160997	0.7833269
-63.510544	-47.597370	-15.434902	0	0	0.029199523	0.9995736
-60.598713	-33.836594	-25.684326	0	0	0.32328956	0.94630009
-57.628231	-38.499687	-28.142181	0	0	0.32328956	0.94630009
-59.318050	-56.391312	-24.787596	0	0	0.1288445	0.99166481
-56.326469	-56.878956	-33.787449	0	0	0.32328956	0.94630009
-103.110725	94.224037	-11.295635	0	0	-0.070737201	0.99749499
-165.133743	-144.757034	-14.686252	0	0	0.73739371	0.67546319
-230.601898	93.753136	-11.295634	0	0	0.22720209	0.97384763
-276.199860	-82.156960	-14.686252	0	0	0.50484609	0.86320938
-293.939667	-14.667882	-12.853618	0	0	0.41614682	0.90929743
-293.939667	-15.951106	-14.686252	0	0	0.41614682	0.90929743
