101.610771	-142.288086	-88.156235	0.000000	0.000000	2.058407
43.699360	-242.533447	-92.925911	0.000000	0.000000	2.258407
-20.361979	-259.698639	-92.925911	0.000000	0.000000	2.058407
-32.010227	-266.423767	-73.716980	0.000000	0.000000	2.058407
-73.208527	-259.698639	-17.453222	0.000000	0.000000	1.858407
-143.490707	-188.610229	-0.917851	0.000000	0.000000	1.658407
-129.483673	-70.694313	-1.050220	0.000000	0.000000	1.058407
101.610771	-142.288086	-88.156235	0.000000	0.000000	2.058407
43.699360	-242.533447	-92.925911	0.000000	0.000000	2.258407
-20.361979	-259.698639	-92.925911	0.000000	0.000000	2.058407
-32.010227	-266.423767	-73.716980	0.000000	0.000000	2.058407
-73.208527	-259.698639	-17.453222	0.000000	0.000000	1.858407
-143.490707	-188.610229	-0.917851	0.000000	0.000000	1.658407
-129.483673	-70.694313	-1.050220	0.000000	0.000000	1.058407
101.610771	-142.288086	-88.156235	0.000000	0.000000	2.058407
43.699360	-242.533447	-92.925911	0.000000	0.000000	2.258407
-20.361979	-259.698639	-92.925911	0.000000	0.000000	2.058407
-32.010227	-266.423767	-73.716980	0.000000	0.000000	2.058407
-73.208527	-259.698639	-17.453222	0.000000	0.000000	1.858407
-143.490707	-188.610229	-0.917851	0.000000	0.000000	1.658407
-129.483673	-70.694313	-1.050220	0.000000	0.000000	1.058407
101.610771	-142.288086	-88.156235	0.000000	0.000000	2.058407
43.699360	-242.533447	-92.925911	0.000000	0.000000	2.258407
-20.361979	-259.698639	-92.925911	0.000000	0.000000	2.058407
-32.010227	-266.423767	-73.716980	0.000000	0.000000	2.058407
-73.208527	-259.698639	-17.453222	0.000000	0.000000	1.858407
-143.490707	-188.610229	-0.917851	0.000000	0.000000	1.658407
-129.483673	-70.694313	-1.050220	0.000000	0.000000	1.058407
101.610771	-142.288086	-88.156235	0.000000	0.000000	2.058407
43.699360	-242.533447	-92.925911	0.000000	0.000000	2.258407
-20.361979	-259.698639	-92.925911	0.000000	0.000000	2.058407
-32.010227	-266.423767	-73.716980	0.000000	0.000000	2.058407
-73.208527	-259.698639	-17.453222	0.000000	0.000000	1.858407
-143.490707	-188.610229	-0.917851	0.000000	0.000000	1.658407
-129.483673	-70.694313	-1.050220	0.000000	0.000000	1.058407
101.610771	-142.288086	-88.156235	0.000000	0.000000	2.058407
43.699360	-242.533447	-92.925911	0.000000	0.000000	2.258407
-20.361979	-259.698639	-92.925911	0.000000	0.000000	2.058407
-32.010227	-266.423767	-73.716980	0.000000	0.000000	2.058407
-73.208527	-259.698639	-17.453222	0.000000	0.000000	1.858407
-143.490707	-188.610229	-0.917851	0.000000	0.000000	1.658407
-129.483673	-70.694313	-1.050220	0.000000	0.000000	1.058407
101.610771	-142.288086	-88.156235	0.000000	0.000000	2.058407
43.699360	-242.533447	-92.925911	0.000000	0.000000	2.258407
-20.361979	-259.698639	-92.925911	0.000000	0.000000	2.058407
-32.010227	-266.423767	-73.716980	0.000000	0.000000	2.058407
-73.208527	-259.698639	-17.453222	0.000000	0.000000	1.858407
-143.490707	-188.610229	-0.917851	0.000000	0.000000	1.658407
-129.483673	-70.694313	-1.050220	0.000000	0.000000	1.058407
101.610771	-142.288086	-88.156235	0.000000	0.000000	2.058407
43.699360	-242.533447	-92.925911	0.000000	0.000000	2.258407
-20.361979	-259.698639	-92.925911	0.000000	0.000000	2.058407
-32.010227	-266.423767	-73.716980	0.000000	0.000000	2.058407
-73.208527	-259.698639	-17.453222	0.000000	0.000000	1.858407
-143.490707	-188.610229	-0.917851	0.000000	0.000000	1.658407
-129.483673	-70.694313	-1.050220	0.000000	0.000000	1.058407
101.610771	-142.288086	-88.156235	0.000000	0.000000	2.058407
43.699360	-242.533447	-92.925911	0.000000	0.000000	2.258407
-20.361979	-259.698639	-92.925911	0.000000	0.000000	2.058407
-32.010227	-266.423767	-73.716980	0.000000	0.000000	2.058407
-73.208527	-259.698639	-17.453222	0.000000	0.000000	1.858407
-143.490707	-188.610229	-0.917851	0.000000	0.000000	1.658407
-129.483673	-70.694313	-1.050220	0.000000	0.000000	1.058407
101.610771	-142.288086	-88.156235	0.000000	0.000000	2.058407
43.699360	-242.533447	-92.925911	0.000000	0.000000	2.258407
-20.361979	-259.698639	-92.925911	0.000000	0.000000	2.058407
-32.010227	-266.423767	-73.716980	0.000000	0.000000	2.058407
-73.208527	-259.698639	-17.453222	0.000000	0.000000	1.858407
-143.490707	-188.610229	-0.917851	0.000000	0.000000	1.658407
-129.483673	-70.694313	-1.050220	0.000000	0.000000	1.058407
101.610771	-142.288086	-88.156235	0.000000	0.000000	2.058407
43.699360	-242.533447	-92.925911	0.000000	0.000000	2.258407
-20.361979	-259.698639	-92.925911	0.000000	0.000000	2.058407
-32.010227	-266.423767	-73.716980	0.000000	0.000000	2.058407
-73.208527	-259.698639	-17.453222	0.000000	0.000000	1.858407
-143.490707	-188.610229	-0.917851	0.000000	0.000000	1.658407
-129.483673	-70.694313	-1.050220	0.000000	0.000000	1.058407
101.610771	-142.288086	-88.156235	0.000000	0.000000	2.058407
43.699360	-242.533447	-92.925911	0.000000	0.000000	2.258407
-20.361979	-259.698639	-92.925911	0.000000	0.000000	2.058407
-32.010227	-266.423767	-73.716980	0.000000	0.000000	2.058407
-73.208527	-259.698639	-17.453222	0.000000	0.000000	1.858407
-143.490707	-188.610229	-0.917851	0.000000	0.000000	1.658407
-129.483673	-70.694313	-1.050220	0.000000	0.000000	1.058407
101.610771	-142.288086	-88.156235	0.000000	0.000000	2.058407
43.699360	-242.533447	-92.925911	0.000000	0.000000	2.258407
-20.361979	-259.698639	-92.925911	0.000000	0.000000	2.058407
-32.010227	-266.423767	-73.716980	0.000000	0.000000	2.058407
-73.208527	-259.698639	-17.453222	0.000000	0.000000	1.858407
-143.490707	-188.610229	-0.917851	0.000000	0.000000	1.658407
-129.483673	-70.694313	-1.050220	0.000000	0.000000	1.058407
101.610771	-142.288086	-88.156235	0.000000	0.000000	2.058407
43.699360	-242.533447	-92.925911	0.000000	0.000000	2.258407
-20.361979	-259.698639	-92.925911	0.000000	0.000000	2.058407
-32.010227	-266.423767	-73.716980	0.000000	0.000000	2.058407
-73.208527	-259.698639	-17.453222	0.000000	0.000000	1.858407
-143.490707	-188.610229	-0.917851	0.000000	0.000000	1.658407
-129.483673	-70.694313	-1.050220	0.000000	0.000000	1.058407
101.610771	-142.288086	-88.156235	0.000000	0.000000	2.058407
43.699360	-242.533447	-92.925911	0.000000	0.000000	2.258407
-20.361979	-259.698639	-92.925911	0.000000	0.000000	2.058407
-32.010227	-266.423767	-73.716980	0.000000	0.000000	2.058407
-73.208527	-259.698639	-17.453222	0.000000	0.000000	1.858407
-143.490707	-188.610229	-0.917851	0.000000	0.000000	1.658407
-129.483673	-70.694313	-1.050220	0.000000	0.000000	1.058407
101.610771	-142.288086	-88.156235	0.000000	0.000000	2.058407
43.699360	-242.533447	-92.925911	0.000000	0.000000	2.258407
-20.361979	-259.698639	-92.925911	0.000000	0.000000	2.058407
-32.010227	-266.423767	-73.716980	0.000000	0.000000	2.058407
-73.208527	-259.698639	-17.453222	0.000000	0.000000	1.858407
-143.490707	-188.610229	-0.917851	0.000000	0.000000	1.658407
-129.483673	-70.694313	-1.050220	0.000000	0.000000	1.058407
101.610771	-142.288086	-88.156235	0.000000	0.000000	2.058407
43.699360	-242.533447	-92.925911	0.000000	0.000000	2.258407
-20.361979	-259.698639	-92.925911	0.000000	0.000000	2.058407
-32.010227	-266.423767	-73.716980	0.000000	0.000000	2.058407
-73.208527	-259.698639	-17.453222	0.000000	0.000000	1.858407
-143.490707	-188.610229	-0.917851	0.000000	0.000000	1.658407
-129.483673	-70.694313	-1.050220	0.000000	0.000000	1.058407
101.610771	-142.288086	-88.156235	0.000000	0.000000	2.058407
43.699360	-242.533447	-92.925911	0.000000	0.000000	2.258407
-20.361979	-259.698639	-92.925911	0.000000	0.000000	2.058407
-32.010227	-266.423767	-73.716980	0.000000	0.000000	2.058407
-73.208527	-259.698639	-17.453222	0.000000	0.000000	1.858407
-143.490707	-188.610229	-0.917851	0.000000	0.000000	1.658407
-129.483673	-70.694313	-1.050220	0.000000	0.000000	1.058407
101.610771	-142.288086	-88.156235	0.000000	0.000000	2.058407
43.699360	-242.533447	-92.925911	0.000000	0.000000	2.258407
-20.361979	-259.698639	-92.925911	0.000000	0.000000	2.058407
-32.010227	-266.423767	-73.716980	0.000000	0.000000	2.058407
-73.208527	-259.698639	-17.453222	0.000000	0.000000	1.858407
-143.490707	-188.610229	-0.917851	0.000000	0.000000	1.658407
-129.483673	-70.694313	-1.050220	0.000000	0.000000	1.058407
101.610771	-142.288086	-88.156235	0.000000	0.000000	2.058407
43.699360	-242.533447	-92.925911	0.000000	0.000000	2.258407
-20.361979	-259.698639	-92.925911	0.000000	0.000000	2.058407
-32.010227	-266.423767	-73.716980	0.000000	0.000000	2.058407
-73.208527	-259.698639	-17.453222	0.000000	0.000000	1.858407
-143.490707	-188.610229	-0.917851	0.000000	0.000000	1.658407
-129.483673	-70.694313	-1.050220	0.000000	0.000000	1.058407
