-154.713089	-139.479782	5.210222	0.000000	0.000000	1.658407
-266.333618	-82.671059	5.210222	0.000000	0.000000	1.058407
-286.396118	-7.796751	5.210222	0.000000	0.000000	0.858407
-286.396118	-7.796751	5.210222	0.000000	0.000000	0.858407
-286.396118	-7.796751	5.210222	0.000000	0.000000	0.858407
-227.968002	93.403725	7.988986	0.000000	0.000000	0.258407
-102.780502	98.213776	7.988984	0.000000	0.000000	-0.141593
-154.713089	-139.479782	5.210222	0.000000	0.000000	1.658407
-266.333618	-82.671059	5.210222	0.000000	0.000000	1.058407
-286.396118	-7.796751	5.210222	0.000000	0.000000	0.858407
-286.396118	-7.796751	5.210222	0.000000	0.000000	0.858407
-286.396118	-7.796751	5.210222	0.000000	0.000000	0.858407
-227.968002	93.403725	7.988986	0.000000	0.000000	0.258407
-102.780502	98.213776	7.988984	0.000000	0.000000	-0.141593
-154.713089	-139.479782	5.210222	0.000000	0.000000	1.658407
-266.333618	-82.671059	5.210222	0.000000	0.000000	1.058407
-286.396118	-7.796751	5.210222	0.000000	0.000000	0.858407
-286.396118	-7.796751	5.210222	0.000000	0.000000	0.858407
-286.396118	-7.796751	5.210222	0.000000	0.000000	0.858407
-227.968002	93.403725	7.988986	0.000000	0.000000	0.258407
-102.780502	98.213776	7.988984	0.000000	0.000000	-0.141593
-154.713089	-139.479782	5.210222	0.000000	0.000000	1.658407
-266.333618	-82.671059	5.210222	0.000000	0.000000	1.058407
-286.396118	-7.796751	5.210222	0.000000	0.000000	0.858407
-286.396118	-7.796751	5.210222	0.000000	0.000000	0.858407
-286.396118	-7.796751	5.210222	0.000000	0.000000	0.858407
-227.968002	93.403725	7.988986	0.000000	0.000000	0.258407
-102.780502	98.213776	7.988984	0.000000	0.000000	-0.141593
-154.713089	-139.479782	5.210222	0.000000	0.000000	1.658407
-266.333618	-82.671059	5.210222	0.000000	0.000000	1.058407
-286.396118	-7.796751	5.210222	0.000000	0.000000	0.858407
-286.396118	-7.796751	5.210222	0.000000	0.000000	0.858407
-286.396118	-7.796751	5.210222	0.000000	0.000000	0.858407
-227.968002	93.403725	7.988986	0.000000	0.000000	0.258407
-102.780502	98.213776	7.988984	0.000000	0.000000	-0.141593
-154.713089	-139.479782	5.210222	0.000000	0.000000	1.658407
-266.333618	-82.671059	5.210222	0.000000	0.000000	1.058407
-286.396118	-7.796751	5.210222	0.000000	0.000000	0.858407
-286.396118	-7.796751	5.210222	0.000000	0.000000	0.858407
-286.396118	-7.796751	5.210222	0.000000	0.000000	0.858407
-227.968002	93.403725	7.988986	0.000000	0.000000	0.258407
-102.780502	98.213776	7.988984	0.000000	0.000000	-0.141593
-154.713089	-139.479782	5.210222	0.000000	0.000000	1.658407
-266.333618	-82.671059	5.210222	0.000000	0.000000	1.058407
-286.396118	-7.796751	5.210222	0.000000	0.000000	0.858407
-286.396118	-7.796751	5.210222	0.000000	0.000000	0.858407
-286.396118	-7.796751	5.210222	0.000000	0.000000	0.858407
-227.968002	93.403725	7.988986	0.000000	0.000000	0.258407
-102.780502	98.213776	7.988984	0.000000	0.000000	-0.141593
-154.713089	-139.479782	5.210222	0.000000	0.000000	1.658407
-266.333618	-82.671059	5.210222	0.000000	0.000000	1.058407
-286.396118	-7.796751	5.210222	0.000000	0.000000	0.858407
-286.396118	-7.796751	5.210222	0.000000	0.000000	0.858407
-286.396118	-7.796751	5.210222	0.000000	0.000000	0.858407
-227.968002	93.403725	7.988986	0.000000	0.000000	0.258407
-102.780502	98.213776	7.988984	0.000000	0.000000	-0.141593
-154.713089	-139.479782	5.210222	0.000000	0.000000	1.658407
-266.333618	-82.671059	5.210222	0.000000	0.000000	1.058407
-286.396118	-7.796751	5.210222	0.000000	0.000000	0.858407
-286.396118	-7.796751	5.210222	0.000000	0.000000	0.858407
-286.396118	-7.796751	5.210222	0.000000	0.000000	0.858407
-227.968002	93.403725	7.988986	0.000000	0.000000	0.258407
-102.780502	98.213776	7.988984	0.000000	0.000000	-0.141593
-154.713089	-139.479782	5.210222	0.000000	0.000000	1.658407
-266.333618	-82.671059	5.210222	0.000000	0.000000	1.058407
-286.396118	-7.796751	5.210222	0.000000	0.000000	0.858407
-286.396118	-7.796751	5.210222	0.000000	0.000000	0.858407
-286.396118	-7.796751	5.210222	0.000000	0.000000	0.858407
-227.968002	93.403725	7.988986	0.000000	0.000000	0.258407
-102.780502	98.213776	7.988984	0.000000	0.000000	-0.141593
-154.713089	-139.479782	5.210222	0.000000	0.000000	1.658407
-266.333618	-82.671059	5.210222	0.000000	0.000000	1.058407
-286.396118	-7.796751	5.210222	0.000000	0.000000	0.858407
-286.396118	-7.796751	5.210222	0.000000	0.000000	0.858407
-286.396118	-7.796751	5.210222	0.000000	0.000000	0.858407
-227.968002	93.403725	7.988986	0.000000	0.000000	0.258407
-102.780502	98.213776	7.988984	0.000000	0.000000	-0.141593
-154.713089	-139.479782	5.210222	0.000000	0.000000	1.658407
-266.333618	-82.671059	5.210222	0.000000	0.000000	1.058407
-286.396118	-7.796751	5.210222	0.000000	0.000000	0.858407
-286.396118	-7.796751	5.210222	0.000000	0.000000	0.858407
-286.396118	-7.796751	5.210222	0.000000	0.000000	0.858407
-227.968002	93.403725	7.988986	0.000000	0.000000	0.258407
-102.780502	98.213776	7.988984	0.000000	0.000000	-0.141593
-154.713089	-139.479782	5.210222	0.000000	0.000000	1.658407
-266.333618	-82.671059	5.210222	0.000000	0.000000	1.058407
-286.396118	-7.796751	5.210222	0.000000	0.000000	0.858407
-286.396118	-7.796751	5.210222	0.000000	0.000000	0.858407
-286.396118	-7.796751	5.210222	0.000000	0.000000	0.858407
-227.968002	93.403725	7.988986	0.000000	0.000000	0.258407
-102.780502	98.213776	7.988984	0.000000	0.000000	-0.141593
-154.713089	-139.479782	5.210222	0.000000	0.000000	1.658407
-266.333618	-82.671059	5.210222	0.000000	0.000000	1.058407
-286.396118	-7.796751	5.210222	0.000000	0.000000	0.858407
-286.396118	-7.796751	5.210222	0.000000	0.000000	0.858407
-286.396118	-7.796751	5.210222	0.000000	0.000000	0.858407
-227.968002	93.403725	7.988986	0.000000	0.000000	0.258407
-102.780502	98.213776	7.988984	0.000000	0.000000	-0.141593
-154.713089	-139.479782	5.210222	0.000000	0.000000	1.658407
-266.333618	-82.671059	5.210222	0.000000	0.000000	1.058407
-286.396118	-7.796751	5.210222	0.000000	0.000000	0.858407
-286.396118	-7.796751	5.210222	0.000000	0.000000	0.858407
-286.396118	-7.796751	5.210222	0.000000	0.000000	0.858407
-227.968002	93.403725	7.988986	0.000000	0.000000	0.258407
-102.780502	98.213776	7.988984	0.000000	0.000000	-0.141593
-154.713089	-139.479782	5.210222	0.000000	0.000000	1.658407
-266.333618	-82.671059	5.210222	0.000000	0.000000	1.058407
-286.396118	-7.796751	5.210222	0.000000	0.000000	0.858407
-286.396118	-7.796751	5.210222	0.000000	0.000000	0.858407
-286.396118	-7.796751	5.210222	0.000000	0.000000	0.858407
-227.968002	93.403725	7.988986	0.000000	0.000000	0.258407
-102.780502	98.213776	7.988984	0.000000	0.000000	-0.141593
-154.713089	-139.479782	5.210222	0.000000	0.000000	1.658407
-266.333618	-82.671059	5.210222	0.000000	0.000000	1.058407
-286.396118	-7.796751	5.210222	0.000000	0.000000	0.858407
-286.396118	-7.796751	5.210222	0.000000	0.000000	0.858407
-286.396118	-7.796751	5.210222	0.000000	0.000000	0.858407
-227.968002	93.403725	7.988986	0.000000	0.000000	0.258407
-102.780502	98.213776	7.988984	0.000000	0.000000	-0.141593
-154.713089	-139.479782	5.210222	0.000000	0.000000	1.658407
-266.333618	-82.671059	5.210222	0.000000	0.000000	1.058407
-286.396118	-7.796751	5.210222	0.000000	0.000000	0.858407
-286.396118	-7.796751	5.210222	0.000000	0.000000	0.858407
-286.396118	-7.796751	5.210222	0.000000	0.000000	0.858407
-227.968002	93.403725	7.988986	0.000000	0.000000	0.258407
-102.780502	98.213776	7.988984	0.000000	0.000000	-0.141593
-154.713089	-139.479782	5.210222	0.000000	0.000000	1.658407
-266.333618	-82.671059	5.210222	0.000000	0.000000	1.058407
-286.396118	-7.796751	5.210222	0.000000	0.000000	0.858407
-286.396118	-7.796751	5.210222	0.000000	0.000000	0.858407
-286.396118	-7.796751	5.210222	0.000000	0.000000	0.858407
-227.968002	93.403725	7.988986	0.000000	0.000000	0.258407
-102.780502	98.213776	7.988984	0.000000	0.000000	-0.141593
-154.713089	-139.479782	5.210222	0.000000	0.000000	1.658407
-266.333618	-82.671059	5.210222	0.000000	0.000000	1.058407
-286.396118	-7.796751	5.210222	0.000000	0.000000	0.858407
-286.396118	-7.796751	5.210222	0.000000	0.000000	0.858407
-286.396118	-7.796751	5.210222	0.000000	0.000000	0.858407
-227.968002	93.403725	7.988986	0.000000	0.000000	0.258407
-102.780502	98.213776	7.988984	0.000000	0.000000	-0.141593
