11.356050	-2.274263	194.489929	-2.741593	5.903630	6.515759	193.934357
5.903630	6.515759	193.934357	-2.141593	-41.931789	34.350121	195.215347
-41.931789	34.350121	195.215347	0.258407	-107.583961	12.355151	198.678711
-107.583961	12.355151	198.678711	1.058407	-123.924408	-51.060291	203.843781
-123.924408	-51.060291	203.843781	1.658407	-107.583961	-79.362778	206.702988
-107.583961	-79.362778	206.702988	1.858407	-107.583961	-79.362778	206.702988
-107.583961	-79.362778	206.702988	1.858407	-93.779434	-93.167305	206.702988
-93.779434	-93.167305	206.702988	2.058407	-32.732540	-99.419159	206.702988
-32.732540	-99.419159	206.702988	2.658407	3.205171	-49.676918	206.702988
3.205171	-49.676918	206.702988	2.858407	6.369837	-21.956682	203.081329
6.369837	-21.956682	203.081329	2.458407	11.589153	-12.762915	197.837967
11.589153	-12.762915	197.837967	3.058407	0.000000	0.000000	0.000000
11.356050	-2.274263	194.489929	-2.741593	5.903630	6.515759	193.934357
5.903630	6.515759	193.934357	-2.141593	-41.931789	34.350121	195.215347
-41.931789	34.350121	195.215347	0.258407	-107.583961	12.355151	198.678711
-107.583961	12.355151	198.678711	1.058407	-123.924408	-51.060291	203.843781
-123.924408	-51.060291	203.843781	1.658407	-107.583961	-79.362778	206.702988
-107.583961	-79.362778	206.702988	1.858407	-107.583961	-79.362778	206.702988
-107.583961	-79.362778	206.702988	1.858407	-93.779434	-93.167305	206.702988
-93.779434	-93.167305	206.702988	2.058407	-32.732540	-99.419159	206.702988
-32.732540	-99.419159	206.702988	2.658407	3.205171	-49.676918	206.702988
3.205171	-49.676918	206.702988	2.858407	6.369837	-21.956682	203.081329
6.369837	-21.956682	203.081329	2.458407	11.589153	-12.762915	197.837967
11.589153	-12.762915	197.837967	3.058407	0.000000	0.000000	0.000000
11.356050	-2.274263	194.489929	-2.741593	5.903630	6.515759	193.934357
5.903630	6.515759	193.934357	-2.141593	-41.931789	34.350121	195.215347
-41.931789	34.350121	195.215347	0.258407	-107.583961	12.355151	198.678711
-107.583961	12.355151	198.678711	1.058407	-123.924408	-51.060291	203.843781
-123.924408	-51.060291	203.843781	1.658407	-107.583961	-79.362778	206.702988
-107.583961	-79.362778	206.702988	1.858407	-107.583961	-79.362778	206.702988
-107.583961	-79.362778	206.702988	1.858407	-93.779434	-93.167305	206.702988
-93.779434	-93.167305	206.702988	2.058407	-32.732540	-99.419159	206.702988
-32.732540	-99.419159	206.702988	2.658407	3.205171	-49.676918	206.702988
3.205171	-49.676918	206.702988	2.858407	6.369837	-21.956682	203.081329
6.369837	-21.956682	203.081329	2.458407	11.589153	-12.762915	197.837967
11.589153	-12.762915	197.837967	3.058407	0.000000	0.000000	0.000000
11.356050	-2.274263	194.489929	-2.741593	5.903630	6.515759	193.934357
5.903630	6.515759	193.934357	-2.141593	-41.931789	34.350121	195.215347
-41.931789	34.350121	195.215347	0.258407	-107.583961	12.355151	198.678711
-107.583961	12.355151	198.678711	1.058407	-123.924408	-51.060291	203.843781
-123.924408	-51.060291	203.843781	1.658407	-107.583961	-79.362778	206.702988
-107.583961	-79.362778	206.702988	1.858407	-107.583961	-79.362778	206.702988
-107.583961	-79.362778	206.702988	1.858407	-93.779434	-93.167305	206.702988
-93.779434	-93.167305	206.702988	2.058407	-32.732540	-99.419159	206.702988
-32.732540	-99.419159	206.702988	2.658407	3.205171	-49.676918	206.702988
3.205171	-49.676918	206.702988	2.858407	6.369837	-21.956682	203.081329
6.369837	-21.956682	203.081329	2.458407	11.589153	-12.762915	197.837967
11.589153	-12.762915	197.837967	3.058407	0.000000	0.000000	0.000000
11.356050	-2.274263	194.489929	-2.741593	5.903630	6.515759	193.934357
5.903630	6.515759	193.934357	-2.141593	-41.931789	34.350121	195.215347
-41.931789	34.350121	195.215347	0.258407	-107.583961	12.355151	198.678711
-107.583961	12.355151	198.678711	1.058407	-123.924408	-51.060291	203.843781
-123.924408	-51.060291	203.843781	1.658407	-107.583961	-79.362778	206.702988
-107.583961	-79.362778	206.702988	1.858407	-107.583961	-79.362778	206.702988
-107.583961	-79.362778	206.702988	1.858407	-93.779434	-93.167305	206.702988
-93.779434	-93.167305	206.702988	2.058407	-32.732540	-99.419159	206.702988
-32.732540	-99.419159	206.702988	2.658407	3.205171	-49.676918	206.702988
3.205171	-49.676918	206.702988	2.858407	6.369837	-21.956682	203.081329
6.369837	-21.956682	203.081329	2.458407	11.589153	-12.762915	197.837967
11.589153	-12.762915	197.837967	3.058407	0.000000	0.000000	0.000000
11.356050	-2.274263	194.489929	-2.741593	5.903630	6.515759	193.934357
5.903630	6.515759	193.934357	-2.141593	-41.931789	34.350121	195.215347
-41.931789	34.350121	195.215347	0.258407	-107.583961	12.355151	198.678711
-107.583961	12.355151	198.678711	1.058407	-123.924408	-51.060291	203.843781
-123.924408	-51.060291	203.843781	1.658407	-107.583961	-79.362778	206.702988
-107.583961	-79.362778	206.702988	1.858407	-107.583961	-79.362778	206.702988
-107.583961	-79.362778	206.702988	1.858407	-93.779434	-93.167305	206.702988
-93.779434	-93.167305	206.702988	2.058407	-32.732540	-99.419159	206.702988
-32.732540	-99.419159	206.702988	2.658407	3.205171	-49.676918	206.702988
3.205171	-49.676918	206.702988	2.858407	6.369837	-21.956682	203.081329
6.369837	-21.956682	203.081329	2.458407	11.589153	-12.762915	197.837967
11.589153	-12.762915	197.837967	3.058407	0.000000	0.000000	0.000000
11.356050	-2.274263	194.489929	-2.741593	5.903630	6.515759	193.934357
5.903630	6.515759	193.934357	-2.141593	-41.931789	34.350121	195.215347
-41.931789	34.350121	195.215347	0.258407	-107.583961	12.355151	198.678711
-107.583961	12.355151	198.678711	1.058407	-123.924408	-51.060291	203.843781
-123.924408	-51.060291	203.843781	1.658407	-107.583961	-79.362778	206.702988
-107.583961	-79.362778	206.702988	1.858407	-107.583961	-79.362778	206.702988
-107.583961	-79.362778	206.702988	1.858407	-93.779434	-93.167305	206.702988
-93.779434	-93.167305	206.702988	2.058407	-32.732540	-99.419159	206.702988
-32.732540	-99.419159	206.702988	2.658407	3.205171	-49.676918	206.702988
3.205171	-49.676918	206.702988	2.858407	6.369837	-21.956682	203.081329
6.369837	-21.956682	203.081329	2.458407	11.589153	-12.762915	197.837967
11.589153	-12.762915	197.837967	3.058407	0.000000	0.000000	0.000000
11.356050	-2.274263	194.489929	-2.741593	5.903630	6.515759	193.934357
5.903630	6.515759	193.934357	-2.141593	-41.931789	34.350121	195.215347
-41.931789	34.350121	195.215347	0.258407	-107.583961	12.355151	198.678711
-107.583961	12.355151	198.678711	1.058407	-123.924408	-51.060291	203.843781
-123.924408	-51.060291	203.843781	1.658407	-107.583961	-79.362778	206.702988
-107.583961	-79.362778	206.702988	1.858407	-107.583961	-79.362778	206.702988
-107.583961	-79.362778	206.702988	1.858407	-93.779434	-93.167305	206.702988
-93.779434	-93.167305	206.702988	2.058407	-32.732540	-99.419159	206.702988
-32.732540	-99.419159	206.702988	2.658407	3.205171	-49.676918	206.702988
3.205171	-49.676918	206.702988	2.858407	6.369837	-21.956682	203.081329
6.369837	-21.956682	203.081329	2.458407	11.589153	-12.762915	197.837967
11.589153	-12.762915	197.837967	3.058407	0.000000	0.000000	0.000000
11.356050	-2.274263	194.489929	-2.741593	5.903630	6.515759	193.934357
5.903630	6.515759	193.934357	-2.141593	-41.931789	34.350121	195.215347
-41.931789	34.350121	195.215347	0.258407	-107.583961	12.355151	198.678711
-107.583961	12.355151	198.678711	1.058407	-123.924408	-51.060291	203.843781
-123.924408	-51.060291	203.843781	1.658407	-107.583961	-79.362778	206.702988
-107.583961	-79.362778	206.702988	1.858407	-107.583961	-79.362778	206.702988
-107.583961	-79.362778	206.702988	1.858407	-93.779434	-93.167305	206.702988
-93.779434	-93.167305	206.702988	2.058407	-32.732540	-99.419159	206.702988
-32.732540	-99.419159	206.702988	2.658407	3.205171	-49.676918	206.702988
3.205171	-49.676918	206.702988	2.858407	6.369837	-21.956682	203.081329
6.369837	-21.956682	203.081329	2.458407	11.589153	-12.762915	197.837967
11.589153	-12.762915	197.837967	3.058407	0.000000	0.000000	0.000000
11.356050	-2.274263	194.489929	-2.741593	5.903630	6.515759	193.934357
5.903630	6.515759	193.934357	-2.141593	-41.931789	34.350121	195.215347
-41.931789	34.350121	195.215347	0.258407	-107.583961	12.355151	198.678711
-107.583961	12.355151	198.678711	1.058407	-123.924408	-51.060291	203.843781
-123.924408	-51.060291	203.843781	1.658407	-107.583961	-79.362778	206.702988
-107.583961	-79.362778	206.702988	1.858407	-107.583961	-79.362778	206.702988
-107.583961	-79.362778	206.702988	1.858407	-93.779434	-93.167305	206.702988
-93.779434	-93.167305	206.702988	2.058407	-32.732540	-99.419159	206.702988
-32.732540	-99.419159	206.702988	2.658407	3.205171	-49.676918	206.702988
3.205171	-49.676918	206.702988	2.858407	6.369837	-21.956682	203.081329
6.369837	-21.956682	203.081329	2.458407	11.589153	-12.762915	197.837967
11.589153	-12.762915	197.837967	3.058407	0.000000	0.000000	0.000000
11.356050	-2.274263	194.489929	-2.741593	5.903630	6.515759	193.934357
5.903630	6.515759	193.934357	-2.141593	-41.931789	34.350121	195.215347
-41.931789	34.350121	195.215347	0.258407	-107.583961	12.355151	198.678711
-107.583961	12.355151	198.678711	1.058407	-123.924408	-51.060291	203.843781
-123.924408	-51.060291	203.843781	1.658407	-107.583961	-79.362778	206.702988
-107.583961	-79.362778	206.702988	1.858407	-107.583961	-79.362778	206.702988
-107.583961	-79.362778	206.702988	1.858407	-93.779434	-93.167305	206.702988
-93.779434	-93.167305	206.702988	2.058407	-32.732540	-99.419159	206.702988
-32.732540	-99.419159	206.702988	2.658407	3.205171	-49.676918	206.702988
3.205171	-49.676918	206.702988	2.858407	6.369837	-21.956682	203.081329
6.369837	-21.956682	203.081329	2.458407	11.589153	-12.762915	197.837967
11.589153	-12.762915	197.837967	3.058407	0.000000	0.000000	0.000000
11.356050	-2.274263	194.489929	-2.741593	5.903630	6.515759	193.934357
5.903630	6.515759	193.934357	-2.141593	-41.931789	34.350121	195.215347
-41.931789	34.350121	195.215347	0.258407	-107.583961	12.355151	198.678711
-107.583961	12.355151	198.678711	1.058407	-123.924408	-51.060291	203.843781
-123.924408	-51.060291	203.843781	1.658407	-107.583961	-79.362778	206.702988
-107.583961	-79.362778	206.702988	1.858407	-107.583961	-79.362778	206.702988
-107.583961	-79.362778	206.702988	1.858407	-93.779434	-93.167305	206.702988
-93.779434	-93.167305	206.702988	2.058407	-32.732540	-99.419159	206.702988
-32.732540	-99.419159	206.702988	2.658407	3.205171	-49.676918	206.702988
3.205171	-49.676918	206.702988	2.858407	6.369837	-21.956682	203.081329
6.369837	-21.956682	203.081329	2.458407	11.589153	-12.762915	197.837967
11.589153	-12.762915	197.837967	3.058407	0.000000	0.000000	0.000000
11.356050	-2.274263	194.489929	-2.741593	5.903630	6.515759	193.934357
5.903630	6.515759	193.934357	-2.141593	-41.931789	34.350121	195.215347
-41.931789	34.350121	195.215347	0.258407	-107.583961	12.355151	198.678711
-107.583961	12.355151	198.678711	1.058407	-123.924408	-51.060291	203.843781
-123.924408	-51.060291	203.843781	1.658407	-107.583961	-79.362778	206.702988
-107.583961	-79.362778	206.702988	1.858407	-107.583961	-79.362778	206.702988
-107.583961	-79.362778	206.702988	1.858407	-93.779434	-93.167305	206.702988
-93.779434	-93.167305	206.702988	2.058407	-32.732540	-99.419159	206.702988
-32.732540	-99.419159	206.702988	2.658407	3.205171	-49.676918	206.702988
3.205171	-49.676918	206.702988	2.858407	6.369837	-21.956682	203.081329
6.369837	-21.956682	203.081329	2.458407	11.589153	-12.762915	197.837967
11.589153	-12.762915	197.837967	3.058407	0.000000	0.000000	0.000000
11.356050	-2.274263	194.489929	-2.741593	5.903630	6.515759	193.934357
5.903630	6.515759	193.934357	-2.141593	-41.931789	34.350121	195.215347
-41.931789	34.350121	195.215347	0.258407	-107.583961	12.355151	198.678711
-107.583961	12.355151	198.678711	1.058407	-123.924408	-51.060291	203.843781
-123.924408	-51.060291	203.843781	1.658407	-107.583961	-79.362778	206.702988
-107.583961	-79.362778	206.702988	1.858407	-107.583961	-79.362778	206.702988
-107.583961	-79.362778	206.702988	1.858407	-93.779434	-93.167305	206.702988
-93.779434	-93.167305	206.702988	2.058407	-32.732540	-99.419159	206.702988
-32.732540	-99.419159	206.702988	2.658407	3.205171	-49.676918	206.702988
3.205171	-49.676918	206.702988	2.858407	6.369837	-21.956682	203.081329
6.369837	-21.956682	203.081329	2.458407	11.589153	-12.762915	197.837967
11.589153	-12.762915	197.837967	3.058407	0.000000	0.000000	0.000000
11.356050	-2.274263	194.489929	-2.741593	5.903630	6.515759	193.934357
5.903630	6.515759	193.934357	-2.141593	-41.931789	34.350121	195.215347
-41.931789	34.350121	195.215347	0.258407	-107.583961	12.355151	198.678711
-107.583961	12.355151	198.678711	1.058407	-123.924408	-51.060291	203.843781
-123.924408	-51.060291	203.843781	1.658407	-107.583961	-79.362778	206.702988
-107.583961	-79.362778	206.702988	1.858407	-107.583961	-79.362778	206.702988
-107.583961	-79.362778	206.702988	1.858407	-93.779434	-93.167305	206.702988
-93.779434	-93.167305	206.702988	2.058407	-32.732540	-99.419159	206.702988
-32.732540	-99.419159	206.702988	2.658407	3.205171	-49.676918	206.702988
3.205171	-49.676918	206.702988	2.858407	6.369837	-21.956682	203.081329
6.369837	-21.956682	203.081329	2.458407	11.589153	-12.762915	197.837967
11.589153	-12.762915	197.837967	3.058407	0.000000	0.000000	0.000000
11.356050	-2.274263	194.489929	-2.741593	5.903630	6.515759	193.934357
5.903630	6.515759	193.934357	-2.141593	-41.931789	34.350121	195.215347
-41.931789	34.350121	195.215347	0.258407	-107.583961	12.355151	198.678711
-107.583961	12.355151	198.678711	1.058407	-123.924408	-51.060291	203.843781
-123.924408	-51.060291	203.843781	1.658407	-107.583961	-79.362778	206.702988
-107.583961	-79.362778	206.702988	1.858407	-107.583961	-79.362778	206.702988
-107.583961	-79.362778	206.702988	1.858407	-93.779434	-93.167305	206.702988
-93.779434	-93.167305	206.702988	2.058407	-32.732540	-99.419159	206.702988
-32.732540	-99.419159	206.702988	2.658407	3.205171	-49.676918	206.702988
3.205171	-49.676918	206.702988	2.858407	6.369837	-21.956682	203.081329
6.369837	-21.956682	203.081329	2.458407	11.589153	-12.762915	197.837967
11.589153	-12.762915	197.837967	3.058407	0.000000	0.000000	0.000000
11.356050	-2.274263	194.489929	-2.741593	5.903630	6.515759	193.934357
5.903630	6.515759	193.934357	-2.141593	-41.931789	34.350121	195.215347
-41.931789	34.350121	195.215347	0.258407	-107.583961	12.355151	198.678711
-107.583961	12.355151	198.678711	1.058407	-123.924408	-51.060291	203.843781
-123.924408	-51.060291	203.843781	1.658407	-107.583961	-79.362778	206.702988
-107.583961	-79.362778	206.702988	1.858407	-107.583961	-79.362778	206.702988
-107.583961	-79.362778	206.702988	1.858407	-93.779434	-93.167305	206.702988
-93.779434	-93.167305	206.702988	2.058407	-32.732540	-99.419159	206.702988
-32.732540	-99.419159	206.702988	2.658407	3.205171	-49.676918	206.702988
3.205171	-49.676918	206.702988	2.858407	6.369837	-21.956682	203.081329
6.369837	-21.956682	203.081329	2.458407	11.589153	-12.762915	197.837967
11.589153	-12.762915	197.837967	3.058407	0.000000	0.000000	0.000000
11.356050	-2.274263	194.489929	-2.741593	5.903630	6.515759	193.934357
5.903630	6.515759	193.934357	-2.141593	-41.931789	34.350121	195.215347
-41.931789	34.350121	195.215347	0.258407	-107.583961	12.355151	198.678711
-107.583961	12.355151	198.678711	1.058407	-123.924408	-51.060291	203.843781
-123.924408	-51.060291	203.843781	1.658407	-107.583961	-79.362778	206.702988
-107.583961	-79.362778	206.702988	1.858407	-107.583961	-79.362778	206.702988
-107.583961	-79.362778	206.702988	1.858407	-93.779434	-93.167305	206.702988
-93.779434	-93.167305	206.702988	2.058407	-32.732540	-99.419159	206.702988
-32.732540	-99.419159	206.702988	2.658407	3.205171	-49.676918	206.702988
3.205171	-49.676918	206.702988	2.858407	6.369837	-21.956682	203.081329
6.369837	-21.956682	203.081329	2.458407	11.589153	-12.762915	197.837967
11.589153	-12.762915	197.837967	3.058407	0.000000	0.000000	0.000000
11.356050	-2.274263	194.489929	-2.741593	5.903630	6.515759	193.934357
5.903630	6.515759	193.934357	-2.141593	-41.931789	34.350121	195.215347
-41.931789	34.350121	195.215347	0.258407	-107.583961	12.355151	198.678711
-107.583961	12.355151	198.678711	1.058407	-123.924408	-51.060291	203.843781
-123.924408	-51.060291	203.843781	1.658407	-107.583961	-79.362778	206.702988
-107.583961	-79.362778	206.702988	1.858407	-107.583961	-79.362778	206.702988
-107.583961	-79.362778	206.702988	1.858407	-93.779434	-93.167305	206.702988
-93.779434	-93.167305	206.702988	2.058407	-32.732540	-99.419159	206.702988
-32.732540	-99.419159	206.702988	2.658407	3.205171	-49.676918	206.702988
3.205171	-49.676918	206.702988	2.858407	6.369837	-21.956682	203.081329
6.369837	-21.956682	203.081329	2.458407	11.589153	-12.762915	197.837967
11.589153	-12.762915	197.837967	3.058407	0.000000	0.000000	0.000000
11.356050	-2.274263	194.489929	-2.741593	5.903630	6.515759	193.934357
5.903630	6.515759	193.934357	-2.141593	-41.931789	34.350121	195.215347
-41.931789	34.350121	195.215347	0.258407	-107.583961	12.355151	198.678711
-107.583961	12.355151	198.678711	1.058407	-123.924408	-51.060291	203.843781
-123.924408	-51.060291	203.843781	1.658407	-107.583961	-79.362778	206.702988
-107.583961	-79.362778	206.702988	1.858407	-107.583961	-79.362778	206.702988
-107.583961	-79.362778	206.702988	1.858407	-93.779434	-93.167305	206.702988
-93.779434	-93.167305	206.702988	2.058407	-32.732540	-99.419159	206.702988
-32.732540	-99.419159	206.702988	2.658407	3.205171	-49.676918	206.702988
3.205171	-49.676918	206.702988	2.858407	6.369837	-21.956682	203.081329
6.369837	-21.956682	203.081329	2.458407	11.589153	-12.762915	197.837967
11.589153	-12.762915	197.837967	3.058407	0.000000	0.000000	0.000000
