23.722111	174.569061	19.872721	0	0	-0.45359611	0.89120736
23.726622	174.529739	19.875999	0	0	-0.92106097	0.38941839
23.718571	174.608551	19.869312	0	0	-0.45359611	0.89120736
23.731930	174.490387	19.879250	0	0	-0.92106097	0.38941839
23.715780	174.648254	19.866156	0	0	-0.92106097	0.38941839
23.737925	174.450897	19.882467	0	0	-0.92106097	0.38941839
23.714191	174.689545	19.862164	0	0	-0.92106097	0.38941839
23.709696	174.731339	19.860657	0	0	-0.92106097	0.38941839
23.704966	174.784622	19.849020	0	0	-0.92106097	0.38941839
23.686285	174.831146	19.843706	0	0	-0.95533648	0.29552023
23.914474	174.768814	19.724226	0	0	-0.92106097	0.38941839
23.545172	174.939560	19.791641	0	0	-0.92106097	0.38941839
23.841412	176.319077	19.822157	0	0	-0.45359611	0.89120736
23.456730	178.050415	19.942501	0	0	-0.92106097	0.38941839
21.089314	181.645584	20.479469	0	0	-0.45359611	0.89120736
14.419311	185.613327	18.225521	0	0	-0.45359611	0.89120736
15.709187	197.606232	20.727686	0	0	-0.92106097	0.38941839
13.212362	197.371109	20.083473	0	0	-0.92106097	0.38941839
43.496300	174.569061	48.113190	0	0	-0.69670669	0.71735611
43.497787	174.529739	48.112148	0	0	-0.69670669	0.71735611
43.495525	174.608551	48.113735	0	0	-0.69670669	0.71735611
43.499821	174.490387	48.110725	0	0	-0.69670669	0.71735611
43.495140	174.648254	48.114006	0	0	-0.69670669	0.71735611
43.502335	174.450897	48.108967	0	0	-0.69670669	0.71735611
43.495949	174.689545	48.113438	0	0	-0.69670669	0.71735611
43.493637	174.731339	48.115055	0	0	-0.69670669	0.71735611
43.495934	174.784622	48.113449	0	0	-0.69670669	0.71735611
43.485893	174.831146	48.120480	0	0	-0.69670669	0.71735611
43.695148	174.768814	47.973957	0	0	-0.69670669	0.71735611
43.415668	174.939560	48.169651	0	0	-0.76484218	0.64421769
43.600109	176.319077	48.040504	0	0	-0.69670669	0.71735611
43.285442	178.050415	48.260838	0	0	-0.69670669	0.71735611
41.444588	181.645584	49.549816	0	0	-0.69670669	0.71735611
38.027958	185.613327	51.942165	0	0	-0.62160997	0.7833269
37.717846	197.606232	52.159309	0	0	-0.95533648	0.29552023
36.345135	197.371109	53.120491	0	0	-0.95533648	0.29552023
5.751164	222.389771	30.677713	0	0	-0.92106097	0.38941839
26.851086	222.316193	59.768295	0	0	-0.45359611	0.89120736
26.360929	222.389771	60.111507	0	0	-0.45359611	0.89120736
-13.234385	222.433105	2.565049	0	0	-0.36235775	0.93203909
-13.436874	222.316193	2.231126	0	0	-0.36235775	0.93203909
-57.530319	152.797546	19.872721	0	0	-0.62160997	0.7833269
-57.540424	152.835266	19.869312	0	0	-0.62160997	0.7833269
-57.520187	152.759735	19.875999	0	0	-0.62160997	0.7833269
-57.550541	152.873016	19.866156	0	0	-0.62160997	0.7833269
-57.509991	152.721680	19.879250	0	0	-0.62160997	0.7833269
-57.560970	152.911942	19.862164	0	0	-0.62160997	0.7833269
-57.499718	152.683334	19.882467	0	0	-0.62160997	0.7833269
-57.571720	152.952057	19.860657	0	0	-0.62160997	0.7833269
-57.567371	152.935822	19.724226	0	0	-0.62160997	0.7833269
-57.585358	153.002945	19.849020	0	0	-0.62160997	0.7833269
-57.598240	153.051025	19.843706	0	0	-0.62160997	0.7833269
-57.634796	153.187454	19.791641	0	0	-0.62160997	0.7833269
-57.959827	154.400497	19.822157	0	0	-0.62160997	0.7833269
-58.418434	156.112030	19.942501	0	0	-0.54030229	0.84147099
-59.475811	160.058228	20.479469	0	0	-0.69670669	0.71735611
-60.914555	165.427689	18.225521	0	0	-0.76484218	0.64421769
-63.826374	176.294739	20.727686	0	0	-0.45359611	0.89120736
-63.934849	176.699585	20.083473	0	0	-0.54030229	0.84147099
90.956375	135.751343	76.556854	0	0	-0.87758258	0.4794255
90.940475	135.723801	76.556854	0	0	-0.87758258	0.4794255
90.972588	135.779419	76.556854	0	0	-0.87758258	0.4794255
90.989082	135.807999	76.556854	0	0	-0.87758258	0.4794255
90.924767	135.696594	76.556854	0	0	-0.87758258	0.4794255
90.909164	135.669571	76.556854	0	0	-0.87758258	0.4794255
91.006569	135.838272	76.556854	0	0	-0.87758258	0.4794255
91.023544	135.867676	76.556854	0	0	-0.87758258	0.4794255
91.045425	135.905594	76.556854	0	0	-0.87758258	0.4794255
91.060905	135.932388	76.556854	0	0	-0.87758258	0.4794255
91.072571	135.952606	76.556854	0	0	-0.87758258	0.4794255
91.090965	135.984451	76.556854	0	0	-0.87758258	0.4794255
91.743973	137.115509	76.556854	0	0	-0.87758258	0.4794255
92.397499	138.247437	76.556854	0	0	-0.87758258	0.4794255
93.362396	139.918701	76.556854	0	0	-0.82533563	0.56464246
93.412987	140.006317	76.556854	0	0	-0.82533563	0.56464246
98.202515	148.302017	76.556854	0	0	-0.82533563	0.56464246
98.928528	149.559509	76.556854	0	0	-0.82533563	0.56464246
102.341743	155.471375	76.556854	0	0	-0.62160997	0.7833269
-70.689323	201.907608	30.677713	0	0	-0.45359611	0.89120736
107.170616	163.835220	76.556854	0	0	-0.76484218	0.64421769
-71.956284	206.635971	2.231126	0	0	-0.26749883	0.96355818
-90.065079	60.781876	19.872721	0	0	-0.36235775	0.93203909
-90.086586	60.803387	19.869312	0	0	-0.36235775	0.93203909
-90.043159	60.759960	19.875999	0	0	-0.36235775	0.93203909
-90.107841	60.824635	19.866156	0	0	-0.36235775	0.93203909
-90.020836	60.737629	19.879250	0	0	-0.36235775	0.93203909
-89.998085	60.714886	19.882467	0	0	-0.36235775	0.93203909
-90.129280	60.846077	19.862164	0	0	-0.36235775	0.93203909
-90.152428	60.869225	19.860657	0	0	-0.36235775	0.93203909
-90.068771	60.785572	19.724226	0	0	-0.36235775	0.93203909
-90.181427	60.898228	19.849020	0	0	-0.36235775	0.93203909
-90.214035	60.930832	19.843706	0	0	-0.36235775	0.93203909
-90.338799	61.055595	19.791641	0	0	-0.36235775	0.93203909
-90.880432	61.597229	19.822157	0	0	-0.45359611	0.89120736
-91.938446	62.655243	19.942501	0	0	-0.36235775	0.93203909
-94.919739	65.636536	20.479469	0	0	-0.45359611	0.89120736
-100.238609	70.955406	18.225521	0	0	-0.45359611	0.89120736
-105.590118	76.306915	20.727686	0	0	-0.36235775	0.93203909
-106.720978	77.437775	20.083473	0	0	-0.36235775	0.93203909
101.394600	40.069717	76.556854	0	0	-0.95533648	0.29552023
101.366516	40.053501	76.556854	0	0	-0.95533648	0.29552023
101.380165	40.061378	76.556854	0	0	-0.95533648	0.29552023
101.353462	40.045963	76.556854	0	0	-0.95533648	0.29552023
101.340851	40.038685	76.556854	0	0	-0.95533648	0.29552023
101.409706	40.078434	76.556854	0	0	-0.95533648	0.29552023
101.407890	40.077385	76.556854	0	0	-0.98006658	0.19866933
101.426392	40.088070	76.556854	0	0	-0.95533648	0.29552023
101.441116	40.096573	76.556854	0	0	-0.95533648	0.29552023
101.460640	40.107845	76.556854	0	0	-0.95533648	0.29552023
101.466782	40.111385	76.556854	0	0	-0.95533648	0.29552023
101.610931	40.194614	76.556854	0	0	-0.95533648	0.29552023
102.227409	40.550537	76.556854	0	0	-0.95533648	0.29552023
102.469788	40.690472	76.556854	0	0	-0.95533648	0.29552023
102.688599	40.816803	76.556854	0	0	-0.98006658	0.19866933
103.371429	41.211037	76.556854	0	0	-0.95533648	0.29552023
99.185371	38.794216	76.556854	0	0	-0.95533648	0.29552023
105.345856	42.350971	76.556854	0	0	-0.95533648	0.29552023
94.186035	35.907848	76.556854	0	0	0.99913515	0.041580682
108.608925	44.234909	76.556854	0	0	-0.92106097	0.38941839
-122.960907	93.677704	30.677713	0	0	-0.36235775	0.93203909
-132.518127	103.234932	2.231126	0	0	-0.070737201	0.99749499
-49.805870	-7.195829	55.325386	0	0	-0.16996714	0.98544973
-49.816437	-7.192998	55.317989	0	0	-0.16996714	0.98544973
-49.794769	-7.198804	55.333160	0	0	-0.16996714	0.98544973
-49.826450	-7.190315	55.310978	0	0	-0.16996714	0.98544973
-49.783165	-7.201913	55.341286	0	0	-0.16996714	0.98544973
-49.783554	-7.201809	55.341015	0	0	-0.16996714	0.98544973
-49.836338	-7.187665	55.304054	0	0	-0.16996714	0.98544973
-49.771107	-7.205143	55.349728	0	0	-0.16996714	0.98544973
-49.847061	-7.184792	55.296547	0	0	-0.16996714	0.98544973
-49.864445	-7.180134	55.284374	0	0	-0.16996714	0.98544973
-49.886768	-7.174153	55.268742	0	0	-0.16996714	0.98544973
-50.019039	-7.138711	55.176125	0	0	-0.16996714	0.98544973
-50.052345	-7.129786	55.152802	0	0	-0.16996714	0.98544973
-50.541645	-6.998679	54.810192	0	0	-0.16996714	0.98544973
-52.433186	-6.491842	53.485722	0	0	-0.16996714	0.98544973
-58.394051	-4.894634	49.311882	0	0	-0.16996714	0.98544973
-58.503887	-4.865203	49.234970	0	0	-0.16996714	0.98544973
-60.350716	-4.370347	47.941807	0	0	-0.16996714	0.98544973
-64.669785	-3.213056	44.917564	0	0	-0.16996714	0.98544973
-89.691971	3.491618	27.396843	0	0	-0.070737201	0.99749499
