-76.227821	-75.461571	7.345287	0.000000	0.000000	2.258407
-184.248489	-136.878601	16.563528	0.000000	0.000000	1.658407
-292.465912	-74.311363	16.563528	0.000000	0.000000	1.258407
-309.175049	-11.952034	16.563528	0.000000	0.000000	0.858407
-309.175049	-11.952034	16.563528	0.000000	0.000000	0.858407
-309.175049	-4.453779	15.907516	0.000000	0.000000	0.858407
-243.794785	101.289894	5.123465	0.000000	0.000000	0.258407
-76.227821	-75.461571	7.345287	0.000000	0.000000	2.258407
-184.248489	-136.878601	16.563528	0.000000	0.000000	1.658407
-292.465912	-74.311363	16.563528	0.000000	0.000000	1.258407
-309.175049	-11.952034	16.563528	0.000000	0.000000	0.858407
-309.175049	-11.952034	16.563528	0.000000	0.000000	0.858407
-309.175049	-4.453779	15.907516	0.000000	0.000000	0.858407
-243.794785	101.289894	5.123465	0.000000	0.000000	0.258407
-76.227821	-75.461571	7.345287	0.000000	0.000000	2.258407
-184.248489	-136.878601	16.563528	0.000000	0.000000	1.658407
-292.465912	-74.311363	16.563528	0.000000	0.000000	1.258407
-309.175049	-11.952034	16.563528	0.000000	0.000000	0.858407
-309.175049	-11.952034	16.563528	0.000000	0.000000	0.858407
-309.175049	-4.453779	15.907516	0.000000	0.000000	0.858407
-243.794785	101.289894	5.123465	0.000000	0.000000	0.258407
-76.227821	-75.461571	7.345287	0.000000	0.000000	2.258407
-184.248489	-136.878601	16.563528	0.000000	0.000000	1.658407
-292.465912	-74.311363	16.563528	0.000000	0.000000	1.258407
-309.175049	-11.952034	16.563528	0.000000	0.000000	0.858407
-309.175049	-11.952034	16.563528	0.000000	0.000000	0.858407
-309.175049	-4.453779	15.907516	0.000000	0.000000	0.858407
-243.794785	101.289894	5.123465	0.000000	0.000000	0.258407
-76.227821	-75.461571	7.345287	0.000000	0.000000	2.258407
-184.248489	-136.878601	16.563528	0.000000	0.000000	1.658407
-292.465912	-74.311363	16.563528	0.000000	0.000000	1.258407
-309.175049	-11.952034	16.563528	0.000000	0.000000	0.858407
-309.175049	-11.952034	16.563528	0.000000	0.000000	0.858407
-309.175049	-4.453779	15.907516	0.000000	0.000000	0.858407
-243.794785	101.289894	5.123465	0.000000	0.000000	0.258407
-76.227821	-75.461571	7.345287	0.000000	0.000000	2.258407
-184.248489	-136.878601	16.563528	0.000000	0.000000	1.658407
-292.465912	-74.311363	16.563528	0.000000	0.000000	1.258407
-309.175049	-11.952034	16.563528	0.000000	0.000000	0.858407
-309.175049	-11.952034	16.563528	0.000000	0.000000	0.858407
-309.175049	-4.453779	15.907516	0.000000	0.000000	0.858407
-243.794785	101.289894	5.123465	0.000000	0.000000	0.258407
-76.227821	-75.461571	7.345287	0.000000	0.000000	2.258407
-184.248489	-136.878601	16.563528	0.000000	0.000000	1.658407
-292.465912	-74.311363	16.563528	0.000000	0.000000	1.258407
-309.175049	-11.952034	16.563528	0.000000	0.000000	0.858407
-309.175049	-11.952034	16.563528	0.000000	0.000000	0.858407
-309.175049	-4.453779	15.907516	0.000000	0.000000	0.858407
-243.794785	101.289894	5.123465	0.000000	0.000000	0.258407
-76.227821	-75.461571	7.345287	0.000000	0.000000	2.258407
-184.248489	-136.878601	16.563528	0.000000	0.000000	1.658407
-292.465912	-74.311363	16.563528	0.000000	0.000000	1.258407
-309.175049	-11.952034	16.563528	0.000000	0.000000	0.858407
-309.175049	-11.952034	16.563528	0.000000	0.000000	0.858407
-309.175049	-4.453779	15.907516	0.000000	0.000000	0.858407
-243.794785	101.289894	5.123465	0.000000	0.000000	0.258407
-76.227821	-75.461571	7.345287	0.000000	0.000000	2.258407
-184.248489	-136.878601	16.563528	0.000000	0.000000	1.658407
-292.465912	-74.311363	16.563528	0.000000	0.000000	1.258407
-309.175049	-11.952034	16.563528	0.000000	0.000000	0.858407
-309.175049	-11.952034	16.563528	0.000000	0.000000	0.858407
-309.175049	-4.453779	15.907516	0.000000	0.000000	0.858407
-243.794785	101.289894	5.123465	0.000000	0.000000	0.258407
-76.227821	-75.461571	7.345287	0.000000	0.000000	2.258407
-184.248489	-136.878601	16.563528	0.000000	0.000000	1.658407
-292.465912	-74.311363	16.563528	0.000000	0.000000	1.258407
-309.175049	-11.952034	16.563528	0.000000	0.000000	0.858407
-309.175049	-11.952034	16.563528	0.000000	0.000000	0.858407
-309.175049	-4.453779	15.907516	0.000000	0.000000	0.858407
-243.794785	101.289894	5.123465	0.000000	0.000000	0.258407
-76.227821	-75.461571	7.345287	0.000000	0.000000	2.258407
-184.248489	-136.878601	16.563528	0.000000	0.000000	1.658407
-292.465912	-74.311363	16.563528	0.000000	0.000000	1.258407
-309.175049	-11.952034	16.563528	0.000000	0.000000	0.858407
-309.175049	-11.952034	16.563528	0.000000	0.000000	0.858407
-309.175049	-4.453779	15.907516	0.000000	0.000000	0.858407
-243.794785	101.289894	5.123465	0.000000	0.000000	0.258407
-76.227821	-75.461571	7.345287	0.000000	0.000000	2.258407
-184.248489	-136.878601	16.563528	0.000000	0.000000	1.658407
-292.465912	-74.311363	16.563528	0.000000	0.000000	1.258407
-309.175049	-11.952034	16.563528	0.000000	0.000000	0.858407
-309.175049	-11.952034	16.563528	0.000000	0.000000	0.858407
-309.175049	-4.453779	15.907516	0.000000	0.000000	0.858407
-243.794785	101.289894	5.123465	0.000000	0.000000	0.258407
-76.227821	-75.461571	7.345287	0.000000	0.000000	2.258407
-184.248489	-136.878601	16.563528	0.000000	0.000000	1.658407
-292.465912	-74.311363	16.563528	0.000000	0.000000	1.258407
-309.175049	-11.952034	16.563528	0.000000	0.000000	0.858407
-309.175049	-11.952034	16.563528	0.000000	0.000000	0.858407
-309.175049	-4.453779	15.907516	0.000000	0.000000	0.858407
-243.794785	101.289894	5.123465	0.000000	0.000000	0.258407
-76.227821	-75.461571	7.345287	0.000000	0.000000	2.258407
-184.248489	-136.878601	16.563528	0.000000	0.000000	1.658407
-292.465912	-74.311363	16.563528	0.000000	0.000000	1.258407
-309.175049	-11.952034	16.563528	0.000000	0.000000	0.858407
-309.175049	-11.952034	16.563528	0.000000	0.000000	0.858407
-309.175049	-4.453779	15.907516	0.000000	0.000000	0.858407
-243.794785	101.289894	5.123465	0.000000	0.000000	0.258407
-76.227821	-75.461571	7.345287	0.000000	0.000000	2.258407
-184.248489	-136.878601	16.563528	0.000000	0.000000	1.658407
-292.465912	-74.311363	16.563528	0.000000	0.000000	1.258407
-309.175049	-11.952034	16.563528	0.000000	0.000000	0.858407
-309.175049	-11.952034	16.563528	0.000000	0.000000	0.858407
-309.175049	-4.453779	15.907516	0.000000	0.000000	0.858407
-243.794785	101.289894	5.123465	0.000000	0.000000	0.258407
-76.227821	-75.461571	7.345287	0.000000	0.000000	2.258407
-184.248489	-136.878601	16.563528	0.000000	0.000000	1.658407
-292.465912	-74.311363	16.563528	0.000000	0.000000	1.258407
-309.175049	-11.952034	16.563528	0.000000	0.000000	0.858407
-309.175049	-11.952034	16.563528	0.000000	0.000000	0.858407
-309.175049	-4.453779	15.907516	0.000000	0.000000	0.858407
-243.794785	101.289894	5.123465	0.000000	0.000000	0.258407
-76.227821	-75.461571	7.345287	0.000000	0.000000	2.258407
-184.248489	-136.878601	16.563528	0.000000	0.000000	1.658407
-292.465912	-74.311363	16.563528	0.000000	0.000000	1.258407
-309.175049	-11.952034	16.563528	0.000000	0.000000	0.858407
-309.175049	-11.952034	16.563528	0.000000	0.000000	0.858407
-309.175049	-4.453779	15.907516	0.000000	0.000000	0.858407
-243.794785	101.289894	5.123465	0.000000	0.000000	0.258407
-76.227821	-75.461571	7.345287	0.000000	0.000000	2.258407
-184.248489	-136.878601	16.563528	0.000000	0.000000	1.658407
-292.465912	-74.311363	16.563528	0.000000	0.000000	1.258407
-309.175049	-11.952034	16.563528	0.000000	0.000000	0.858407
-309.175049	-11.952034	16.563528	0.000000	0.000000	0.858407
-309.175049	-4.453779	15.907516	0.000000	0.000000	0.858407
-243.794785	101.289894	5.123465	0.000000	0.000000	0.258407
-76.227821	-75.461571	7.345287	0.000000	0.000000	2.258407
-184.248489	-136.878601	16.563528	0.000000	0.000000	1.658407
-292.465912	-74.311363	16.563528	0.000000	0.000000	1.258407
-309.175049	-11.952034	16.563528	0.000000	0.000000	0.858407
-309.175049	-11.952034	16.563528	0.000000	0.000000	0.858407
-309.175049	-4.453779	15.907516	0.000000	0.000000	0.858407
-243.794785	101.289894	5.123465	0.000000	0.000000	0.258407
-76.227821	-75.461571	7.345287	0.000000	0.000000	2.258407
-184.248489	-136.878601	16.563528	0.000000	0.000000	1.658407
-292.465912	-74.311363	16.563528	0.000000	0.000000	1.258407
-309.175049	-11.952034	16.563528	0.000000	0.000000	0.858407
-309.175049	-11.952034	16.563528	0.000000	0.000000	0.858407
-309.175049	-4.453779	15.907516	0.000000	0.000000	0.858407
-243.794785	101.289894	5.123465	0.000000	0.000000	0.258407
