115.445366	44.560177	-62.715630	0	0	0.98999249	0.14112005
115.542107	44.093918	-62.754120	0	0	-0.82533563	0.56464246
115.351425	45.067768	-62.681919	0	0	0.98999249	0.14112005
115.640877	43.666225	-62.796658	0	0	-0.82533563	0.56464246
115.267815	45.614506	-62.659584	0	0	-0.82533563	0.56464246
115.739761	43.273903	-62.841484	0	0	-0.82533563	0.56464246
115.186493	46.197289	-62.640575	0	0	-0.82533563	0.56464246
115.151054	46.749912	-62.665882	0	0	-0.82533563	0.56464246
115.080971	47.278278	-62.643665	0	0	-0.92106097	0.38941839
115.070114	47.411251	-62.774094	0	0	-0.82533563	0.56464246
115.485725	47.476933	-62.496334	0	0	-0.82533563	0.56464246
113.446510	51.260487	-64.455513	0	0	-0.95533648	0.29552023
119.508865	33.598804	-66.022003	0	0	-0.98006658	0.19866933
107.683739	62.551205	-65.231041	0	0	-0.76484218	0.64421769
106.891357	60.657360	-47.140709	0	0	-0.76484218	0.64421769
98.567055	52.343315	-47.309086	0	0	-0.82533563	0.56464246
117.274895	69.383278	-51.923748	0	0	0.98999249	0.14112005
123.424866	30.739269	-39.923801	0	0	-0.95533648	0.29552023
123.456276	30.386175	-40.148911	0	0	-0.95533648	0.29552023
123.403046	31.121950	-39.684105	0	0	-0.95533648	0.29552023
123.495987	30.060776	-40.360134	0	0	-0.95533648	0.29552023
123.398956	31.530960	-39.434647	0	0	-0.95533648	0.29552023
123.541382	29.761103	-40.557747	0	0	-0.95533648	0.29552023
123.402878	31.966097	-39.172153	0	0	-0.95533648	0.29552023
123.455017	32.367020	-38.947292	0	0	-0.95533648	0.29552023
123.460754	32.764072	-38.708527	0	0	-0.95533648	0.29552023
123.500374	32.809616	-38.694782	0	0	-0.95533648	0.29552023
123.825905	33.031319	-38.674313	0	0	-0.95533648	0.29552023
122.953659	34.793621	-37.300278	0	0	-0.92106097	0.38941839
126.369385	21.716047	-46.426342	0	0	-0.92106097	0.38941839
119.455490	42.161930	-31.607431	0	-0	-1	-4.371139e-08
114.255363	47.878143	-26.320551	0	0	0	1
105.424164	40.466450	-27.723148	0	0	-0.82533563	0.56464246
112.961136	47.249317	-26.248755	0	0	0	1
118.575523	49.977177	-26.560207	0	-0	-1	-4.371139e-08
126.270508	53.715935	-26.987076	0	0	0	1
75.400932	84.604607	-62.715630	0	0	-0.92106097	0.38941839
75.216171	84.419846	-62.754120	0	0	-0.92106097	0.38941839
75.607758	84.811432	-62.681919	0	0	-0.92106097	0.38941839
75.051712	84.255386	-62.796658	0	0	-0.92106097	0.38941839
75.839325	85.042999	-62.659584	0	0	-0.92106097	0.38941839
74.904999	84.108673	-62.841484	0	0	-0.92106097	0.38941839
76.090050	85.293732	-62.640575	0	0	-0.92106097	0.38941839
76.348640	85.552322	-62.665882	0	0	-0.92106097	0.38941839
76.577789	85.781464	-62.643665	0	0	-0.92106097	0.38941839
76.638847	85.842522	-62.774094	0	0	-0.92106097	0.38941839
76.879486	86.083168	-62.496334	0	0	-0.92106097	0.38941839
77.751663	86.955338	-64.455513	0	0	-0.92106097	0.38941839
71.951996	81.155678	-66.022003	0	0	-0.95533648	0.29552023
80.515633	89.719307	-65.231041	0	0	-0.98006658	0.19866933
79.172516	88.376198	-47.140709	0	0	-0.92106097	0.38941839
70.853348	80.057022	-47.309086	0	0	-0.95533648	0.29552023
88.727249	97.930923	-51.923748	0	0	0.99913515	0.041580682
54.658535	45.326538	-42.302998	0	0	0.99913515	0.041580682
90.113594	107.641457	-41.986168	0	0	0.99913515	0.041580682
78.380898	114.415337	-61.334370	0	0	-0.99500417	0.099833397
86.469597	116.482880	-22.825874	0	0	0	1
53.136368	111.028053	-69.618958	0	0	-0.62160997	0.7833269
-2.073872	76.049362	-62.715630	0	0	-0.76484218	0.64421769
-2.183957	75.638519	-62.754120	0	0	-0.76484218	0.64421769
-1.953267	76.499466	-62.681919	0	0	-0.76484218	0.64421769
-2.284263	75.264175	-62.796658	0	0	-0.76484218	0.64421769
-1.822184	76.988678	-62.659584	0	0	-0.76484218	0.64421769
-2.375719	74.922852	-62.841484	0	0	-0.76484218	0.64421769
-1.681935	77.512093	-62.640575	0	0	-0.76484218	0.64421769
-1.546153	78.018837	-62.665882	0	0	-0.76484218	0.64421769
-1.418756	78.494286	-62.643665	0	0	-0.76484218	0.64421769
-1.386240	78.615639	-62.774094	0	0	-0.76484218	0.64421769
-1.341980	78.780823	-62.496334	0	0	-0.82533563	0.56464246
-0.532692	81.801125	-64.455513	0	0	-0.76484218	0.64421769
-4.542012	66.838142	-66.022003	0	0	-0.82533563	0.56464246
11.404602	-6.870657	-23.511646	0	0	0	1
1.903954	90.894814	-65.231041	0	0	-0.82533563	0.56464246
-1.258720	79.091553	-47.309086	0	0	-0.82533563	0.56464246
1.377414	88.929733	-47.140709	0	0	-0.82533563	0.56464246
4.254458	99.667007	-51.923748	0	0	-0.54030229	0.84147099
12.907069	131.959000	-61.334370	0	0	-0.95533648	0.29552023
13.958040	135.881271	-17.503736	0	0	0	1
18.751766	155.998779	-101.516251	0	0	-0.54030229	0.84147099
-37.300430	19.224930	-40.446712	0	0	-0.62160997	0.7833269
-37.220627	18.927101	-40.238171	0	0	-0.62160997	0.7833269
-37.387764	19.550877	-40.674942	0	0	-0.62160997	0.7833269
-37.147831	18.655434	-40.047947	0	0	-0.62160997	0.7833269
-37.482708	19.905210	-40.923050	0	0	-0.62160997	0.7833269
-37.081375	18.407412	-39.874279	0	0	-0.62160997	0.7833269
-37.560795	20.196634	-41.127110	0	0	-0.54030229	0.84147099
-37.584129	20.283718	-41.188084	0	0	-0.62160997	0.7833269
-37.683594	20.654915	-41.447998	0	0	-0.62160997	0.7833269
-37.772552	20.986921	-41.680473	0	0	-0.62160997	0.7833269
-37.774776	20.995220	-41.686283	0	0	-0.62160997	0.7833269
-37.813751	21.140673	-41.788132	0	0	-0.62160997	0.7833269
-38.584103	24.015661	-43.801220	0	0	-0.62160997	0.7833269
-38.750599	24.637032	-44.236309	0	0	-0.62160997	0.7833269
-35.630550	12.992859	-36.082970	0	0	-0.69670669	0.71735611
-40.178116	29.964611	-47.966721	0	0	-0.45359611	0.89120736
-41.045341	33.201138	-50.232960	0	0	-0.62160997	0.7833269
-31.381021	-14.015665	-20.101051	0	0	0	1
-31.381021	-14.015665	-20.101051	0	0	0	1
-31.381021	-14.015665	-20.101051	0	0	0	1
-31.381021	-14.015665	-20.101051	0	0	0	1
-31.381021	-14.015665	-20.101051	0	0	0	1
-31.381021	-14.015665	-20.101051	0	0	0	1
-31.381021	-14.015665	-20.101051	0	0	0	1
-31.381021	-14.015665	-20.101051	0	0	0	1
-31.381021	-14.015665	-20.101051	0	0	0	1
-31.381021	-14.015665	-20.101051	0	0	0	1
-31.381021	-14.015665	-20.101051	0	0	0	1
-31.381021	-14.015665	-20.101051	0	0	0	1
-31.381021	-14.015665	-20.101051	0	0	0	1
-31.381021	-14.015665	-20.101051	0	0	0	1
-31.381021	-14.015665	-20.101051	0	0	0	1
-31.381021	-14.015665	-20.101051	0	0	0	1
-31.381021	-14.015665	-20.101051	0	0	0	1
-37.674660	-7.722027	-19.403519	0	0	-0.36235775	0.93203909
-53.348850	79.118454	-61.334366	0	0	-0.36235775	0.93203909
-51.316151	5.919466	-39.169029	0	0	0	1
-46.870998	-12.852517	-26.953642	0	0	-0.36235775	0.93203909
-46.870998	-12.852517	-26.953642	0	0	-0.36235775	0.93203909
-46.870998	-12.852517	-26.953642	0	0	-0.36235775	0.93203909
-46.870998	-12.852517	-26.953642	0	0	-0.36235775	0.93203909
-46.870998	-12.852517	-26.953642	0	0	-0.36235775	0.93203909
-46.870998	-12.852517	-26.953642	0	0	-0.36235775	0.93203909
-46.870998	-12.852517	-26.953642	0	0	-0.36235775	0.93203909
-46.870998	-12.852517	-26.953642	0	0	-0.36235775	0.93203909
-46.870998	-12.852517	-26.953642	0	0	-0.36235775	0.93203909
-46.870998	-12.852517	-26.953642	0	0	-0.36235775	0.93203909
-46.870998	-12.852517	-26.953642	0	0	-0.36235775	0.93203909
-46.870998	-12.852517	-26.953642	0	0	-0.36235775	0.93203909
-46.870998	-12.852517	-26.953642	0	0	-0.36235775	0.93203909
-46.870998	-12.852517	-26.953642	0	0	-0.36235775	0.93203909
-46.870998	-12.852517	-26.953642	0	0	-0.36235775	0.93203909
-46.870998	-12.852517	-26.953642	0	0	-0.36235775	0.93203909
-46.870998	-12.852517	-26.953642	0	0	-0.36235775	0.93203909
-46.870998	-12.852517	-26.953642	0	0	-0.36235775	0.93203909
-46.870998	-12.852517	-26.953642	0	0	-0.36235775	0.93203909
-53.235531	78.695541	-14.360027	0	0	0	1
-23.948112	171.981888	-129.448029	0	0	-0.54030229	0.84147099
-76.814339	166.692856	-143.704865	0	0	-0.54030229	0.84147099
-152.667938	107.271248	-136.112137	0	0	-0.36235775	0.93203909
-166.975220	19.329313	-111.051521	0	0	-0.070737201	0.99749499
-198.861008	-64.066093	-131.651398	0	0	0.029199523	0.9995736
-198.861008	-64.066093	-131.651398	0	0	0.029199523	0.9995736
-198.861008	-64.066093	-131.651398	0	0	0.029199523	0.9995736
-198.861008	-64.066093	-131.651398	0	0	0.22720209	0.97384763
-198.861008	-64.066093	-131.651398	0	0	0.029199523	0.9995736
-198.861008	-64.066093	-131.651398	0	0	0.029199523	0.9995736
-198.861008	-64.066093	-131.651398	0	0	0.029199523	0.9995736
-198.861008	-64.066093	-131.651398	0	0	0.22720209	0.97384763
-198.861008	-64.066093	-131.651398	0	0	0.029199523	0.9995736
-198.861008	-64.066093	-131.651398	0	0	0.029199523	0.9995736
-198.861008	-64.066093	-131.651398	0	0	0.029199523	0.9995736
-198.861008	-64.066093	-131.651398	0	0	0.029199523	0.9995736
-198.861008	-64.066093	-131.651398	0	0	0.029199523	0.9995736
-198.861008	-64.066093	-131.651398	0	0	0.029199523	0.9995736
-198.861008	-64.066093	-131.651398	0	0	0.029199523	0.9995736
-198.861008	-64.066093	-131.651398	0	0	0.029199523	0.9995736
-198.861008	-64.066093	-131.651398	0	0	0.029199523	0.9995736
-198.861008	-64.066093	-131.651398	0	0	0.029199523	0.9995736
-198.861008	-64.066093	-131.651398	0	0	0.029199523	0.9995736
-198.861008	-64.066093	-131.651398	0	0	0.029199523	0.9995736
