-201.941711	82.059952	1.803668	0.458407	-291.280396	-0.994797	1.527166
-291.280396	-0.994797	1.527166	0.858407	-297.779419	-61.422543	-45.549404
-297.779419	-61.422543	-45.549404	1.058407	-291.280396	-72.679184	-64.112541
-291.280396	-72.679184	-64.112541	1.058407	-291.280396	-72.679184	-64.112541
-291.280396	-72.679184	-64.112541	1.058407	-209.400391	-154.559189	-64.112541
-209.400391	-154.559189	-64.112541	1.658407	-90.839058	-126.387276	-64.112541
-90.839058	-126.387276	-64.112541	1.858407	-53.267910	-102.066200	244.378189
-201.941711	82.059952	1.803668	0.458407	-291.280396	-0.994797	1.527166
-291.280396	-0.994797	1.527166	0.858407	-297.779419	-61.422543	-45.549404
-297.779419	-61.422543	-45.549404	1.058407	-291.280396	-72.679184	-64.112541
-291.280396	-72.679184	-64.112541	1.058407	-291.280396	-72.679184	-64.112541
-291.280396	-72.679184	-64.112541	1.058407	-209.400391	-154.559189	-64.112541
-209.400391	-154.559189	-64.112541	1.658407	-90.839058	-126.387276	-64.112541
-90.839058	-126.387276	-64.112541	1.858407	-53.267910	-102.066200	244.378189
-201.941711	82.059952	1.803668	0.458407	-291.280396	-0.994797	1.527166
-291.280396	-0.994797	1.527166	0.858407	-297.779419	-61.422543	-45.549404
-297.779419	-61.422543	-45.549404	1.058407	-291.280396	-72.679184	-64.112541
-291.280396	-72.679184	-64.112541	1.058407	-291.280396	-72.679184	-64.112541
-291.280396	-72.679184	-64.112541	1.058407	-209.400391	-154.559189	-64.112541
-209.400391	-154.559189	-64.112541	1.658407	-90.839058	-126.387276	-64.112541
-90.839058	-126.387276	-64.112541	1.858407	-53.267910	-102.066200	244.378189
-201.941711	82.059952	1.803668	0.458407	-291.280396	-0.994797	1.527166
-291.280396	-0.994797	1.527166	0.858407	-297.779419	-61.422543	-45.549404
-297.779419	-61.422543	-45.549404	1.058407	-291.280396	-72.679184	-64.112541
-291.280396	-72.679184	-64.112541	1.058407	-291.280396	-72.679184	-64.112541
-291.280396	-72.679184	-64.112541	1.058407	-209.400391	-154.559189	-64.112541
-209.400391	-154.559189	-64.112541	1.658407	-90.839058	-126.387276	-64.112541
-90.839058	-126.387276	-64.112541	1.858407	-53.267910	-102.066200	244.378189
-201.941711	82.059952	1.803668	0.458407	-291.280396	-0.994797	1.527166
-291.280396	-0.994797	1.527166	0.858407	-297.779419	-61.422543	-45.549404
-297.779419	-61.422543	-45.549404	1.058407	-291.280396	-72.679184	-64.112541
-291.280396	-72.679184	-64.112541	1.058407	-291.280396	-72.679184	-64.112541
-291.280396	-72.679184	-64.112541	1.058407	-209.400391	-154.559189	-64.112541
-209.400391	-154.559189	-64.112541	1.658407	-90.839058	-126.387276	-64.112541
-90.839058	-126.387276	-64.112541	1.858407	-53.267910	-102.066200	244.378189
-201.941711	82.059952	1.803668	0.458407	-291.280396	-0.994797	1.527166
-291.280396	-0.994797	1.527166	0.858407	-297.779419	-61.422543	-45.549404
-297.779419	-61.422543	-45.549404	1.058407	-291.280396	-72.679184	-64.112541
-291.280396	-72.679184	-64.112541	1.058407	-291.280396	-72.679184	-64.112541
-291.280396	-72.679184	-64.112541	1.058407	-209.400391	-154.559189	-64.112541
-209.400391	-154.559189	-64.112541	1.658407	-90.839058	-126.387276	-64.112541
-90.839058	-126.387276	-64.112541	1.858407	-53.267910	-102.066200	244.378189
-201.941711	82.059952	1.803668	0.458407	-291.280396	-0.994797	1.527166
-291.280396	-0.994797	1.527166	0.858407	-297.779419	-61.422543	-45.549404
-297.779419	-61.422543	-45.549404	1.058407	-291.280396	-72.679184	-64.112541
-291.280396	-72.679184	-64.112541	1.058407	-291.280396	-72.679184	-64.112541
-291.280396	-72.679184	-64.112541	1.058407	-209.400391	-154.559189	-64.112541
-209.400391	-154.559189	-64.112541	1.658407	-90.839058	-126.387276	-64.112541
-90.839058	-126.387276	-64.112541	1.858407	-53.267910	-102.066200	244.378189
-201.941711	82.059952	1.803668	0.458407	-291.280396	-0.994797	1.527166
-291.280396	-0.994797	1.527166	0.858407	-297.779419	-61.422543	-45.549404
-297.779419	-61.422543	-45.549404	1.058407	-291.280396	-72.679184	-64.112541
-291.280396	-72.679184	-64.112541	1.058407	-291.280396	-72.679184	-64.112541
-291.280396	-72.679184	-64.112541	1.058407	-209.400391	-154.559189	-64.112541
-209.400391	-154.559189	-64.112541	1.658407	-90.839058	-126.387276	-64.112541
-90.839058	-126.387276	-64.112541	1.858407	-53.267910	-102.066200	244.378189
-201.941711	82.059952	1.803668	0.458407	-291.280396	-0.994797	1.527166
-291.280396	-0.994797	1.527166	0.858407	-297.779419	-61.422543	-45.549404
-297.779419	-61.422543	-45.549404	1.058407	-291.280396	-72.679184	-64.112541
-291.280396	-72.679184	-64.112541	1.058407	-291.280396	-72.679184	-64.112541
-291.280396	-72.679184	-64.112541	1.058407	-209.400391	-154.559189	-64.112541
-209.400391	-154.559189	-64.112541	1.658407	-90.839058	-126.387276	-64.112541
-90.839058	-126.387276	-64.112541	1.858407	-53.267910	-102.066200	244.378189
-201.941711	82.059952	1.803668	0.458407	-291.280396	-0.994797	1.527166
-291.280396	-0.994797	1.527166	0.858407	-297.779419	-61.422543	-45.549404
-297.779419	-61.422543	-45.549404	1.058407	-291.280396	-72.679184	-64.112541
-291.280396	-72.679184	-64.112541	1.058407	-291.280396	-72.679184	-64.112541
-291.280396	-72.679184	-64.112541	1.058407	-209.400391	-154.559189	-64.112541
-209.400391	-154.559189	-64.112541	1.658407	-90.839058	-126.387276	-64.112541
-90.839058	-126.387276	-64.112541	1.858407	-53.267910	-102.066200	244.378189
-201.941711	82.059952	1.803668	0.458407	-291.280396	-0.994797	1.527166
-291.280396	-0.994797	1.527166	0.858407	-297.779419	-61.422543	-45.549404
-297.779419	-61.422543	-45.549404	1.058407	-291.280396	-72.679184	-64.112541
-291.280396	-72.679184	-64.112541	1.058407	-291.280396	-72.679184	-64.112541
-291.280396	-72.679184	-64.112541	1.058407	-209.400391	-154.559189	-64.112541
-209.400391	-154.559189	-64.112541	1.658407	-90.839058	-126.387276	-64.112541
-90.839058	-126.387276	-64.112541	1.858407	-53.267910	-102.066200	244.378189
-201.941711	82.059952	1.803668	0.458407	-291.280396	-0.994797	1.527166
-291.280396	-0.994797	1.527166	0.858407	-297.779419	-61.422543	-45.549404
-297.779419	-61.422543	-45.549404	1.058407	-291.280396	-72.679184	-64.112541
-291.280396	-72.679184	-64.112541	1.058407	-291.280396	-72.679184	-64.112541
-291.280396	-72.679184	-64.112541	1.058407	-209.400391	-154.559189	-64.112541
-209.400391	-154.559189	-64.112541	1.658407	-90.839058	-126.387276	-64.112541
-90.839058	-126.387276	-64.112541	1.858407	-53.267910	-102.066200	244.378189
-201.941711	82.059952	1.803668	0.458407	-291.280396	-0.994797	1.527166
-291.280396	-0.994797	1.527166	0.858407	-297.779419	-61.422543	-45.549404
-297.779419	-61.422543	-45.549404	1.058407	-291.280396	-72.679184	-64.112541
-291.280396	-72.679184	-64.112541	1.058407	-291.280396	-72.679184	-64.112541
-291.280396	-72.679184	-64.112541	1.058407	-209.400391	-154.559189	-64.112541
-209.400391	-154.559189	-64.112541	1.658407	-90.839058	-126.387276	-64.112541
-90.839058	-126.387276	-64.112541	1.858407	-53.267910	-102.066200	244.378189
-201.941711	82.059952	1.803668	0.458407	-291.280396	-0.994797	1.527166
-291.280396	-0.994797	1.527166	0.858407	-297.779419	-61.422543	-45.549404
-297.779419	-61.422543	-45.549404	1.058407	-291.280396	-72.679184	-64.112541
-291.280396	-72.679184	-64.112541	1.058407	-291.280396	-72.679184	-64.112541
-291.280396	-72.679184	-64.112541	1.058407	-209.400391	-154.559189	-64.112541
-209.400391	-154.559189	-64.112541	1.658407	-90.839058	-126.387276	-64.112541
-90.839058	-126.387276	-64.112541	1.858407	-53.267910	-102.066200	244.378189
-201.941711	82.059952	1.803668	0.458407	-291.280396	-0.994797	1.527166
-291.280396	-0.994797	1.527166	0.858407	-297.779419	-61.422543	-45.549404
-297.779419	-61.422543	-45.549404	1.058407	-291.280396	-72.679184	-64.112541
-291.280396	-72.679184	-64.112541	1.058407	-291.280396	-72.679184	-64.112541
-291.280396	-72.679184	-64.112541	1.058407	-209.400391	-154.559189	-64.112541
-209.400391	-154.559189	-64.112541	1.658407	-90.839058	-126.387276	-64.112541
-90.839058	-126.387276	-64.112541	1.858407	-53.267910	-102.066200	244.378189
-201.941711	82.059952	1.803668	0.458407	-291.280396	-0.994797	1.527166
-291.280396	-0.994797	1.527166	0.858407	-297.779419	-61.422543	-45.549404
-297.779419	-61.422543	-45.549404	1.058407	-291.280396	-72.679184	-64.112541
-291.280396	-72.679184	-64.112541	1.058407	-291.280396	-72.679184	-64.112541
-291.280396	-72.679184	-64.112541	1.058407	-209.400391	-154.559189	-64.112541
-209.400391	-154.559189	-64.112541	1.658407	-90.839058	-126.387276	-64.112541
-90.839058	-126.387276	-64.112541	1.858407	-53.267910	-102.066200	244.378189
-201.941711	82.059952	1.803668	0.458407	-291.280396	-0.994797	1.527166
-291.280396	-0.994797	1.527166	0.858407	-297.779419	-61.422543	-45.549404
-297.779419	-61.422543	-45.549404	1.058407	-291.280396	-72.679184	-64.112541
-291.280396	-72.679184	-64.112541	1.058407	-291.280396	-72.679184	-64.112541
-291.280396	-72.679184	-64.112541	1.058407	-209.400391	-154.559189	-64.112541
-209.400391	-154.559189	-64.112541	1.658407	-90.839058	-126.387276	-64.112541
-90.839058	-126.387276	-64.112541	1.858407	-53.267910	-102.066200	244.378189
-201.941711	82.059952	1.803668	0.458407	-291.280396	-0.994797	1.527166
-291.280396	-0.994797	1.527166	0.858407	-297.779419	-61.422543	-45.549404
-297.779419	-61.422543	-45.549404	1.058407	-291.280396	-72.679184	-64.112541
-291.280396	-72.679184	-64.112541	1.058407	-291.280396	-72.679184	-64.112541
-291.280396	-72.679184	-64.112541	1.058407	-209.400391	-154.559189	-64.112541
-209.400391	-154.559189	-64.112541	1.658407	-90.839058	-126.387276	-64.112541
-90.839058	-126.387276	-64.112541	1.858407	-53.267910	-102.066200	244.378189
-201.941711	82.059952	1.803668	0.458407	-291.280396	-0.994797	1.527166
-291.280396	-0.994797	1.527166	0.858407	-297.779419	-61.422543	-45.549404
-297.779419	-61.422543	-45.549404	1.058407	-291.280396	-72.679184	-64.112541
-291.280396	-72.679184	-64.112541	1.058407	-291.280396	-72.679184	-64.112541
-291.280396	-72.679184	-64.112541	1.058407	-209.400391	-154.559189	-64.112541
-209.400391	-154.559189	-64.112541	1.658407	-90.839058	-126.387276	-64.112541
-90.839058	-126.387276	-64.112541	1.858407	-53.267910	-102.066200	244.378189
-201.941711	82.059952	1.803668	0.458407	-291.280396	-0.994797	1.527166
-291.280396	-0.994797	1.527166	0.858407	-297.779419	-61.422543	-45.549404
-297.779419	-61.422543	-45.549404	1.058407	-291.280396	-72.679184	-64.112541
-291.280396	-72.679184	-64.112541	1.058407	-291.280396	-72.679184	-64.112541
-291.280396	-72.679184	-64.112541	1.058407	-209.400391	-154.559189	-64.112541
-209.400391	-154.559189	-64.112541	1.658407	-90.839058	-126.387276	-64.112541
-90.839058	-126.387276	-64.112541	1.858407	-53.267910	-102.066200	244.378189
