-4.044035	202.457916	27.346407	-0.541593	-126.947464	214.737091	37.811207
-126.947464	214.737091	37.811207	-0.141593	-148.215622	202.457916	39.959785
-148.215622	202.457916	39.959785	0.058407	-148.215622	202.457916	39.959785
-148.215622	202.457916	39.959785	0.058407	-180.673767	169.999771	39.959785
-180.673767	169.999771	39.959785	0.258407	-189.911377	46.847240	39.959785
-189.911377	46.847240	39.959785	0.658407	47.798996	89.288818	20.157759
47.798996	89.288818	20.157759	3.058407	186.347702	-56.825367	90.900253
-4.044035	202.457916	27.346407	-0.541593	-126.947464	214.737091	37.811207
-126.947464	214.737091	37.811207	-0.141593	-148.215622	202.457916	39.959785
-148.215622	202.457916	39.959785	0.058407	-148.215622	202.457916	39.959785
-148.215622	202.457916	39.959785	0.058407	-180.673767	169.999771	39.959785
-180.673767	169.999771	39.959785	0.258407	-189.911377	46.847240	39.959785
-189.911377	46.847240	39.959785	0.658407	47.798996	89.288818	20.157759
47.798996	89.288818	20.157759	3.058407	186.347702	-56.825367	90.900253
-4.044035	202.457916	27.346407	-0.541593	-126.947464	214.737091	37.811207
-126.947464	214.737091	37.811207	-0.141593	-148.215622	202.457916	39.959785
-148.215622	202.457916	39.959785	0.058407	-148.215622	202.457916	39.959785
-148.215622	202.457916	39.959785	0.058407	-180.673767	169.999771	39.959785
-180.673767	169.999771	39.959785	0.258407	-189.911377	46.847240	39.959785
-189.911377	46.847240	39.959785	0.658407	47.798996	89.288818	20.157759
47.798996	89.288818	20.157759	3.058407	186.347702	-56.825367	90.900253
-4.044035	202.457916	27.346407	-0.541593	-126.947464	214.737091	37.811207
-126.947464	214.737091	37.811207	-0.141593	-148.215622	202.457916	39.959785
-148.215622	202.457916	39.959785	0.058407	-148.215622	202.457916	39.959785
-148.215622	202.457916	39.959785	0.058407	-180.673767	169.999771	39.959785
-180.673767	169.999771	39.959785	0.258407	-189.911377	46.847240	39.959785
-189.911377	46.847240	39.959785	0.658407	47.798996	89.288818	20.157759
47.798996	89.288818	20.157759	3.058407	186.347702	-56.825367	90.900253
-4.044035	202.457916	27.346407	-0.541593	-126.947464	214.737091	37.811207
-126.947464	214.737091	37.811207	-0.141593	-148.215622	202.457916	39.959785
-148.215622	202.457916	39.959785	0.058407	-148.215622	202.457916	39.959785
-148.215622	202.457916	39.959785	0.058407	-180.673767	169.999771	39.959785
-180.673767	169.999771	39.959785	0.258407	-189.911377	46.847240	39.959785
-189.911377	46.847240	39.959785	0.658407	47.798996	89.288818	20.157759
47.798996	89.288818	20.157759	3.058407	186.347702	-56.825367	90.900253
-4.044035	202.457916	27.346407	-0.541593	-126.947464	214.737091	37.811207
-126.947464	214.737091	37.811207	-0.141593	-148.215622	202.457916	39.959785
-148.215622	202.457916	39.959785	0.058407	-148.215622	202.457916	39.959785
-148.215622	202.457916	39.959785	0.058407	-180.673767	169.999771	39.959785
-180.673767	169.999771	39.959785	0.258407	-189.911377	46.847240	39.959785
-189.911377	46.847240	39.959785	0.658407	47.798996	89.288818	20.157759
47.798996	89.288818	20.157759	3.058407	186.347702	-56.825367	90.900253
-4.044035	202.457916	27.346407	-0.541593	-126.947464	214.737091	37.811207
-126.947464	214.737091	37.811207	-0.141593	-148.215622	202.457916	39.959785
-148.215622	202.457916	39.959785	0.058407	-148.215622	202.457916	39.959785
-148.215622	202.457916	39.959785	0.058407	-180.673767	169.999771	39.959785
-180.673767	169.999771	39.959785	0.258407	-189.911377	46.847240	39.959785
-189.911377	46.847240	39.959785	0.658407	47.798996	89.288818	20.157759
47.798996	89.288818	20.157759	3.058407	186.347702	-56.825367	90.900253
-4.044035	202.457916	27.346407	-0.541593	-126.947464	214.737091	37.811207
-126.947464	214.737091	37.811207	-0.141593	-148.215622	202.457916	39.959785
-148.215622	202.457916	39.959785	0.058407	-148.215622	202.457916	39.959785
-148.215622	202.457916	39.959785	0.058407	-180.673767	169.999771	39.959785
-180.673767	169.999771	39.959785	0.258407	-189.911377	46.847240	39.959785
-189.911377	46.847240	39.959785	0.658407	47.798996	89.288818	20.157759
47.798996	89.288818	20.157759	3.058407	186.347702	-56.825367	90.900253
-4.044035	202.457916	27.346407	-0.541593	-126.947464	214.737091	37.811207
-126.947464	214.737091	37.811207	-0.141593	-148.215622	202.457916	39.959785
-148.215622	202.457916	39.959785	0.058407	-148.215622	202.457916	39.959785
-148.215622	202.457916	39.959785	0.058407	-180.673767	169.999771	39.959785
-180.673767	169.999771	39.959785	0.258407	-189.911377	46.847240	39.959785
-189.911377	46.847240	39.959785	0.658407	47.798996	89.288818	20.157759
47.798996	89.288818	20.157759	3.058407	186.347702	-56.825367	90.900253
-4.044035	202.457916	27.346407	-0.541593	-126.947464	214.737091	37.811207
-126.947464	214.737091	37.811207	-0.141593	-148.215622	202.457916	39.959785
-148.215622	202.457916	39.959785	0.058407	-148.215622	202.457916	39.959785
-148.215622	202.457916	39.959785	0.058407	-180.673767	169.999771	39.959785
-180.673767	169.999771	39.959785	0.258407	-189.911377	46.847240	39.959785
-189.911377	46.847240	39.959785	0.658407	47.798996	89.288818	20.157759
47.798996	89.288818	20.157759	3.058407	186.347702	-56.825367	90.900253
-4.044035	202.457916	27.346407	-0.541593	-126.947464	214.737091	37.811207
-126.947464	214.737091	37.811207	-0.141593	-148.215622	202.457916	39.959785
-148.215622	202.457916	39.959785	0.058407	-148.215622	202.457916	39.959785
-148.215622	202.457916	39.959785	0.058407	-180.673767	169.999771	39.959785
-180.673767	169.999771	39.959785	0.258407	-189.911377	46.847240	39.959785
-189.911377	46.847240	39.959785	0.658407	47.798996	89.288818	20.157759
47.798996	89.288818	20.157759	3.058407	186.347702	-56.825367	90.900253
-4.044035	202.457916	27.346407	-0.541593	-126.947464	214.737091	37.811207
-126.947464	214.737091	37.811207	-0.141593	-148.215622	202.457916	39.959785
-148.215622	202.457916	39.959785	0.058407	-148.215622	202.457916	39.959785
-148.215622	202.457916	39.959785	0.058407	-180.673767	169.999771	39.959785
-180.673767	169.999771	39.959785	0.258407	-189.911377	46.847240	39.959785
-189.911377	46.847240	39.959785	0.658407	47.798996	89.288818	20.157759
47.798996	89.288818	20.157759	3.058407	186.347702	-56.825367	90.900253
-4.044035	202.457916	27.346407	-0.541593	-126.947464	214.737091	37.811207
-126.947464	214.737091	37.811207	-0.141593	-148.215622	202.457916	39.959785
-148.215622	202.457916	39.959785	0.058407	-148.215622	202.457916	39.959785
-148.215622	202.457916	39.959785	0.058407	-180.673767	169.999771	39.959785
-180.673767	169.999771	39.959785	0.258407	-189.911377	46.847240	39.959785
-189.911377	46.847240	39.959785	0.658407	47.798996	89.288818	20.157759
47.798996	89.288818	20.157759	3.058407	186.347702	-56.825367	90.900253
-4.044035	202.457916	27.346407	-0.541593	-126.947464	214.737091	37.811207
-126.947464	214.737091	37.811207	-0.141593	-148.215622	202.457916	39.959785
-148.215622	202.457916	39.959785	0.058407	-148.215622	202.457916	39.959785
-148.215622	202.457916	39.959785	0.058407	-180.673767	169.999771	39.959785
-180.673767	169.999771	39.959785	0.258407	-189.911377	46.847240	39.959785
-189.911377	46.847240	39.959785	0.658407	47.798996	89.288818	20.157759
47.798996	89.288818	20.157759	3.058407	186.347702	-56.825367	90.900253
-4.044035	202.457916	27.346407	-0.541593	-126.947464	214.737091	37.811207
-126.947464	214.737091	37.811207	-0.141593	-148.215622	202.457916	39.959785
-148.215622	202.457916	39.959785	0.058407	-148.215622	202.457916	39.959785
-148.215622	202.457916	39.959785	0.058407	-180.673767	169.999771	39.959785
-180.673767	169.999771	39.959785	0.258407	-189.911377	46.847240	39.959785
-189.911377	46.847240	39.959785	0.658407	47.798996	89.288818	20.157759
47.798996	89.288818	20.157759	3.058407	186.347702	-56.825367	90.900253
-4.044035	202.457916	27.346407	-0.541593	-126.947464	214.737091	37.811207
-126.947464	214.737091	37.811207	-0.141593	-148.215622	202.457916	39.959785
-148.215622	202.457916	39.959785	0.058407	-148.215622	202.457916	39.959785
-148.215622	202.457916	39.959785	0.058407	-180.673767	169.999771	39.959785
-180.673767	169.999771	39.959785	0.258407	-189.911377	46.847240	39.959785
-189.911377	46.847240	39.959785	0.658407	47.798996	89.288818	20.157759
47.798996	89.288818	20.157759	3.058407	186.347702	-56.825367	90.900253
-4.044035	202.457916	27.346407	-0.541593	-126.947464	214.737091	37.811207
-126.947464	214.737091	37.811207	-0.141593	-148.215622	202.457916	39.959785
-148.215622	202.457916	39.959785	0.058407	-148.215622	202.457916	39.959785
-148.215622	202.457916	39.959785	0.058407	-180.673767	169.999771	39.959785
-180.673767	169.999771	39.959785	0.258407	-189.911377	46.847240	39.959785
-189.911377	46.847240	39.959785	0.658407	47.798996	89.288818	20.157759
47.798996	89.288818	20.157759	3.058407	186.347702	-56.825367	90.900253
-4.044035	202.457916	27.346407	-0.541593	-126.947464	214.737091	37.811207
-126.947464	214.737091	37.811207	-0.141593	-148.215622	202.457916	39.959785
-148.215622	202.457916	39.959785	0.058407	-148.215622	202.457916	39.959785
-148.215622	202.457916	39.959785	0.058407	-180.673767	169.999771	39.959785
-180.673767	169.999771	39.959785	0.258407	-189.911377	46.847240	39.959785
-189.911377	46.847240	39.959785	0.658407	47.798996	89.288818	20.157759
47.798996	89.288818	20.157759	3.058407	186.347702	-56.825367	90.900253
-4.044035	202.457916	27.346407	-0.541593	-126.947464	214.737091	37.811207
-126.947464	214.737091	37.811207	-0.141593	-148.215622	202.457916	39.959785
-148.215622	202.457916	39.959785	0.058407	-148.215622	202.457916	39.959785
-148.215622	202.457916	39.959785	0.058407	-180.673767	169.999771	39.959785
-180.673767	169.999771	39.959785	0.258407	-189.911377	46.847240	39.959785
-189.911377	46.847240	39.959785	0.658407	47.798996	89.288818	20.157759
47.798996	89.288818	20.157759	3.058407	186.347702	-56.825367	90.900253
-4.044035	202.457916	27.346407	-0.541593	-126.947464	214.737091	37.811207
-126.947464	214.737091	37.811207	-0.141593	-148.215622	202.457916	39.959785
-148.215622	202.457916	39.959785	0.058407	-148.215622	202.457916	39.959785
-148.215622	202.457916	39.959785	0.058407	-180.673767	169.999771	39.959785
-180.673767	169.999771	39.959785	0.258407	-189.911377	46.847240	39.959785
-189.911377	46.847240	39.959785	0.658407	47.798996	89.288818	20.157759
47.798996	89.288818	20.157759	3.058407	186.347702	-56.825367	90.900253
