106.219101	154.065079	-22.321739	0.000000	0.000000	3.058407
95.213188	32.298729	-29.415520	0.000000	0.000000	3.058407
-75.932205	-0.151265	-10.000785	0.000000	0.000000	1.058407
-134.809875	105.412315	-10.000785	0.000000	0.000000	0.258407
-72.827957	209.183670	-10.000785	0.000000	0.000000	-0.341593
-15.742526	224.479660	-10.000785	0.000000	0.000000	-0.541593
-15.742526	224.479660	-10.000785	0.000000	0.000000	-0.541593
7.831766	224.479660	-12.063268	0.000000	0.000000	-0.741593
106.219101	154.065079	-22.321739	0.000000	0.000000	3.058407
95.213188	32.298729	-29.415520	0.000000	0.000000	3.058407
-75.932205	-0.151265	-10.000785	0.000000	0.000000	1.058407
-134.809875	105.412315	-10.000785	0.000000	0.000000	0.258407
-72.827957	209.183670	-10.000785	0.000000	0.000000	-0.341593
-15.742526	224.479660	-10.000785	0.000000	0.000000	-0.541593
-15.742526	224.479660	-10.000785	0.000000	0.000000	-0.541593
7.831766	224.479660	-12.063268	0.000000	0.000000	-0.741593
106.219101	154.065079	-22.321739	0.000000	0.000000	3.058407
95.213188	32.298729	-29.415520	0.000000	0.000000	3.058407
-75.932205	-0.151265	-10.000785	0.000000	0.000000	1.058407
-134.809875	105.412315	-10.000785	0.000000	0.000000	0.258407
-72.827957	209.183670	-10.000785	0.000000	0.000000	-0.341593
-15.742526	224.479660	-10.000785	0.000000	0.000000	-0.541593
-15.742526	224.479660	-10.000785	0.000000	0.000000	-0.541593
7.831766	224.479660	-12.063268	0.000000	0.000000	-0.741593
106.219101	154.065079	-22.321739	0.000000	0.000000	3.058407
95.213188	32.298729	-29.415520	0.000000	0.000000	3.058407
-75.932205	-0.151265	-10.000785	0.000000	0.000000	1.058407
-134.809875	105.412315	-10.000785	0.000000	0.000000	0.258407
-72.827957	209.183670	-10.000785	0.000000	0.000000	-0.341593
-15.742526	224.479660	-10.000785	0.000000	0.000000	-0.541593
-15.742526	224.479660	-10.000785	0.000000	0.000000	-0.541593
7.831766	224.479660	-12.063268	0.000000	0.000000	-0.741593
106.219101	154.065079	-22.321739	0.000000	0.000000	3.058407
95.213188	32.298729	-29.415520	0.000000	0.000000	3.058407
-75.932205	-0.151265	-10.000785	0.000000	0.000000	1.058407
-134.809875	105.412315	-10.000785	0.000000	0.000000	0.258407
-72.827957	209.183670	-10.000785	0.000000	0.000000	-0.341593
-15.742526	224.479660	-10.000785	0.000000	0.000000	-0.541593
-15.742526	224.479660	-10.000785	0.000000	0.000000	-0.541593
7.831766	224.479660	-12.063268	0.000000	0.000000	-0.741593
106.219101	154.065079	-22.321739	0.000000	0.000000	3.058407
95.213188	32.298729	-29.415520	0.000000	0.000000	3.058407
-75.932205	-0.151265	-10.000785	0.000000	0.000000	1.058407
-134.809875	105.412315	-10.000785	0.000000	0.000000	0.258407
-72.827957	209.183670	-10.000785	0.000000	0.000000	-0.341593
-15.742526	224.479660	-10.000785	0.000000	0.000000	-0.541593
-15.742526	224.479660	-10.000785	0.000000	0.000000	-0.541593
7.831766	224.479660	-12.063268	0.000000	0.000000	-0.741593
106.219101	154.065079	-22.321739	0.000000	0.000000	3.058407
95.213188	32.298729	-29.415520	0.000000	0.000000	3.058407
-75.932205	-0.151265	-10.000785	0.000000	0.000000	1.058407
-134.809875	105.412315	-10.000785	0.000000	0.000000	0.258407
-72.827957	209.183670	-10.000785	0.000000	0.000000	-0.341593
-15.742526	224.479660	-10.000785	0.000000	0.000000	-0.541593
-15.742526	224.479660	-10.000785	0.000000	0.000000	-0.541593
7.831766	224.479660	-12.063268	0.000000	0.000000	-0.741593
106.219101	154.065079	-22.321739	0.000000	0.000000	3.058407
95.213188	32.298729	-29.415520	0.000000	0.000000	3.058407
-75.932205	-0.151265	-10.000785	0.000000	0.000000	1.058407
-134.809875	105.412315	-10.000785	0.000000	0.000000	0.258407
-72.827957	209.183670	-10.000785	0.000000	0.000000	-0.341593
-15.742526	224.479660	-10.000785	0.000000	0.000000	-0.541593
-15.742526	224.479660	-10.000785	0.000000	0.000000	-0.541593
7.831766	224.479660	-12.063268	0.000000	0.000000	-0.741593
106.219101	154.065079	-22.321739	0.000000	0.000000	3.058407
95.213188	32.298729	-29.415520	0.000000	0.000000	3.058407
-75.932205	-0.151265	-10.000785	0.000000	0.000000	1.058407
-134.809875	105.412315	-10.000785	0.000000	0.000000	0.258407
-72.827957	209.183670	-10.000785	0.000000	0.000000	-0.341593
-15.742526	224.479660	-10.000785	0.000000	0.000000	-0.541593
-15.742526	224.479660	-10.000785	0.000000	0.000000	-0.541593
7.831766	224.479660	-12.063268	0.000000	0.000000	-0.741593
106.219101	154.065079	-22.321739	0.000000	0.000000	3.058407
95.213188	32.298729	-29.415520	0.000000	0.000000	3.058407
-75.932205	-0.151265	-10.000785	0.000000	0.000000	1.058407
-134.809875	105.412315	-10.000785	0.000000	0.000000	0.258407
-72.827957	209.183670	-10.000785	0.000000	0.000000	-0.341593
-15.742526	224.479660	-10.000785	0.000000	0.000000	-0.541593
-15.742526	224.479660	-10.000785	0.000000	0.000000	-0.541593
7.831766	224.479660	-12.063268	0.000000	0.000000	-0.741593
106.219101	154.065079	-22.321739	0.000000	0.000000	3.058407
95.213188	32.298729	-29.415520	0.000000	0.000000	3.058407
-75.932205	-0.151265	-10.000785	0.000000	0.000000	1.058407
-134.809875	105.412315	-10.000785	0.000000	0.000000	0.258407
-72.827957	209.183670	-10.000785	0.000000	0.000000	-0.341593
-15.742526	224.479660	-10.000785	0.000000	0.000000	-0.541593
-15.742526	224.479660	-10.000785	0.000000	0.000000	-0.541593
7.831766	224.479660	-12.063268	0.000000	0.000000	-0.741593
106.219101	154.065079	-22.321739	0.000000	0.000000	3.058407
95.213188	32.298729	-29.415520	0.000000	0.000000	3.058407
-75.932205	-0.151265	-10.000785	0.000000	0.000000	1.058407
-134.809875	105.412315	-10.000785	0.000000	0.000000	0.258407
-72.827957	209.183670	-10.000785	0.000000	0.000000	-0.341593
-15.742526	224.479660	-10.000785	0.000000	0.000000	-0.541593
-15.742526	224.479660	-10.000785	0.000000	0.000000	-0.541593
7.831766	224.479660	-12.063268	0.000000	0.000000	-0.741593
106.219101	154.065079	-22.321739	0.000000	0.000000	3.058407
95.213188	32.298729	-29.415520	0.000000	0.000000	3.058407
-75.932205	-0.151265	-10.000785	0.000000	0.000000	1.058407
-134.809875	105.412315	-10.000785	0.000000	0.000000	0.258407
-72.827957	209.183670	-10.000785	0.000000	0.000000	-0.341593
-15.742526	224.479660	-10.000785	0.000000	0.000000	-0.541593
-15.742526	224.479660	-10.000785	0.000000	0.000000	-0.541593
7.831766	224.479660	-12.063268	0.000000	0.000000	-0.741593
106.219101	154.065079	-22.321739	0.000000	0.000000	3.058407
95.213188	32.298729	-29.415520	0.000000	0.000000	3.058407
-75.932205	-0.151265	-10.000785	0.000000	0.000000	1.058407
-134.809875	105.412315	-10.000785	0.000000	0.000000	0.258407
-72.827957	209.183670	-10.000785	0.000000	0.000000	-0.341593
-15.742526	224.479660	-10.000785	0.000000	0.000000	-0.541593
-15.742526	224.479660	-10.000785	0.000000	0.000000	-0.541593
7.831766	224.479660	-12.063268	0.000000	0.000000	-0.741593
106.219101	154.065079	-22.321739	0.000000	0.000000	3.058407
95.213188	32.298729	-29.415520	0.000000	0.000000	3.058407
-75.932205	-0.151265	-10.000785	0.000000	0.000000	1.058407
-134.809875	105.412315	-10.000785	0.000000	0.000000	0.258407
-72.827957	209.183670	-10.000785	0.000000	0.000000	-0.341593
-15.742526	224.479660	-10.000785	0.000000	0.000000	-0.541593
-15.742526	224.479660	-10.000785	0.000000	0.000000	-0.541593
7.831766	224.479660	-12.063268	0.000000	0.000000	-0.741593
106.219101	154.065079	-22.321739	0.000000	0.000000	3.058407
95.213188	32.298729	-29.415520	0.000000	0.000000	3.058407
-75.932205	-0.151265	-10.000785	0.000000	0.000000	1.058407
-134.809875	105.412315	-10.000785	0.000000	0.000000	0.258407
-72.827957	209.183670	-10.000785	0.000000	0.000000	-0.341593
-15.742526	224.479660	-10.000785	0.000000	0.000000	-0.541593
-15.742526	224.479660	-10.000785	0.000000	0.000000	-0.541593
7.831766	224.479660	-12.063268	0.000000	0.000000	-0.741593
106.219101	154.065079	-22.321739	0.000000	0.000000	3.058407
95.213188	32.298729	-29.415520	0.000000	0.000000	3.058407
-75.932205	-0.151265	-10.000785	0.000000	0.000000	1.058407
-134.809875	105.412315	-10.000785	0.000000	0.000000	0.258407
-72.827957	209.183670	-10.000785	0.000000	0.000000	-0.341593
-15.742526	224.479660	-10.000785	0.000000	0.000000	-0.541593
-15.742526	224.479660	-10.000785	0.000000	0.000000	-0.541593
7.831766	224.479660	-12.063268	0.000000	0.000000	-0.741593
106.219101	154.065079	-22.321739	0.000000	0.000000	3.058407
95.213188	32.298729	-29.415520	0.000000	0.000000	3.058407
-75.932205	-0.151265	-10.000785	0.000000	0.000000	1.058407
-134.809875	105.412315	-10.000785	0.000000	0.000000	0.258407
-72.827957	209.183670	-10.000785	0.000000	0.000000	-0.341593
-15.742526	224.479660	-10.000785	0.000000	0.000000	-0.541593
-15.742526	224.479660	-10.000785	0.000000	0.000000	-0.541593
7.831766	224.479660	-12.063268	0.000000	0.000000	-0.741593
106.219101	154.065079	-22.321739	0.000000	0.000000	3.058407
95.213188	32.298729	-29.415520	0.000000	0.000000	3.058407
-75.932205	-0.151265	-10.000785	0.000000	0.000000	1.058407
-134.809875	105.412315	-10.000785	0.000000	0.000000	0.258407
-72.827957	209.183670	-10.000785	0.000000	0.000000	-0.341593
-15.742526	224.479660	-10.000785	0.000000	0.000000	-0.541593
-15.742526	224.479660	-10.000785	0.000000	0.000000	-0.541593
7.831766	224.479660	-12.063268	0.000000	0.000000	-0.741593
106.219101	154.065079	-22.321739	0.000000	0.000000	3.058407
95.213188	32.298729	-29.415520	0.000000	0.000000	3.058407
-75.932205	-0.151265	-10.000785	0.000000	0.000000	1.058407
-134.809875	105.412315	-10.000785	0.000000	0.000000	0.258407
-72.827957	209.183670	-10.000785	0.000000	0.000000	-0.341593
-15.742526	224.479660	-10.000785	0.000000	0.000000	-0.541593
-15.742526	224.479660	-10.000785	0.000000	0.000000	-0.541593
7.831766	224.479660	-12.063268	0.000000	0.000000	-0.741593
