124.487434	16.655060	241.164856	0.000000	0.000000	3.058407
122.704102	-21.508867	238.834824	0.000000	0.000000	3.058407
88.761505	-44.705353	237.601089	0.000000	0.000000	2.458407
49.587276	-57.090496	235.599182	0.000000	0.000000	1.858407
23.681110	-57.233761	234.552521	0.000000	0.000000	1.658407
5.072083	-36.352257	235.725967	0.000000	0.000000	1.258407
8.319605	-8.313354	238.805099	0.000000	0.000000	-0.541593
30.176155	6.943275	242.964874	0.000000	0.000000	-1.141593
46.214859	25.881098	244.774002	0.000000	0.000000	-0.941593
75.804436	40.753273	244.774002	0.000000	0.000000	-1.141593
88.761505	37.281437	244.774002	0.000000	0.000000	-1.141593
97.987106	37.281437	243.966873	0.000000	0.000000	-1.141593
124.487434	16.655060	241.164856	0.000000	0.000000	3.058407
122.704102	-21.508867	238.834824	0.000000	0.000000	3.058407
88.761505	-44.705353	237.601089	0.000000	0.000000	2.458407
49.587276	-57.090496	235.599182	0.000000	0.000000	1.858407
23.681110	-57.233761	234.552521	0.000000	0.000000	1.658407
5.072083	-36.352257	235.725967	0.000000	0.000000	1.258407
8.319605	-8.313354	238.805099	0.000000	0.000000	-0.541593
30.176155	6.943275	242.964874	0.000000	0.000000	-1.141593
46.214859	25.881098	244.774002	0.000000	0.000000	-0.941593
75.804436	40.753273	244.774002	0.000000	0.000000	-1.141593
88.761505	37.281437	244.774002	0.000000	0.000000	-1.141593
97.987106	37.281437	243.966873	0.000000	0.000000	-1.141593
124.487434	16.655060	241.164856	0.000000	0.000000	3.058407
122.704102	-21.508867	238.834824	0.000000	0.000000	3.058407
88.761505	-44.705353	237.601089	0.000000	0.000000	2.458407
49.587276	-57.090496	235.599182	0.000000	0.000000	1.858407
23.681110	-57.233761	234.552521	0.000000	0.000000	1.658407
5.072083	-36.352257	235.725967	0.000000	0.000000	1.258407
8.319605	-8.313354	238.805099	0.000000	0.000000	-0.541593
30.176155	6.943275	242.964874	0.000000	0.000000	-1.141593
46.214859	25.881098	244.774002	0.000000	0.000000	-0.941593
75.804436	40.753273	244.774002	0.000000	0.000000	-1.141593
88.761505	37.281437	244.774002	0.000000	0.000000	-1.141593
97.987106	37.281437	243.966873	0.000000	0.000000	-1.141593
124.487434	16.655060	241.164856	0.000000	0.000000	3.058407
122.704102	-21.508867	238.834824	0.000000	0.000000	3.058407
88.761505	-44.705353	237.601089	0.000000	0.000000	2.458407
49.587276	-57.090496	235.599182	0.000000	0.000000	1.858407
23.681110	-57.233761	234.552521	0.000000	0.000000	1.658407
5.072083	-36.352257	235.725967	0.000000	0.000000	1.258407
8.319605	-8.313354	238.805099	0.000000	0.000000	-0.541593
30.176155	6.943275	242.964874	0.000000	0.000000	-1.141593
46.214859	25.881098	244.774002	0.000000	0.000000	-0.941593
75.804436	40.753273	244.774002	0.000000	0.000000	-1.141593
88.761505	37.281437	244.774002	0.000000	0.000000	-1.141593
97.987106	37.281437	243.966873	0.000000	0.000000	-1.141593
124.487434	16.655060	241.164856	0.000000	0.000000	3.058407
122.704102	-21.508867	238.834824	0.000000	0.000000	3.058407
88.761505	-44.705353	237.601089	0.000000	0.000000	2.458407
49.587276	-57.090496	235.599182	0.000000	0.000000	1.858407
23.681110	-57.233761	234.552521	0.000000	0.000000	1.658407
5.072083	-36.352257	235.725967	0.000000	0.000000	1.258407
8.319605	-8.313354	238.805099	0.000000	0.000000	-0.541593
30.176155	6.943275	242.964874	0.000000	0.000000	-1.141593
46.214859	25.881098	244.774002	0.000000	0.000000	-0.941593
75.804436	40.753273	244.774002	0.000000	0.000000	-1.141593
88.761505	37.281437	244.774002	0.000000	0.000000	-1.141593
97.987106	37.281437	243.966873	0.000000	0.000000	-1.141593
124.487434	16.655060	241.164856	0.000000	0.000000	3.058407
122.704102	-21.508867	238.834824	0.000000	0.000000	3.058407
88.761505	-44.705353	237.601089	0.000000	0.000000	2.458407
49.587276	-57.090496	235.599182	0.000000	0.000000	1.858407
23.681110	-57.233761	234.552521	0.000000	0.000000	1.658407
5.072083	-36.352257	235.725967	0.000000	0.000000	1.258407
8.319605	-8.313354	238.805099	0.000000	0.000000	-0.541593
30.176155	6.943275	242.964874	0.000000	0.000000	-1.141593
46.214859	25.881098	244.774002	0.000000	0.000000	-0.941593
75.804436	40.753273	244.774002	0.000000	0.000000	-1.141593
88.761505	37.281437	244.774002	0.000000	0.000000	-1.141593
97.987106	37.281437	243.966873	0.000000	0.000000	-1.141593
124.487434	16.655060	241.164856	0.000000	0.000000	3.058407
122.704102	-21.508867	238.834824	0.000000	0.000000	3.058407
88.761505	-44.705353	237.601089	0.000000	0.000000	2.458407
49.587276	-57.090496	235.599182	0.000000	0.000000	1.858407
23.681110	-57.233761	234.552521	0.000000	0.000000	1.658407
5.072083	-36.352257	235.725967	0.000000	0.000000	1.258407
8.319605	-8.313354	238.805099	0.000000	0.000000	-0.541593
30.176155	6.943275	242.964874	0.000000	0.000000	-1.141593
46.214859	25.881098	244.774002	0.000000	0.000000	-0.941593
75.804436	40.753273	244.774002	0.000000	0.000000	-1.141593
88.761505	37.281437	244.774002	0.000000	0.000000	-1.141593
97.987106	37.281437	243.966873	0.000000	0.000000	-1.141593
124.487434	16.655060	241.164856	0.000000	0.000000	3.058407
122.704102	-21.508867	238.834824	0.000000	0.000000	3.058407
88.761505	-44.705353	237.601089	0.000000	0.000000	2.458407
49.587276	-57.090496	235.599182	0.000000	0.000000	1.858407
23.681110	-57.233761	234.552521	0.000000	0.000000	1.658407
5.072083	-36.352257	235.725967	0.000000	0.000000	1.258407
8.319605	-8.313354	238.805099	0.000000	0.000000	-0.541593
30.176155	6.943275	242.964874	0.000000	0.000000	-1.141593
46.214859	25.881098	244.774002	0.000000	0.000000	-0.941593
75.804436	40.753273	244.774002	0.000000	0.000000	-1.141593
88.761505	37.281437	244.774002	0.000000	0.000000	-1.141593
97.987106	37.281437	243.966873	0.000000	0.000000	-1.141593
124.487434	16.655060	241.164856	0.000000	0.000000	3.058407
122.704102	-21.508867	238.834824	0.000000	0.000000	3.058407
88.761505	-44.705353	237.601089	0.000000	0.000000	2.458407
49.587276	-57.090496	235.599182	0.000000	0.000000	1.858407
23.681110	-57.233761	234.552521	0.000000	0.000000	1.658407
5.072083	-36.352257	235.725967	0.000000	0.000000	1.258407
8.319605	-8.313354	238.805099	0.000000	0.000000	-0.541593
30.176155	6.943275	242.964874	0.000000	0.000000	-1.141593
46.214859	25.881098	244.774002	0.000000	0.000000	-0.941593
75.804436	40.753273	244.774002	0.000000	0.000000	-1.141593
88.761505	37.281437	244.774002	0.000000	0.000000	-1.141593
97.987106	37.281437	243.966873	0.000000	0.000000	-1.141593
124.487434	16.655060	241.164856	0.000000	0.000000	3.058407
122.704102	-21.508867	238.834824	0.000000	0.000000	3.058407
88.761505	-44.705353	237.601089	0.000000	0.000000	2.458407
49.587276	-57.090496	235.599182	0.000000	0.000000	1.858407
23.681110	-57.233761	234.552521	0.000000	0.000000	1.658407
5.072083	-36.352257	235.725967	0.000000	0.000000	1.258407
8.319605	-8.313354	238.805099	0.000000	0.000000	-0.541593
30.176155	6.943275	242.964874	0.000000	0.000000	-1.141593
46.214859	25.881098	244.774002	0.000000	0.000000	-0.941593
75.804436	40.753273	244.774002	0.000000	0.000000	-1.141593
88.761505	37.281437	244.774002	0.000000	0.000000	-1.141593
97.987106	37.281437	243.966873	0.000000	0.000000	-1.141593
124.487434	16.655060	241.164856	0.000000	0.000000	3.058407
122.704102	-21.508867	238.834824	0.000000	0.000000	3.058407
88.761505	-44.705353	237.601089	0.000000	0.000000	2.458407
49.587276	-57.090496	235.599182	0.000000	0.000000	1.858407
23.681110	-57.233761	234.552521	0.000000	0.000000	1.658407
5.072083	-36.352257	235.725967	0.000000	0.000000	1.258407
8.319605	-8.313354	238.805099	0.000000	0.000000	-0.541593
30.176155	6.943275	242.964874	0.000000	0.000000	-1.141593
46.214859	25.881098	244.774002	0.000000	0.000000	-0.941593
75.804436	40.753273	244.774002	0.000000	0.000000	-1.141593
88.761505	37.281437	244.774002	0.000000	0.000000	-1.141593
97.987106	37.281437	243.966873	0.000000	0.000000	-1.141593
124.487434	16.655060	241.164856	0.000000	0.000000	3.058407
122.704102	-21.508867	238.834824	0.000000	0.000000	3.058407
88.761505	-44.705353	237.601089	0.000000	0.000000	2.458407
49.587276	-57.090496	235.599182	0.000000	0.000000	1.858407
23.681110	-57.233761	234.552521	0.000000	0.000000	1.658407
5.072083	-36.352257	235.725967	0.000000	0.000000	1.258407
8.319605	-8.313354	238.805099	0.000000	0.000000	-0.541593
30.176155	6.943275	242.964874	0.000000	0.000000	-1.141593
46.214859	25.881098	244.774002	0.000000	0.000000	-0.941593
75.804436	40.753273	244.774002	0.000000	0.000000	-1.141593
88.761505	37.281437	244.774002	0.000000	0.000000	-1.141593
97.987106	37.281437	243.966873	0.000000	0.000000	-1.141593
124.487434	16.655060	241.164856	0.000000	0.000000	3.058407
122.704102	-21.508867	238.834824	0.000000	0.000000	3.058407
88.761505	-44.705353	237.601089	0.000000	0.000000	2.458407
49.587276	-57.090496	235.599182	0.000000	0.000000	1.858407
23.681110	-57.233761	234.552521	0.000000	0.000000	1.658407
5.072083	-36.352257	235.725967	0.000000	0.000000	1.258407
8.319605	-8.313354	238.805099	0.000000	0.000000	-0.541593
30.176155	6.943275	242.964874	0.000000	0.000000	-1.141593
46.214859	25.881098	244.774002	0.000000	0.000000	-0.941593
75.804436	40.753273	244.774002	0.000000	0.000000	-1.141593
88.761505	37.281437	244.774002	0.000000	0.000000	-1.141593
97.987106	37.281437	243.966873	0.000000	0.000000	-1.141593
124.487434	16.655060	241.164856	0.000000	0.000000	3.058407
122.704102	-21.508867	238.834824	0.000000	0.000000	3.058407
88.761505	-44.705353	237.601089	0.000000	0.000000	2.458407
49.587276	-57.090496	235.599182	0.000000	0.000000	1.858407
23.681110	-57.233761	234.552521	0.000000	0.000000	1.658407
5.072083	-36.352257	235.725967	0.000000	0.000000	1.258407
8.319605	-8.313354	238.805099	0.000000	0.000000	-0.541593
30.176155	6.943275	242.964874	0.000000	0.000000	-1.141593
46.214859	25.881098	244.774002	0.000000	0.000000	-0.941593
75.804436	40.753273	244.774002	0.000000	0.000000	-1.141593
88.761505	37.281437	244.774002	0.000000	0.000000	-1.141593
97.987106	37.281437	243.966873	0.000000	0.000000	-1.141593
124.487434	16.655060	241.164856	0.000000	0.000000	3.058407
122.704102	-21.508867	238.834824	0.000000	0.000000	3.058407
88.761505	-44.705353	237.601089	0.000000	0.000000	2.458407
49.587276	-57.090496	235.599182	0.000000	0.000000	1.858407
23.681110	-57.233761	234.552521	0.000000	0.000000	1.658407
5.072083	-36.352257	235.725967	0.000000	0.000000	1.258407
8.319605	-8.313354	238.805099	0.000000	0.000000	-0.541593
30.176155	6.943275	242.964874	0.000000	0.000000	-1.141593
46.214859	25.881098	244.774002	0.000000	0.000000	-0.941593
75.804436	40.753273	244.774002	0.000000	0.000000	-1.141593
88.761505	37.281437	244.774002	0.000000	0.000000	-1.141593
97.987106	37.281437	243.966873	0.000000	0.000000	-1.141593
124.487434	16.655060	241.164856	0.000000	0.000000	3.058407
122.704102	-21.508867	238.834824	0.000000	0.000000	3.058407
88.761505	-44.705353	237.601089	0.000000	0.000000	2.458407
49.587276	-57.090496	235.599182	0.000000	0.000000	1.858407
23.681110	-57.233761	234.552521	0.000000	0.000000	1.658407
5.072083	-36.352257	235.725967	0.000000	0.000000	1.258407
8.319605	-8.313354	238.805099	0.000000	0.000000	-0.541593
30.176155	6.943275	242.964874	0.000000	0.000000	-1.141593
46.214859	25.881098	244.774002	0.000000	0.000000	-0.941593
75.804436	40.753273	244.774002	0.000000	0.000000	-1.141593
88.761505	37.281437	244.774002	0.000000	0.000000	-1.141593
97.987106	37.281437	243.966873	0.000000	0.000000	-1.141593
124.487434	16.655060	241.164856	0.000000	0.000000	3.058407
122.704102	-21.508867	238.834824	0.000000	0.000000	3.058407
88.761505	-44.705353	237.601089	0.000000	0.000000	2.458407
49.587276	-57.090496	235.599182	0.000000	0.000000	1.858407
23.681110	-57.233761	234.552521	0.000000	0.000000	1.658407
5.072083	-36.352257	235.725967	0.000000	0.000000	1.258407
8.319605	-8.313354	238.805099	0.000000	0.000000	-0.541593
30.176155	6.943275	242.964874	0.000000	0.000000	-1.141593
46.214859	25.881098	244.774002	0.000000	0.000000	-0.941593
75.804436	40.753273	244.774002	0.000000	0.000000	-1.141593
88.761505	37.281437	244.774002	0.000000	0.000000	-1.141593
97.987106	37.281437	243.966873	0.000000	0.000000	-1.141593
124.487434	16.655060	241.164856	0.000000	0.000000	3.058407
122.704102	-21.508867	238.834824	0.000000	0.000000	3.058407
88.761505	-44.705353	237.601089	0.000000	0.000000	2.458407
49.587276	-57.090496	235.599182	0.000000	0.000000	1.858407
23.681110	-57.233761	234.552521	0.000000	0.000000	1.658407
5.072083	-36.352257	235.725967	0.000000	0.000000	1.258407
8.319605	-8.313354	238.805099	0.000000	0.000000	-0.541593
30.176155	6.943275	242.964874	0.000000	0.000000	-1.141593
46.214859	25.881098	244.774002	0.000000	0.000000	-0.941593
75.804436	40.753273	244.774002	0.000000	0.000000	-1.141593
88.761505	37.281437	244.774002	0.000000	0.000000	-1.141593
97.987106	37.281437	243.966873	0.000000	0.000000	-1.141593
124.487434	16.655060	241.164856	0.000000	0.000000	3.058407
122.704102	-21.508867	238.834824	0.000000	0.000000	3.058407
88.761505	-44.705353	237.601089	0.000000	0.000000	2.458407
49.587276	-57.090496	235.599182	0.000000	0.000000	1.858407
23.681110	-57.233761	234.552521	0.000000	0.000000	1.658407
5.072083	-36.352257	235.725967	0.000000	0.000000	1.258407
8.319605	-8.313354	238.805099	0.000000	0.000000	-0.541593
30.176155	6.943275	242.964874	0.000000	0.000000	-1.141593
46.214859	25.881098	244.774002	0.000000	0.000000	-0.941593
75.804436	40.753273	244.774002	0.000000	0.000000	-1.141593
88.761505	37.281437	244.774002	0.000000	0.000000	-1.141593
97.987106	37.281437	243.966873	0.000000	0.000000	-1.141593
124.487434	16.655060	241.164856	0.000000	0.000000	3.058407
122.704102	-21.508867	238.834824	0.000000	0.000000	3.058407
88.761505	-44.705353	237.601089	0.000000	0.000000	2.458407
49.587276	-57.090496	235.599182	0.000000	0.000000	1.858407
23.681110	-57.233761	234.552521	0.000000	0.000000	1.658407
5.072083	-36.352257	235.725967	0.000000	0.000000	1.258407
8.319605	-8.313354	238.805099	0.000000	0.000000	-0.541593
30.176155	6.943275	242.964874	0.000000	0.000000	-1.141593
46.214859	25.881098	244.774002	0.000000	0.000000	-0.941593
75.804436	40.753273	244.774002	0.000000	0.000000	-1.141593
88.761505	37.281437	244.774002	0.000000	0.000000	-1.141593
97.987106	37.281437	243.966873	0.000000	0.000000	-1.141593
