-74.984863	113.738434	18.098736	-0.141593	-196.266571	106.077942	18.098738
-196.266571	106.077942	18.098738	0.258407	-250.273239	39.948322	-11.823703
-250.273239	39.948322	-11.823703	0.658407	-250.273239	12.535644	-50.973064
-250.273239	12.535644	-50.973064	0.658407	-250.273239	12.535644	-50.973064
-250.273239	12.535644	-50.973064	0.658407	-227.933945	-70.835747	-50.973064
-227.933945	-70.835747	-50.973064	1.058407	-117.078896	-120.658707	-50.973064
-117.078896	-120.658707	-50.973064	1.458407	-23.720472	-69.037193	-5.452133
-23.720472	-69.037193	-5.452133	0.000000	-40.002094	-134.378052	-63.950890
-74.984863	113.738434	18.098736	-0.141593	-196.266571	106.077942	18.098738
-196.266571	106.077942	18.098738	0.258407	-250.273239	39.948322	-11.823703
-250.273239	39.948322	-11.823703	0.658407	-250.273239	12.535644	-50.973064
-250.273239	12.535644	-50.973064	0.658407	-250.273239	12.535644	-50.973064
-250.273239	12.535644	-50.973064	0.658407	-227.933945	-70.835747	-50.973064
-227.933945	-70.835747	-50.973064	1.058407	-117.078896	-120.658707	-50.973064
-117.078896	-120.658707	-50.973064	1.458407	-23.720472	-69.037193	-5.452133
-23.720472	-69.037193	-5.452133	0.000000	-40.002094	-134.378052	-63.950890
-74.984863	113.738434	18.098736	-0.141593	-196.266571	106.077942	18.098738
-196.266571	106.077942	18.098738	0.258407	-250.273239	39.948322	-11.823703
-250.273239	39.948322	-11.823703	0.658407	-250.273239	12.535644	-50.973064
-250.273239	12.535644	-50.973064	0.658407	-250.273239	12.535644	-50.973064
-250.273239	12.535644	-50.973064	0.658407	-227.933945	-70.835747	-50.973064
-227.933945	-70.835747	-50.973064	1.058407	-117.078896	-120.658707	-50.973064
-117.078896	-120.658707	-50.973064	1.458407	-23.720472	-69.037193	-5.452133
-23.720472	-69.037193	-5.452133	0.000000	-40.002094	-134.378052	-63.950890
-74.984863	113.738434	18.098736	-0.141593	-196.266571	106.077942	18.098738
-196.266571	106.077942	18.098738	0.258407	-250.273239	39.948322	-11.823703
-250.273239	39.948322	-11.823703	0.658407	-250.273239	12.535644	-50.973064
-250.273239	12.535644	-50.973064	0.658407	-250.273239	12.535644	-50.973064
-250.273239	12.535644	-50.973064	0.658407	-227.933945	-70.835747	-50.973064
-227.933945	-70.835747	-50.973064	1.058407	-117.078896	-120.658707	-50.973064
-117.078896	-120.658707	-50.973064	1.458407	-23.720472	-69.037193	-5.452133
-23.720472	-69.037193	-5.452133	0.000000	-40.002094	-134.378052	-63.950890
-74.984863	113.738434	18.098736	-0.141593	-196.266571	106.077942	18.098738
-196.266571	106.077942	18.098738	0.258407	-250.273239	39.948322	-11.823703
-250.273239	39.948322	-11.823703	0.658407	-250.273239	12.535644	-50.973064
-250.273239	12.535644	-50.973064	0.658407	-250.273239	12.535644	-50.973064
-250.273239	12.535644	-50.973064	0.658407	-227.933945	-70.835747	-50.973064
-227.933945	-70.835747	-50.973064	1.058407	-117.078896	-120.658707	-50.973064
-117.078896	-120.658707	-50.973064	1.458407	-23.720472	-69.037193	-5.452133
-23.720472	-69.037193	-5.452133	0.000000	-40.002094	-134.378052	-63.950890
-74.984863	113.738434	18.098736	-0.141593	-196.266571	106.077942	18.098738
-196.266571	106.077942	18.098738	0.258407	-250.273239	39.948322	-11.823703
-250.273239	39.948322	-11.823703	0.658407	-250.273239	12.535644	-50.973064
-250.273239	12.535644	-50.973064	0.658407	-250.273239	12.535644	-50.973064
-250.273239	12.535644	-50.973064	0.658407	-227.933945	-70.835747	-50.973064
-227.933945	-70.835747	-50.973064	1.058407	-117.078896	-120.658707	-50.973064
-117.078896	-120.658707	-50.973064	1.458407	-23.720472	-69.037193	-5.452133
-23.720472	-69.037193	-5.452133	0.000000	-40.002094	-134.378052	-63.950890
-74.984863	113.738434	18.098736	-0.141593	-196.266571	106.077942	18.098738
-196.266571	106.077942	18.098738	0.258407	-250.273239	39.948322	-11.823703
-250.273239	39.948322	-11.823703	0.658407	-250.273239	12.535644	-50.973064
-250.273239	12.535644	-50.973064	0.658407	-250.273239	12.535644	-50.973064
-250.273239	12.535644	-50.973064	0.658407	-227.933945	-70.835747	-50.973064
-227.933945	-70.835747	-50.973064	1.058407	-117.078896	-120.658707	-50.973064
-117.078896	-120.658707	-50.973064	1.458407	-23.720472	-69.037193	-5.452133
-23.720472	-69.037193	-5.452133	0.000000	-40.002094	-134.378052	-63.950890
-74.984863	113.738434	18.098736	-0.141593	-196.266571	106.077942	18.098738
-196.266571	106.077942	18.098738	0.258407	-250.273239	39.948322	-11.823703
-250.273239	39.948322	-11.823703	0.658407	-250.273239	12.535644	-50.973064
-250.273239	12.535644	-50.973064	0.658407	-250.273239	12.535644	-50.973064
-250.273239	12.535644	-50.973064	0.658407	-227.933945	-70.835747	-50.973064
-227.933945	-70.835747	-50.973064	1.058407	-117.078896	-120.658707	-50.973064
-117.078896	-120.658707	-50.973064	1.458407	-23.720472	-69.037193	-5.452133
-23.720472	-69.037193	-5.452133	0.000000	-40.002094	-134.378052	-63.950890
-74.984863	113.738434	18.098736	-0.141593	-196.266571	106.077942	18.098738
-196.266571	106.077942	18.098738	0.258407	-250.273239	39.948322	-11.823703
-250.273239	39.948322	-11.823703	0.658407	-250.273239	12.535644	-50.973064
-250.273239	12.535644	-50.973064	0.658407	-250.273239	12.535644	-50.973064
-250.273239	12.535644	-50.973064	0.658407	-227.933945	-70.835747	-50.973064
-227.933945	-70.835747	-50.973064	1.058407	-117.078896	-120.658707	-50.973064
-117.078896	-120.658707	-50.973064	1.458407	-23.720472	-69.037193	-5.452133
-23.720472	-69.037193	-5.452133	0.000000	-40.002094	-134.378052	-63.950890
-74.984863	113.738434	18.098736	-0.141593	-196.266571	106.077942	18.098738
-196.266571	106.077942	18.098738	0.258407	-250.273239	39.948322	-11.823703
-250.273239	39.948322	-11.823703	0.658407	-250.273239	12.535644	-50.973064
-250.273239	12.535644	-50.973064	0.658407	-250.273239	12.535644	-50.973064
-250.273239	12.535644	-50.973064	0.658407	-227.933945	-70.835747	-50.973064
-227.933945	-70.835747	-50.973064	1.058407	-117.078896	-120.658707	-50.973064
-117.078896	-120.658707	-50.973064	1.458407	-23.720472	-69.037193	-5.452133
-23.720472	-69.037193	-5.452133	0.000000	-40.002094	-134.378052	-63.950890
-74.984863	113.738434	18.098736	-0.141593	-196.266571	106.077942	18.098738
-196.266571	106.077942	18.098738	0.258407	-250.273239	39.948322	-11.823703
-250.273239	39.948322	-11.823703	0.658407	-250.273239	12.535644	-50.973064
-250.273239	12.535644	-50.973064	0.658407	-250.273239	12.535644	-50.973064
-250.273239	12.535644	-50.973064	0.658407	-227.933945	-70.835747	-50.973064
-227.933945	-70.835747	-50.973064	1.058407	-117.078896	-120.658707	-50.973064
-117.078896	-120.658707	-50.973064	1.458407	-23.720472	-69.037193	-5.452133
-23.720472	-69.037193	-5.452133	0.000000	-40.002094	-134.378052	-63.950890
-74.984863	113.738434	18.098736	-0.141593	-196.266571	106.077942	18.098738
-196.266571	106.077942	18.098738	0.258407	-250.273239	39.948322	-11.823703
-250.273239	39.948322	-11.823703	0.658407	-250.273239	12.535644	-50.973064
-250.273239	12.535644	-50.973064	0.658407	-250.273239	12.535644	-50.973064
-250.273239	12.535644	-50.973064	0.658407	-227.933945	-70.835747	-50.973064
-227.933945	-70.835747	-50.973064	1.058407	-117.078896	-120.658707	-50.973064
-117.078896	-120.658707	-50.973064	1.458407	-23.720472	-69.037193	-5.452133
-23.720472	-69.037193	-5.452133	0.000000	-40.002094	-134.378052	-63.950890
-74.984863	113.738434	18.098736	-0.141593	-196.266571	106.077942	18.098738
-196.266571	106.077942	18.098738	0.258407	-250.273239	39.948322	-11.823703
-250.273239	39.948322	-11.823703	0.658407	-250.273239	12.535644	-50.973064
-250.273239	12.535644	-50.973064	0.658407	-250.273239	12.535644	-50.973064
-250.273239	12.535644	-50.973064	0.658407	-227.933945	-70.835747	-50.973064
-227.933945	-70.835747	-50.973064	1.058407	-117.078896	-120.658707	-50.973064
-117.078896	-120.658707	-50.973064	1.458407	-23.720472	-69.037193	-5.452133
-23.720472	-69.037193	-5.452133	0.000000	-40.002094	-134.378052	-63.950890
-74.984863	113.738434	18.098736	-0.141593	-196.266571	106.077942	18.098738
-196.266571	106.077942	18.098738	0.258407	-250.273239	39.948322	-11.823703
-250.273239	39.948322	-11.823703	0.658407	-250.273239	12.535644	-50.973064
-250.273239	12.535644	-50.973064	0.658407	-250.273239	12.535644	-50.973064
-250.273239	12.535644	-50.973064	0.658407	-227.933945	-70.835747	-50.973064
-227.933945	-70.835747	-50.973064	1.058407	-117.078896	-120.658707	-50.973064
-117.078896	-120.658707	-50.973064	1.458407	-23.720472	-69.037193	-5.452133
-23.720472	-69.037193	-5.452133	0.000000	-40.002094	-134.378052	-63.950890
-74.984863	113.738434	18.098736	-0.141593	-196.266571	106.077942	18.098738
-196.266571	106.077942	18.098738	0.258407	-250.273239	39.948322	-11.823703
-250.273239	39.948322	-11.823703	0.658407	-250.273239	12.535644	-50.973064
-250.273239	12.535644	-50.973064	0.658407	-250.273239	12.535644	-50.973064
-250.273239	12.535644	-50.973064	0.658407	-227.933945	-70.835747	-50.973064
-227.933945	-70.835747	-50.973064	1.058407	-117.078896	-120.658707	-50.973064
-117.078896	-120.658707	-50.973064	1.458407	-23.720472	-69.037193	-5.452133
-23.720472	-69.037193	-5.452133	0.000000	-40.002094	-134.378052	-63.950890
-74.984863	113.738434	18.098736	-0.141593	-196.266571	106.077942	18.098738
-196.266571	106.077942	18.098738	0.258407	-250.273239	39.948322	-11.823703
-250.273239	39.948322	-11.823703	0.658407	-250.273239	12.535644	-50.973064
-250.273239	12.535644	-50.973064	0.658407	-250.273239	12.535644	-50.973064
-250.273239	12.535644	-50.973064	0.658407	-227.933945	-70.835747	-50.973064
-227.933945	-70.835747	-50.973064	1.058407	-117.078896	-120.658707	-50.973064
-117.078896	-120.658707	-50.973064	1.458407	-23.720472	-69.037193	-5.452133
-23.720472	-69.037193	-5.452133	0.000000	-40.002094	-134.378052	-63.950890
-74.984863	113.738434	18.098736	-0.141593	-196.266571	106.077942	18.098738
-196.266571	106.077942	18.098738	0.258407	-250.273239	39.948322	-11.823703
-250.273239	39.948322	-11.823703	0.658407	-250.273239	12.535644	-50.973064
-250.273239	12.535644	-50.973064	0.658407	-250.273239	12.535644	-50.973064
-250.273239	12.535644	-50.973064	0.658407	-227.933945	-70.835747	-50.973064
-227.933945	-70.835747	-50.973064	1.058407	-117.078896	-120.658707	-50.973064
-117.078896	-120.658707	-50.973064	1.458407	-23.720472	-69.037193	-5.452133
-23.720472	-69.037193	-5.452133	0.000000	-40.002094	-134.378052	-63.950890
-74.984863	113.738434	18.098736	-0.141593	-196.266571	106.077942	18.098738
-196.266571	106.077942	18.098738	0.258407	-250.273239	39.948322	-11.823703
-250.273239	39.948322	-11.823703	0.658407	-250.273239	12.535644	-50.973064
-250.273239	12.535644	-50.973064	0.658407	-250.273239	12.535644	-50.973064
-250.273239	12.535644	-50.973064	0.658407	-227.933945	-70.835747	-50.973064
-227.933945	-70.835747	-50.973064	1.058407	-117.078896	-120.658707	-50.973064
-117.078896	-120.658707	-50.973064	1.458407	-23.720472	-69.037193	-5.452133
-23.720472	-69.037193	-5.452133	0.000000	-40.002094	-134.378052	-63.950890
-74.984863	113.738434	18.098736	-0.141593	-196.266571	106.077942	18.098738
-196.266571	106.077942	18.098738	0.258407	-250.273239	39.948322	-11.823703
-250.273239	39.948322	-11.823703	0.658407	-250.273239	12.535644	-50.973064
-250.273239	12.535644	-50.973064	0.658407	-250.273239	12.535644	-50.973064
-250.273239	12.535644	-50.973064	0.658407	-227.933945	-70.835747	-50.973064
-227.933945	-70.835747	-50.973064	1.058407	-117.078896	-120.658707	-50.973064
-117.078896	-120.658707	-50.973064	1.458407	-23.720472	-69.037193	-5.452133
-23.720472	-69.037193	-5.452133	0.000000	-40.002094	-134.378052	-63.950890
-74.984863	113.738434	18.098736	-0.141593	-196.266571	106.077942	18.098738
-196.266571	106.077942	18.098738	0.258407	-250.273239	39.948322	-11.823703
-250.273239	39.948322	-11.823703	0.658407	-250.273239	12.535644	-50.973064
-250.273239	12.535644	-50.973064	0.658407	-250.273239	12.535644	-50.973064
-250.273239	12.535644	-50.973064	0.658407	-227.933945	-70.835747	-50.973064
-227.933945	-70.835747	-50.973064	1.058407	-117.078896	-120.658707	-50.973064
-117.078896	-120.658707	-50.973064	1.458407	-23.720472	-69.037193	-5.452133
-23.720472	-69.037193	-5.452133	0.000000	-40.002094	-134.378052	-63.950890
