23.486853	-94.237740	-34.818367	0	0	0.99913515	0.041580682
21.735380	-93.130516	-34.962551	0	0	0.50484609	0.86320938
20.237797	-92.150703	-35.012508	0	0	0.50484609	0.86320938
28.096857	-95.595726	-32.830093	0	0	0.50484609	0.86320938
24.626160	-92.116013	-30.051704	0	0	0.50484609	0.86320938
28.642584	-96.363747	-34.247688	0	0	0.50484609	0.86320938
28.972345	-96.857574	-35.385464	0	0	0.98999249	0.14112005
26.627089	-93.049377	-29.343470	0	0	0.50484609	0.86320938
17.904444	-97.460747	-35.382320	0	0	0.98999249	0.14112005
17.801102	-90.786469	-35.467037	0	0	0.50484609	0.86320938
16.991636	-95.869316	-35.441780	0	0	0.41614682	0.90929743
29.207191	-95.151703	-30.831718	0	0	0.50484609	0.86320938
16.191418	-94.486885	-35.421288	0	0	0.41614682	0.90929743
19.517263	-100.549156	-33.696835	0	0	0.41614682	0.90929743
20.093433	-101.299606	-35.111351	0	0	0.50484609	0.86320938
16.925591	-96.561935	-30.829639	0	0	0.41614682	0.90929743
20.475512	-101.763222	-36.243839	0	0	0.97095818	0.23924928
19.460106	-100.779190	-31.816401	0	0	0.41614682	0.90929743
17.785057	-98.154327	-30.236721	0	0	0.41614682	0.90929743
21.283735	-88.961609	-28.430212	0	0	0.85688874	0.51550139
15.016295	-92.394279	-35.748367	0	0	0.41614682	0.90929743
13.479728	-91.369156	-26.396910	0	0	0	1
13.141727	-94.004738	-24.392370	0	0	0.73739371	0.67546319
11.210398	-86.796913	-29.797380	0	0	0	1
14.163571	-97.818306	-21.532644	0	0	0.80114363	0.59847213
9.546909	-80.588692	-34.452812	0	0	0.80114363	0.59847213
9.279521	-79.590782	-35.201122	0	0	0	1
21.861067	-73.930870	-39.825703	0	0	0	1
7.020962	-78.509071	-35.959175	0	0	0.90407214	0.42737988
8.369864	-76.195900	-37.746887	0	0	0.73739371	0.67546319
-1.903471	-81.357819	-33.561607	0	0	0	1
46.455521	-74.883125	-39.768215	0	0	0	1
47.441616	-75.869217	-39.048233	0	0	0	1
45.344212	-73.771820	-40.579617	0	0	0.90407214	0.42737988
45.285419	-73.713020	-40.622543	0	0	0	1
44.293011	-72.720612	-41.347137	0	0	0	1
48.804138	-77.231743	-38.053410	0	0	0	1
49.384621	-77.812225	-37.629581	0	0	0	1
49.491833	-77.919434	-37.551304	0	0	0	1
49.494652	-77.922256	-37.549244	0	0	0.99913515	0.041580682
50.223675	-78.651276	-37.016960	0	0	0	1
42.661488	-71.089088	-42.538364	0	0	0	1
36.353775	-64.781380	-47.143837	0	0	-0.99500417	0.099833397
31.709663	-60.137268	-50.534657	0	0	0.90407214	0.42737988
-21.477631	-79.949745	-34.099636	0	0	0.58850112	0.8084964
-24.625977	-94.237740	-39.027695	0	0	0.58850112	0.8084964
-24.626762	-93.130516	-39.018715	0	0	0.80114363	0.59847213
-24.763588	-95.595726	-37.454784	0	0	0.85688874	0.51550139
-24.633801	-92.150703	-38.938267	0	0	0.80114363	0.59847213
-24.636362	-96.363747	-38.908993	0	0	0.85688874	0.51550139
-24.535070	-96.857574	-40.066753	0	0	0.50484609	0.86320938
-24.612846	-90.786469	-39.177776	0	0	0.85688874	0.51550139
-24.928661	-95.151703	-35.567993	0	0	0.85688874	0.51550139
-25.031183	-92.116013	-34.396160	0	0	0.80114363	0.59847213
-25.077477	-93.049377	-33.867035	0	0	0.85688874	0.51550139
-25.492599	-86.381004	-29.122156	0	0	0	1
-25.074209	-80.079506	-33.904366	0	0	0	1
-24.496166	-71.373390	-40.511448	0	0	0.66627604	0.74570519
14.208685	-42.636288	-63.312702	0	0	0	1
-29.796850	-110.997490	-10.368664	0	0	0	1
-0.138822	-44.441048	-61.559254	0	0	0	1
10.257474	-38.685078	-66.197609	0	0	0	1
-34.123470	-127.144653	-15.738810	0	0	0.66627604	0.74570519
45.100655	-36.082672	-69.107864	0	0	0	1
46.378567	-36.425091	-68.883087	0	0	0	1
-32.775501	-122.113968	-1.871918	0	0	0	1
43.220314	-35.578838	-69.438599	0	0	0.98999249	0.14112005
42.839695	-35.476849	-69.505547	0	0	0	1
48.532848	-37.002327	-68.504173	0	0	0	1
41.616199	-35.149017	-69.720741	0	0	0	1
49.928284	-37.376232	-68.258728	0	0	0	1
50.383675	-37.498253	-68.178627	0	0	0	1
50.621227	-37.561905	-68.136848	0	0	0	1
51.146034	-37.702526	-68.044540	0	0	0	1
39.002529	-34.448685	-70.180466	0	0	0	1
-32.868267	-122.460182	-1.607292	0	0	0	1
37.893353	-34.151482	-70.375557	0	0	0	1
2.897910	-31.325514	-71.571075	0	0	0	1
19.146587	-29.128302	-73.672935	0	0	0	1
-45.766487	-59.667072	-48.800613	0	0	0	1
-45.743675	-59.632278	-48.827572	0	0	0	1
-45.731834	-59.614216	-48.841568	0	0	0	1
-45.726463	-59.606026	-48.847912	0	0	0	1
-45.693451	-59.555676	-48.886925	0	0	0	1
-45.848003	-59.791409	-48.704281	0	0	0	1
-45.504242	-59.267078	-49.110527	0	0	0	1
-46.032757	-60.073204	-48.485947	0	0	0.58850112	0.8084964
-46.087734	-60.157063	-48.420971	0	0	0	1
-46.127472	-60.217670	-48.374012	0	0	0	1
-45.309208	-58.969604	-49.341011	0	0	0.41614682	0.90929743
-47.297325	-62.002014	-46.991512	0	0	0.66627604	0.74570519
-38.299839	-48.278442	-57.624481	0	0	0	1
-35.707520	-133.056412	6.491810	0	0	0	1
-2.950341	-25.477262	-75.841080	0	0	0	1
-2.950341	-25.477262	-75.841080	0	0	0	1
-2.950341	-25.477262	-75.841080	0	0	0	1
1.581484	-24.421747	-76.762466	0	0	0	1
1.581484	-24.421747	-76.762466	0	0	0	1
1.581484	-24.421747	-76.762466	0	0	0	1
1.581484	-24.421747	-76.762466	0	0	0	1
1.581484	-24.421747	-76.762466	0	0	0	1
1.581484	-24.421747	-76.762466	0	0	0	1
-73.622780	-89.948448	-25.580385	0	0	0.73739371	0.67546319
-92.900261	-109.225937	-10.007620	0	0	-0.16996714	0.98544973
-93.966156	-110.928925	-8.689514	0	0	0	1
80.323914	-45.520718	-131.961227	0	0	0.99913515	0.041580682
-92.686165	-63.501926	-77.791740	0	0	0.58850112	0.8084964
-92.686165	-63.501926	-77.791740	0	0	0.58850112	0.8084964
-92.686165	-63.501926	-77.791740	0	0	0.58850112	0.8084964
-92.686165	-63.501926	-77.791740	0	0	0.58850112	0.8084964
-92.686165	-63.501926	-77.791740	0	0	0.58850112	0.8084964
-92.686165	-63.501926	-77.791740	0	0	0.58850112	0.8084964
-92.686165	-63.501926	-77.791740	0	0	0.50484609	0.86320938
-92.686165	-63.501926	-77.791740	0	0	0.58850112	0.8084964
-92.686165	-63.501926	-77.791740	0	0	0.58850112	0.8084964
-92.686165	-63.501926	-77.791740	0	0	0.50484609	0.86320938
-92.686165	-63.501926	-77.791740	0	0	0.58850112	0.8084964
-92.686165	-63.501926	-77.791740	0	0	0.58850112	0.8084964
-92.686165	-63.501926	-77.791740	0	0	0.58850112	0.8084964
-101.026558	-117.352226	-3.635905	0	0	0	1
-108.338852	-72.825981	-37.149899	0	0	0	1
-105.862213	-122.187889	-15.738810	0	0	0.66627604	0.74570519
-114.218163	-95.566116	-19.774519	0	0	0	1
-107.495621	-123.821297	1.436399	0	0	0	1
-109.289772	-73.088020	-77.791740	0	0	0.58850112	0.8084964
-117.076912	-107.067688	-10.989452	0	0	0	1
-115.983002	-118.382858	-2.452134	0	0	0	1
-123.019615	-78.352005	-51.431965	0	0	0.66627604	0.74570519
-125.349342	-102.700752	-15.738810	0	0	0.66627604	0.74570519
-137.709274	-85.543488	-38.666649	0	0	0	1
-139.717316	-86.526550	-36.921658	0	0	0	1
-145.711899	-89.461266	-31.712364	0	0	0.50484609	0.86320938
109.681213	-138.108810	-174.857529	0	0	0.97095818	0.23924928
-147.229172	-90.204063	-30.393858	0	0	0.58850112	0.8084964
-117.236267	-188.529160	-77.791733	0	0	0.80114363	0.59847213
-154.338608	-93.684563	-24.215759	0	0	-0.26749883	0.96355818
-56.176205	-253.131592	-102.258141	0	0	0.90407214	0.42737988
51.685295	-237.851288	-174.857529	0	0	0.94222235	0.33498812
-15.868247	-259.209167	-157.498154	0	0	0.90407214	0.42737988
-5.341567	-253.131592	-174.857529	0	0	0.90407214	0.42737988
