-197.362640	-104.459038	37.746819	1.458407	-165.519821	-222.625565	47.354340
-165.519821	-222.625565	47.354340	2.058407	-110.948814	-254.132156	52.867279
-110.948814	-254.132156	52.867279	2.258407	-110.948814	-254.132156	52.867279
-110.948814	-254.132156	52.867279	2.258407	-103.281921	-256.186493	52.867279
-103.281921	-256.186493	52.867279	2.258407	13.424594	-220.806396	52.867279
13.424594	-220.806396	52.867279	2.858407	41.137794	-102.045547	52.867279
41.137794	-102.045547	52.867279	3.058407	-5.460365	-144.012146	76.073685
-197.362640	-104.459038	37.746819	1.458407	-165.519821	-222.625565	47.354340
-165.519821	-222.625565	47.354340	2.058407	-110.948814	-254.132156	52.867279
-110.948814	-254.132156	52.867279	2.258407	-110.948814	-254.132156	52.867279
-110.948814	-254.132156	52.867279	2.258407	-103.281921	-256.186493	52.867279
-103.281921	-256.186493	52.867279	2.258407	13.424594	-220.806396	52.867279
13.424594	-220.806396	52.867279	2.858407	41.137794	-102.045547	52.867279
41.137794	-102.045547	52.867279	3.058407	-5.460365	-144.012146	76.073685
-197.362640	-104.459038	37.746819	1.458407	-165.519821	-222.625565	47.354340
-165.519821	-222.625565	47.354340	2.058407	-110.948814	-254.132156	52.867279
-110.948814	-254.132156	52.867279	2.258407	-110.948814	-254.132156	52.867279
-110.948814	-254.132156	52.867279	2.258407	-103.281921	-256.186493	52.867279
-103.281921	-256.186493	52.867279	2.258407	13.424594	-220.806396	52.867279
13.424594	-220.806396	52.867279	2.858407	41.137794	-102.045547	52.867279
41.137794	-102.045547	52.867279	3.058407	-5.460365	-144.012146	76.073685
-197.362640	-104.459038	37.746819	1.458407	-165.519821	-222.625565	47.354340
-165.519821	-222.625565	47.354340	2.058407	-110.948814	-254.132156	52.867279
-110.948814	-254.132156	52.867279	2.258407	-110.948814	-254.132156	52.867279
-110.948814	-254.132156	52.867279	2.258407	-103.281921	-256.186493	52.867279
-103.281921	-256.186493	52.867279	2.258407	13.424594	-220.806396	52.867279
13.424594	-220.806396	52.867279	2.858407	41.137794	-102.045547	52.867279
41.137794	-102.045547	52.867279	3.058407	-5.460365	-144.012146	76.073685
-197.362640	-104.459038	37.746819	1.458407	-165.519821	-222.625565	47.354340
-165.519821	-222.625565	47.354340	2.058407	-110.948814	-254.132156	52.867279
-110.948814	-254.132156	52.867279	2.258407	-110.948814	-254.132156	52.867279
-110.948814	-254.132156	52.867279	2.258407	-103.281921	-256.186493	52.867279
-103.281921	-256.186493	52.867279	2.258407	13.424594	-220.806396	52.867279
13.424594	-220.806396	52.867279	2.858407	41.137794	-102.045547	52.867279
41.137794	-102.045547	52.867279	3.058407	-5.460365	-144.012146	76.073685
-197.362640	-104.459038	37.746819	1.458407	-165.519821	-222.625565	47.354340
-165.519821	-222.625565	47.354340	2.058407	-110.948814	-254.132156	52.867279
-110.948814	-254.132156	52.867279	2.258407	-110.948814	-254.132156	52.867279
-110.948814	-254.132156	52.867279	2.258407	-103.281921	-256.186493	52.867279
-103.281921	-256.186493	52.867279	2.258407	13.424594	-220.806396	52.867279
13.424594	-220.806396	52.867279	2.858407	41.137794	-102.045547	52.867279
41.137794	-102.045547	52.867279	3.058407	-5.460365	-144.012146	76.073685
-197.362640	-104.459038	37.746819	1.458407	-165.519821	-222.625565	47.354340
-165.519821	-222.625565	47.354340	2.058407	-110.948814	-254.132156	52.867279
-110.948814	-254.132156	52.867279	2.258407	-110.948814	-254.132156	52.867279
-110.948814	-254.132156	52.867279	2.258407	-103.281921	-256.186493	52.867279
-103.281921	-256.186493	52.867279	2.258407	13.424594	-220.806396	52.867279
13.424594	-220.806396	52.867279	2.858407	41.137794	-102.045547	52.867279
41.137794	-102.045547	52.867279	3.058407	-5.460365	-144.012146	76.073685
-197.362640	-104.459038	37.746819	1.458407	-165.519821	-222.625565	47.354340
-165.519821	-222.625565	47.354340	2.058407	-110.948814	-254.132156	52.867279
-110.948814	-254.132156	52.867279	2.258407	-110.948814	-254.132156	52.867279
-110.948814	-254.132156	52.867279	2.258407	-103.281921	-256.186493	52.867279
-103.281921	-256.186493	52.867279	2.258407	13.424594	-220.806396	52.867279
13.424594	-220.806396	52.867279	2.858407	41.137794	-102.045547	52.867279
41.137794	-102.045547	52.867279	3.058407	-5.460365	-144.012146	76.073685
-197.362640	-104.459038	37.746819	1.458407	-165.519821	-222.625565	47.354340
-165.519821	-222.625565	47.354340	2.058407	-110.948814	-254.132156	52.867279
-110.948814	-254.132156	52.867279	2.258407	-110.948814	-254.132156	52.867279
-110.948814	-254.132156	52.867279	2.258407	-103.281921	-256.186493	52.867279
-103.281921	-256.186493	52.867279	2.258407	13.424594	-220.806396	52.867279
13.424594	-220.806396	52.867279	2.858407	41.137794	-102.045547	52.867279
41.137794	-102.045547	52.867279	3.058407	-5.460365	-144.012146	76.073685
-197.362640	-104.459038	37.746819	1.458407	-165.519821	-222.625565	47.354340
-165.519821	-222.625565	47.354340	2.058407	-110.948814	-254.132156	52.867279
-110.948814	-254.132156	52.867279	2.258407	-110.948814	-254.132156	52.867279
-110.948814	-254.132156	52.867279	2.258407	-103.281921	-256.186493	52.867279
-103.281921	-256.186493	52.867279	2.258407	13.424594	-220.806396	52.867279
13.424594	-220.806396	52.867279	2.858407	41.137794	-102.045547	52.867279
41.137794	-102.045547	52.867279	3.058407	-5.460365	-144.012146	76.073685
-197.362640	-104.459038	37.746819	1.458407	-165.519821	-222.625565	47.354340
-165.519821	-222.625565	47.354340	2.058407	-110.948814	-254.132156	52.867279
-110.948814	-254.132156	52.867279	2.258407	-110.948814	-254.132156	52.867279
-110.948814	-254.132156	52.867279	2.258407	-103.281921	-256.186493	52.867279
-103.281921	-256.186493	52.867279	2.258407	13.424594	-220.806396	52.867279
13.424594	-220.806396	52.867279	2.858407	41.137794	-102.045547	52.867279
41.137794	-102.045547	52.867279	3.058407	-5.460365	-144.012146	76.073685
-197.362640	-104.459038	37.746819	1.458407	-165.519821	-222.625565	47.354340
-165.519821	-222.625565	47.354340	2.058407	-110.948814	-254.132156	52.867279
-110.948814	-254.132156	52.867279	2.258407	-110.948814	-254.132156	52.867279
-110.948814	-254.132156	52.867279	2.258407	-103.281921	-256.186493	52.867279
-103.281921	-256.186493	52.867279	2.258407	13.424594	-220.806396	52.867279
13.424594	-220.806396	52.867279	2.858407	41.137794	-102.045547	52.867279
41.137794	-102.045547	52.867279	3.058407	-5.460365	-144.012146	76.073685
-197.362640	-104.459038	37.746819	1.458407	-165.519821	-222.625565	47.354340
-165.519821	-222.625565	47.354340	2.058407	-110.948814	-254.132156	52.867279
-110.948814	-254.132156	52.867279	2.258407	-110.948814	-254.132156	52.867279
-110.948814	-254.132156	52.867279	2.258407	-103.281921	-256.186493	52.867279
-103.281921	-256.186493	52.867279	2.258407	13.424594	-220.806396	52.867279
13.424594	-220.806396	52.867279	2.858407	41.137794	-102.045547	52.867279
41.137794	-102.045547	52.867279	3.058407	-5.460365	-144.012146	76.073685
-197.362640	-104.459038	37.746819	1.458407	-165.519821	-222.625565	47.354340
-165.519821	-222.625565	47.354340	2.058407	-110.948814	-254.132156	52.867279
-110.948814	-254.132156	52.867279	2.258407	-110.948814	-254.132156	52.867279
-110.948814	-254.132156	52.867279	2.258407	-103.281921	-256.186493	52.867279
-103.281921	-256.186493	52.867279	2.258407	13.424594	-220.806396	52.867279
13.424594	-220.806396	52.867279	2.858407	41.137794	-102.045547	52.867279
41.137794	-102.045547	52.867279	3.058407	-5.460365	-144.012146	76.073685
-197.362640	-104.459038	37.746819	1.458407	-165.519821	-222.625565	47.354340
-165.519821	-222.625565	47.354340	2.058407	-110.948814	-254.132156	52.867279
-110.948814	-254.132156	52.867279	2.258407	-110.948814	-254.132156	52.867279
-110.948814	-254.132156	52.867279	2.258407	-103.281921	-256.186493	52.867279
-103.281921	-256.186493	52.867279	2.258407	13.424594	-220.806396	52.867279
13.424594	-220.806396	52.867279	2.858407	41.137794	-102.045547	52.867279
41.137794	-102.045547	52.867279	3.058407	-5.460365	-144.012146	76.073685
-197.362640	-104.459038	37.746819	1.458407	-165.519821	-222.625565	47.354340
-165.519821	-222.625565	47.354340	2.058407	-110.948814	-254.132156	52.867279
-110.948814	-254.132156	52.867279	2.258407	-110.948814	-254.132156	52.867279
-110.948814	-254.132156	52.867279	2.258407	-103.281921	-256.186493	52.867279
-103.281921	-256.186493	52.867279	2.258407	13.424594	-220.806396	52.867279
13.424594	-220.806396	52.867279	2.858407	41.137794	-102.045547	52.867279
41.137794	-102.045547	52.867279	3.058407	-5.460365	-144.012146	76.073685
-197.362640	-104.459038	37.746819	1.458407	-165.519821	-222.625565	47.354340
-165.519821	-222.625565	47.354340	2.058407	-110.948814	-254.132156	52.867279
-110.948814	-254.132156	52.867279	2.258407	-110.948814	-254.132156	52.867279
-110.948814	-254.132156	52.867279	2.258407	-103.281921	-256.186493	52.867279
-103.281921	-256.186493	52.867279	2.258407	13.424594	-220.806396	52.867279
13.424594	-220.806396	52.867279	2.858407	41.137794	-102.045547	52.867279
41.137794	-102.045547	52.867279	3.058407	-5.460365	-144.012146	76.073685
-197.362640	-104.459038	37.746819	1.458407	-165.519821	-222.625565	47.354340
-165.519821	-222.625565	47.354340	2.058407	-110.948814	-254.132156	52.867279
-110.948814	-254.132156	52.867279	2.258407	-110.948814	-254.132156	52.867279
-110.948814	-254.132156	52.867279	2.258407	-103.281921	-256.186493	52.867279
-103.281921	-256.186493	52.867279	2.258407	13.424594	-220.806396	52.867279
13.424594	-220.806396	52.867279	2.858407	41.137794	-102.045547	52.867279
41.137794	-102.045547	52.867279	3.058407	-5.460365	-144.012146	76.073685
-197.362640	-104.459038	37.746819	1.458407	-165.519821	-222.625565	47.354340
-165.519821	-222.625565	47.354340	2.058407	-110.948814	-254.132156	52.867279
-110.948814	-254.132156	52.867279	2.258407	-110.948814	-254.132156	52.867279
-110.948814	-254.132156	52.867279	2.258407	-103.281921	-256.186493	52.867279
-103.281921	-256.186493	52.867279	2.258407	13.424594	-220.806396	52.867279
13.424594	-220.806396	52.867279	2.858407	41.137794	-102.045547	52.867279
41.137794	-102.045547	52.867279	3.058407	-5.460365	-144.012146	76.073685
-197.362640	-104.459038	37.746819	1.458407	-165.519821	-222.625565	47.354340
-165.519821	-222.625565	47.354340	2.058407	-110.948814	-254.132156	52.867279
-110.948814	-254.132156	52.867279	2.258407	-110.948814	-254.132156	52.867279
-110.948814	-254.132156	52.867279	2.258407	-103.281921	-256.186493	52.867279
-103.281921	-256.186493	52.867279	2.258407	13.424594	-220.806396	52.867279
13.424594	-220.806396	52.867279	2.858407	41.137794	-102.045547	52.867279
41.137794	-102.045547	52.867279	3.058407	-5.460365	-144.012146	76.073685
