87.883888	-3.961861	114.293427	3.058407	35.982548	-11.433614	108.642853
35.982548	-11.433614	108.642853	-2.341593	30.253225	-8.799348	99.694252
30.253225	-8.799348	99.694252	-1.541593	24.321293	-9.510822	94.382446
24.321293	-9.510822	94.382446	-0.941593	19.824284	-12.856561	94.130737
19.824284	-12.856561	94.130737	-0.741593	-33.654877	-104.224838	96.557388
-33.654877	-104.224838	96.557388	2.258407	15.348518	-205.586761	103.220810
15.348518	-205.586761	103.220810	2.658407	125.076286	-215.305206	112.592918
125.076286	-215.305206	112.592918	3.058407	141.909119	-205.586761	114.293427
141.909119	-205.586761	114.293427	3.058407	141.909119	-205.586761	114.293427
141.909119	-205.586761	114.293427	3.058407	177.231796	-170.264084	114.293427
177.231796	-170.264084	114.293427	3.058407	180.565155	-61.320450	114.293427
180.565155	-61.320450	114.293427	3.058407	0.000000	0.000000	0.000000
87.883888	-3.961861	114.293427	3.058407	35.982548	-11.433614	108.642853
35.982548	-11.433614	108.642853	-2.341593	30.253225	-8.799348	99.694252
30.253225	-8.799348	99.694252	-1.541593	24.321293	-9.510822	94.382446
24.321293	-9.510822	94.382446	-0.941593	19.824284	-12.856561	94.130737
19.824284	-12.856561	94.130737	-0.741593	-33.654877	-104.224838	96.557388
-33.654877	-104.224838	96.557388	2.258407	15.348518	-205.586761	103.220810
15.348518	-205.586761	103.220810	2.658407	125.076286	-215.305206	112.592918
125.076286	-215.305206	112.592918	3.058407	141.909119	-205.586761	114.293427
141.909119	-205.586761	114.293427	3.058407	141.909119	-205.586761	114.293427
141.909119	-205.586761	114.293427	3.058407	177.231796	-170.264084	114.293427
177.231796	-170.264084	114.293427	3.058407	180.565155	-61.320450	114.293427
180.565155	-61.320450	114.293427	3.058407	0.000000	0.000000	0.000000
87.883888	-3.961861	114.293427	3.058407	35.982548	-11.433614	108.642853
35.982548	-11.433614	108.642853	-2.341593	30.253225	-8.799348	99.694252
30.253225	-8.799348	99.694252	-1.541593	24.321293	-9.510822	94.382446
24.321293	-9.510822	94.382446	-0.941593	19.824284	-12.856561	94.130737
19.824284	-12.856561	94.130737	-0.741593	-33.654877	-104.224838	96.557388
-33.654877	-104.224838	96.557388	2.258407	15.348518	-205.586761	103.220810
15.348518	-205.586761	103.220810	2.658407	125.076286	-215.305206	112.592918
125.076286	-215.305206	112.592918	3.058407	141.909119	-205.586761	114.293427
141.909119	-205.586761	114.293427	3.058407	141.909119	-205.586761	114.293427
141.909119	-205.586761	114.293427	3.058407	177.231796	-170.264084	114.293427
177.231796	-170.264084	114.293427	3.058407	180.565155	-61.320450	114.293427
180.565155	-61.320450	114.293427	3.058407	0.000000	0.000000	0.000000
87.883888	-3.961861	114.293427	3.058407	35.982548	-11.433614	108.642853
35.982548	-11.433614	108.642853	-2.341593	30.253225	-8.799348	99.694252
30.253225	-8.799348	99.694252	-1.541593	24.321293	-9.510822	94.382446
24.321293	-9.510822	94.382446	-0.941593	19.824284	-12.856561	94.130737
19.824284	-12.856561	94.130737	-0.741593	-33.654877	-104.224838	96.557388
-33.654877	-104.224838	96.557388	2.258407	15.348518	-205.586761	103.220810
15.348518	-205.586761	103.220810	2.658407	125.076286	-215.305206	112.592918
125.076286	-215.305206	112.592918	3.058407	141.909119	-205.586761	114.293427
141.909119	-205.586761	114.293427	3.058407	141.909119	-205.586761	114.293427
141.909119	-205.586761	114.293427	3.058407	177.231796	-170.264084	114.293427
177.231796	-170.264084	114.293427	3.058407	180.565155	-61.320450	114.293427
180.565155	-61.320450	114.293427	3.058407	0.000000	0.000000	0.000000
87.883888	-3.961861	114.293427	3.058407	35.982548	-11.433614	108.642853
35.982548	-11.433614	108.642853	-2.341593	30.253225	-8.799348	99.694252
30.253225	-8.799348	99.694252	-1.541593	24.321293	-9.510822	94.382446
24.321293	-9.510822	94.382446	-0.941593	19.824284	-12.856561	94.130737
19.824284	-12.856561	94.130737	-0.741593	-33.654877	-104.224838	96.557388
-33.654877	-104.224838	96.557388	2.258407	15.348518	-205.586761	103.220810
15.348518	-205.586761	103.220810	2.658407	125.076286	-215.305206	112.592918
125.076286	-215.305206	112.592918	3.058407	141.909119	-205.586761	114.293427
141.909119	-205.586761	114.293427	3.058407	141.909119	-205.586761	114.293427
141.909119	-205.586761	114.293427	3.058407	177.231796	-170.264084	114.293427
177.231796	-170.264084	114.293427	3.058407	180.565155	-61.320450	114.293427
180.565155	-61.320450	114.293427	3.058407	0.000000	0.000000	0.000000
87.883888	-3.961861	114.293427	3.058407	35.982548	-11.433614	108.642853
35.982548	-11.433614	108.642853	-2.341593	30.253225	-8.799348	99.694252
30.253225	-8.799348	99.694252	-1.541593	24.321293	-9.510822	94.382446
24.321293	-9.510822	94.382446	-0.941593	19.824284	-12.856561	94.130737
19.824284	-12.856561	94.130737	-0.741593	-33.654877	-104.224838	96.557388
-33.654877	-104.224838	96.557388	2.258407	15.348518	-205.586761	103.220810
15.348518	-205.586761	103.220810	2.658407	125.076286	-215.305206	112.592918
125.076286	-215.305206	112.592918	3.058407	141.909119	-205.586761	114.293427
141.909119	-205.586761	114.293427	3.058407	141.909119	-205.586761	114.293427
141.909119	-205.586761	114.293427	3.058407	177.231796	-170.264084	114.293427
177.231796	-170.264084	114.293427	3.058407	180.565155	-61.320450	114.293427
180.565155	-61.320450	114.293427	3.058407	0.000000	0.000000	0.000000
87.883888	-3.961861	114.293427	3.058407	35.982548	-11.433614	108.642853
35.982548	-11.433614	108.642853	-2.341593	30.253225	-8.799348	99.694252
30.253225	-8.799348	99.694252	-1.541593	24.321293	-9.510822	94.382446
24.321293	-9.510822	94.382446	-0.941593	19.824284	-12.856561	94.130737
19.824284	-12.856561	94.130737	-0.741593	-33.654877	-104.224838	96.557388
-33.654877	-104.224838	96.557388	2.258407	15.348518	-205.586761	103.220810
15.348518	-205.586761	103.220810	2.658407	125.076286	-215.305206	112.592918
125.076286	-215.305206	112.592918	3.058407	141.909119	-205.586761	114.293427
141.909119	-205.586761	114.293427	3.058407	141.909119	-205.586761	114.293427
141.909119	-205.586761	114.293427	3.058407	177.231796	-170.264084	114.293427
177.231796	-170.264084	114.293427	3.058407	180.565155	-61.320450	114.293427
180.565155	-61.320450	114.293427	3.058407	0.000000	0.000000	0.000000
87.883888	-3.961861	114.293427	3.058407	35.982548	-11.433614	108.642853
35.982548	-11.433614	108.642853	-2.341593	30.253225	-8.799348	99.694252
30.253225	-8.799348	99.694252	-1.541593	24.321293	-9.510822	94.382446
24.321293	-9.510822	94.382446	-0.941593	19.824284	-12.856561	94.130737
19.824284	-12.856561	94.130737	-0.741593	-33.654877	-104.224838	96.557388
-33.654877	-104.224838	96.557388	2.258407	15.348518	-205.586761	103.220810
15.348518	-205.586761	103.220810	2.658407	125.076286	-215.305206	112.592918
125.076286	-215.305206	112.592918	3.058407	141.909119	-205.586761	114.293427
141.909119	-205.586761	114.293427	3.058407	141.909119	-205.586761	114.293427
141.909119	-205.586761	114.293427	3.058407	177.231796	-170.264084	114.293427
177.231796	-170.264084	114.293427	3.058407	180.565155	-61.320450	114.293427
180.565155	-61.320450	114.293427	3.058407	0.000000	0.000000	0.000000
87.883888	-3.961861	114.293427	3.058407	35.982548	-11.433614	108.642853
35.982548	-11.433614	108.642853	-2.341593	30.253225	-8.799348	99.694252
30.253225	-8.799348	99.694252	-1.541593	24.321293	-9.510822	94.382446
24.321293	-9.510822	94.382446	-0.941593	19.824284	-12.856561	94.130737
19.824284	-12.856561	94.130737	-0.741593	-33.654877	-104.224838	96.557388
-33.654877	-104.224838	96.557388	2.258407	15.348518	-205.586761	103.220810
15.348518	-205.586761	103.220810	2.658407	125.076286	-215.305206	112.592918
125.076286	-215.305206	112.592918	3.058407	141.909119	-205.586761	114.293427
141.909119	-205.586761	114.293427	3.058407	141.909119	-205.586761	114.293427
141.909119	-205.586761	114.293427	3.058407	177.231796	-170.264084	114.293427
177.231796	-170.264084	114.293427	3.058407	180.565155	-61.320450	114.293427
180.565155	-61.320450	114.293427	3.058407	0.000000	0.000000	0.000000
87.883888	-3.961861	114.293427	3.058407	35.982548	-11.433614	108.642853
35.982548	-11.433614	108.642853	-2.341593	30.253225	-8.799348	99.694252
30.253225	-8.799348	99.694252	-1.541593	24.321293	-9.510822	94.382446
24.321293	-9.510822	94.382446	-0.941593	19.824284	-12.856561	94.130737
19.824284	-12.856561	94.130737	-0.741593	-33.654877	-104.224838	96.557388
-33.654877	-104.224838	96.557388	2.258407	15.348518	-205.586761	103.220810
15.348518	-205.586761	103.220810	2.658407	125.076286	-215.305206	112.592918
125.076286	-215.305206	112.592918	3.058407	141.909119	-205.586761	114.293427
141.909119	-205.586761	114.293427	3.058407	141.909119	-205.586761	114.293427
141.909119	-205.586761	114.293427	3.058407	177.231796	-170.264084	114.293427
177.231796	-170.264084	114.293427	3.058407	180.565155	-61.320450	114.293427
180.565155	-61.320450	114.293427	3.058407	0.000000	0.000000	0.000000
87.883888	-3.961861	114.293427	3.058407	35.982548	-11.433614	108.642853
35.982548	-11.433614	108.642853	-2.341593	30.253225	-8.799348	99.694252
30.253225	-8.799348	99.694252	-1.541593	24.321293	-9.510822	94.382446
24.321293	-9.510822	94.382446	-0.941593	19.824284	-12.856561	94.130737
19.824284	-12.856561	94.130737	-0.741593	-33.654877	-104.224838	96.557388
-33.654877	-104.224838	96.557388	2.258407	15.348518	-205.586761	103.220810
15.348518	-205.586761	103.220810	2.658407	125.076286	-215.305206	112.592918
125.076286	-215.305206	112.592918	3.058407	141.909119	-205.586761	114.293427
141.909119	-205.586761	114.293427	3.058407	141.909119	-205.586761	114.293427
141.909119	-205.586761	114.293427	3.058407	177.231796	-170.264084	114.293427
177.231796	-170.264084	114.293427	3.058407	180.565155	-61.320450	114.293427
180.565155	-61.320450	114.293427	3.058407	0.000000	0.000000	0.000000
87.883888	-3.961861	114.293427	3.058407	35.982548	-11.433614	108.642853
35.982548	-11.433614	108.642853	-2.341593	30.253225	-8.799348	99.694252
30.253225	-8.799348	99.694252	-1.541593	24.321293	-9.510822	94.382446
24.321293	-9.510822	94.382446	-0.941593	19.824284	-12.856561	94.130737
19.824284	-12.856561	94.130737	-0.741593	-33.654877	-104.224838	96.557388
-33.654877	-104.224838	96.557388	2.258407	15.348518	-205.586761	103.220810
15.348518	-205.586761	103.220810	2.658407	125.076286	-215.305206	112.592918
125.076286	-215.305206	112.592918	3.058407	141.909119	-205.586761	114.293427
141.909119	-205.586761	114.293427	3.058407	141.909119	-205.586761	114.293427
141.909119	-205.586761	114.293427	3.058407	177.231796	-170.264084	114.293427
177.231796	-170.264084	114.293427	3.058407	180.565155	-61.320450	114.293427
180.565155	-61.320450	114.293427	3.058407	0.000000	0.000000	0.000000
87.883888	-3.961861	114.293427	3.058407	35.982548	-11.433614	108.642853
35.982548	-11.433614	108.642853	-2.341593	30.253225	-8.799348	99.694252
30.253225	-8.799348	99.694252	-1.541593	24.321293	-9.510822	94.382446
24.321293	-9.510822	94.382446	-0.941593	19.824284	-12.856561	94.130737
19.824284	-12.856561	94.130737	-0.741593	-33.654877	-104.224838	96.557388
-33.654877	-104.224838	96.557388	2.258407	15.348518	-205.586761	103.220810
15.348518	-205.586761	103.220810	2.658407	125.076286	-215.305206	112.592918
125.076286	-215.305206	112.592918	3.058407	141.909119	-205.586761	114.293427
141.909119	-205.586761	114.293427	3.058407	141.909119	-205.586761	114.293427
141.909119	-205.586761	114.293427	3.058407	177.231796	-170.264084	114.293427
177.231796	-170.264084	114.293427	3.058407	180.565155	-61.320450	114.293427
180.565155	-61.320450	114.293427	3.058407	0.000000	0.000000	0.000000
87.883888	-3.961861	114.293427	3.058407	35.982548	-11.433614	108.642853
35.982548	-11.433614	108.642853	-2.341593	30.253225	-8.799348	99.694252
30.253225	-8.799348	99.694252	-1.541593	24.321293	-9.510822	94.382446
24.321293	-9.510822	94.382446	-0.941593	19.824284	-12.856561	94.130737
19.824284	-12.856561	94.130737	-0.741593	-33.654877	-104.224838	96.557388
-33.654877	-104.224838	96.557388	2.258407	15.348518	-205.586761	103.220810
15.348518	-205.586761	103.220810	2.658407	125.076286	-215.305206	112.592918
125.076286	-215.305206	112.592918	3.058407	141.909119	-205.586761	114.293427
141.909119	-205.586761	114.293427	3.058407	141.909119	-205.586761	114.293427
141.909119	-205.586761	114.293427	3.058407	177.231796	-170.264084	114.293427
177.231796	-170.264084	114.293427	3.058407	180.565155	-61.320450	114.293427
180.565155	-61.320450	114.293427	3.058407	0.000000	0.000000	0.000000
87.883888	-3.961861	114.293427	3.058407	35.982548	-11.433614	108.642853
35.982548	-11.433614	108.642853	-2.341593	30.253225	-8.799348	99.694252
30.253225	-8.799348	99.694252	-1.541593	24.321293	-9.510822	94.382446
24.321293	-9.510822	94.382446	-0.941593	19.824284	-12.856561	94.130737
19.824284	-12.856561	94.130737	-0.741593	-33.654877	-104.224838	96.557388
-33.654877	-104.224838	96.557388	2.258407	15.348518	-205.586761	103.220810
15.348518	-205.586761	103.220810	2.658407	125.076286	-215.305206	112.592918
125.076286	-215.305206	112.592918	3.058407	141.909119	-205.586761	114.293427
141.909119	-205.586761	114.293427	3.058407	141.909119	-205.586761	114.293427
141.909119	-205.586761	114.293427	3.058407	177.231796	-170.264084	114.293427
177.231796	-170.264084	114.293427	3.058407	180.565155	-61.320450	114.293427
180.565155	-61.320450	114.293427	3.058407	0.000000	0.000000	0.000000
87.883888	-3.961861	114.293427	3.058407	35.982548	-11.433614	108.642853
35.982548	-11.433614	108.642853	-2.341593	30.253225	-8.799348	99.694252
30.253225	-8.799348	99.694252	-1.541593	24.321293	-9.510822	94.382446
24.321293	-9.510822	94.382446	-0.941593	19.824284	-12.856561	94.130737
19.824284	-12.856561	94.130737	-0.741593	-33.654877	-104.224838	96.557388
-33.654877	-104.224838	96.557388	2.258407	15.348518	-205.586761	103.220810
15.348518	-205.586761	103.220810	2.658407	125.076286	-215.305206	112.592918
125.076286	-215.305206	112.592918	3.058407	141.909119	-205.586761	114.293427
141.909119	-205.586761	114.293427	3.058407	141.909119	-205.586761	114.293427
141.909119	-205.586761	114.293427	3.058407	177.231796	-170.264084	114.293427
177.231796	-170.264084	114.293427	3.058407	180.565155	-61.320450	114.293427
180.565155	-61.320450	114.293427	3.058407	0.000000	0.000000	0.000000
87.883888	-3.961861	114.293427	3.058407	35.982548	-11.433614	108.642853
35.982548	-11.433614	108.642853	-2.341593	30.253225	-8.799348	99.694252
30.253225	-8.799348	99.694252	-1.541593	24.321293	-9.510822	94.382446
24.321293	-9.510822	94.382446	-0.941593	19.824284	-12.856561	94.130737
19.824284	-12.856561	94.130737	-0.741593	-33.654877	-104.224838	96.557388
-33.654877	-104.224838	96.557388	2.258407	15.348518	-205.586761	103.220810
15.348518	-205.586761	103.220810	2.658407	125.076286	-215.305206	112.592918
125.076286	-215.305206	112.592918	3.058407	141.909119	-205.586761	114.293427
141.909119	-205.586761	114.293427	3.058407	141.909119	-205.586761	114.293427
141.909119	-205.586761	114.293427	3.058407	177.231796	-170.264084	114.293427
177.231796	-170.264084	114.293427	3.058407	180.565155	-61.320450	114.293427
180.565155	-61.320450	114.293427	3.058407	0.000000	0.000000	0.000000
87.883888	-3.961861	114.293427	3.058407	35.982548	-11.433614	108.642853
35.982548	-11.433614	108.642853	-2.341593	30.253225	-8.799348	99.694252
30.253225	-8.799348	99.694252	-1.541593	24.321293	-9.510822	94.382446
24.321293	-9.510822	94.382446	-0.941593	19.824284	-12.856561	94.130737
19.824284	-12.856561	94.130737	-0.741593	-33.654877	-104.224838	96.557388
-33.654877	-104.224838	96.557388	2.258407	15.348518	-205.586761	103.220810
15.348518	-205.586761	103.220810	2.658407	125.076286	-215.305206	112.592918
125.076286	-215.305206	112.592918	3.058407	141.909119	-205.586761	114.293427
141.909119	-205.586761	114.293427	3.058407	141.909119	-205.586761	114.293427
141.909119	-205.586761	114.293427	3.058407	177.231796	-170.264084	114.293427
177.231796	-170.264084	114.293427	3.058407	180.565155	-61.320450	114.293427
180.565155	-61.320450	114.293427	3.058407	0.000000	0.000000	0.000000
87.883888	-3.961861	114.293427	3.058407	35.982548	-11.433614	108.642853
35.982548	-11.433614	108.642853	-2.341593	30.253225	-8.799348	99.694252
30.253225	-8.799348	99.694252	-1.541593	24.321293	-9.510822	94.382446
24.321293	-9.510822	94.382446	-0.941593	19.824284	-12.856561	94.130737
19.824284	-12.856561	94.130737	-0.741593	-33.654877	-104.224838	96.557388
-33.654877	-104.224838	96.557388	2.258407	15.348518	-205.586761	103.220810
15.348518	-205.586761	103.220810	2.658407	125.076286	-215.305206	112.592918
125.076286	-215.305206	112.592918	3.058407	141.909119	-205.586761	114.293427
141.909119	-205.586761	114.293427	3.058407	141.909119	-205.586761	114.293427
141.909119	-205.586761	114.293427	3.058407	177.231796	-170.264084	114.293427
177.231796	-170.264084	114.293427	3.058407	180.565155	-61.320450	114.293427
180.565155	-61.320450	114.293427	3.058407	0.000000	0.000000	0.000000
87.883888	-3.961861	114.293427	3.058407	35.982548	-11.433614	108.642853
35.982548	-11.433614	108.642853	-2.341593	30.253225	-8.799348	99.694252
30.253225	-8.799348	99.694252	-1.541593	24.321293	-9.510822	94.382446
24.321293	-9.510822	94.382446	-0.941593	19.824284	-12.856561	94.130737
19.824284	-12.856561	94.130737	-0.741593	-33.654877	-104.224838	96.557388
-33.654877	-104.224838	96.557388	2.258407	15.348518	-205.586761	103.220810
15.348518	-205.586761	103.220810	2.658407	125.076286	-215.305206	112.592918
125.076286	-215.305206	112.592918	3.058407	141.909119	-205.586761	114.293427
141.909119	-205.586761	114.293427	3.058407	141.909119	-205.586761	114.293427
141.909119	-205.586761	114.293427	3.058407	177.231796	-170.264084	114.293427
177.231796	-170.264084	114.293427	3.058407	180.565155	-61.320450	114.293427
180.565155	-61.320450	114.293427	3.058407	0.000000	0.000000	0.000000
