-19.216621	-38.352253	21.712715	0	0	0.58850112	0.8084964
-19.090769	-38.322353	21.756552	0	0	0.58850112	0.8084964
-18.927017	-38.027454	21.746609	0	0	0.1288445	0.99166481
-18.773777	-38.331749	21.464270	0	0	0.90407214	0.42737988
-18.710997	-38.437389	21.483261	0	0	0.1288445	0.99166481
-18.708214	-38.248558	21.379732	0	0	0.1288445	0.99166481
-18.885101	-37.472584	21.271328	0	0	0.1288445	0.99166481
-18.940121	-37.127029	21.507639	0	0	0.66627604	0.74570519
-18.926054	-37.088535	21.476137	0	0	0.1288445	0.99166481
-18.887039	-37.046925	21.555264	0	0	0.66627604	0.74570519
-18.828466	-37.011955	21.594301	0	0	0.66627604	0.74570519
-18.770849	-36.990517	21.634516	0	0	0.1288445	0.99166481
-18.670403	-37.024548	21.384169	0	0	0.1288445	0.99166481
-19.013651	-36.225910	21.446348	0	0	0.1288445	0.99166481
-18.946583	-36.077869	21.530058	0	0	0.1288445	0.99166481
-16.086702	-39.190914	21.712715	0	0	0.58850112	0.8084964
-16.070795	-39.131550	21.756552	0	0	0.66627604	0.74570519
-16.074116	-39.143940	21.483261	0	0	0.73739371	0.67546319
-16.051910	-39.061069	21.464270	0	0	0.50484609	0.86320938
-15.986102	-38.815472	21.746609	0	0	0.66627604	0.74570519
-16.026722	-38.967064	21.379732	0	0	0.73739371	0.67546319
-15.844577	-38.287292	21.271328	0	0	0.73739371	0.67546319
-15.761874	-37.978638	21.507639	0	0	0.58850112	0.8084964
-15.751307	-37.939205	21.476137	0	0	0.58850112	0.8084964
-15.738292	-37.890629	21.555264	0	0	0.58850112	0.8084964
-15.725626	-37.843361	21.594301	0	0	0.58850112	0.8084964
-15.716406	-37.808952	21.634516	0	0	0.66627604	0.74570519
-15.718185	-37.815590	21.384169	0	0	0.66627604	0.74570519
-19.010361	-34.692436	21.910555	0	0	0.1288445	0.99166481
-19.070412	-34.615459	21.905331	0	0	0.66627604	0.74570519
-19.106897	-34.495289	21.908501	0	0	0.1288445	0.99166481
-15.541519	-37.156265	21.446348	0	0	0.73739371	0.67546319
-19.164007	-34.413582	21.908346	0	0	0.66627604	0.74570519
-15.500017	-37.001377	21.530058	0	0	0.66627604	0.74570519
-19.199526	-34.289875	21.914465	0	0	0.66627604	0.74570519
-19.245878	-34.203320	21.918823	0	0	0.66627604	0.74570519
-19.297026	-34.082081	21.909636	0	0	0.66627604	0.74570519
-19.296865	-33.971619	21.916153	0	0	0.1288445	0.99166481
-19.367062	-33.859585	21.894257	0	0	0.1288445	0.99166481
-15.157930	-35.724693	21.910555	0	0	0.66627604	0.74570519
-18.984640	-33.492584	21.914625	0	0	0.1288445	0.99166481
-15.142710	-35.667885	21.905331	0	0	0.58850112	0.8084964
-15.115110	-35.564884	21.908501	0	0	0.66627604	0.74570519
-19.569006	-33.412842	22.308048	0	0	0.73739371	0.67546319
-15.098510	-35.502930	21.908346	0	0	0.58850112	0.8084964
-15.069962	-35.396385	21.914465	0	0	0.58850112	0.8084964
-15.051428	-35.327217	21.918823	0	0	0.58850112	0.8084964
-15.024545	-35.226891	21.909636	0	0	0.58850112	0.8084964
-14.996919	-35.123783	21.916153	0	0	0.66627604	0.74570519
-14.973612	-35.036804	21.894257	0	0	0.66627604	0.74570519
-14.875455	-34.670479	22.308048	0	0	0.73739371	0.67546319
-14.856245	-34.598785	21.914625	0	0	0.66627604	0.74570519
-14.133794	-31.902561	25.932882	0	0	0.90407214	0.42737988
-21.323313	-29.976135	25.932882	0	0	0.85688874	0.51550139
-27.035120	-35.838242	16.388245	0	0	0.58850112	0.8084964
-27.000181	-35.782059	16.363466	0	0	0	1
-26.905130	-35.629223	16.296059	0	0	0	1
-26.875643	-35.581810	16.275146	0	0	0.58850112	0.8084964
-26.842424	-35.528393	16.251587	0	0	0.58850112	0.8084964
-26.812227	-35.479836	16.230171	0	0	0	1
-26.531506	-35.028450	16.031086	0	0	0.58850112	0.8084964
-26.450048	-34.897472	15.973318	0	0	0.58850112	0.8084964
-26.426004	-34.858807	15.956266	0	0	0.58850112	0.8084964
-26.413822	-34.839218	15.947626	0	0	0	1
-26.392515	-34.804958	15.932516	0	0	0.58850112	0.8084964
-26.376965	-34.779957	15.921488	0	0	0.58850112	0.8084964
-26.322355	-34.692146	15.882760	0	0	0.58850112	0.8084964
-26.103001	-34.339432	15.727195	0	0	0.58850112	0.8084964
-26.042894	-34.242786	15.684568	0	0	0.58850112	0.8084964
-25.579618	-33.497856	15.356016	0	0	0.58850112	0.8084964
-25.563126	-33.471336	15.344320	0	0	0.66627604	0.74570519
-25.525337	-33.410572	15.317521	0	0	0.58850112	0.8084964
-25.507145	-33.381321	15.304619	0	0	0.66627604	0.74570519
-25.468241	-33.318764	15.277028	0	0	0.66627604	0.74570519
-25.446293	-33.283474	15.261463	0	0	0.66627604	0.74570519
-25.409527	-33.224358	15.235390	0	0	0.66627604	0.74570519
-25.367174	-33.156254	15.205354	0	0	0.66627604	0.74570519
-25.336485	-33.106907	15.183588	0	0	0.58850112	0.8084964
-25.281956	-33.019226	15.144917	0	0	0.58850112	0.8084964
-17.727079	-28.364824	24.669449	0	0	0.58850112	0.8084964
-25.102144	-32.730095	15.017396	0	0	0.66627604	0.74570519
-24.988184	-32.546856	14.936577	0	0	0.80114363	0.59847213
-13.490065	-29.500130	24.669449	0	0	0.66627604	0.74570519
-23.255716	-29.761116	13.707926	0	0	0	1
-9.003717	-41.392094	15.272766	0	0	0.41614682	0.90929743
-15.622339	-26.716370	24.912977	0	0	0.22720209	0.97384763
-10.094667	-30.308430	17.601671	0	0	0.94222235	0.33498812
-12.936959	-27.435915	24.912977	0	0	0.58850112	0.8084964
-23.683195	-30.080902	12.031970	0	0	0.80114363	0.59847213
-22.217628	-28.091915	12.971723	0	0	0.41614682	0.90929743
-9.334846	-34.317654	12.811645	0	0	0.66627604	0.74570519
-22.134840	-27.958796	12.913011	0	0	0.50484609	0.86320938
-21.639399	-27.213617	12.267476	0	0	0.32328956	0.94630009
-21.224600	-26.495167	12.267476	0	0	0.58850112	0.8084964
-21.224600	-26.495167	12.267476	0	0	0.73739371	0.67546319
-21.224600	-26.495167	12.267476	0	0	0.029199523	0.9995736
-21.224600	-26.495167	12.267476	0	0	0.32328956	0.94630009
-21.224600	-26.495167	12.267476	0	0	0.41614682	0.90929743
-21.224600	-26.495167	12.267476	0	0	0.80114363	0.59847213
-21.224600	-26.495167	12.267476	0	0	0.22720209	0.97384763
-8.914594	-29.538046	14.254072	0	0	0.32328956	0.94630009
-10.264613	-32.064674	10.443044	0	0	0.90407214	0.42737988
-12.222581	-24.578857	18.735598	0	0	0.90407214	0.42737988
-12.174841	-24.591650	18.735598	0	0	0.90407214	0.42737988
-13.486139	-32.433723	8.187307	0	0	0.58850112	0.8084964
-14.152863	-31.973726	7.369944	0	0	0.85688874	0.51550139
-23.946175	-29.589550	7.296218	0	0	0.80114363	0.59847213
-9.542037	-23.475470	21.425781	0	0	0.22720209	0.97384763
-8.874225	-23.475470	21.484207	0	0	0.22720209	0.97384763
-8.662708	-32.064674	8.155286	0	0	0.90407214	0.42737988
-10.937815	-26.249071	10.575946	0	0	0.90407214	0.42737988
-15.327081	-20.206427	25.283175	0	0	0	1
-10.441751	-24.303988	31.709562	0	0	0.90407214	0.42737988
-9.547837	-24.303988	31.787771	0	0	0.90407214	0.42737988
-10.398702	-32.433723	3.777989	0	0	0.58850112	0.8084964
1.081782	-32.913315	21.712715	0	0	0.80114363	0.59847213
1.082737	-32.916878	21.756552	0	0	0.80114363	0.59847213
1.019982	-32.682671	21.746609	0	0	0.80114363	0.59847213
1.106320	-33.004890	21.464270	0	0	0.80114363	0.59847213
1.136936	-33.119152	21.483261	0	0	0.80114363	0.59847213
1.089915	-32.943668	21.379732	0	0	0.80114363	0.59847213
0.884072	-32.175449	21.271328	0	0	0.80114363	0.59847213
0.793998	-31.839291	21.507639	0	0	0.80114363	0.59847213
0.785316	-31.806889	21.476137	0	0	0.80114363	0.59847213
0.777527	-31.777819	21.555264	0	0	0.80114363	0.59847213
0.786445	-31.811102	21.384169	0	0	0.80114363	0.59847213
0.772709	-31.759838	21.594301	0	0	0.80114363	0.59847213
0.771208	-31.754236	21.634516	0	0	0.80114363	0.59847213
0.563792	-30.980150	21.446348	0	0	0.80114363	0.59847213
0.531275	-30.858795	21.530058	0	0	0.80114363	0.59847213
0.180644	-29.550222	21.910555	0	0	0.80114363	0.59847213
0.157378	-29.463390	21.905331	0	0	0.80114363	0.59847213
0.124890	-29.342146	21.908501	0	0	0.80114363	0.59847213
0.100638	-29.251637	21.908346	0	0	0.80114363	0.59847213
0.067332	-29.127335	21.914465	0	0	0.80114363	0.59847213
0.042588	-29.034988	21.918823	0	0	0.80114363	0.59847213
0.008852	-28.909086	21.909636	0	0	0.80114363	0.59847213
-0.018753	-28.806063	21.916153	0	0	0.80114363	0.59847213
-0.051463	-28.683987	21.894257	0	0	0.80114363	0.59847213
-0.117596	-28.437176	21.914625	0	0	0.80114363	0.59847213
-0.176676	-28.216684	22.308048	0	0	0.80114363	0.59847213
1.448931	-41.392094	16.187254	0	0	0.41614682	0.90929743
-0.318119	-27.688812	17.601671	0	0	0.90407214	0.42737988
-10.366056	-17.841175	25.983816	0	0	0.50484609	0.86320938
0.735085	-31.619425	12.811645	0	0	0.85688874	0.51550139
-9.807117	-17.473074	24.455671	0	0	0	1
-10.092074	-18.002924	27.712746	0	0	0	1
-1.153370	-24.571615	25.932882	0	0	0.50484609	0.86320938
-9.693727	-17.336050	23.159620	0	0	0	1
-1.315295	-23.967300	24.669449	0	0	0.85688874	0.51550139
3.226071	-40.915909	16.187254	0	0	0.41614682	0.90929743
-21.779451	-25.477901	2.380268	0	0	0	1
-1.586418	-22.955456	24.912977	0	0	0.90407214	0.42737988
-8.312601	-17.074247	23.308132	0	0	0.94222235	0.33498812
-1.944605	-21.618683	21.484207	0	0	0.41614682	0.90929743
-1.893055	-21.811069	18.735598	0	0	0.98999249	0.14112005
0.216865	-29.685400	8.155286	0	0	0.97095818	0.23924928
-1.389439	-23.690592	10.575946	0	0	0.97095818	0.23924928
-1.782599	-22.223299	31.787771	0	0	0.90407214	0.42737988
-8.678347	-16.109035	11.553760	0	0	0.32328956	0.94630009
-8.678347	-16.109035	11.553760	0	0	0.58850112	0.8084964
5.609098	-30.358078	15.505507	0	0	0.50484609	0.86320938
-1.564206	-23.038351	7.369944	0	0	0.85688874	0.51550139
-3.507289	-15.786669	23.308132	0	0	0.98999249	0.14112005
-12.474330	-25.709358	-2.087898	0	0	0.58850112	0.8084964
0.192838	-29.595730	3.777989	0	0	0.73739371	0.67546319
-3.486086	-17.392014	31.434746	0	0	0	1
-4.373344	-14.946990	26.244083	0	0	0	1
7.029435	-29.538046	15.648994	0	0	0.98999249	0.14112005
6.240901	-30.732306	11.390184	0	0	0.58850112	0.8084964
-3.813512	-14.643829	25.749830	0	0	0.50484609	0.86320938
-21.085695	-23.518543	-2.655030	0	0	0.58850112	0.8084964
-3.661818	-13.708514	12.122972	0	0	0	1
-3.624895	-13.644246	11.390184	0	0	0	1
-2.215019	-20.609488	1.845174	0	0	0.73739371	0.67546319
4.229462	-14.906171	21.712715	0	0	0.94222235	0.33498812
4.211864	-14.888573	21.746609	0	0	0.90407214	0.42737988
4.277438	-14.954146	21.756552	0	0	0.94222235	0.33498812
4.440631	-15.117340	21.464270	0	0	0.90407214	0.42737988
4.431819	-15.108527	21.379732	0	0	0.94222235	0.33498812
4.524842	-15.201551	21.483261	0	0	0.94222235	0.33498812
3.955388	-14.632096	21.271328	0	0	0.90407214	0.42737988
3.838718	-14.515428	21.384169	0	0	0.90407214	0.42737988
3.771478	-14.448187	21.634516	0	0	0.90407214	0.42737988
3.753391	-14.430099	21.594301	0	0	0.94222235	0.33498812
3.755101	-14.431809	21.507639	0	0	0.94222235	0.33498812
3.741588	-14.418297	21.555264	0	0	0.94222235	0.33498812
3.742886	-14.419595	21.476137	0	0	0.90407214	0.42737988
3.267775	-13.944484	21.446348	0	0	0.90407214	0.42737988
3.227289	-13.903998	21.530058	0	0	0.90407214	0.42737988
2.502684	-13.179393	21.910555	0	0	0.90407214	0.42737988
2.434170	-13.110879	21.905331	0	0	0.94222235	0.33498812
2.355841	-13.032550	21.908501	0	0	0.90407214	0.42737988
2.286434	-12.963142	21.908346	0	0	0.94222235	0.33498812
2.206820	-12.883529	21.914465	0	0	0.94222235	0.33498812
2.140366	-12.817075	21.918823	0	0	0.94222235	0.33498812
2.054173	-12.730882	21.909636	0	0	0.94222235	0.33498812
1.999021	-12.675730	21.916153	0	0	0.90407214	0.42737988
1.962268	-12.638976	21.484207	0	0	0.58850112	0.8084964
1.915618	-12.592327	21.914625	0	0	0.90407214	0.42737988
1.907907	-12.584616	21.894257	0	0	0.90407214	0.42737988
1.583564	-12.260273	22.308048	0	0	0.94222235	0.33498812
4.768527	-15.445235	17.601671	0	0	0.94222235	0.33498812
1.311376	-11.988085	23.115004	0	0	-0.98006658	0.19866933
1.372490	-12.049199	24.550964	0	0	0	1
1.383641	-12.060349	24.812963	0	0	0	1
1.398505	-12.075213	25.162226	0	0	0	1
1.123960	-11.800669	18.711409	0	0	0	1
1.278398	-12.254811	27.079988	0	0	0.50484609	0.86320938
1.422485	-12.099194	25.725666	0	0	0	1
2.880809	-14.354872	31.689529	0	0	0	1
3.000822	-13.677530	30.850307	0	0	0	1
7.153050	-17.829760	12.811645	0	0	0.98999249	0.14112005
3.368004	-14.044713	31.603188	0	0	0	1
2.317274	-12.993982	10.575946	0	0	0.73739371	0.67546319
1.777874	-11.123854	13.030445	0	0	0.73739371	0.67546319
12.945386	-23.622095	15.648994	0	0	-0.99500417	0.099833397
6.362629	-17.039337	8.155286	0	0	0.73739371	0.67546319
0.628098	-11.304807	7.060430	0	0	0	1
0.623044	-11.299752	6.941669	0	0	0	1
6.682042	-13.833052	11.820581	0	0	-0.99500417	0.099833397
16.082157	-26.758867	16.187254	0	0	-0.99500417	0.099833397
5.679157	-16.355865	3.777989	0	0	0.98999249	0.14112005
8.797818	-8.157578	20.041109	0	0	0.94222235	0.33498812
8.802055	-8.158713	20.091618	0	0	0	1
8.802292	-8.158777	20.094431	0	0	0.94222235	0.33498812
8.803473	-8.159094	20.108522	0	0	0	1
8.791871	-8.155985	19.970232	0	0	0.90407214	0.42737988
8.805660	-8.159679	20.134583	0	0	0	1
8.805998	-8.159770	20.138599	0	0	0	1
8.807010	-8.160041	20.150665	0	0	0	1
8.807103	-8.160066	20.151775	0	0	0	1
8.807133	-8.160074	20.152132	0	0	0	1
8.807155	-8.160080	20.152395	0	0	0	1
8.788160	-8.154990	19.926001	0	0	0	1
8.807668	-8.160217	20.158508	0	0	0	1
8.807883	-8.160275	20.161081	0	0	0	1
8.808882	-8.160542	20.172983	0	0	0	1
8.784566	-8.154027	19.883158	0	0	0	1
8.782403	-8.153448	19.857378	0	0	0.94222235	0.33498812
8.780379	-8.152905	19.833258	0	0	0	1
8.780237	-8.152867	19.831560	0	0	0	1
8.780185	-8.152853	19.830944	0	0	0	1
8.777782	-8.152209	19.802303	0	0	0	1
8.773448	-8.151049	19.750645	0	0	0	1
8.773075	-8.150949	19.746195	0	0	0.90407214	0.42737988
8.823197	-8.164378	20.343603	0	0	0	1
8.771791	-8.150604	19.730885	0	0	0.94222235	0.33498812
8.761732	-8.147909	19.611008	0	0	0	1
8.835684	-8.167725	20.492430	0	0	0.94222235	0.33498812
8.967019	-8.202915	22.057810	0	0	-0.92106097	0.38941839
8.572989	-8.097335	17.361372	0	0	0	1
9.035740	-8.221329	22.876894	0	0	0	1
9.067637	-8.229877	23.257084	0	0	0	1
8.504157	-8.078892	16.540972	0	0	0	1
9.098337	-8.238102	23.622986	0	0	0	1
9.118839	-8.243596	23.867357	0	0	0	1
9.468942	-8.337405	28.040215	0	0	0	1
8.118097	-7.975448	11.939542	0	0	0	1
10.249843	-8.546647	16.187254	0	0	-0.98006658	0.19866933
7.905623	-7.918515	9.407071	0	0	0	1
7.730833	-7.871680	7.323750	0	0	0	1
12.493011	-9.147702	15.648994	0	0	-0.95533648	0.29552023
7.549188	-7.823009	5.158730	0	0	0	1
7.486452	-7.806199	4.410979	0	0	0	1
13.456059	-6.391727	27.895540	0	0	0	1
16.243248	-5.165495	13.879644	0	0	0.90407214	0.42737988
18.489931	-3.973544	28.318642	0	0	0	1
21.953161	-11.682542	41.198772	0	0	-0.87758258	0.4794255
36.311821	-30.939814	11.820581	0	0	0.73739371	0.67546319
23.998741	-0.435600	14.680800	0	0	0	1
32.413841	-5.064881	12.729625	0	0	0.90407214	0.42737988
35.488426	0.526243	13.570520	0	0	0.90407214	0.42737988
28.511724	-39.188431	83.158600	0	0	0	1
51.526989	-6.430214	11.773608	0	0	0.90407214	0.42737988
51.526989	-4.586370	9.140326	0	0	0.90407214	0.42737988
-72.521133	-108.977859	48.646526	0	0	0.85688874	0.51550139
10.025508	-66.291756	106.450439	0	-0	-1	-4.371139e-08
-31.430134	-96.453377	106.450439	0	0	0.97095818	0.23924928
-57.393925	-96.562775	102.037331	0	0	0	1
-79.205368	-126.920807	12.267477	0	0	0.80114363	0.59847213
154.366776	-47.162663	-2.595245	0	0	0.99913515	0.041580682
-8.678347	-233.021317	11.553760	0	0	0.94222235	0.33498812
163.455353	-174.132065	-2.595245	0	0	0.99913515	0.041580682
103.431892	-233.676147	-0.724845	0	0	0.98999249	0.14112005
104.566101	-233.021317	-2.595245	0	0	0.98999249	0.14112005
