-93.549454	117.435677	72.062851	-0.141593	-217.684921	103.299225	72.960350
-217.684921	103.299225	72.960350	0.258407	-267.510132	16.999430	81.678635
-267.510132	16.999430	81.678635	0.858407	-267.510132	16.999430	81.678635
-267.510132	16.999430	81.678635	0.858407	-267.510132	16.999430	81.678635
-267.510132	16.999430	81.678635	0.858407	-242.146561	-77.658684	81.678635
-242.146561	-77.658684	81.678635	1.258407	-125.803917	-124.706787	81.678635
-125.803917	-124.706787	81.678635	1.658407	-21.342058	-26.778399	89.640587
-21.342058	-26.778399	89.640587	0.000000	-16.941399	-25.352125	127.522202
-16.941399	-25.352125	127.522202	0.000000	-7.009060	-29.795101	222.710144
-7.009060	-29.795101	222.710144	0.000000	-25.150547	-36.401463	200.878296
-93.549454	117.435677	72.062851	-0.141593	-217.684921	103.299225	72.960350
-217.684921	103.299225	72.960350	0.258407	-267.510132	16.999430	81.678635
-267.510132	16.999430	81.678635	0.858407	-267.510132	16.999430	81.678635
-267.510132	16.999430	81.678635	0.858407	-267.510132	16.999430	81.678635
-267.510132	16.999430	81.678635	0.858407	-242.146561	-77.658684	81.678635
-242.146561	-77.658684	81.678635	1.258407	-125.803917	-124.706787	81.678635
-125.803917	-124.706787	81.678635	1.658407	-21.342058	-26.778399	89.640587
-21.342058	-26.778399	89.640587	0.000000	-16.941399	-25.352125	127.522202
-16.941399	-25.352125	127.522202	0.000000	-7.009060	-29.795101	222.710144
-7.009060	-29.795101	222.710144	0.000000	-25.150547	-36.401463	200.878296
-93.549454	117.435677	72.062851	-0.141593	-217.684921	103.299225	72.960350
-217.684921	103.299225	72.960350	0.258407	-267.510132	16.999430	81.678635
-267.510132	16.999430	81.678635	0.858407	-267.510132	16.999430	81.678635
-267.510132	16.999430	81.678635	0.858407	-267.510132	16.999430	81.678635
-267.510132	16.999430	81.678635	0.858407	-242.146561	-77.658684	81.678635
-242.146561	-77.658684	81.678635	1.258407	-125.803917	-124.706787	81.678635
-125.803917	-124.706787	81.678635	1.658407	-21.342058	-26.778399	89.640587
-21.342058	-26.778399	89.640587	0.000000	-16.941399	-25.352125	127.522202
-16.941399	-25.352125	127.522202	0.000000	-7.009060	-29.795101	222.710144
-7.009060	-29.795101	222.710144	0.000000	-25.150547	-36.401463	200.878296
-93.549454	117.435677	72.062851	-0.141593	-217.684921	103.299225	72.960350
-217.684921	103.299225	72.960350	0.258407	-267.510132	16.999430	81.678635
-267.510132	16.999430	81.678635	0.858407	-267.510132	16.999430	81.678635
-267.510132	16.999430	81.678635	0.858407	-267.510132	16.999430	81.678635
-267.510132	16.999430	81.678635	0.858407	-242.146561	-77.658684	81.678635
-242.146561	-77.658684	81.678635	1.258407	-125.803917	-124.706787	81.678635
-125.803917	-124.706787	81.678635	1.658407	-21.342058	-26.778399	89.640587
-21.342058	-26.778399	89.640587	0.000000	-16.941399	-25.352125	127.522202
-16.941399	-25.352125	127.522202	0.000000	-7.009060	-29.795101	222.710144
-7.009060	-29.795101	222.710144	0.000000	-25.150547	-36.401463	200.878296
-93.549454	117.435677	72.062851	-0.141593	-217.684921	103.299225	72.960350
-217.684921	103.299225	72.960350	0.258407	-267.510132	16.999430	81.678635
-267.510132	16.999430	81.678635	0.858407	-267.510132	16.999430	81.678635
-267.510132	16.999430	81.678635	0.858407	-267.510132	16.999430	81.678635
-267.510132	16.999430	81.678635	0.858407	-242.146561	-77.658684	81.678635
-242.146561	-77.658684	81.678635	1.258407	-125.803917	-124.706787	81.678635
-125.803917	-124.706787	81.678635	1.658407	-21.342058	-26.778399	89.640587
-21.342058	-26.778399	89.640587	0.000000	-16.941399	-25.352125	127.522202
-16.941399	-25.352125	127.522202	0.000000	-7.009060	-29.795101	222.710144
-7.009060	-29.795101	222.710144	0.000000	-25.150547	-36.401463	200.878296
-93.549454	117.435677	72.062851	-0.141593	-217.684921	103.299225	72.960350
-217.684921	103.299225	72.960350	0.258407	-267.510132	16.999430	81.678635
-267.510132	16.999430	81.678635	0.858407	-267.510132	16.999430	81.678635
-267.510132	16.999430	81.678635	0.858407	-267.510132	16.999430	81.678635
-267.510132	16.999430	81.678635	0.858407	-242.146561	-77.658684	81.678635
-242.146561	-77.658684	81.678635	1.258407	-125.803917	-124.706787	81.678635
-125.803917	-124.706787	81.678635	1.658407	-21.342058	-26.778399	89.640587
-21.342058	-26.778399	89.640587	0.000000	-16.941399	-25.352125	127.522202
-16.941399	-25.352125	127.522202	0.000000	-7.009060	-29.795101	222.710144
-7.009060	-29.795101	222.710144	0.000000	-25.150547	-36.401463	200.878296
-93.549454	117.435677	72.062851	-0.141593	-217.684921	103.299225	72.960350
-217.684921	103.299225	72.960350	0.258407	-267.510132	16.999430	81.678635
-267.510132	16.999430	81.678635	0.858407	-267.510132	16.999430	81.678635
-267.510132	16.999430	81.678635	0.858407	-267.510132	16.999430	81.678635
-267.510132	16.999430	81.678635	0.858407	-242.146561	-77.658684	81.678635
-242.146561	-77.658684	81.678635	1.258407	-125.803917	-124.706787	81.678635
-125.803917	-124.706787	81.678635	1.658407	-21.342058	-26.778399	89.640587
-21.342058	-26.778399	89.640587	0.000000	-16.941399	-25.352125	127.522202
-16.941399	-25.352125	127.522202	0.000000	-7.009060	-29.795101	222.710144
-7.009060	-29.795101	222.710144	0.000000	-25.150547	-36.401463	200.878296
-93.549454	117.435677	72.062851	-0.141593	-217.684921	103.299225	72.960350
-217.684921	103.299225	72.960350	0.258407	-267.510132	16.999430	81.678635
-267.510132	16.999430	81.678635	0.858407	-267.510132	16.999430	81.678635
-267.510132	16.999430	81.678635	0.858407	-267.510132	16.999430	81.678635
-267.510132	16.999430	81.678635	0.858407	-242.146561	-77.658684	81.678635
-242.146561	-77.658684	81.678635	1.258407	-125.803917	-124.706787	81.678635
-125.803917	-124.706787	81.678635	1.658407	-21.342058	-26.778399	89.640587
-21.342058	-26.778399	89.640587	0.000000	-16.941399	-25.352125	127.522202
-16.941399	-25.352125	127.522202	0.000000	-7.009060	-29.795101	222.710144
-7.009060	-29.795101	222.710144	0.000000	-25.150547	-36.401463	200.878296
-93.549454	117.435677	72.062851	-0.141593	-217.684921	103.299225	72.960350
-217.684921	103.299225	72.960350	0.258407	-267.510132	16.999430	81.678635
-267.510132	16.999430	81.678635	0.858407	-267.510132	16.999430	81.678635
-267.510132	16.999430	81.678635	0.858407	-267.510132	16.999430	81.678635
-267.510132	16.999430	81.678635	0.858407	-242.146561	-77.658684	81.678635
-242.146561	-77.658684	81.678635	1.258407	-125.803917	-124.706787	81.678635
-125.803917	-124.706787	81.678635	1.658407	-21.342058	-26.778399	89.640587
-21.342058	-26.778399	89.640587	0.000000	-16.941399	-25.352125	127.522202
-16.941399	-25.352125	127.522202	0.000000	-7.009060	-29.795101	222.710144
-7.009060	-29.795101	222.710144	0.000000	-25.150547	-36.401463	200.878296
-93.549454	117.435677	72.062851	-0.141593	-217.684921	103.299225	72.960350
-217.684921	103.299225	72.960350	0.258407	-267.510132	16.999430	81.678635
-267.510132	16.999430	81.678635	0.858407	-267.510132	16.999430	81.678635
-267.510132	16.999430	81.678635	0.858407	-267.510132	16.999430	81.678635
-267.510132	16.999430	81.678635	0.858407	-242.146561	-77.658684	81.678635
-242.146561	-77.658684	81.678635	1.258407	-125.803917	-124.706787	81.678635
-125.803917	-124.706787	81.678635	1.658407	-21.342058	-26.778399	89.640587
-21.342058	-26.778399	89.640587	0.000000	-16.941399	-25.352125	127.522202
-16.941399	-25.352125	127.522202	0.000000	-7.009060	-29.795101	222.710144
-7.009060	-29.795101	222.710144	0.000000	-25.150547	-36.401463	200.878296
-93.549454	117.435677	72.062851	-0.141593	-217.684921	103.299225	72.960350
-217.684921	103.299225	72.960350	0.258407	-267.510132	16.999430	81.678635
-267.510132	16.999430	81.678635	0.858407	-267.510132	16.999430	81.678635
-267.510132	16.999430	81.678635	0.858407	-267.510132	16.999430	81.678635
-267.510132	16.999430	81.678635	0.858407	-242.146561	-77.658684	81.678635
-242.146561	-77.658684	81.678635	1.258407	-125.803917	-124.706787	81.678635
-125.803917	-124.706787	81.678635	1.658407	-21.342058	-26.778399	89.640587
-21.342058	-26.778399	89.640587	0.000000	-16.941399	-25.352125	127.522202
-16.941399	-25.352125	127.522202	0.000000	-7.009060	-29.795101	222.710144
-7.009060	-29.795101	222.710144	0.000000	-25.150547	-36.401463	200.878296
-93.549454	117.435677	72.062851	-0.141593	-217.684921	103.299225	72.960350
-217.684921	103.299225	72.960350	0.258407	-267.510132	16.999430	81.678635
-267.510132	16.999430	81.678635	0.858407	-267.510132	16.999430	81.678635
-267.510132	16.999430	81.678635	0.858407	-267.510132	16.999430	81.678635
-267.510132	16.999430	81.678635	0.858407	-242.146561	-77.658684	81.678635
-242.146561	-77.658684	81.678635	1.258407	-125.803917	-124.706787	81.678635
-125.803917	-124.706787	81.678635	1.658407	-21.342058	-26.778399	89.640587
-21.342058	-26.778399	89.640587	0.000000	-16.941399	-25.352125	127.522202
-16.941399	-25.352125	127.522202	0.000000	-7.009060	-29.795101	222.710144
-7.009060	-29.795101	222.710144	0.000000	-25.150547	-36.401463	200.878296
-93.549454	117.435677	72.062851	-0.141593	-217.684921	103.299225	72.960350
-217.684921	103.299225	72.960350	0.258407	-267.510132	16.999430	81.678635
-267.510132	16.999430	81.678635	0.858407	-267.510132	16.999430	81.678635
-267.510132	16.999430	81.678635	0.858407	-267.510132	16.999430	81.678635
-267.510132	16.999430	81.678635	0.858407	-242.146561	-77.658684	81.678635
-242.146561	-77.658684	81.678635	1.258407	-125.803917	-124.706787	81.678635
-125.803917	-124.706787	81.678635	1.658407	-21.342058	-26.778399	89.640587
-21.342058	-26.778399	89.640587	0.000000	-16.941399	-25.352125	127.522202
-16.941399	-25.352125	127.522202	0.000000	-7.009060	-29.795101	222.710144
-7.009060	-29.795101	222.710144	0.000000	-25.150547	-36.401463	200.878296
-93.549454	117.435677	72.062851	-0.141593	-217.684921	103.299225	72.960350
-217.684921	103.299225	72.960350	0.258407	-267.510132	16.999430	81.678635
-267.510132	16.999430	81.678635	0.858407	-267.510132	16.999430	81.678635
-267.510132	16.999430	81.678635	0.858407	-267.510132	16.999430	81.678635
-267.510132	16.999430	81.678635	0.858407	-242.146561	-77.658684	81.678635
-242.146561	-77.658684	81.678635	1.258407	-125.803917	-124.706787	81.678635
-125.803917	-124.706787	81.678635	1.658407	-21.342058	-26.778399	89.640587
-21.342058	-26.778399	89.640587	0.000000	-16.941399	-25.352125	127.522202
-16.941399	-25.352125	127.522202	0.000000	-7.009060	-29.795101	222.710144
-7.009060	-29.795101	222.710144	0.000000	-25.150547	-36.401463	200.878296
-93.549454	117.435677	72.062851	-0.141593	-217.684921	103.299225	72.960350
-217.684921	103.299225	72.960350	0.258407	-267.510132	16.999430	81.678635
-267.510132	16.999430	81.678635	0.858407	-267.510132	16.999430	81.678635
-267.510132	16.999430	81.678635	0.858407	-267.510132	16.999430	81.678635
-267.510132	16.999430	81.678635	0.858407	-242.146561	-77.658684	81.678635
-242.146561	-77.658684	81.678635	1.258407	-125.803917	-124.706787	81.678635
-125.803917	-124.706787	81.678635	1.658407	-21.342058	-26.778399	89.640587
-21.342058	-26.778399	89.640587	0.000000	-16.941399	-25.352125	127.522202
-16.941399	-25.352125	127.522202	0.000000	-7.009060	-29.795101	222.710144
-7.009060	-29.795101	222.710144	0.000000	-25.150547	-36.401463	200.878296
-93.549454	117.435677	72.062851	-0.141593	-217.684921	103.299225	72.960350
-217.684921	103.299225	72.960350	0.258407	-267.510132	16.999430	81.678635
-267.510132	16.999430	81.678635	0.858407	-267.510132	16.999430	81.678635
-267.510132	16.999430	81.678635	0.858407	-267.510132	16.999430	81.678635
-267.510132	16.999430	81.678635	0.858407	-242.146561	-77.658684	81.678635
-242.146561	-77.658684	81.678635	1.258407	-125.803917	-124.706787	81.678635
-125.803917	-124.706787	81.678635	1.658407	-21.342058	-26.778399	89.640587
-21.342058	-26.778399	89.640587	0.000000	-16.941399	-25.352125	127.522202
-16.941399	-25.352125	127.522202	0.000000	-7.009060	-29.795101	222.710144
-7.009060	-29.795101	222.710144	0.000000	-25.150547	-36.401463	200.878296
-93.549454	117.435677	72.062851	-0.141593	-217.684921	103.299225	72.960350
-217.684921	103.299225	72.960350	0.258407	-267.510132	16.999430	81.678635
-267.510132	16.999430	81.678635	0.858407	-267.510132	16.999430	81.678635
-267.510132	16.999430	81.678635	0.858407	-267.510132	16.999430	81.678635
-267.510132	16.999430	81.678635	0.858407	-242.146561	-77.658684	81.678635
-242.146561	-77.658684	81.678635	1.258407	-125.803917	-124.706787	81.678635
-125.803917	-124.706787	81.678635	1.658407	-21.342058	-26.778399	89.640587
-21.342058	-26.778399	89.640587	0.000000	-16.941399	-25.352125	127.522202
-16.941399	-25.352125	127.522202	0.000000	-7.009060	-29.795101	222.710144
-7.009060	-29.795101	222.710144	0.000000	-25.150547	-36.401463	200.878296
-93.549454	117.435677	72.062851	-0.141593	-217.684921	103.299225	72.960350
-217.684921	103.299225	72.960350	0.258407	-267.510132	16.999430	81.678635
-267.510132	16.999430	81.678635	0.858407	-267.510132	16.999430	81.678635
-267.510132	16.999430	81.678635	0.858407	-267.510132	16.999430	81.678635
-267.510132	16.999430	81.678635	0.858407	-242.146561	-77.658684	81.678635
-242.146561	-77.658684	81.678635	1.258407	-125.803917	-124.706787	81.678635
-125.803917	-124.706787	81.678635	1.658407	-21.342058	-26.778399	89.640587
-21.342058	-26.778399	89.640587	0.000000	-16.941399	-25.352125	127.522202
-16.941399	-25.352125	127.522202	0.000000	-7.009060	-29.795101	222.710144
-7.009060	-29.795101	222.710144	0.000000	-25.150547	-36.401463	200.878296
-93.549454	117.435677	72.062851	-0.141593	-217.684921	103.299225	72.960350
-217.684921	103.299225	72.960350	0.258407	-267.510132	16.999430	81.678635
-267.510132	16.999430	81.678635	0.858407	-267.510132	16.999430	81.678635
-267.510132	16.999430	81.678635	0.858407	-267.510132	16.999430	81.678635
-267.510132	16.999430	81.678635	0.858407	-242.146561	-77.658684	81.678635
-242.146561	-77.658684	81.678635	1.258407	-125.803917	-124.706787	81.678635
-125.803917	-124.706787	81.678635	1.658407	-21.342058	-26.778399	89.640587
-21.342058	-26.778399	89.640587	0.000000	-16.941399	-25.352125	127.522202
-16.941399	-25.352125	127.522202	0.000000	-7.009060	-29.795101	222.710144
-7.009060	-29.795101	222.710144	0.000000	-25.150547	-36.401463	200.878296
-93.549454	117.435677	72.062851	-0.141593	-217.684921	103.299225	72.960350
-217.684921	103.299225	72.960350	0.258407	-267.510132	16.999430	81.678635
-267.510132	16.999430	81.678635	0.858407	-267.510132	16.999430	81.678635
-267.510132	16.999430	81.678635	0.858407	-267.510132	16.999430	81.678635
-267.510132	16.999430	81.678635	0.858407	-242.146561	-77.658684	81.678635
-242.146561	-77.658684	81.678635	1.258407	-125.803917	-124.706787	81.678635
-125.803917	-124.706787	81.678635	1.658407	-21.342058	-26.778399	89.640587
-21.342058	-26.778399	89.640587	0.000000	-16.941399	-25.352125	127.522202
-16.941399	-25.352125	127.522202	0.000000	-7.009060	-29.795101	222.710144
-7.009060	-29.795101	222.710144	0.000000	-25.150547	-36.401463	200.878296
