103.014351	-36.581482	-62.202354	0.000000	0.000000	3.058407
90.229012	-104.867752	-78.602409	0.000000	0.000000	2.458407
32.489491	-157.014099	-90.032387	0.000000	0.000000	2.058407
-49.367722	-162.295593	-93.220543	0.000000	0.000000	1.458407
-107.365669	-125.446709	-86.134842	0.000000	0.000000	1.058407
-131.210617	-76.426506	-70.839355	0.000000	0.000000	0.858407
-126.910347	-16.122181	-53.904041	0.000000	0.000000	0.658407
-87.689659	36.554230	-39.836399	0.000000	0.000000	-0.141593
79.131104	16.367559	-45.554031	0.000000	0.000000	-2.741593
103.014351	-36.581482	-62.202354	0.000000	0.000000	3.058407
90.229012	-104.867752	-78.602409	0.000000	0.000000	2.458407
32.489491	-157.014099	-90.032387	0.000000	0.000000	2.058407
-49.367722	-162.295593	-93.220543	0.000000	0.000000	1.458407
-107.365669	-125.446709	-86.134842	0.000000	0.000000	1.058407
-131.210617	-76.426506	-70.839355	0.000000	0.000000	0.858407
-126.910347	-16.122181	-53.904041	0.000000	0.000000	0.658407
-87.689659	36.554230	-39.836399	0.000000	0.000000	-0.141593
79.131104	16.367559	-45.554031	0.000000	0.000000	-2.741593
103.014351	-36.581482	-62.202354	0.000000	0.000000	3.058407
90.229012	-104.867752	-78.602409	0.000000	0.000000	2.458407
32.489491	-157.014099	-90.032387	0.000000	0.000000	2.058407
-49.367722	-162.295593	-93.220543	0.000000	0.000000	1.458407
-107.365669	-125.446709	-86.134842	0.000000	0.000000	1.058407
-131.210617	-76.426506	-70.839355	0.000000	0.000000	0.858407
-126.910347	-16.122181	-53.904041	0.000000	0.000000	0.658407
-87.689659	36.554230	-39.836399	0.000000	0.000000	-0.141593
79.131104	16.367559	-45.554031	0.000000	0.000000	-2.741593
103.014351	-36.581482	-62.202354	0.000000	0.000000	3.058407
90.229012	-104.867752	-78.602409	0.000000	0.000000	2.458407
32.489491	-157.014099	-90.032387	0.000000	0.000000	2.058407
-49.367722	-162.295593	-93.220543	0.000000	0.000000	1.458407
-107.365669	-125.446709	-86.134842	0.000000	0.000000	1.058407
-131.210617	-76.426506	-70.839355	0.000000	0.000000	0.858407
-126.910347	-16.122181	-53.904041	0.000000	0.000000	0.658407
-87.689659	36.554230	-39.836399	0.000000	0.000000	-0.141593
79.131104	16.367559	-45.554031	0.000000	0.000000	-2.741593
103.014351	-36.581482	-62.202354	0.000000	0.000000	3.058407
90.229012	-104.867752	-78.602409	0.000000	0.000000	2.458407
32.489491	-157.014099	-90.032387	0.000000	0.000000	2.058407
-49.367722	-162.295593	-93.220543	0.000000	0.000000	1.458407
-107.365669	-125.446709	-86.134842	0.000000	0.000000	1.058407
-131.210617	-76.426506	-70.839355	0.000000	0.000000	0.858407
-126.910347	-16.122181	-53.904041	0.000000	0.000000	0.658407
-87.689659	36.554230	-39.836399	0.000000	0.000000	-0.141593
79.131104	16.367559	-45.554031	0.000000	0.000000	-2.741593
103.014351	-36.581482	-62.202354	0.000000	0.000000	3.058407
90.229012	-104.867752	-78.602409	0.000000	0.000000	2.458407
32.489491	-157.014099	-90.032387	0.000000	0.000000	2.058407
-49.367722	-162.295593	-93.220543	0.000000	0.000000	1.458407
-107.365669	-125.446709	-86.134842	0.000000	0.000000	1.058407
-131.210617	-76.426506	-70.839355	0.000000	0.000000	0.858407
-126.910347	-16.122181	-53.904041	0.000000	0.000000	0.658407
-87.689659	36.554230	-39.836399	0.000000	0.000000	-0.141593
79.131104	16.367559	-45.554031	0.000000	0.000000	-2.741593
103.014351	-36.581482	-62.202354	0.000000	0.000000	3.058407
90.229012	-104.867752	-78.602409	0.000000	0.000000	2.458407
32.489491	-157.014099	-90.032387	0.000000	0.000000	2.058407
-49.367722	-162.295593	-93.220543	0.000000	0.000000	1.458407
-107.365669	-125.446709	-86.134842	0.000000	0.000000	1.058407
-131.210617	-76.426506	-70.839355	0.000000	0.000000	0.858407
-126.910347	-16.122181	-53.904041	0.000000	0.000000	0.658407
-87.689659	36.554230	-39.836399	0.000000	0.000000	-0.141593
79.131104	16.367559	-45.554031	0.000000	0.000000	-2.741593
103.014351	-36.581482	-62.202354	0.000000	0.000000	3.058407
90.229012	-104.867752	-78.602409	0.000000	0.000000	2.458407
32.489491	-157.014099	-90.032387	0.000000	0.000000	2.058407
-49.367722	-162.295593	-93.220543	0.000000	0.000000	1.458407
-107.365669	-125.446709	-86.134842	0.000000	0.000000	1.058407
-131.210617	-76.426506	-70.839355	0.000000	0.000000	0.858407
-126.910347	-16.122181	-53.904041	0.000000	0.000000	0.658407
-87.689659	36.554230	-39.836399	0.000000	0.000000	-0.141593
79.131104	16.367559	-45.554031	0.000000	0.000000	-2.741593
103.014351	-36.581482	-62.202354	0.000000	0.000000	3.058407
90.229012	-104.867752	-78.602409	0.000000	0.000000	2.458407
32.489491	-157.014099	-90.032387	0.000000	0.000000	2.058407
-49.367722	-162.295593	-93.220543	0.000000	0.000000	1.458407
-107.365669	-125.446709	-86.134842	0.000000	0.000000	1.058407
-131.210617	-76.426506	-70.839355	0.000000	0.000000	0.858407
-126.910347	-16.122181	-53.904041	0.000000	0.000000	0.658407
-87.689659	36.554230	-39.836399	0.000000	0.000000	-0.141593
79.131104	16.367559	-45.554031	0.000000	0.000000	-2.741593
103.014351	-36.581482	-62.202354	0.000000	0.000000	3.058407
90.229012	-104.867752	-78.602409	0.000000	0.000000	2.458407
32.489491	-157.014099	-90.032387	0.000000	0.000000	2.058407
-49.367722	-162.295593	-93.220543	0.000000	0.000000	1.458407
-107.365669	-125.446709	-86.134842	0.000000	0.000000	1.058407
-131.210617	-76.426506	-70.839355	0.000000	0.000000	0.858407
-126.910347	-16.122181	-53.904041	0.000000	0.000000	0.658407
-87.689659	36.554230	-39.836399	0.000000	0.000000	-0.141593
79.131104	16.367559	-45.554031	0.000000	0.000000	-2.741593
103.014351	-36.581482	-62.202354	0.000000	0.000000	3.058407
90.229012	-104.867752	-78.602409	0.000000	0.000000	2.458407
32.489491	-157.014099	-90.032387	0.000000	0.000000	2.058407
-49.367722	-162.295593	-93.220543	0.000000	0.000000	1.458407
-107.365669	-125.446709	-86.134842	0.000000	0.000000	1.058407
-131.210617	-76.426506	-70.839355	0.000000	0.000000	0.858407
-126.910347	-16.122181	-53.904041	0.000000	0.000000	0.658407
-87.689659	36.554230	-39.836399	0.000000	0.000000	-0.141593
79.131104	16.367559	-45.554031	0.000000	0.000000	-2.741593
103.014351	-36.581482	-62.202354	0.000000	0.000000	3.058407
90.229012	-104.867752	-78.602409	0.000000	0.000000	2.458407
32.489491	-157.014099	-90.032387	0.000000	0.000000	2.058407
-49.367722	-162.295593	-93.220543	0.000000	0.000000	1.458407
-107.365669	-125.446709	-86.134842	0.000000	0.000000	1.058407
-131.210617	-76.426506	-70.839355	0.000000	0.000000	0.858407
-126.910347	-16.122181	-53.904041	0.000000	0.000000	0.658407
-87.689659	36.554230	-39.836399	0.000000	0.000000	-0.141593
79.131104	16.367559	-45.554031	0.000000	0.000000	-2.741593
103.014351	-36.581482	-62.202354	0.000000	0.000000	3.058407
90.229012	-104.867752	-78.602409	0.000000	0.000000	2.458407
32.489491	-157.014099	-90.032387	0.000000	0.000000	2.058407
-49.367722	-162.295593	-93.220543	0.000000	0.000000	1.458407
-107.365669	-125.446709	-86.134842	0.000000	0.000000	1.058407
-131.210617	-76.426506	-70.839355	0.000000	0.000000	0.858407
-126.910347	-16.122181	-53.904041	0.000000	0.000000	0.658407
-87.689659	36.554230	-39.836399	0.000000	0.000000	-0.141593
79.131104	16.367559	-45.554031	0.000000	0.000000	-2.741593
103.014351	-36.581482	-62.202354	0.000000	0.000000	3.058407
90.229012	-104.867752	-78.602409	0.000000	0.000000	2.458407
32.489491	-157.014099	-90.032387	0.000000	0.000000	2.058407
-49.367722	-162.295593	-93.220543	0.000000	0.000000	1.458407
-107.365669	-125.446709	-86.134842	0.000000	0.000000	1.058407
-131.210617	-76.426506	-70.839355	0.000000	0.000000	0.858407
-126.910347	-16.122181	-53.904041	0.000000	0.000000	0.658407
-87.689659	36.554230	-39.836399	0.000000	0.000000	-0.141593
79.131104	16.367559	-45.554031	0.000000	0.000000	-2.741593
103.014351	-36.581482	-62.202354	0.000000	0.000000	3.058407
90.229012	-104.867752	-78.602409	0.000000	0.000000	2.458407
32.489491	-157.014099	-90.032387	0.000000	0.000000	2.058407
-49.367722	-162.295593	-93.220543	0.000000	0.000000	1.458407
-107.365669	-125.446709	-86.134842	0.000000	0.000000	1.058407
-131.210617	-76.426506	-70.839355	0.000000	0.000000	0.858407
-126.910347	-16.122181	-53.904041	0.000000	0.000000	0.658407
-87.689659	36.554230	-39.836399	0.000000	0.000000	-0.141593
79.131104	16.367559	-45.554031	0.000000	0.000000	-2.741593
103.014351	-36.581482	-62.202354	0.000000	0.000000	3.058407
90.229012	-104.867752	-78.602409	0.000000	0.000000	2.458407
32.489491	-157.014099	-90.032387	0.000000	0.000000	2.058407
-49.367722	-162.295593	-93.220543	0.000000	0.000000	1.458407
-107.365669	-125.446709	-86.134842	0.000000	0.000000	1.058407
-131.210617	-76.426506	-70.839355	0.000000	0.000000	0.858407
-126.910347	-16.122181	-53.904041	0.000000	0.000000	0.658407
-87.689659	36.554230	-39.836399	0.000000	0.000000	-0.141593
79.131104	16.367559	-45.554031	0.000000	0.000000	-2.741593
103.014351	-36.581482	-62.202354	0.000000	0.000000	3.058407
90.229012	-104.867752	-78.602409	0.000000	0.000000	2.458407
32.489491	-157.014099	-90.032387	0.000000	0.000000	2.058407
-49.367722	-162.295593	-93.220543	0.000000	0.000000	1.458407
-107.365669	-125.446709	-86.134842	0.000000	0.000000	1.058407
-131.210617	-76.426506	-70.839355	0.000000	0.000000	0.858407
-126.910347	-16.122181	-53.904041	0.000000	0.000000	0.658407
-87.689659	36.554230	-39.836399	0.000000	0.000000	-0.141593
79.131104	16.367559	-45.554031	0.000000	0.000000	-2.741593
103.014351	-36.581482	-62.202354	0.000000	0.000000	3.058407
90.229012	-104.867752	-78.602409	0.000000	0.000000	2.458407
32.489491	-157.014099	-90.032387	0.000000	0.000000	2.058407
-49.367722	-162.295593	-93.220543	0.000000	0.000000	1.458407
-107.365669	-125.446709	-86.134842	0.000000	0.000000	1.058407
-131.210617	-76.426506	-70.839355	0.000000	0.000000	0.858407
-126.910347	-16.122181	-53.904041	0.000000	0.000000	0.658407
-87.689659	36.554230	-39.836399	0.000000	0.000000	-0.141593
79.131104	16.367559	-45.554031	0.000000	0.000000	-2.741593
103.014351	-36.581482	-62.202354	0.000000	0.000000	3.058407
90.229012	-104.867752	-78.602409	0.000000	0.000000	2.458407
32.489491	-157.014099	-90.032387	0.000000	0.000000	2.058407
-49.367722	-162.295593	-93.220543	0.000000	0.000000	1.458407
-107.365669	-125.446709	-86.134842	0.000000	0.000000	1.058407
-131.210617	-76.426506	-70.839355	0.000000	0.000000	0.858407
-126.910347	-16.122181	-53.904041	0.000000	0.000000	0.658407
-87.689659	36.554230	-39.836399	0.000000	0.000000	-0.141593
79.131104	16.367559	-45.554031	0.000000	0.000000	-2.741593
103.014351	-36.581482	-62.202354	0.000000	0.000000	3.058407
90.229012	-104.867752	-78.602409	0.000000	0.000000	2.458407
32.489491	-157.014099	-90.032387	0.000000	0.000000	2.058407
-49.367722	-162.295593	-93.220543	0.000000	0.000000	1.458407
-107.365669	-125.446709	-86.134842	0.000000	0.000000	1.058407
-131.210617	-76.426506	-70.839355	0.000000	0.000000	0.858407
-126.910347	-16.122181	-53.904041	0.000000	0.000000	0.658407
-87.689659	36.554230	-39.836399	0.000000	0.000000	-0.141593
79.131104	16.367559	-45.554031	0.000000	0.000000	-2.741593
