57.992012	144.945190	-13.040955	0	0	-0.54030229	0.84147099
58.082985	145.073624	-12.747931	0	0	-0.54030229	0.84147099
57.867786	144.818207	-13.368394	0	0	-0.99500417	0.099833397
58.127640	145.203720	-12.502261	0	0	-0.99500417	0.099833397
57.718868	144.695709	-13.716184	0	0	-0.99500417	0.099833397
58.120918	145.317795	-12.337593	0	0	-0.99500417	0.099833397
57.944969	145.453049	-12.324509	0	0	-0.99500417	0.099833397
58.047878	145.428574	-12.236873	0	0	-0.99500417	0.099833397
58.012363	145.390182	-12.165638	0	0	-0.99500417	0.099833397
57.552910	144.578033	-14.075579	0	0	-0.99500417	0.099833397
57.046894	146.511337	-12.340754	0	0	-0.98006658	0.19866933
62.180466	146.968231	-15.483072	0	0	-0.54030229	0.84147099
60.522388	145.443100	-18.704313	0	0	-0.54030229	0.84147099
64.627922	143.916733	-10.269775	0	0	-0.99500417	0.099833397
64.979004	143.792145	-9.676435	0	0	-0.54030229	0.84147099
58.256012	153.052734	-7.856873	0	0	-0.99500417	0.099833397
69.258667	147.345215	-11.888005	0	0	-0.99500417	0.099833397
61.375771	135.683075	-23.165878	0	0	-0.99500417	0.099833397
76.158836	134.456573	-14.876225	0	0	-0.92106097	0.38941839
76.259323	134.579514	-14.584163	0	0	-0.92106097	0.38941839
76.047882	134.321915	-15.205006	0	0	-0.82533563	0.56464246
76.345116	134.685852	-14.342649	0	0	-0.82533563	0.56464246
75.931015	134.180923	-15.556033	0	0	-0.82533563	0.56464246
76.404800	134.761581	-14.184690	0	0	-0.82533563	0.56464246
76.418915	134.787109	-14.190806	0	0	-0.76484218	0.64421769
76.441307	134.809128	-14.095037	0	0	-0.76484218	0.64421769
76.421082	134.761902	-14.025347	0	0	-0.76484218	0.64421769
76.642830	135.197617	-14.320398	0	0	-0.82533563	0.56464246
75.810989	134.036728	-15.920068	0	0	-0.82533563	0.56464246
77.622032	136.414566	-11.582482	0	0	-0.99500417	0.099833397
77.915535	137.883591	-17.072680	0	0	-0.54030229	0.84147099
77.702888	136.446014	-10.961843	0	0	-0.62160997	0.7833269
76.626831	136.145203	-19.894232	0	0	-0.62160997	0.7833269
78.447174	139.298126	-19.894232	0	0	-0.99500417	0.099833397
80.157722	141.052628	-12.989063	0	0	-0.99500417	0.099833397
72.613960	129.194702	-19.894232	0	0	-0.99500417	0.099833397
80.100143	140.441010	-10.063638	0	0	-0.99500417	0.099833397
33.826042	151.420441	-13.040955	0	0	-0.82533563	0.56464246
33.864243	151.563004	-12.747931	0	0	-0.82533563	0.56464246
33.785973	151.270905	-13.368394	0	0	-0.76484218	0.64421769
33.899757	151.695557	-12.502261	0	0	-0.76484218	0.64421769
33.745373	151.119385	-13.716184	0	0	-0.76484218	0.64421769
33.927826	151.800308	-12.337593	0	0	-0.76484218	0.64421769
33.949856	151.882523	-12.324509	0	0	-0.69670669	0.71735611
33.950630	151.885422	-12.236873	0	0	-0.69670669	0.71735611
33.938652	151.840714	-12.165638	0	0	-0.69670669	0.71735611
33.704838	150.968094	-14.075579	0	0	-0.69670669	0.71735611
34.154266	152.645401	-12.340754	0	0	-0.62160997	0.7833269
34.013447	152.119858	-10.269775	0	0	-0.45359611	0.89120736
34.005821	152.091385	-9.676435	0	0	-0.87758258	0.4794255
34.612377	154.355087	-15.483073	0	0	-0.69670669	0.71735611
35.180767	156.476349	-11.888005	0	0	-0.98006658	0.19866933
34.120022	152.517593	-18.704313	0	0	-0.62160997	0.7833269
35.870613	159.050888	-7.856873	0	0	-0.98006658	0.19866933
31.737181	143.624710	-23.165878	0	0	-0.69670669	0.71735611
58.029442	151.086304	-41.378784	0	0	-0.98006658	0.19866933
35.363827	157.159546	-41.378784	0	0	-0.98006658	0.19866933
97.107895	171.619431	-19.894232	0	0	-0.54030229	0.84147099
34.202023	231.862747	-46.622276	0	0	-0.45359611	0.89120736
106.762794	60.471718	-19.817335	0	0	-0.98006658	0.19866933
106.732117	60.454006	-19.817335	0	0	-0.95533648	0.29552023
106.886635	60.543217	-19.817335	0	0	-0.98006658	0.19866933
106.614639	60.386177	-19.817335	0	0	-0.95533648	0.29552023
106.947426	60.578312	-19.817335	0	0	-0.95533648	0.29552023
106.970749	60.591778	-19.817335	0	0	-0.95533648	0.29552023
106.976463	60.595078	-19.817335	0	0	-0.95533648	0.29552023
107.014008	60.616756	-19.817335	0	0	-0.95533648	0.29552023
107.020813	60.620686	-19.817335	0	0	-0.95533648	0.29552023
106.449913	60.291073	-19.817335	0	0	-0.95533648	0.29552023
106.274483	60.189789	-19.817335	0	0	-0.95533648	0.29552023
105.290001	59.621399	-19.817335	0	0	-0.92106097	0.38941839
108.876183	61.691879	-19.817335	0	-0	-1	-4.371139e-08
109.450050	62.023205	-19.817335	0	0	0.98999249	0.14112005
110.780144	62.791134	-19.817335	0	-0	-1	-4.371139e-08
111.354385	62.984119	-18.445847	0	0	-0.87758258	0.4794255
110.594055	62.400581	-17.014845	0	0	-0.76484218	0.64421769
111.590591	63.058521	-17.832405	0	0	-0.99500417	0.099833397
116.252022	65.950325	-19.817335	0	0	-0.76484218	0.64421769
95.477760	53.956299	-19.817335	0	0	0.99913515	0.041580682
-40.259926	118.618660	-13.040955	0	0	-0.62160997	0.7833269
-40.285938	118.715744	-12.747931	0	0	-0.62160997	0.7833269
-40.236500	118.531235	-13.368394	0	0	-0.62160997	0.7833269
-40.315472	118.825966	-12.502261	0	0	-0.62160997	0.7833269
-40.215851	118.454178	-13.716184	0	0	-0.62160997	0.7833269
-40.344440	118.934074	-12.337593	0	0	-0.62160997	0.7833269
-40.390041	119.104263	-12.324509	0	0	-0.62160997	0.7833269
-40.377029	119.055702	-12.236873	0	0	-0.62160997	0.7833269
-40.369812	119.028763	-12.165638	0	0	-0.62160997	0.7833269
-40.197548	118.385872	-14.075579	0	0	-0.62160997	0.7833269
-40.105206	118.041245	-11.888005	0	0	-0.45359611	0.89120736
-40.714771	120.316170	-12.340755	0	0	-0.54030229	0.84147099
-40.485115	119.459076	-15.483072	0	0	-0.62160997	0.7833269
-39.558289	116.000114	-10.269775	0	0	-0.54030229	0.84147099
-39.503624	115.796112	-9.676435	0	0	-0.62160997	0.7833269
-40.214901	118.450630	-18.704313	0	0	-0.62160997	0.7833269
-42.269127	126.117104	-7.856873	0	0	-0.45359611	0.89120736
-37.717728	109.131050	-23.165878	0	0	-0.54030229	0.84147099
-41.792698	124.339043	-41.378784	0	0	-0.26749883	0.96355818
-4.996578	233.156006	-102.108780	0	0	-0.36235775	0.93203909
-7.236576	231.862747	-105.802727	0	0	-0.36235775	0.93203909
-48.895733	38.057446	-13.040955	0	0	-0.36235775	0.93203909
-48.914459	38.076172	-12.747931	0	0	-0.36235775	0.93203909
-48.894352	38.056065	-13.368394	0	0	-0.36235775	0.93203909
-48.957184	38.118896	-12.502261	0	0	-0.36235775	0.93203909
-48.907562	38.069279	-13.716184	0	0	-0.36235775	0.93203909
-49.017578	38.179295	-12.337593	0	0	-0.36235775	0.93203909
-49.173183	38.334896	-12.324509	0	0	-0.36235775	0.93203909
-49.109493	38.271206	-12.236873	0	0	-0.36235775	0.93203909
-49.108055	38.269768	-12.165638	0	0	-0.36235775	0.93203909
-48.931702	38.093414	-14.075579	0	0	-0.36235775	0.93203909
-50.151363	39.313076	-12.340754	0	0	-0.36235775	0.93203909
-47.813030	36.974743	-15.483072	0	0	-0.36235775	0.93203909
-47.879501	37.041214	-18.704313	0	0	-0.36235775	0.93203909
-45.063545	34.225262	-10.269775	0	0	-0.45359611	0.89120736
-44.462414	33.624130	-11.888005	0	0	-0.45359611	0.89120736
-44.825718	33.987431	-9.676435	0	0	-0.36235775	0.93203909
-52.817501	41.979218	-7.856873	0	0	-0.45359611	0.89120736
-42.572796	31.734509	-23.165878	0	0	-0.36235775	0.93203909
-51.947575	41.109291	-41.378784	0	0	-0.69670669	0.71735611
-18.254667	-0.374924	-17.359425	0	0	0	1
-18.254667	-0.374924	-17.359425	0	0	0	1
-18.254667	-0.374924	-17.359425	0	0	0	1
-18.254667	-0.374924	-17.359425	0	0	0	1
-18.254667	-0.374924	-17.359425	0	0	0	1
-18.254667	-0.374924	-17.359425	0	0	0	1
-18.254667	-0.374924	-17.359425	0	0	0	1
-18.254667	-0.374924	-17.359425	0	0	0	1
-18.254667	-0.374924	-17.359425	0	0	0	1
-18.254667	-0.374924	-17.359425	0	0	0	1
-18.254667	-0.374924	-17.359425	0	0	0	1
-18.254667	-0.374924	-17.359425	0	0	0	1
-18.254667	-0.374924	-17.359425	0	0	0	1
-18.254667	-0.374924	-17.359425	0	0	0	1
-18.254667	-0.374924	-17.359425	0	0	0	1
-18.254667	-0.374924	-17.359425	0	0	0	1
-18.254667	-0.374924	-17.359425	0	0	0	1
-18.254667	-0.374924	-17.359425	0	0	0	1
-18.254667	-0.374924	-17.359425	0	0	0	1
-66.358803	216.020996	-105.802727	0	0	-0.26749883	0.96355818
-82.902840	16.947502	-33.532509	0	0	0.22720209	0.97384763
-124.968803	114.130516	-105.802727	0	0	-0.070737201	0.99749499
