-28.656172	-31.656418	236.913696	0.000000	0.000000	3.058407
-34.472080	-43.331924	240.393921	0.000000	0.000000	2.658407
-40.344967	-70.803535	241.731689	0.000000	0.000000	2.858407
-70.895210	-93.719772	241.731689	0.000000	0.000000	2.458407
-98.382370	-86.354614	241.731689	0.000000	0.000000	2.058407
-98.382370	-86.354614	241.731689	0.000000	0.000000	2.058407
-113.584175	-77.577850	240.195953	0.000000	0.000000	1.858407
-125.736938	-38.975117	236.945267	0.000000	0.000000	1.258407
-98.382370	-3.145450	234.451828	0.000000	0.000000	0.458407
-48.604092	-0.136111	233.021622	0.000000	0.000000	-1.341593
-34.664738	-7.368958	232.592087	0.000000	0.000000	-2.141593
-28.447109	-18.795792	234.029404	0.000000	0.000000	-2.741593
-28.656172	-31.656418	236.913696	0.000000	0.000000	3.058407
-34.472080	-43.331924	240.393921	0.000000	0.000000	2.658407
-40.344967	-70.803535	241.731689	0.000000	0.000000	2.858407
-70.895210	-93.719772	241.731689	0.000000	0.000000	2.458407
-98.382370	-86.354614	241.731689	0.000000	0.000000	2.058407
-98.382370	-86.354614	241.731689	0.000000	0.000000	2.058407
-113.584175	-77.577850	240.195953	0.000000	0.000000	1.858407
-125.736938	-38.975117	236.945267	0.000000	0.000000	1.258407
-98.382370	-3.145450	234.451828	0.000000	0.000000	0.458407
-48.604092	-0.136111	233.021622	0.000000	0.000000	-1.341593
-34.664738	-7.368958	232.592087	0.000000	0.000000	-2.141593
-28.447109	-18.795792	234.029404	0.000000	0.000000	-2.741593
-28.656172	-31.656418	236.913696	0.000000	0.000000	3.058407
-34.472080	-43.331924	240.393921	0.000000	0.000000	2.658407
-40.344967	-70.803535	241.731689	0.000000	0.000000	2.858407
-70.895210	-93.719772	241.731689	0.000000	0.000000	2.458407
-98.382370	-86.354614	241.731689	0.000000	0.000000	2.058407
-98.382370	-86.354614	241.731689	0.000000	0.000000	2.058407
-113.584175	-77.577850	240.195953	0.000000	0.000000	1.858407
-125.736938	-38.975117	236.945267	0.000000	0.000000	1.258407
-98.382370	-3.145450	234.451828	0.000000	0.000000	0.458407
-48.604092	-0.136111	233.021622	0.000000	0.000000	-1.341593
-34.664738	-7.368958	232.592087	0.000000	0.000000	-2.141593
-28.447109	-18.795792	234.029404	0.000000	0.000000	-2.741593
-28.656172	-31.656418	236.913696	0.000000	0.000000	3.058407
-34.472080	-43.331924	240.393921	0.000000	0.000000	2.658407
-40.344967	-70.803535	241.731689	0.000000	0.000000	2.858407
-70.895210	-93.719772	241.731689	0.000000	0.000000	2.458407
-98.382370	-86.354614	241.731689	0.000000	0.000000	2.058407
-98.382370	-86.354614	241.731689	0.000000	0.000000	2.058407
-113.584175	-77.577850	240.195953	0.000000	0.000000	1.858407
-125.736938	-38.975117	236.945267	0.000000	0.000000	1.258407
-98.382370	-3.145450	234.451828	0.000000	0.000000	0.458407
-48.604092	-0.136111	233.021622	0.000000	0.000000	-1.341593
-34.664738	-7.368958	232.592087	0.000000	0.000000	-2.141593
-28.447109	-18.795792	234.029404	0.000000	0.000000	-2.741593
-28.656172	-31.656418	236.913696	0.000000	0.000000	3.058407
-34.472080	-43.331924	240.393921	0.000000	0.000000	2.658407
-40.344967	-70.803535	241.731689	0.000000	0.000000	2.858407
-70.895210	-93.719772	241.731689	0.000000	0.000000	2.458407
-98.382370	-86.354614	241.731689	0.000000	0.000000	2.058407
-98.382370	-86.354614	241.731689	0.000000	0.000000	2.058407
-113.584175	-77.577850	240.195953	0.000000	0.000000	1.858407
-125.736938	-38.975117	236.945267	0.000000	0.000000	1.258407
-98.382370	-3.145450	234.451828	0.000000	0.000000	0.458407
-48.604092	-0.136111	233.021622	0.000000	0.000000	-1.341593
-34.664738	-7.368958	232.592087	0.000000	0.000000	-2.141593
-28.447109	-18.795792	234.029404	0.000000	0.000000	-2.741593
-28.656172	-31.656418	236.913696	0.000000	0.000000	3.058407
-34.472080	-43.331924	240.393921	0.000000	0.000000	2.658407
-40.344967	-70.803535	241.731689	0.000000	0.000000	2.858407
-70.895210	-93.719772	241.731689	0.000000	0.000000	2.458407
-98.382370	-86.354614	241.731689	0.000000	0.000000	2.058407
-98.382370	-86.354614	241.731689	0.000000	0.000000	2.058407
-113.584175	-77.577850	240.195953	0.000000	0.000000	1.858407
-125.736938	-38.975117	236.945267	0.000000	0.000000	1.258407
-98.382370	-3.145450	234.451828	0.000000	0.000000	0.458407
-48.604092	-0.136111	233.021622	0.000000	0.000000	-1.341593
-34.664738	-7.368958	232.592087	0.000000	0.000000	-2.141593
-28.447109	-18.795792	234.029404	0.000000	0.000000	-2.741593
-28.656172	-31.656418	236.913696	0.000000	0.000000	3.058407
-34.472080	-43.331924	240.393921	0.000000	0.000000	2.658407
-40.344967	-70.803535	241.731689	0.000000	0.000000	2.858407
-70.895210	-93.719772	241.731689	0.000000	0.000000	2.458407
-98.382370	-86.354614	241.731689	0.000000	0.000000	2.058407
-98.382370	-86.354614	241.731689	0.000000	0.000000	2.058407
-113.584175	-77.577850	240.195953	0.000000	0.000000	1.858407
-125.736938	-38.975117	236.945267	0.000000	0.000000	1.258407
-98.382370	-3.145450	234.451828	0.000000	0.000000	0.458407
-48.604092	-0.136111	233.021622	0.000000	0.000000	-1.341593
-34.664738	-7.368958	232.592087	0.000000	0.000000	-2.141593
-28.447109	-18.795792	234.029404	0.000000	0.000000	-2.741593
-28.656172	-31.656418	236.913696	0.000000	0.000000	3.058407
-34.472080	-43.331924	240.393921	0.000000	0.000000	2.658407
-40.344967	-70.803535	241.731689	0.000000	0.000000	2.858407
-70.895210	-93.719772	241.731689	0.000000	0.000000	2.458407
-98.382370	-86.354614	241.731689	0.000000	0.000000	2.058407
-98.382370	-86.354614	241.731689	0.000000	0.000000	2.058407
-113.584175	-77.577850	240.195953	0.000000	0.000000	1.858407
-125.736938	-38.975117	236.945267	0.000000	0.000000	1.258407
-98.382370	-3.145450	234.451828	0.000000	0.000000	0.458407
-48.604092	-0.136111	233.021622	0.000000	0.000000	-1.341593
-34.664738	-7.368958	232.592087	0.000000	0.000000	-2.141593
-28.447109	-18.795792	234.029404	0.000000	0.000000	-2.741593
-28.656172	-31.656418	236.913696	0.000000	0.000000	3.058407
-34.472080	-43.331924	240.393921	0.000000	0.000000	2.658407
-40.344967	-70.803535	241.731689	0.000000	0.000000	2.858407
-70.895210	-93.719772	241.731689	0.000000	0.000000	2.458407
-98.382370	-86.354614	241.731689	0.000000	0.000000	2.058407
-98.382370	-86.354614	241.731689	0.000000	0.000000	2.058407
-113.584175	-77.577850	240.195953	0.000000	0.000000	1.858407
-125.736938	-38.975117	236.945267	0.000000	0.000000	1.258407
-98.382370	-3.145450	234.451828	0.000000	0.000000	0.458407
-48.604092	-0.136111	233.021622	0.000000	0.000000	-1.341593
-34.664738	-7.368958	232.592087	0.000000	0.000000	-2.141593
-28.447109	-18.795792	234.029404	0.000000	0.000000	-2.741593
-28.656172	-31.656418	236.913696	0.000000	0.000000	3.058407
-34.472080	-43.331924	240.393921	0.000000	0.000000	2.658407
-40.344967	-70.803535	241.731689	0.000000	0.000000	2.858407
-70.895210	-93.719772	241.731689	0.000000	0.000000	2.458407
-98.382370	-86.354614	241.731689	0.000000	0.000000	2.058407
-98.382370	-86.354614	241.731689	0.000000	0.000000	2.058407
-113.584175	-77.577850	240.195953	0.000000	0.000000	1.858407
-125.736938	-38.975117	236.945267	0.000000	0.000000	1.258407
-98.382370	-3.145450	234.451828	0.000000	0.000000	0.458407
-48.604092	-0.136111	233.021622	0.000000	0.000000	-1.341593
-34.664738	-7.368958	232.592087	0.000000	0.000000	-2.141593
-28.447109	-18.795792	234.029404	0.000000	0.000000	-2.741593
-28.656172	-31.656418	236.913696	0.000000	0.000000	3.058407
-34.472080	-43.331924	240.393921	0.000000	0.000000	2.658407
-40.344967	-70.803535	241.731689	0.000000	0.000000	2.858407
-70.895210	-93.719772	241.731689	0.000000	0.000000	2.458407
-98.382370	-86.354614	241.731689	0.000000	0.000000	2.058407
-98.382370	-86.354614	241.731689	0.000000	0.000000	2.058407
-113.584175	-77.577850	240.195953	0.000000	0.000000	1.858407
-125.736938	-38.975117	236.945267	0.000000	0.000000	1.258407
-98.382370	-3.145450	234.451828	0.000000	0.000000	0.458407
-48.604092	-0.136111	233.021622	0.000000	0.000000	-1.341593
-34.664738	-7.368958	232.592087	0.000000	0.000000	-2.141593
-28.447109	-18.795792	234.029404	0.000000	0.000000	-2.741593
-28.656172	-31.656418	236.913696	0.000000	0.000000	3.058407
-34.472080	-43.331924	240.393921	0.000000	0.000000	2.658407
-40.344967	-70.803535	241.731689	0.000000	0.000000	2.858407
-70.895210	-93.719772	241.731689	0.000000	0.000000	2.458407
-98.382370	-86.354614	241.731689	0.000000	0.000000	2.058407
-98.382370	-86.354614	241.731689	0.000000	0.000000	2.058407
-113.584175	-77.577850	240.195953	0.000000	0.000000	1.858407
-125.736938	-38.975117	236.945267	0.000000	0.000000	1.258407
-98.382370	-3.145450	234.451828	0.000000	0.000000	0.458407
-48.604092	-0.136111	233.021622	0.000000	0.000000	-1.341593
-34.664738	-7.368958	232.592087	0.000000	0.000000	-2.141593
-28.447109	-18.795792	234.029404	0.000000	0.000000	-2.741593
-28.656172	-31.656418	236.913696	0.000000	0.000000	3.058407
-34.472080	-43.331924	240.393921	0.000000	0.000000	2.658407
-40.344967	-70.803535	241.731689	0.000000	0.000000	2.858407
-70.895210	-93.719772	241.731689	0.000000	0.000000	2.458407
-98.382370	-86.354614	241.731689	0.000000	0.000000	2.058407
-98.382370	-86.354614	241.731689	0.000000	0.000000	2.058407
-113.584175	-77.577850	240.195953	0.000000	0.000000	1.858407
-125.736938	-38.975117	236.945267	0.000000	0.000000	1.258407
-98.382370	-3.145450	234.451828	0.000000	0.000000	0.458407
-48.604092	-0.136111	233.021622	0.000000	0.000000	-1.341593
-34.664738	-7.368958	232.592087	0.000000	0.000000	-2.141593
-28.447109	-18.795792	234.029404	0.000000	0.000000	-2.741593
-28.656172	-31.656418	236.913696	0.000000	0.000000	3.058407
-34.472080	-43.331924	240.393921	0.000000	0.000000	2.658407
-40.344967	-70.803535	241.731689	0.000000	0.000000	2.858407
-70.895210	-93.719772	241.731689	0.000000	0.000000	2.458407
-98.382370	-86.354614	241.731689	0.000000	0.000000	2.058407
-98.382370	-86.354614	241.731689	0.000000	0.000000	2.058407
-113.584175	-77.577850	240.195953	0.000000	0.000000	1.858407
-125.736938	-38.975117	236.945267	0.000000	0.000000	1.258407
-98.382370	-3.145450	234.451828	0.000000	0.000000	0.458407
-48.604092	-0.136111	233.021622	0.000000	0.000000	-1.341593
-34.664738	-7.368958	232.592087	0.000000	0.000000	-2.141593
-28.447109	-18.795792	234.029404	0.000000	0.000000	-2.741593
-28.656172	-31.656418	236.913696	0.000000	0.000000	3.058407
-34.472080	-43.331924	240.393921	0.000000	0.000000	2.658407
-40.344967	-70.803535	241.731689	0.000000	0.000000	2.858407
-70.895210	-93.719772	241.731689	0.000000	0.000000	2.458407
-98.382370	-86.354614	241.731689	0.000000	0.000000	2.058407
-98.382370	-86.354614	241.731689	0.000000	0.000000	2.058407
-113.584175	-77.577850	240.195953	0.000000	0.000000	1.858407
-125.736938	-38.975117	236.945267	0.000000	0.000000	1.258407
-98.382370	-3.145450	234.451828	0.000000	0.000000	0.458407
-48.604092	-0.136111	233.021622	0.000000	0.000000	-1.341593
-34.664738	-7.368958	232.592087	0.000000	0.000000	-2.141593
-28.447109	-18.795792	234.029404	0.000000	0.000000	-2.741593
-28.656172	-31.656418	236.913696	0.000000	0.000000	3.058407
-34.472080	-43.331924	240.393921	0.000000	0.000000	2.658407
-40.344967	-70.803535	241.731689	0.000000	0.000000	2.858407
-70.895210	-93.719772	241.731689	0.000000	0.000000	2.458407
-98.382370	-86.354614	241.731689	0.000000	0.000000	2.058407
-98.382370	-86.354614	241.731689	0.000000	0.000000	2.058407
-113.584175	-77.577850	240.195953	0.000000	0.000000	1.858407
-125.736938	-38.975117	236.945267	0.000000	0.000000	1.258407
-98.382370	-3.145450	234.451828	0.000000	0.000000	0.458407
-48.604092	-0.136111	233.021622	0.000000	0.000000	-1.341593
-34.664738	-7.368958	232.592087	0.000000	0.000000	-2.141593
-28.447109	-18.795792	234.029404	0.000000	0.000000	-2.741593
-28.656172	-31.656418	236.913696	0.000000	0.000000	3.058407
-34.472080	-43.331924	240.393921	0.000000	0.000000	2.658407
-40.344967	-70.803535	241.731689	0.000000	0.000000	2.858407
-70.895210	-93.719772	241.731689	0.000000	0.000000	2.458407
-98.382370	-86.354614	241.731689	0.000000	0.000000	2.058407
-98.382370	-86.354614	241.731689	0.000000	0.000000	2.058407
-113.584175	-77.577850	240.195953	0.000000	0.000000	1.858407
-125.736938	-38.975117	236.945267	0.000000	0.000000	1.258407
-98.382370	-3.145450	234.451828	0.000000	0.000000	0.458407
-48.604092	-0.136111	233.021622	0.000000	0.000000	-1.341593
-34.664738	-7.368958	232.592087	0.000000	0.000000	-2.141593
-28.447109	-18.795792	234.029404	0.000000	0.000000	-2.741593
-28.656172	-31.656418	236.913696	0.000000	0.000000	3.058407
-34.472080	-43.331924	240.393921	0.000000	0.000000	2.658407
-40.344967	-70.803535	241.731689	0.000000	0.000000	2.858407
-70.895210	-93.719772	241.731689	0.000000	0.000000	2.458407
-98.382370	-86.354614	241.731689	0.000000	0.000000	2.058407
-98.382370	-86.354614	241.731689	0.000000	0.000000	2.058407
-113.584175	-77.577850	240.195953	0.000000	0.000000	1.858407
-125.736938	-38.975117	236.945267	0.000000	0.000000	1.258407
-98.382370	-3.145450	234.451828	0.000000	0.000000	0.458407
-48.604092	-0.136111	233.021622	0.000000	0.000000	-1.341593
-34.664738	-7.368958	232.592087	0.000000	0.000000	-2.141593
-28.447109	-18.795792	234.029404	0.000000	0.000000	-2.741593
-28.656172	-31.656418	236.913696	0.000000	0.000000	3.058407
-34.472080	-43.331924	240.393921	0.000000	0.000000	2.658407
-40.344967	-70.803535	241.731689	0.000000	0.000000	2.858407
-70.895210	-93.719772	241.731689	0.000000	0.000000	2.458407
-98.382370	-86.354614	241.731689	0.000000	0.000000	2.058407
-98.382370	-86.354614	241.731689	0.000000	0.000000	2.058407
-113.584175	-77.577850	240.195953	0.000000	0.000000	1.858407
-125.736938	-38.975117	236.945267	0.000000	0.000000	1.258407
-98.382370	-3.145450	234.451828	0.000000	0.000000	0.458407
-48.604092	-0.136111	233.021622	0.000000	0.000000	-1.341593
-34.664738	-7.368958	232.592087	0.000000	0.000000	-2.141593
-28.447109	-18.795792	234.029404	0.000000	0.000000	-2.741593
-28.656172	-31.656418	236.913696	0.000000	0.000000	3.058407
-34.472080	-43.331924	240.393921	0.000000	0.000000	2.658407
-40.344967	-70.803535	241.731689	0.000000	0.000000	2.858407
-70.895210	-93.719772	241.731689	0.000000	0.000000	2.458407
-98.382370	-86.354614	241.731689	0.000000	0.000000	2.058407
-98.382370	-86.354614	241.731689	0.000000	0.000000	2.058407
-113.584175	-77.577850	240.195953	0.000000	0.000000	1.858407
-125.736938	-38.975117	236.945267	0.000000	0.000000	1.258407
-98.382370	-3.145450	234.451828	0.000000	0.000000	0.458407
-48.604092	-0.136111	233.021622	0.000000	0.000000	-1.341593
-34.664738	-7.368958	232.592087	0.000000	0.000000	-2.141593
-28.447109	-18.795792	234.029404	0.000000	0.000000	-2.741593
