-43.780098	41.128147	84.128571	0	0	0.029199523	0.9995736
-43.842960	41.041691	84.183037	0	0	-0.76484218	0.64421769
-43.698158	41.218605	84.067940	0	0	0.029199523	0.9995736
-43.898094	40.948483	84.233627	0	0	-0.76484218	0.64421769
-43.611748	41.291195	84.000549	0	0	-0.76484218	0.64421769
-43.945503	40.851181	84.281281	0	0	-0.76484218	0.64421769
-43.445827	41.442795	83.917290	0	0	-0.76484218	0.64421769
-43.385113	41.429951	83.830528	0	0	-0.76484218	0.64421769
-43.291641	41.089020	83.591713	0	0	-0.76484218	0.64421769
-43.305504	41.633755	83.691360	0	0	-0.76484218	0.64421769
-44.009926	44.302986	83.307007	0	0	-0.76484218	0.64421769
-43.022522	44.812168	81.644135	0	0	-0.76484218	0.64421769
-39.458561	44.294189	84.810326	0	0	-0.070737201	0.99749499
-34.799084	50.785954	84.289337	0	0	-0.82533563	0.56464246
-29.514530	48.906979	84.895409	0	0	-0.36235775	0.93203909
-29.201530	49.219978	84.895409	0	0	-0.36235775	0.93203909
-30.071838	49.464287	77.845108	0	0	-0.82533563	0.56464246
-25.660877	45.053326	85.112396	0	0	-0.36235775	0.93203909
-25.308706	45.405495	85.112396	0	0	-0.36235775	0.93203909
-23.297411	42.689861	67.374954	0	0	-0.82533563	0.56464246
-20.567137	62.626286	74.953865	0	0	0	1
-17.988815	37.381264	59.760193	0	0	-0.69670669	0.71735611
-13.662221	52.325050	67.374954	0	0	-0.87758258	0.4794255
-10.615765	44.754314	59.760193	0	0	-0.69670669	0.71735611
-56.009438	-4.512366	84.128571	0	0	-0.16996714	0.98544973
-56.046474	-4.502441	84.183037	0	0	-0.070737201	0.99749499
-55.955601	-4.526791	84.067940	0	0	-0.16996714	0.98544973
-56.074612	-4.494902	84.233627	0	0	-0.070737201	0.99749499
-55.893124	-4.543531	84.000549	0	0	-0.070737201	0.99749499
-56.094521	-4.489567	84.281281	0	0	-0.070737201	0.99749499
-55.776218	-4.574856	83.917290	0	0	-0.16996714	0.98544973
-55.716362	-4.590895	83.830528	0	0	-0.16996714	0.98544973
-55.693035	-4.597146	83.691360	0	0	-0.16996714	0.98544973
-55.543919	-4.637101	83.591713	0	0	-0.16996714	0.98544973
-57.017578	-4.242235	83.307007	0	0	-0.070737201	0.99749499
-56.223614	-4.454977	81.644135	0	0	-0.16996714	0.98544973
-52.768898	-5.380665	84.810326	0	0	-0.16996714	0.98544973
-50.044487	-6.110669	84.289337	0	0	-0.16996714	0.98544973
-44.430405	-7.614958	84.895409	0	0	-0.070737201	0.99749499
-39.844730	-8.843686	85.112396	0	0	-0.16996714	0.98544973
-34.817623	-10.190696	77.845108	0	0	-0.69670669	0.71735611
-30.708302	-11.291784	67.374954	0	0	-0.26749883	0.96355818
-25.973234	-12.560542	59.760193	0	0	-0.54030229	0.84147099
-6.526441	78.156906	34.790112	0	0	-0.36235775	0.93203909
-6.520996	78.146881	34.786697	0	0	-0.36235775	0.93203909
-6.537234	78.176788	34.796883	0	0	0	1
-6.536188	78.174858	34.796223	0	0	-0.36235775	0.93203909
-6.513442	78.132965	34.781960	0	0	-0.36235775	0.93203909
-6.549997	78.200294	34.804886	0	0	-0.36235775	0.93203909
-6.495721	78.100334	34.770844	0	0	0	1
-6.564557	78.227112	34.814018	0	0	-0.36235775	0.93203909
-6.474425	78.061104	34.757488	0	0	-0.36235775	0.93203909
-6.694849	78.467087	34.895741	0	0	0	1
-6.338954	77.811600	34.672516	0	0	-0.36235775	0.93203909
-6.931255	78.902496	35.044018	0	0	0	1
-7.460357	79.876999	35.375877	0	0	0	1
-7.688661	80.297485	35.519073	0	0	-0.36235775	0.93203909
-8.387757	81.585083	35.957561	0	0	0	1
-4.441803	74.317421	33.482594	0	0	-0.070737201	0.99749499
-8.747211	82.247124	36.183014	0	0	-0.87758258	0.4794255
-2.346513	70.458321	32.168392	0	0	-0.87758258	0.4794255
2.201761	62.081310	29.315638	0	0	-0.62160997	0.7833269
-89.371368	53.601036	5.443032	0	0	0.1288445	0.99166481
-18.563856	-52.980152	84.128571	0	0	0.1288445	0.99166481
-18.644123	-53.001659	84.183037	0	0	0.1288445	0.99166481
-18.464790	-52.953606	84.067940	0	0	0.1288445	0.99166481
-18.718863	-53.021687	84.233627	0	0	0.1288445	0.99166481
-18.366018	-52.927143	84.000549	0	0	0.1288445	0.99166481
-18.787424	-53.040054	84.281281	0	0	0.1288445	0.99166481
-18.173315	-52.875507	83.917290	0	0	0.1288445	0.99166481
-18.119877	-52.861187	83.830528	0	0	0.1288445	0.99166481
-18.117901	-52.860657	83.591713	0	0	0.1288445	0.99166481
-17.994650	-52.827633	83.691360	0	0	0.1288445	0.99166481
-17.984577	-52.824936	83.307007	0	0	0.1288445	0.99166481
-16.936024	-52.543976	81.644135	0	0	0.029199523	0.9995736
-13.740295	-51.687683	84.810326	0	0	0.22720209	0.97384763
-7.770003	-50.087948	84.289337	0	0	0.029199523	0.9995736
-2.938909	-48.793461	84.895409	0	0	0.22720209	0.97384763
-0.260475	-48.075775	85.112396	0	0	0.22720209	0.97384763
14.472218	-44.128162	77.845108	0	0	-0.16996714	0.98544973
12.335732	-44.700630	67.374954	0	0	-0.070737201	0.99749499
13.285431	-44.446159	59.760193	0	0	0.50484609	0.86320938
28.288963	12.009830	1.385591	0	0	-0.070737201	0.99749499
26.526787	-60.391697	72.901421	0	0	0.32328956	0.94630009
26.495874	-60.422607	72.987366	0	0	0	1
26.561831	-60.356651	72.803993	0	0	0	1
26.466171	-60.452312	73.069939	0	0	0.32328956	0.94630009
26.597433	-60.321049	72.705017	0	0	0	1
26.437681	-60.480801	73.149147	0	0	0	1
26.653858	-60.264626	72.548149	0	0	0.32328956	0.94630009
26.683573	-60.234909	72.465538	0	0	0	1
26.726379	-60.192104	72.346527	0	0	0.32328956	0.94630009
26.752472	-60.166012	72.273994	0	0	0	1
27.064251	-59.854233	71.407204	0	0	0	1
27.101576	-59.816906	71.303429	0	0	0	1
27.693247	-59.225235	69.658508	0	0	0	1
28.396620	-58.521862	67.703041	0	0	0	1
28.583862	-58.334621	67.182480	0	0	0	1
28.637815	-58.280666	67.032486	0	0	0	1
33.744076	-53.174408	52.836403	0	0	0	1
35.560688	-51.357796	47.785980	0	0	0	1
37.271606	-49.646877	43.029404	0	0	0	1
46.553349	-58.402451	30.889793	0	0	0.32328956	0.94630009
46.553349	-58.402451	30.889793	0	0	0.41614682	0.90929743
46.553349	-58.402451	30.889793	0	0	0.32328956	0.94630009
46.553349	-58.402451	30.889793	0	0	0.32328956	0.94630009
46.553349	-58.402451	30.889793	0	0	0.32328956	0.94630009
46.553349	-58.402451	30.889793	0	0	0.32328956	0.94630009
46.553349	-58.402451	30.889793	0	0	0.32328956	0.94630009
46.553349	-58.402451	30.889793	0	0	0.32328956	0.94630009
46.553349	-58.402451	30.889793	0	0	0.1288445	0.99166481
46.553349	-58.402451	30.889793	0	0	0.32328956	0.94630009
46.553349	-58.402451	30.889793	0	0	0.32328956	0.94630009
46.553349	-58.402451	30.889793	0	0	0.029199523	0.9995736
46.553349	-58.402451	30.889793	0	0	0.41614682	0.90929743
46.553349	-58.402451	30.889793	0	0	0.32328956	0.94630009
46.553349	-58.402451	30.889793	0	0	0.32328956	0.94630009
46.553349	-58.402451	30.889793	0	0	0.32328956	0.94630009
46.553349	-58.402451	30.889793	0	0	0.32328956	0.94630009
46.553349	-58.402451	30.889793	0	0	0.32328956	0.94630009
46.553349	-58.402451	30.889793	0	0	0.32328956	0.94630009
-184.220581	-26.912037	14.710518	0	0	0.41614682	0.90929743
-184.220581	-110.682617	22.039494	0	0	0.58850112	0.8084964
18.024385	-164.873993	22.039494	0	0	0.90407214	0.42737988
-103.992355	-190.910843	22.039494	0	0	0.73739371	0.67546319
