-77.462959	-3.834506	7.794336	0	0	0.41614682	0.90929743
-77.533836	-3.859439	7.818715	0	0	-0.62160997	0.7833269
-77.394600	-3.820994	7.752669	0	0	-0.62160997	0.7833269
-77.603493	-3.887816	7.835797	0	0	0.41614682	0.90929743
-77.306190	-3.783220	7.732467	0	0	0.41614682	0.90929743
-77.213928	-3.746389	7.706263	0	0	0.41614682	0.90929743
-77.121246	-3.718378	7.663872	0	0	-0.62160997	0.7833269
-77.003777	-3.660135	7.647831	0	0	0.41614682	0.90929743
-76.879929	-3.600437	7.626581	0	0	0.41614682	0.90929743
-76.747131	-3.535996	7.602796	0	0	0.41614682	0.90929743
-76.607697	-3.472731	7.568173	0	0	-0.62160997	0.7833269
-76.435150	-3.367980	7.568895	0	0	-0.62160997	0.7833269
-76.250084	-3.263072	7.577161	0	0	0.41614682	0.90929743
-76.245750	-3.246896	7.577161	0	0	0.41614682	0.90929743
-76.092438	-3.305314	7.604030	0	0	-0.62160997	0.7833269
-76.037445	-3.100076	7.604030	0	0	-0.62160997	0.7833269
-75.916542	-3.352446	7.645981	0	0	0.41614682	0.90929743
-75.740509	-3.399613	7.778166	0	0	-0.62160997	0.7833269
-75.803864	-2.931943	7.645981	0	0	0.41614682	0.90929743
-75.411949	-3.487650	7.494498	0	0	0.32328956	0.94630009
-75.538261	-2.644809	7.778166	0	0	-0.62160997	0.7833269
-75.252991	-2.894410	7.494498	0	0	0.32328956	0.94630009
-75.038757	-3.587646	7.154180	0	0	-0.62160997	0.7833269
-74.940125	-3.219542	7.154180	0	0	-0.62160997	0.7833269
-74.587357	-3.708598	6.772635	0	0	0.32328956	0.94630009
-74.558960	-3.602600	6.772635	0	0	0.32328956	0.94630009
-74.116180	-4.090735	6.305876	0	0	0.32328956	0.94630009
-73.588669	-4.711428	5.722503	0	0	0.32328956	0.94630009
-72.981773	-5.514613	4.989337	0	0	0.32328956	0.94630009
-72.210747	-6.529655	4.025806	0	0	-0.54030229	0.84147099
-71.312233	-7.851604	2.850066	0	0	-0.54030229	0.84147099
-69.748062	-9.234482	1.031716	0	0	0.41614682	0.90929743
-66.811020	-13.464129	1.058351	0	0	0.50484609	0.86320938
-62.970486	-10.665593	5.939328	0	0	-0.070737201	0.99749499
-66.811020	-14.006360	1.105790	0	0	0.50484609	0.86320938
-66.214798	15.647882	5.826163	0	0	-0.45359611	0.89120736
-66.256317	15.673796	5.845405	0	0	-0.070737201	0.99749499
-66.171013	15.618827	5.788796	0	0	-0.070737201	0.99749499
-66.295753	15.697758	5.857199	0	0	-0.45359611	0.89120736
-66.121651	15.588977	5.775425	0	0	-0.45359611	0.89120736
-66.069237	15.556775	5.756195	0	0	-0.45359611	0.89120736
-66.013435	15.520925	5.720256	0	0	-0.070737201	0.99749499
-65.950829	15.484131	5.713816	0	0	-0.45359611	0.89120736
-65.884285	15.444576	5.702593	0	0	-0.45359611	0.89120736
-65.813156	15.402199	5.689599	0	0	-0.45359611	0.89120736
-65.737007	15.355854	5.666049	0	0	-0.070737201	0.99749499
-65.652252	15.308545	5.682133	0	0	-0.070737201	0.99749499
-65.561516	15.258740	5.707662	0	0	-0.45359611	0.89120736
-65.466820	15.208787	5.754410	0	0	-0.070737201	0.99749499
-65.361618	15.154558	5.818824	0	0	-0.45359611	0.89120736
-65.279556	15.123779	5.983127	0	0	-0.070737201	0.99749499
-64.970123	14.916040	5.695229	0	0	-0.36235775	0.93203909
-64.609940	14.672872	5.346631	0	0	-0.070737201	0.99749499
-64.175293	14.382438	4.955729	0	0	-0.36235775	0.93203909
-63.652866	14.032254	4.475033	0	0	-0.45359611	0.89120736
-63.014832	13.602997	3.872321	0	0	-0.45359611	0.89120736
-62.245186	13.081699	3.110678	0	0	-0.45359611	0.89120736
-56.309849	-13.244998	3.563043	0	0	-0.45359611	0.89120736
-61.271095	12.418379	2.111614	0	0	-0.070737201	0.99749499
-60.078468	11.605840	0.884413	0	0	-0.16996714	0.98544973
-58.387058	10.443358	-0.956202	0	0	-0.45359611	0.89120736
-54.444580	-11.968428	18.154303	0	0	-0.62160997	0.7833269
-52.169834	-12.987734	6.503585	0	0	-0.16996714	0.98544973
-52.215317	-13.213412	3.924066	0	0	-0.54030229	0.84147099
-54.124893	7.966655	-1.113994	0	0	-0.45359611	0.89120736
-52.462971	7.533954	4.100752	0	0	-0.36235775	0.93203909
-56.431892	-13.840368	-7.484363	0	0	-0.54030229	0.84147099
-70.114006	-31.261177	7.794336	0	0	0.029199523	0.9995736
-70.186363	-31.280565	7.818715	0	0	0.22720209	0.97384763
-70.046844	-31.243181	7.752669	0	0	0.22720209	0.97384763
-70.258453	-31.299879	7.835797	0	0	0.029199523	0.9995736
-69.954918	-31.218550	7.732467	0	0	0.029199523	0.9995736
-69.859627	-31.193014	7.706263	0	0	0.029199523	0.9995736
-69.766151	-31.167969	7.663872	0	0	0.22720209	0.97384763
-69.641991	-31.134699	7.647831	0	0	0.029199523	0.9995736
-69.511513	-31.099739	7.626581	0	0	0.029199523	0.9995736
-69.371498	-31.062222	7.602796	0	0	0.029199523	0.9995736
-69.225594	-31.023127	7.568173	0	0	0.22720209	0.97384763
-69.038414	-30.972971	7.568895	0	0	0.22720209	0.97384763
-68.831436	-30.917513	7.577161	0	0	0.029199523	0.9995736
-68.600372	-30.855600	7.604030	0	0	0.22720209	0.97384763
-68.340408	-30.785942	7.645981	0	0	0.1288445	0.99166481
-68.020813	-30.700306	7.778166	0	0	0.22720209	0.97384763
-67.817055	-30.645710	7.494498	0	0	0.1288445	0.99166481
-67.606430	-30.589273	7.154180	0	0	0.22720209	0.97384763
-67.346558	-30.519640	6.772635	0	0	0.1288445	0.99166481
-67.055473	-30.441645	6.305876	0	0	0.1288445	0.99166481
-66.718475	-30.351347	5.722503	0	0	0.1288445	0.99166481
-66.353027	-30.253426	4.989337	0	0	0.1288445	0.99166481
-65.887413	-30.128664	4.025806	0	0	0.22720209	0.97384763
-65.379570	-29.992588	2.850066	0	0	0.22720209	0.97384763
-64.265907	-29.694181	1.031716	0	0	0.029199523	0.9995736
-62.718575	-29.279575	1.105790	0	0	-0.16996714	0.98544973
-53.110752	14.089674	7.878603	0	0	-0.54030229	0.84147099
-58.300114	-28.095654	5.939328	0	0	0.22720209	0.97384763
-46.423397	-13.250268	3.502803	0	0	-0.16996714	0.98544973
-46.423397	-15.050294	3.660285	0	0	-0.16996714	0.98544973
-51.414516	-14.517378	-10.980333	0	0	-0.070737201	0.99749499
-49.166775	-14.269616	-8.148396	0	0	-0.16996714	0.98544973
-44.078953	-13.002810	6.331272	0	0	0.41614682	0.90929743
-49.088211	10.067132	23.529160	0	0	-0.62160997	0.7833269
-55.209946	-31.263260	8.031219	0	0	0.32328956	0.94630009
-56.894402	-32.518211	5.235528	0	0	0.66627604	0.74570519
-46.765083	2.903034	-9.175835	0	0	-0.070737201	0.99749499
-54.481129	-31.104631	5.436228	0	0	0.73739371	0.67546319
-42.703457	-12.251864	6.528921	0	0	0.41614682	0.90929743
-42.370197	-11.008127	6.528921	0	0	0.41614682	0.90929743
-58.914616	-32.211159	19.820522	0	0	-0.36235775	0.93203909
-56.309849	-33.530685	5.337811	0	0	0.73739371	0.67546319
-52.993217	-26.673676	-7.484363	0	0	-0.36235775	0.93203909
-43.033600	-13.661425	-1.196738	0	0	-0.54030229	0.84147099
-44.078953	-22.623991	7.173016	0	0	0.50484609	0.86320938
-42.689274	-14.075922	-5.934469	0	0	-0.070737201	0.99749499
-43.663673	-24.173830	7.173016	0	0	0.41614682	0.90929743
-43.957645	-24.252602	3.660285	0	0	0.029199523	0.9995736
-38.235962	-0.869239	2.227669	0	0	-0.26749883	0.96355818
-43.033600	-22.428236	-0.429742	0	0	0.58850112	0.8084964
-39.288303	-13.166952	15.907944	0	0	0.41614682	0.90929743
-52.215317	-35.029133	5.832694	0	0	0.73739371	0.67546319
-38.213730	-12.783924	8.833137	0	0	0.41614682	0.90929743
-37.655293	-1.220044	2.073686	0	0	-0.26749883	0.96355818
-38.279232	-9.401053	15.907944	0	0	0.32328956	0.94630009
-49.239914	-29.318146	-6.833535	0	0	0.1288445	0.99166481
-36.800846	-1.361725	5.554410	0	0	-0.82533563	0.56464246
-49.166775	-29.444826	-6.820737	0	0	0.1288445	0.99166481
-42.639408	-23.899380	-0.429742	0	0	0.58850112	0.8084964
-52.398800	-31.413847	-9.525158	0	0	0.029199523	0.9995736
-52.169834	-36.528889	8.563169	0	0	0.66627604	0.74570519
-40.402855	-22.552217	9.636434	0	0	0.50484609	0.86320938
-42.689274	-23.486618	-5.111140	0	0	-0.16996714	0.98544973
-42.582741	-23.884195	-5.111140	0	0	-0.16996714	0.98544973
-39.101768	-13.216934	23.529160	0	0	-0.070737201	0.99749499
-40.302700	-23.396048	0.711234	0	0	0.50484609	0.86320938
-51.414516	-33.118679	-9.352930	0	0	0.029199523	0.9995736
-39.165417	-22.968527	6.528921	0	0	0.58850112	0.8084964
-37.320114	-13.853797	-3.395566	0	0	-0.62160997	0.7833269
-35.067833	-1.411052	14.970344	0	0	0	1
-34.300388	-2.687325	6.722847	0	0	0	1
-35.200397	-1.190598	16.394955	0	0	0	1
-34.144936	-2.945843	5.052265	0	0	0	1
-34.144154	-2.947148	5.043828	0	0	0	1
-46.214878	23.018745	21.870142	0	0	0	1
-35.185577	-14.266274	6.358593	0	0	0	1
-36.488552	-11.189645	21.049770	0	0	0	1
-35.491226	-0.706944	19.520409	0	0	0	1
-33.919395	-3.320925	2.628422	0	0	0	1
-36.706844	-13.858651	21.101042	0	0	0	1
-39.554398	-23.437492	-3.975604	0	0	0.1288445	0.99166481
-54.444580	-39.953487	20.602678	0	0	-0.26749883	0.96355818
-34.448479	-13.565913	-0.105035	0	0	0	1
-37.949810	-22.378632	-2.664501	0	0	-0.36235775	0.93203909
-33.453789	-4.095234	-2.375294	0	0	0	1
-38.213730	-26.343891	10.019480	0	0	0.50484609	0.86320938
-33.401123	-4.182819	-2.941284	0	0	0	1
-36.813175	-22.338245	15.692501	0	0	0	1
-37.353458	-13.685392	27.367290	0	0	0	1
-37.320114	-23.469296	-2.554319	0	0	-0.36235775	0.93203909
-36.167252	1.013096	27.236328	0	0	0	1
-36.612465	-2.408611	28.871014	0	0	0	1
-37.345112	-22.480778	20.631689	0	0	0	1
-37.365990	-22.486372	20.825571	0	0	0	1
-33.199909	-4.517440	-5.103664	0	0	0	1
-34.568039	-4.159073	-9.375185	0	0	-0.45359611	0.89120736
-35.258125	-21.921572	1.253365	0	0	0	1
-33.929855	-14.026947	-5.374682	0	0	0	1
-33.014282	-4.826137	-7.098513	0	0	0	1
-37.817146	-22.607258	25.014690	0	0	0	1
-34.789299	-4.322959	-12.261966	0	0	-0.36235775	0.93203909
-32.838402	-5.118633	-8.988672	0	0	0	1
-51.303520	-4.734691	-32.703953	0	0	0.1288445	0.99166481
-43.578636	0.898784	-27.614607	0	0	0.029199523	0.9995736
-37.814468	-32.497581	1.187958	0	0	0	1
-45.154961	-42.302292	4.460524	0	0	0.32328956	0.94630009
-45.180977	-42.328308	4.508593	0	0	0.32328956	0.94630009
-45.125614	-42.272945	4.406307	0	0	0.32328956	0.94630009
-45.204914	-42.352245	4.552823	0	0	0.32328956	0.94630009
-45.095413	-42.242744	4.350504	0	0	0	1
-45.062626	-42.209957	4.289922	0	0	0.32328956	0.94630009
-45.025867	-42.173199	4.222003	0	0	0.32328956	0.94630009
-44.987934	-42.135265	4.151919	0	0	0.32328956	0.94630009
-44.946781	-42.094112	4.075878	0	0	0.32328956	0.94630009
-44.902229	-42.049561	3.993564	0	0	0.32328956	0.94630009
-44.852974	-42.000305	3.902554	0	0	0.32328956	0.94630009
-44.801998	-41.949329	3.808372	0	0	0.32328956	0.94630009
-44.747471	-41.894802	3.707623	0	0	0	1
-45.583950	-42.731281	5.253161	0	0	0.80114363	0.59847213
-44.691048	-41.838379	3.603366	0	0	0.32328956	0.94630009
-44.631165	-41.778496	3.492722	0	0	0.32328956	0.94630009
-44.574181	-41.721512	3.387434	0	0	0.32328956	0.94630009
-44.470779	-41.618111	3.196386	0	0	0.32328956	0.94630009
-44.356899	-41.504230	2.985976	0	0	0.32328956	0.94630009
-44.227036	-41.374367	2.746026	0	0	0.32328956	0.94630009
-44.076115	-41.223446	2.467176	0	0	0.32328956	0.94630009
-43.894230	-41.041561	2.131115	0	0	0.32328956	0.94630009
-43.680271	-40.827602	1.735787	0	0	0.32328956	0.94630009
-46.346600	-43.493931	5.337811	0	0	-0.16996714	0.98544973
-46.784439	-43.931770	7.471261	0	0	0.50484609	0.86320938
-43.396503	-40.543835	1.211483	0	0	0	1
-43.106739	-40.254070	0.676087	0	0	0.41614682	0.90929743
-43.073456	-40.220787	0.614596	0	0	0.32328956	0.94630009
-42.822342	-39.969673	0.150618	0	0	0.41614682	0.90929743
-42.783592	-39.930923	0.079019	0	0	0.32328956	0.94630009
-42.549950	-39.697281	-0.352674	0	0	0.80114363	0.59847213
-42.419399	-39.566730	-0.593889	0	0	0.32328956	0.94630009
-42.247154	-39.394485	-0.912140	0	0	-0.070737201	0.99749499
-54.461433	-11.831397	-36.821873	0	0	0.1288445	0.99166481
-41.714558	-38.861889	-1.896198	0	0	0.80114363	0.59847213
-40.871189	-38.018520	-3.454465	0	0	0	1
-40.874985	-38.168968	-4.059855	0	0	0.22720209	0.97384763
-40.082417	-37.229748	-4.911853	0	0	0	1
-39.566139	-36.713470	-5.865767	0	0	0.80114363	0.59847213
-39.423210	-36.570541	-6.129851	0	0	-0.070737201	0.99749499
-53.878944	42.450039	3.083662	0	0	-0.62160997	0.7833269
-40.732136	-37.879467	-6.820737	0	0	0.41614682	0.90929743
-51.946053	-49.093384	17.008219	0	0	-0.16996714	0.98544973
-43.692932	-40.840263	-9.352930	0	0	0.22720209	0.97384763
-37.957420	-35.104752	-8.838149	0	0	0.1288445	0.99166481
-37.904118	-35.051449	-8.936629	0	0	0	1
-37.835083	-34.982414	-9.064188	0	0	0.80114363	0.59847213
-32.427490	1.199774	-22.917526	0	0	-0.16996714	0.98544973
-34.528160	-31.675491	-15.174286	0	0	0	1
-34.220207	-31.367538	-15.743282	0	0	0	1
-53.167137	-26.720276	-37.781563	0	0	0.32328956	0.94630009
-41.284260	-38.431591	-35.926258	0	0	0.41614682	0.90929743
-68.085709	76.542641	-21.040329	0	0	-0.82533563	0.56464246
-68.085709	76.542641	-21.040329	0	0	-0.76484218	0.64421769
-68.085709	76.542641	-21.040329	0	0	-0.070737201	0.99749499
-87.255623	109.745903	-21.040329	0	0	-0.070737201	0.99749499
-137.255341	-134.402664	-62.661816	0	0	0.73739371	0.67546319
-217.040665	100.283104	-18.367641	0	0	0.1288445	0.99166481
-251.762589	-79.933769	-62.661816	0	0	0.50484609	0.86320938
-273.738159	18.158297	-39.699848	0	0	0.32328956	0.94630009
-273.738159	2.080155	-62.661816	0	0	0.32328956	0.94630009
