17.062859	-21.243153	257.682404	0	-0	-1	-4.371139e-08
17.083815	-21.392340	257.774536	0	-0	-1	-4.371139e-08
17.103527	-21.541790	257.866730	0	-0	-1	-4.371139e-08
17.121992	-21.691488	257.958954	0	-0	-1	-4.371139e-08
17.139206	-21.841423	258.051270	0	-0	-1	-4.371139e-08
17.155165	-21.991587	258.143616	0	-0	-1	-4.371139e-08
17.169868	-22.141962	258.235992	0	-0	-1	-4.371139e-08
17.183311	-22.292543	258.328430	0	-0	-1	-4.371139e-08
17.195494	-22.443316	258.420898	0	-0	-1	-4.371139e-08
17.206409	-22.594265	258.513397	0	-0	-1	-4.371139e-08
17.216059	-22.745380	258.605927	0	-0	-1	-4.371139e-08
17.224438	-22.896652	258.698486	0	-0	-1	-4.371139e-08
17.231546	-23.048067	258.791077	0	-0	-1	-4.371139e-08
17.237381	-23.199612	258.883667	0	0	0.99913515	0.041580682
17.241941	-23.351274	258.976288	0	0	0.99913515	0.041580682
17.245224	-23.503048	259.068909	0	0	0.99913515	0.041580682
17.247227	-23.654913	259.161530	0	0	0.99913515	0.041580682
17.247950	-23.806862	259.254181	0	0	0.99913515	0.041580682
17.247391	-23.958879	259.346832	0	0	0.99913515	0.041580682
17.245548	-24.110956	259.439453	0	0	0.99913515	0.041580682
17.242422	-24.263079	259.532074	0	0	0.99913515	0.041580682
17.238012	-24.415236	259.624695	0	0	0.99913515	0.041580682
17.232315	-24.567413	259.717316	0	0	0.99913515	0.041580682
17.225330	-24.719601	259.809906	0	0	0.99913515	0.041580682
17.217060	-24.871788	259.902466	0	0	0.99913515	0.041580682
17.207500	-25.023956	259.994995	0	0	0.99913515	0.041580682
17.196653	-25.176098	260.087494	0	0	0.99913515	0.041580682
17.184517	-25.328199	260.179993	0	0	0.99913515	0.041580682
17.171093	-25.480251	260.272430	0	0	0.99913515	0.041580682
17.156380	-25.632238	260.364838	0	0	0	1
17.140381	-25.784145	260.457184	0	0	0	1
17.123091	-25.935966	260.549500	0	0	0	1
17.104515	-26.087687	260.641754	0	0	0	1
17.814600	-26.395248	260.668671	0	0	0.99913515	0.041580682
18.821085	-26.777847	260.668671	0	0	0.99913515	0.041580682
19.822678	-27.173063	260.668671	0	0	0.99913515	0.041580682
20.819229	-27.580835	260.668671	0	0	0.99913515	0.041580682
21.810574	-28.001095	260.668671	0	0	0.99913515	0.041580682
22.796560	-28.433779	260.668671	0	0	0.99913515	0.041580682
23.777035	-28.878824	260.668671	0	0	0.99913515	0.041580682
24.751835	-29.336149	260.668671	0	0	0.99913515	0.041580682
25.720812	-29.805687	260.668671	0	0	0.99913515	0.041580682
26.683815	-30.287369	260.668671	0	0	0.99913515	0.041580682
27.640692	-30.781111	260.668671	0	0	0.99913515	0.041580682
28.591282	-31.286837	260.668671	0	0	0.99913515	0.041580682
29.535444	-31.804470	260.668671	0	0	0.99913515	0.041580682
30.473030	-32.333927	260.668671	0	0	0.99913515	0.041580682
31.403885	-32.875122	260.668671	0	0	0.99913515	0.041580682
32.327869	-33.427975	260.668671	0	0	0.99913515	0.041580682
33.244835	-33.992390	260.668671	0	0	0.99913515	0.041580682
34.154629	-34.568287	260.668671	0	0	0.99913515	0.041580682
35.057121	-35.155571	260.668671	0	0	0.99913515	0.041580682
35.952156	-35.754147	260.668671	0	0	0.99913515	0.041580682
36.839600	-36.363926	260.668671	0	0	0.99913515	0.041580682
37.719311	-36.984806	260.668671	0	0	0.99913515	0.041580682
38.591156	-37.616692	260.668671	0	0	0.99913515	0.041580682
39.454987	-38.259480	260.668671	0	0	0.99913515	0.041580682
40.310677	-38.913078	260.668671	0	0	0.99913515	0.041580682
41.158081	-39.577374	260.668671	0	0	0.99913515	0.041580682
41.997074	-40.252270	260.668671	0	0	0.99913515	0.041580682
42.827518	-40.937653	260.668671	0	0	0.99913515	0.041580682
43.649284	-41.633415	260.668671	0	0	0.99913515	0.041580682
44.462242	-42.339451	260.668671	0	0	0.99913515	0.041580682
45.266266	-43.055645	260.668671	0	0	0.99913515	0.041580682
46.061226	-43.781887	260.668671	0	0	0.99913515	0.041580682
46.846992	-44.518059	260.668671	0	0	0.99913515	0.041580682
47.623451	-45.264050	260.668671	0	0	0.99913515	0.041580682
48.390472	-46.019741	260.668671	0	0	0.99913515	0.041580682
49.147938	-46.785007	260.668671	0	0	0.99913515	0.041580682
49.895725	-47.559731	260.668671	0	0	0.99913515	0.041580682
50.633724	-48.343792	260.668671	0	0	0.99913515	0.041580682
51.361809	-49.137062	260.668671	0	0	0.99913515	0.041580682
52.079865	-49.939423	260.668671	0	0	0.99913515	0.041580682
52.787785	-50.750740	260.668671	0	0	0.99913515	0.041580682
53.485451	-51.570889	260.668671	0	0	0.99913515	0.041580682
54.172760	-52.399742	260.668671	0	0	0.99913515	0.041580682
54.849602	-53.237167	260.668671	0	0	0.99913515	0.041580682
55.515862	-54.083031	260.668671	0	0	0.99913515	0.041580682
56.171440	-54.937199	260.668671	0	0	0.99913515	0.041580682
56.816235	-55.799534	260.668671	0	0	0.99913515	0.041580682
57.450138	-56.669910	260.668671	0	0	0.99913515	0.041580682
58.073059	-57.548180	260.668671	0	0	0.99913515	0.041580682
58.684895	-58.434204	260.668671	0	0	0.99913515	0.041580682
59.285549	-59.327854	260.668671	0	0	0.99913515	0.041580682
59.874920	-60.228973	260.668671	0	0	0.99913515	0.041580682
60.452927	-61.137436	260.668671	0	0	0.99913515	0.041580682
61.019470	-62.053089	260.668671	0	0	0.99913515	0.041580682
61.574463	-62.975784	260.668671	0	0	0.99913515	0.041580682
62.117817	-63.905384	260.668671	0	0	0.99913515	0.041580682
62.649445	-64.841736	260.668671	0	0	0.99913515	0.041580682
63.169273	-65.784698	260.668671	0	0	0.99913515	0.041580682
63.677200	-66.734116	260.668671	0	0	0.99913515	0.041580682
64.173157	-67.689835	260.668671	0	0	0.99913515	0.041580682
64.657074	-68.651726	260.668671	0	0	0.99913515	0.041580682
65.128860	-69.619606	260.668671	0	0	0.99913515	0.041580682
65.588448	-70.593353	260.668671	0	0	0.99913515	0.041580682
66.035767	-71.572784	260.668671	0	0	0.99913515	0.041580682
66.470734	-72.557755	260.668671	0	0	0.99913515	0.041580682
66.893295	-73.548134	260.668671	0	0	0.99913515	0.041580682
67.303375	-74.543739	260.668671	0	0	0.99913515	0.041580682
67.700912	-75.544411	260.668671	0	0	0.99913515	0.041580682
68.085846	-76.549995	260.668671	0	0	0.99913515	0.041580682
68.458115	-77.560356	260.668671	0	0	0.99913515	0.041580682
68.817657	-78.575302	260.668671	0	0	0.99913515	0.041580682
69.164413	-79.594688	260.668671	0	0	0.99913515	0.041580682
69.498337	-80.618347	260.668671	0	0	0.99913515	0.041580682
69.819366	-81.646126	260.668671	0	0	0.99913515	0.041580682
70.127457	-82.677849	260.668671	0	0	0.99913515	0.041580682
70.422562	-83.713371	260.668671	0	0	0.99913515	0.041580682
70.704628	-84.752525	260.668671	0	0	0.99913515	0.041580682
70.973610	-85.795128	260.668671	0	0	0.99913515	0.041580682
71.229477	-86.841034	260.668671	0	0	0.99913515	0.041580682
71.472176	-87.890076	260.668671	0	0	0.99913515	0.041580682
71.701675	-88.942078	260.668671	0	0	0.99913515	0.041580682
71.917938	-89.996887	260.668671	0	0	0.99913515	0.041580682
72.120926	-91.054321	260.668671	0	0	0.99913515	0.041580682
72.310608	-92.114243	260.668671	0	0	0.99913515	0.041580682
72.486961	-93.176445	260.668671	0	0	0.99913515	0.041580682
72.649948	-94.240791	260.668671	0	0	0.99913515	0.041580682
72.799553	-95.307098	260.668671	0	0	0.99913515	0.041580682
72.935745	-96.375198	260.668671	0	0	0.99913515	0.041580682
73.058502	-97.444923	260.668671	0	0	0.99913515	0.041580682
73.167809	-98.516106	260.668671	0	0	0.99913515	0.041580682
73.263649	-99.588585	260.668671	0	0	0.99913515	0.041580682
73.346001	-100.662178	260.668671	0	0	0.99913515	0.041580682
73.414856	-101.736725	260.668671	0	0	0.99913515	0.041580682
73.470207	-102.812050	260.668671	0	0	0.99913515	0.041580682
73.512039	-103.887985	260.668671	0	0	0.99913515	0.041580682
73.540344	-104.964355	260.668671	0	0	0.99913515	0.041580682
73.555122	-106.041008	260.668671	0	0	0.99913515	0.041580682
73.556374	-107.117752	260.668671	0	0	0.99913515	0.041580682
73.544090	-108.194435	260.668671	0	0	0.99913515	0.041580682
73.518280	-109.270874	260.668671	0	0	0.99913515	0.041580682
73.478951	-110.346901	260.668671	0	0	0.99913515	0.041580682
73.426094	-111.422363	260.668671	0	0	0.99913515	0.041580682
73.359734	-112.497055	260.668671	0	0	0.99913515	0.041580682
73.279869	-113.570839	260.668671	0	0	0.99913515	0.041580682
73.186516	-114.643532	260.668671	0	0	0.99913515	0.041580682
73.079697	-115.714966	260.668671	0	0	0.99913515	0.041580682
72.959419	-116.784981	260.668671	0	0	0.99913515	0.041580682
72.825706	-117.853394	260.668671	0	0	0.99913515	0.041580682
72.678581	-118.920044	260.668671	0	0	0.99913515	0.041580682
72.518059	-119.984764	260.668671	0	0	0.99913515	0.041580682
72.344170	-121.047371	260.668671	0	0	0.99913515	0.041580682
72.156944	-122.107719	260.668671	0	0	0.99913515	0.041580682
71.956413	-123.165619	260.668671	0	0	0.99913515	0.041580682
71.742599	-124.220932	260.668671	0	0	0.99913515	0.041580682
71.515541	-125.273468	260.668671	0	0	0.99913515	0.041580682
71.275276	-126.323074	260.668671	0	0	0.99913515	0.041580682
71.021835	-127.369568	260.668671	0	0	0.99913515	0.041580682
70.755272	-128.412796	260.668671	0	0	0.99913515	0.041580682
70.475616	-129.452591	260.668671	0	0	0.99913515	0.041580682
70.182915	-130.488800	260.668671	0	0	0.99913515	0.041580682
69.877220	-131.521240	260.668671	0	0	0.99913515	0.041580682
69.558578	-132.549759	260.668671	0	0	0.99913515	0.041580682
69.227028	-133.574188	260.668671	0	0	0.99913515	0.041580682
68.882637	-134.594376	260.668671	0	0	0.99913515	0.041580682
68.525452	-135.610168	260.668671	0	0	0.99913515	0.041580682
68.155533	-136.621368	260.668671	0	0	0.99913515	0.041580682
67.772934	-137.627853	260.668671	0	0	0.99913515	0.041580682
67.377716	-138.629456	260.668671	0	0	0.99913515	0.041580682
66.969948	-139.625992	260.668671	0	0	0.99913515	0.041580682
66.549683	-140.617340	260.668671	0	0	0.99913515	0.041580682
66.116997	-141.603333	260.668671	0	0	0.99913515	0.041580682
65.671959	-142.583801	260.668671	0	0	0.99913515	0.041580682
65.214630	-143.558609	260.668671	0	0	0.99913515	0.041580682
64.745087	-144.527588	260.668671	0	0	0.99913515	0.041580682
64.263412	-145.490585	260.668671	0	0	0.99913515	0.041580682
63.769669	-146.447464	260.668671	0	0	0.99913515	0.041580682
63.263943	-147.398056	260.668671	0	0	0.99913515	0.041580682
62.746307	-148.342224	260.668671	0	0	0.99913515	0.041580682
62.216854	-149.279800	260.668671	0	0	0.99913515	0.041580682
61.675655	-150.210663	260.668671	0	0	0.99913515	0.041580682
61.122807	-151.134644	260.668671	0	0	0.99913515	0.041580682
60.558388	-152.051605	260.668671	0	0	0.99913515	0.041580682
59.982491	-152.961395	260.668671	0	0	0.99913515	0.041580682
59.395206	-153.863892	260.668671	0	0	0.99913515	0.041580682
58.796631	-154.758926	260.668671	0	0	0.99913515	0.041580682
58.186855	-155.646378	260.668671	0	0	0.99913515	0.041580682
57.565975	-156.526077	260.668671	0	0	0.99913515	0.041580682
56.934086	-157.397934	260.668671	0	0	0.99913515	0.041580682
56.291298	-158.261765	260.668671	0	0	0.99913515	0.041580682
55.637703	-159.117447	260.668671	0	0	0.99913515	0.041580682
54.973404	-159.964859	260.668671	0	0	0.99913515	0.041580682
54.298512	-160.803848	260.668671	0	0	0.99913515	0.041580682
53.613129	-161.634293	260.668671	0	0	0.99913515	0.041580682
52.917366	-162.456055	260.668671	0	0	0.99913515	0.041580682
52.211330	-163.269012	260.668671	0	0	0.99913515	0.041580682
51.495136	-164.073029	260.668671	0	0	0.99913515	0.041580682
50.768894	-164.867996	260.668671	0	0	0.99913515	0.041580682
50.032719	-165.653763	260.668671	0	0	0.99913515	0.041580682
49.286728	-166.430222	260.668671	0	0	0.99913515	0.041580682
48.531040	-167.197250	260.668671	0	0	0.99913515	0.041580682
47.765770	-167.954712	260.668671	0	0	0.99913515	0.041580682
46.991051	-168.702499	260.668671	0	0	0.99913515	0.041580682
46.206985	-169.440491	260.668671	0	0	0.99913515	0.041580682
45.413715	-170.168579	260.668671	0	0	0.99913515	0.041580682
44.611359	-170.886642	260.668671	0	0	0.99913515	0.041580682
43.800041	-171.594559	260.668671	0	0	0.99913515	0.041580682
42.979889	-172.292221	260.668671	0	0	0.99913515	0.041580682
42.151039	-172.979538	260.668671	0	0	0.99913515	0.041580682
41.313614	-173.656372	260.668671	0	0	0.99913515	0.041580682
40.467751	-174.322632	260.668671	0	0	0.99913515	0.041580682
39.613583	-174.978210	260.668671	0	0	0.99913515	0.041580682
38.751244	-175.623001	260.668671	0	0	0.99913515	0.041580682
37.880867	-176.256912	260.668671	0	0	0.99913515	0.041580682
37.002602	-176.879837	260.668671	0	0	0.99913515	0.041580682
36.116570	-177.491669	260.668671	0	0	0.99913515	0.041580682
35.222923	-178.092316	260.668671	0	0	0.99913515	0.041580682
34.321800	-178.681686	260.668671	0	0	0.99913515	0.041580682
33.413342	-179.259689	260.668671	0	0	0.99913515	0.041580682
32.497688	-179.826248	260.668671	0	0	0.99913515	0.041580682
31.574993	-180.381241	260.668671	0	0	0.99913515	0.041580682
30.645397	-180.924591	260.668671	0	0	0.99913515	0.041580682
29.709042	-181.456223	260.668671	0	0	0.99913515	0.041580682
28.766083	-181.976044	260.668671	0	0	0.99913515	0.041580682
27.816664	-182.483978	260.668671	0	0	0.99913515	0.041580682
26.860939	-182.979935	260.668671	0	0	0.99913515	0.041580682
25.899057	-183.463837	260.668671	0	0	0.99913515	0.041580682
24.931171	-183.935638	260.668671	0	0	0.99913515	0.041580682
23.957434	-184.395218	260.668671	0	0	0.99913515	0.041580682
22.977997	-184.842529	260.668671	0	0	0.99913515	0.041580682
21.993015	-185.277512	260.668671	0	0	0.99913515	0.041580682
21.002647	-185.700058	260.668671	0	0	0.99913515	0.041580682
20.007044	-186.110153	260.668671	0	0	0.99913515	0.041580682
19.006371	-186.507690	260.668671	0	0	0.99913515	0.041580682
18.000780	-186.892624	260.668671	0	0	0.99913515	0.041580682
16.990431	-187.264877	260.668671	0	0	0.99913515	0.041580682
15.975483	-187.624420	260.668671	0	0	0.99913515	0.041580682
14.956096	-187.971176	260.668671	0	0	0.99913515	0.041580682
13.932436	-188.305099	260.668671	0	0	0.99913515	0.041580682
12.904658	-188.626129	260.668671	0	0	0.99913515	0.041580682
11.872927	-188.934235	260.668671	0	0	0.99913515	0.041580682
10.837408	-189.229324	260.668671	0	0	0.99913515	0.041580682
9.798260	-189.511398	260.668671	0	0	0.99913515	0.041580682
8.755651	-189.780380	260.668671	0	0	0.98999249	0.14112005
7.709743	-190.036240	260.668671	0	0	0.98999249	0.14112005
6.660705	-190.278946	260.668671	0	0	0.98999249	0.14112005
5.608698	-190.508438	260.668671	0	0	0.98999249	0.14112005
4.553891	-190.724701	260.668671	0	0	0.98999249	0.14112005
3.496449	-190.927689	260.668671	0	0	0.98999249	0.14112005
2.436540	-191.117386	260.668671	0	0	0.98999249	0.14112005
1.374332	-191.293732	260.668671	0	0	0.98999249	0.14112005
0.309991	-191.456726	260.668671	0	0	0.98999249	0.14112005
-0.756315	-191.606323	260.668671	0	0	0.98999249	0.14112005
-1.824416	-191.742508	260.668671	0	0	0.98999249	0.14112005
-2.894143	-191.865280	260.668671	0	0	0.98999249	0.14112005
-3.965330	-191.974579	260.668671	0	0	0.98999249	0.14112005
-5.037805	-192.070419	260.668671	0	0	0.98999249	0.14112005
-6.111399	-192.152771	260.668671	0	0	0.98999249	0.14112005
-7.185944	-192.221634	260.668671	0	0	0.98999249	0.14112005
-8.261270	-192.276978	260.668671	0	0	0.98999249	0.14112005
-9.337205	-192.318802	260.668671	0	0	0.98999249	0.14112005
-10.413581	-192.347122	260.668671	0	0	0.98999249	0.14112005
-11.490229	-192.361893	260.668671	0	0	0.98999249	0.14112005
-12.566976	-192.363144	260.668671	0	0	0.98999249	0.14112005
-13.643655	-192.350861	260.668671	0	0	0.98999249	0.14112005
-14.720094	-192.325058	260.668671	0	0	0.98999249	0.14112005
-15.796124	-192.285721	260.668671	0	0	0.98999249	0.14112005
-16.871574	-192.232864	260.668671	0	0	0.98999249	0.14112005
-17.607428	-192.188889	260.668671	0	0	0.98999249	0.14112005
-18.551939	-192.296173	260.585510	0	0	0.98999249	0.14112005
-19.616707	-192.404327	260.491882	0	0	0.98999249	0.14112005
-20.683369	-192.499161	260.398193	0	0	0.98999249	0.14112005
-21.751766	-192.580643	260.304474	0	0	0.98999249	0.14112005
-22.821724	-192.648743	260.210693	0	0	0.97095818	0.23924928
-23.893076	-192.703461	260.116913	0	0	0.97095818	0.23924928
-24.965654	-192.744736	260.023071	0	0	0.97095818	0.23924928
-26.039293	-192.772583	259.929199	0	0	0.97095818	0.23924928
-27.113821	-192.786987	259.835327	0	0	0.97095818	0.23924928
-28.189068	-192.787903	259.741425	0	0	0.97095818	0.23924928
-29.264868	-192.775345	259.647491	0	0	0.97095818	0.23924928
-30.341051	-192.749298	259.553558	0	0	0.97095818	0.23924928
-31.417444	-192.709763	259.459595	0	0	0.97095818	0.23924928
-32.493885	-192.656708	259.365631	0	0	0.97095818	0.23924928
-33.570198	-192.590164	259.271667	0	0	0.97095818	0.23924928
-34.646214	-192.510101	259.177704	0	0	0.97095818	0.23924928
-35.721767	-192.416534	259.083740	0	0	0.97095818	0.23924928
-36.796680	-192.309464	258.989807	0	0	0.97095818	0.23924928
-37.870792	-192.188889	258.895844	0	0	0.97095818	0.23924928
-38.943932	-192.054825	258.801941	0	0	0.97095818	0.23924928
-40.015926	-191.907288	258.708038	0	0	0.97095818	0.23924928
-41.086605	-191.746262	258.614136	0	0	0.97095818	0.23924928
-42.155804	-191.571793	258.520294	0	0	0.97095818	0.23924928
-43.223351	-191.383881	258.426453	0	0	0.97095818	0.23924928
-44.289078	-191.182541	258.332672	0	0	0.97095818	0.23924928
-45.352818	-190.967789	258.238922	0	0	0.97095818	0.23924928
-46.414394	-190.739670	258.145203	0	0	0.97095818	0.23924928
-47.473652	-190.498184	258.051544	0	0	0.97095818	0.23924928
-48.530411	-190.243378	257.957916	0	0	0.97095818	0.23924928
-49.584507	-189.975266	257.864349	0	0	0.97095818	0.23924928
-50.635780	-189.693878	257.770844	0	0	0.97095818	0.23924928
-51.684059	-189.399261	257.677368	0	0	0.97095818	0.23924928
-52.729172	-189.091431	257.583984	0	0	0.97095818	0.23924928
-53.770958	-188.770432	257.490662	0	0	0.97095818	0.23924928
-54.809250	-188.436310	257.397430	0	0	0.97095818	0.23924928
-55.843884	-188.089096	257.304230	0	0	0.94222235	0.33498812
-56.874695	-187.728836	257.211151	0	0	0.94222235	0.33498812
-57.901520	-187.355576	257.118134	0	0	0.94222235	0.33498812
-58.924191	-186.969360	257.025208	0	0	0.94222235	0.33498812
-59.942551	-186.570251	256.932343	0	0	0.94222235	0.33498812
-60.956432	-186.158295	256.839600	0	0	0.94222235	0.33498812
-61.965683	-185.733536	256.746948	0	0	0.94222235	0.33498812
-62.970131	-185.296021	256.654388	0	0	0.94222235	0.33498812
-63.969620	-184.845840	256.561951	0	0	0.94222235	0.33498812
-64.963989	-184.383026	256.469604	0	0	0.94222235	0.33498812
-65.953079	-183.907639	256.377380	0	0	0.94222235	0.33498812
-66.936737	-183.419769	256.285248	0	0	0.94222235	0.33498812
-67.914803	-182.919449	256.193268	0	0	0.94222235	0.33498812
-68.887115	-182.406769	256.101379	0	0	0.94222235	0.33498812
-69.853523	-181.881790	256.009644	0	0	0.94222235	0.33498812
-70.813866	-181.344574	255.918015	0	0	0.94222235	0.33498812
-71.768005	-180.795212	255.826523	0	0	0.94222235	0.33498812
-72.715775	-180.233765	255.735168	0	0	0.94222235	0.33498812
-73.657021	-179.660324	255.643951	0	0	0.94222235	0.33498812
-74.591599	-179.074951	255.552887	0	0	0.94222235	0.33498812
-75.519356	-178.477737	255.461960	0	0	0.94222235	0.33498812
-76.440140	-177.868774	255.371201	0	0	0.94222235	0.33498812
-77.353813	-177.248138	255.280579	0	0	0.94222235	0.33498812
-78.260216	-176.615906	255.190125	0	0	0.94222235	0.33498812
-79.159210	-175.972168	255.099823	0	0	0.94222235	0.33498812
-80.050644	-175.317032	255.009689	0	0	0.94222235	0.33498812
-80.934380	-174.650574	254.919724	0	0	0.94222235	0.33498812
-81.810272	-173.972900	254.829941	0	0	0.94222235	0.33498812
-82.678185	-173.284088	254.740326	0	0	0.94222235	0.33498812
-83.537964	-172.584244	254.650894	0	0	0.94222235	0.33498812
-84.389488	-171.873489	254.561630	0	0	0.94222235	0.33498812
-85.232613	-171.151886	254.472565	0	0	0.94222235	0.33498812
-86.067192	-170.419556	254.383698	0	0	0.90407214	0.42737988
-86.893105	-169.676605	254.295013	0	0	0.90407214	0.42737988
-87.710205	-168.923141	254.206528	0	0	0.90407214	0.42737988
-88.518364	-168.159271	254.118240	0	0	0.90407214	0.42737988
-89.317459	-167.385086	254.030151	0	0	0.90407214	0.42737988
-90.107346	-166.600723	253.942276	0	0	0.90407214	0.42737988
-90.887909	-165.806290	253.854614	0	0	0.90407214	0.42737988
-91.659004	-165.001892	253.767166	0	0	0.90407214	0.42737988
-92.420525	-164.187653	253.679932	0	0	0.90407214	0.42737988
-93.172340	-163.363678	253.592926	0	0	0.90407214	0.42737988
-93.914322	-162.530090	253.506134	0	0	0.90407214	0.42737988
-94.646347	-161.687027	253.419586	0	0	0.90407214	0.42737988
-95.368309	-160.834579	253.333252	0	0	0.90407214	0.42737988
-96.080078	-159.972900	253.247162	0	0	0.90407214	0.42737988
-96.781540	-159.102112	253.161316	0	0	0.90407214	0.42737988
-97.472580	-158.222321	253.075699	0	0	0.90407214	0.42737988
-98.153084	-157.333679	252.990326	0	0	0.90407214	0.42737988
-98.822937	-156.436295	252.905212	0	0	0.90407214	0.42737988
-99.482033	-155.530304	252.820343	0	0	0.90407214	0.42737988
-100.130264	-154.615845	252.735733	0	0	0.90407214	0.42737988
-100.767525	-153.693054	252.651382	0	0	0.90407214	0.42737988
-101.393700	-152.762070	252.567291	0	0	0.90407214	0.42737988
-102.008690	-151.823013	252.483459	0	0	0.90407214	0.42737988
-102.612396	-150.876022	252.399902	0	0	0.90407214	0.42737988
-103.204712	-149.921249	252.316620	0	0	0.90407214	0.42737988
-103.785545	-148.958832	252.233612	0	0	0.90407214	0.42737988
-104.354797	-147.988892	252.150879	0	0	0.90407214	0.42737988
-104.912376	-147.011597	252.068420	0	0	0.90407214	0.42737988
-105.458176	-146.027084	251.986252	0	0	0.90407214	0.42737988
-105.992119	-145.035507	251.904373	0	0	0.90407214	0.42737988
-106.514107	-144.036987	251.822784	0	0	0.90407214	0.42737988
-107.024055	-143.031677	251.741501	0	0	0.90407214	0.42737988
-107.521881	-142.019745	251.660507	0	0	0.90407214	0.42737988
-108.007492	-141.001328	251.579803	0	0	0.90407214	0.42737988
-108.480812	-139.976578	251.499420	0	0	0.90407214	0.42737988
-108.941757	-138.945648	251.419327	0	0	0.90407214	0.42737988
-109.390244	-137.908691	251.339569	0	0	0.85688874	0.51550139
-109.826210	-136.865845	251.260101	0	0	0.85688874	0.51550139
-110.249565	-135.817291	251.180954	0	0	0.85688874	0.51550139
-110.660248	-134.763153	251.102142	0	0	0.85688874	0.51550139
-111.058174	-133.703629	251.023636	0	0	0.85688874	0.51550139
-111.443291	-132.638840	250.945465	0	0	0.85688874	0.51550139
-111.815521	-131.568954	250.867615	0	0	0.85688874	0.51550139
-112.174805	-130.494141	250.790100	0	0	0.85688874	0.51550139
-112.521072	-129.414551	250.712936	0	0	0.85688874	0.51550139
-112.854263	-128.330353	250.636093	0	0	0.85688874	0.51550139
-113.174332	-127.241684	250.559601	0	0	0.85688874	0.51550139
-113.481201	-126.148743	250.483444	0	0	0.85688874	0.51550139
-113.774826	-125.051666	250.407639	0	0	0.85688874	0.51550139
-114.055153	-123.950630	250.332184	0	0	0.85688874	0.51550139
-114.322136	-122.845779	250.257080	0	0	0.85688874	0.51550139
-114.575714	-121.737297	250.182327	0	0	0.85688874	0.51550139
-114.815849	-120.625359	250.107941	0	0	0.85688874	0.51550139
-115.042496	-119.510117	250.033920	0	0	0.85688874	0.51550139
-115.255608	-118.391716	249.960266	0	0	0.85688874	0.51550139
-115.455147	-117.270363	249.886978	0	0	0.85688874	0.51550139
-115.641068	-116.146194	249.814056	0	0	0.85688874	0.51550139
-115.813347	-115.019402	249.741501	0	0	0.85688874	0.51550139
-115.971939	-113.890144	249.669327	0	0	0.85688874	0.51550139
-116.116821	-112.758591	249.597549	0	0	0.85688874	0.51550139
-116.247948	-111.624908	249.526138	0	0	0.85688874	0.51550139
-116.365311	-110.489273	249.455109	0	0	0.85688874	0.51550139
-116.468864	-109.351830	249.384476	0	0	0.85688874	0.51550139
-116.558594	-108.212799	249.314240	0	0	0.85688874	0.51550139
-116.634483	-107.072304	249.244385	0	0	0.85688874	0.51550139
-116.696510	-105.930542	249.174927	0	0	0.85688874	0.51550139
-116.744644	-104.787682	249.105865	0	0	0.85688874	0.51550139
-116.778885	-103.643875	249.037216	0	0	0.85688874	0.51550139
-116.799217	-102.499313	248.968964	0	0	0.80114363	0.59847213
-116.805618	-101.354164	248.901123	0	0	0.80114363	0.59847213
-116.798096	-100.208618	248.833694	0	0	0.80114363	0.59847213
-116.776627	-99.062805	248.766678	0	0	0.80114363	0.59847213
-116.741226	-97.916931	248.700073	0	0	0.80114363	0.59847213
-116.691872	-96.771156	248.633881	0	0	0.80114363	0.59847213
-116.628571	-95.625656	248.568115	0	0	0.80114363	0.59847213
-116.551331	-94.480614	248.502777	0	0	0.80114363	0.59847213
-116.460144	-93.336166	248.437851	0	0	0.80114363	0.59847213
-116.355026	-92.192520	248.373367	0	0	0.80114363	0.59847213
-116.235985	-91.049850	248.309311	0	0	0.80114363	0.59847213
-116.103027	-89.908302	248.245682	0	0	0.80114363	0.59847213
-115.956161	-88.768059	248.182495	0	0	0.80114363	0.59847213
-115.795418	-87.629311	248.119736	0	0	0.80114363	0.59847213
-115.620796	-86.492195	248.057419	0	0	0.80114363	0.59847213
-115.432320	-85.356918	247.995560	0	0	0.80114363	0.59847213
-115.230011	-84.223625	247.934128	0	0	0.80114363	0.59847213
-115.013901	-83.092491	247.873154	0	0	0.80114363	0.59847213
-114.783997	-81.963699	247.812637	0	0	0.80114363	0.59847213
-114.540352	-80.837418	247.752563	0	0	0.80114363	0.59847213
-114.282967	-79.713814	247.692947	0	0	0.80114363	0.59847213
-114.011894	-78.593048	247.633789	0	0	0.80114363	0.59847213
-113.727165	-77.475304	247.575089	0	0	0.80114363	0.59847213
-113.428810	-76.360733	247.516846	0	0	0.80114363	0.59847213
-113.116859	-75.249527	247.459076	0	0	0.80114363	0.59847213
-112.791374	-74.141838	247.401779	0	0	0.80114363	0.59847213
-112.452377	-73.037834	247.344940	0	0	0.80114363	0.59847213
-112.099930	-71.937698	247.288574	0	0	0.73739371	0.67546319
-111.734062	-70.841568	247.232681	0	0	0.73739371	0.67546319
-111.354828	-69.749626	247.177261	0	0	0.73739371	0.67546319
-110.962280	-68.662041	247.122330	0	0	0.73739371	0.67546319
-110.556473	-67.578964	247.067871	0	0	0.73739371	0.67546319
-110.137466	-66.500587	247.013885	0	0	0.73739371	0.67546319
-109.705307	-65.427048	246.960403	0	0	0.73739371	0.67546319
-109.260048	-64.358505	246.907394	0	0	0.73739371	0.67546319
-108.801758	-63.295132	246.854874	0	0	0.73739371	0.67546319
-108.330505	-62.237099	246.802856	0	0	0.73739371	0.67546319
-107.846352	-61.184551	246.751312	0	0	0.73739371	0.67546319
-107.349358	-60.137657	246.700272	0	0	0.73739371	0.67546319
-106.839592	-59.096558	246.649734	0	0	0.73739371	0.67546319
-106.317139	-58.061447	246.599686	0	0	0.73739371	0.67546319
-105.782051	-57.032440	246.550156	0	0	0.73739371	0.67546319
-105.234421	-56.009720	246.501114	0	0	0.73739371	0.67546319
-104.674316	-54.993423	246.452576	0	0	0.73739371	0.67546319
-104.101814	-53.983730	246.404541	0	0	0.73739371	0.67546319
-103.516998	-52.980770	246.357025	0	0	0.73739371	0.67546319
-102.919952	-51.984699	246.310013	0	0	0.73739371	0.67546319
-102.310760	-50.995682	246.263519	0	0	0.73739371	0.67546319
-101.689507	-50.013855	246.217529	0	0	0.73739371	0.67546319
-101.056282	-49.039375	246.172058	0	0	0.73739371	0.67546319
-100.411163	-48.072384	246.127106	0	0	0.73739371	0.67546319
-99.754265	-47.113029	246.082672	0	0	0.66627604	0.74570519
-99.085663	-46.161461	246.038773	0	0	0.66627604	0.74570519
-98.405457	-45.217819	245.995377	0	0	0.66627604	0.74570519
-97.713745	-44.282253	245.952515	0	0	0.66627604	0.74570519
-97.010620	-43.354900	245.910187	0	0	0.66627604	0.74570519
-96.296196	-42.435902	245.868378	0	0	0.66627604	0.74570519
-95.570572	-41.525398	245.827087	0	0	0.66627604	0.74570519
-94.833839	-40.623528	245.786346	0	0	0.66627604	0.74570519
-94.086113	-39.730419	245.746124	0	0	0.66627604	0.74570519
-93.327499	-38.846222	245.706451	0	0	0.66627604	0.74570519
-92.558113	-37.971066	245.667297	0	0	0.66627604	0.74570519
-91.778061	-37.105080	245.628693	0	0	0.66627604	0.74570519
-90.987450	-36.248402	245.590622	0	0	0.66627604	0.74570519
-90.186401	-35.401157	245.553101	0	0	0.66627604	0.74570519
-89.375031	-34.563477	245.516113	0	0	0.66627604	0.74570519
-88.553444	-33.735481	245.479660	0	0	0.66627604	0.74570519
-87.721786	-32.917309	245.443771	0	0	0.66627604	0.74570519
-86.880150	-32.109074	245.408417	0	0	0.66627604	0.74570519
-86.028671	-31.310909	245.373611	0	0	0.66627604	0.74570519
-85.167473	-30.522924	245.339355	0	0	0.66627604	0.74570519
-84.296677	-29.745245	245.305649	0	0	0.66627604	0.74570519
-83.416405	-28.977991	245.272507	0	0	0.66627604	0.74570519
-82.526794	-28.221273	245.239899	0	0	0.58850112	0.8084964
-81.627975	-27.475214	245.207855	0	0	0.58850112	0.8084964
-80.720078	-26.739927	245.176361	0	0	0.58850112	0.8084964
-79.803230	-26.015514	245.145432	0	0	0.58850112	0.8084964
-78.877563	-25.302097	245.115051	0	0	0.58850112	0.8084964
-77.943222	-24.599779	245.085236	0	0	0.58850112	0.8084964
-77.000336	-23.908667	245.055984	0	0	0.58850112	0.8084964
-76.049042	-23.228868	245.027298	0	0	0.58850112	0.8084964
-75.089478	-22.560478	244.999161	0	0	0.58850112	0.8084964
-74.121796	-21.903610	244.971603	0	0	0.58850112	0.8084964
-73.146126	-21.258356	244.944595	0	0	0.58850112	0.8084964
-72.162613	-20.624819	244.918167	0	0	0.58850112	0.8084964
-71.171402	-20.003096	244.892288	0	0	0.58850112	0.8084964
-70.172638	-19.393272	244.866989	0	0	0.50484609	0.86320938
-69.166473	-18.795454	244.842255	0	0	0.50484609	0.86320938
-68.153046	-18.209721	244.818100	0	0	0.50484609	0.86320938
-67.132507	-17.636169	244.794510	0	0	0.50484609	0.86320938
-66.105019	-17.074884	244.771484	0	0	0.50484609	0.86320938
-65.070717	-16.525951	244.749039	0	0	0.50484609	0.86320938
-64.029755	-15.989452	244.727173	0	0	0.50484609	0.86320938
-62.982288	-15.465471	244.705872	0	0	0.50484609	0.86320938
-61.928474	-14.954085	244.685150	0	0	0.50484609	0.86320938
-60.868465	-14.455376	244.665009	0	0	0.41614682	0.90929743
-59.802418	-13.969417	244.645432	0	0	0.41614682	0.90929743
-58.730488	-13.496283	244.626450	0	0	0.41614682	0.90929743
-57.652836	-13.036044	244.608032	0	0	0.41614682	0.90929743
-56.569614	-12.588773	244.590195	0	0	0.41614682	0.90929743
-55.480988	-12.154538	244.572952	0	0	0.41614682	0.90929743
-54.387112	-11.733399	244.556274	0	0	0.41614682	0.90929743
-53.288158	-11.325431	244.540192	0	0	0.32328956	0.94630009
-52.184280	-10.930687	244.524673	0	0	0.32328956	0.94630009
-51.075642	-10.549232	244.509750	0	0	0.32328956	0.94630009
-49.962402	-10.181122	244.495407	0	0	0.32328956	0.94630009
-48.844738	-9.826412	244.481644	0	0	0.32328956	0.94630009
-47.722801	-9.485157	244.468475	0	0	0.22720209	0.97384763
-46.596767	-9.157411	244.455887	0	0	0.22720209	0.97384763
-45.466793	-8.843220	244.443878	0	0	0.22720209	0.97384763
-44.333054	-8.542635	244.432465	0	0	0.22720209	0.97384763
-43.195709	-8.255702	244.421631	0	0	0.1288445	0.99166481
-42.054935	-7.982461	244.411377	0	0	0.1288445	0.99166481
-40.910892	-7.722958	244.401718	0	0	0.1288445	0.99166481
-39.763756	-7.477230	244.392654	0	0	0.029199523	0.9995736
-38.613693	-7.245312	244.384171	0	0	0.029199523	0.9995736
-37.460873	-7.027245	244.376266	0	0	0.029199523	0.9995736
-36.305466	-6.823057	244.368958	0	0	-0.070737201	0.99749499
-35.147644	-6.632782	244.362244	0	0	-0.070737201	0.99749499
-33.987576	-6.456450	244.356110	0	0	-0.16996714	0.98544973
-32.825436	-6.294081	244.350571	0	0	-0.16996714	0.98544973
-31.661394	-6.145709	244.345627	0	0	-0.26749883	0.96355818
-30.495623	-6.011349	244.341263	0	0	-0.36235775	0.93203909
-29.328295	-5.891026	244.337494	0	0	-0.36235775	0.93203909
-28.159584	-5.784756	244.334305	0	0	-0.45359611	0.89120736
-26.989658	-5.692555	244.331726	0	0	-0.54030229	0.84147099
-25.818695	-5.614437	244.329727	0	0	-0.54030229	0.84147099
-24.646868	-5.550414	244.328308	0	0	-0.62160997	0.7833269
-23.474346	-5.500499	244.327484	0	0	0	1
-22.301308	-5.464694	244.327255	0	0	0	1
-21.127922	-5.443007	244.327621	0	0	0	1
-19.954365	-5.435441	244.328568	0	0	0	1
-18.780807	-5.441998	244.330109	0	0	0	1
-17.607428	-5.462674	244.332245	0	0	0	1
-16.434395	-5.497467	244.334961	0	0	0	1
-15.260409	-5.428923	244.328003	0	0	0	1
-14.085155	-5.348657	244.319366	0	0	0	1
-12.908969	-5.282545	244.311325	0	0	0	1
-11.732027	-5.230598	244.303864	0	0	0	1
-10.554501	-5.192825	244.296997	0	0	0	1
-9.376566	-5.169227	244.290726	0	0	0	1
-8.198396	-5.159818	244.285049	0	0	0	1
-7.020165	-5.164591	244.279968	0	0	0	1
-5.842050	-5.183552	244.275482	0	0	0	1
-5.590394	-5.152600	244.271317	0	0	0	1
-5.486413	-5.113012	244.267715	0	0	0	1
-5.381895	-5.074111	244.264709	0	0	0	1
-5.276844	-5.035913	244.262299	0	0	0	1
-5.171265	-4.998419	244.260483	0	0	0	1
-5.065162	-4.961634	244.259247	0	0	-0.69670669	0.71735611
-4.958541	-4.925570	244.258621	0	0	-0.69670669	0.71735611
-4.851408	-4.890227	244.258575	0	0	-0.69670669	0.71735611
-4.743766	-4.855619	244.259125	0	0	-0.69670669	0.71735611
-4.635623	-4.821749	244.260269	0	0	-0.69670669	0.71735611
-4.526982	-4.788625	244.262009	0	0	-0.69670669	0.71735611
-4.417850	-4.756254	244.264343	0	0	-0.69670669	0.71735611
-4.308233	-4.724640	244.267273	0	0	-0.69670669	0.71735611
-4.198135	-4.693792	244.270798	0	0	-0.69670669	0.71735611
-4.087564	-4.663719	244.274902	0	0	-0.69670669	0.71735611
-3.976523	-4.634420	244.279602	0	0	-0.69670669	0.71735611
-3.865021	-4.605908	244.284912	0	0	-0.69670669	0.71735611
-3.753063	-4.578191	244.290802	0	0	-0.69670669	0.71735611
-3.640654	-4.551268	244.297287	0	0	-0.69670669	0.71735611
-3.527802	-4.525154	244.304352	0	0	-0.69670669	0.71735611
-3.414511	-4.499843	244.312027	0	0	-0.69670669	0.71735611
-3.300791	-4.475355	244.320282	0	0	-0.69670669	0.71735611
-3.186644	-4.451683	244.329132	0	0	-0.69670669	0.71735611
-3.072080	-4.428847	244.338562	0	0	-0.69670669	0.71735611
-2.957103	-4.406840	244.348602	0	0	-0.69670669	0.71735611
-2.841723	-4.385676	244.359222	0	0	-0.69670669	0.71735611
-2.725945	-4.365359	244.370422	0	0	-0.69670669	0.71735611
-2.609775	-4.345897	244.382217	0	0	-0.69670669	0.71735611
-2.493221	-4.327289	244.394608	0	0	-0.69670669	0.71735611
-2.376289	-4.309546	244.407593	0	0	-0.69670669	0.71735611
-2.258988	-4.292674	244.421143	0	0	-0.69670669	0.71735611
-2.141324	-4.276675	244.435303	0	0	-0.69670669	0.71735611
-2.023304	-4.261560	244.450043	0	0	-0.69670669	0.71735611
-1.904936	-4.247331	244.465363	0	0	-0.69670669	0.71735611
-1.786227	-4.233990	244.481262	0	0	-0.69670669	0.71735611
-1.667185	-4.221549	244.497757	0	0	-0.69670669	0.71735611
-1.547815	-4.210007	244.514832	0	0	-0.69670669	0.71735611
-1.428129	-4.199376	244.532501	0	0	-0.69670669	0.71735611
-1.308132	-4.189655	244.550735	0	0	-0.69670669	0.71735611
-1.187832	-4.180851	244.569565	0	0	-0.69670669	0.71735611
-1.067237	-4.172968	244.588959	0	0	-0.69670669	0.71735611
-0.946356	-4.166018	244.608948	0	0	-0.69670669	0.71735611
-0.825195	-4.159995	244.629517	0	0	-0.69670669	0.71735611
-0.703764	-4.154910	244.650665	0	0	-0.69670669	0.71735611
-0.582069	-4.150766	244.672379	0	0	-0.69670669	0.71735611
-0.460119	-4.147567	244.694687	0	0	-0.69670669	0.71735611
-0.337923	-4.145318	244.717560	0	0	-0.69670669	0.71735611
-0.215488	-4.144022	244.741013	0	0	-0.69670669	0.71735611
-0.092826	-4.143691	244.765045	0	0	-0.69670669	0.71735611
0.030060	-4.144318	244.789642	0	0	-0.69670669	0.71735611
0.153159	-4.145912	244.814804	0	0	-0.69670669	0.71735611
0.276461	-4.148481	244.840561	0	0	-0.69670669	0.71735611
0.399959	-4.152024	244.866867	0	0	-0.69670669	0.71735611
0.523643	-4.156547	244.893753	0	0	-0.69670669	0.71735611
0.647507	-4.162051	244.921204	0	0	-0.69670669	0.71735611
0.771540	-4.168542	244.949219	0	0	-0.69670669	0.71735611
0.895734	-4.176025	244.977814	0	0	-0.69670669	0.71735611
1.020080	-4.184500	245.006958	0	0	-0.69670669	0.71735611
1.144568	-4.193972	245.036667	0	0	-0.69670669	0.71735611
1.269189	-4.204449	245.066956	0	0	-0.69670669	0.71735611
1.393937	-4.215925	245.097794	0	0	-0.69670669	0.71735611
1.518799	-4.228412	245.129196	0	0	-0.69670669	0.71735611
1.643768	-4.241908	245.161148	0	0	-0.69670669	0.71735611
1.768834	-4.256416	245.193665	0	0	-0.69670669	0.71735611
1.893989	-4.271938	245.226730	0	0	-0.69670669	0.71735611
2.019222	-4.288485	245.260361	0	0	-0.69670669	0.71735611
2.144526	-4.306048	245.294540	0	0	-0.69670669	0.71735611
2.269887	-4.324640	245.329285	0	0	-0.69670669	0.71735611
2.395301	-4.344254	245.364563	0	0	-0.69670669	0.71735611
2.520756	-4.364899	245.400406	0	0	-0.69670669	0.71735611
2.646242	-4.386576	245.436783	0	0	-0.69670669	0.71735611
2.771748	-4.409289	245.473724	0	0	-0.69670669	0.71735611
2.897268	-4.433037	245.511200	0	0	-0.69670669	0.71735611
3.022793	-4.457820	245.549210	0	0	-0.69670669	0.71735611
3.148309	-4.483642	245.587784	0	0	-0.69670669	0.71735611
3.273809	-4.510509	245.626877	0	0	-0.69670669	0.71735611
3.399282	-4.538417	245.666534	0	0	-0.69670669	0.71735611
3.524720	-4.567371	245.706711	0	0	-0.69670669	0.71735611
3.650113	-4.597369	245.747421	0	0	-0.76484218	0.64421769
3.775447	-4.628419	245.788681	0	0	-0.76484218	0.64421769
3.900720	-4.660514	245.830460	0	0	-0.76484218	0.64421769
4.025914	-4.693663	245.872787	0	0	-0.76484218	0.64421769
4.151023	-4.727863	245.915634	0	0	-0.76484218	0.64421769
4.276038	-4.763114	245.959000	0	0	-0.76484218	0.64421769
4.400947	-4.799416	246.002914	0	0	-0.76484218	0.64421769
4.525740	-4.836777	246.047333	0	0	-0.76484218	0.64421769
4.650408	-4.875190	246.092285	0	0	-0.76484218	0.64421769
4.774941	-4.914657	246.137756	0	0	-0.76484218	0.64421769
4.899328	-4.955183	246.183746	0	0	-0.76484218	0.64421769
5.023562	-4.996762	246.230255	0	0	-0.76484218	0.64421769
5.147626	-5.039402	246.277267	0	0	-0.76484218	0.64421769
5.271516	-5.083096	246.324814	0	0	-0.76484218	0.64421769
5.395222	-5.127846	246.372864	0	0	-0.76484218	0.64421769
5.518730	-5.173653	246.421417	0	0	-0.76484218	0.64421769
5.642033	-5.220517	246.470474	0	0	-0.76484218	0.64421769
5.765119	-5.268435	246.520050	0	0	-0.76484218	0.64421769
5.887978	-5.317411	246.570129	0	0	-0.76484218	0.64421769
6.010600	-5.367441	246.620712	0	0	-0.76484218	0.64421769
6.132977	-5.418526	246.671783	0	0	-0.76484218	0.64421769
6.255095	-5.470666	246.723373	0	0	-0.76484218	0.64421769
6.376946	-5.523860	246.775436	0	0	-0.76484218	0.64421769
6.498518	-5.578103	246.828003	0	0	-0.76484218	0.64421769
6.619805	-5.633399	246.881073	0	0	-0.76484218	0.64421769
6.740793	-5.689742	246.934616	0	0	-0.76484218	0.64421769
6.861471	-5.747138	246.988663	0	0	-0.76484218	0.64421769
6.981832	-5.805577	247.043182	0	0	-0.76484218	0.64421769
7.101865	-5.865065	247.098190	0	0	-0.76484218	0.64421769
7.221558	-5.925597	247.153671	0	0	-0.76484218	0.64421769
7.340902	-5.987172	247.209641	0	0	-0.76484218	0.64421769
7.459886	-6.049786	247.266083	0	0	-0.76484218	0.64421769
7.578500	-6.113440	247.323013	0	0	-0.76484218	0.64421769
7.696736	-6.178130	247.380402	0	0	-0.76484218	0.64421769
7.814581	-6.243853	247.438263	0	0	-0.76484218	0.64421769
7.932027	-6.310609	247.496597	0	0	-0.76484218	0.64421769
8.049062	-6.378396	247.555389	0	0	-0.82533563	0.56464246
8.165674	-6.447212	247.614639	0	0	-0.82533563	0.56464246
8.281858	-6.517052	247.674362	0	0	-0.82533563	0.56464246
8.397602	-6.587914	247.734543	0	0	-0.82533563	0.56464246
8.512894	-6.659794	247.795181	0	0	-0.82533563	0.56464246
8.627724	-6.732692	247.856277	0	0	-0.82533563	0.56464246
8.742086	-6.806600	247.917816	0	0	-0.82533563	0.56464246
8.855967	-6.881522	247.979797	0	0	-0.82533563	0.56464246
8.969353	-6.957451	248.042236	0	0	-0.82533563	0.56464246
9.082241	-7.034382	248.105118	0	0	-0.82533563	0.56464246
9.194617	-7.112316	248.168442	0	0	-0.82533563	0.56464246
9.306474	-7.191241	248.232193	0	0	-0.82533563	0.56464246
9.417795	-7.271165	248.296402	0	0	-0.82533563	0.56464246
9.528580	-7.352077	248.361023	0	0	-0.82533563	0.56464246
9.638814	-7.433971	248.426086	0	0	-0.82533563	0.56464246
9.748487	-7.516849	248.491577	0	0	-0.82533563	0.56464246
9.857589	-7.600702	248.557510	0	0	-0.82533563	0.56464246
9.966108	-7.685531	248.623840	0	0	-0.82533563	0.56464246
10.074042	-7.771329	248.690613	0	0	-0.87758258	0.4794255
10.181377	-7.858088	248.757797	0	0	-0.87758258	0.4794255
10.288100	-7.945807	248.825394	0	0	-0.87758258	0.4794255
10.394203	-8.034482	248.893402	0	0	-0.87758258	0.4794255
10.499682	-8.124108	248.961823	0	0	-0.87758258	0.4794255
10.604519	-8.214680	249.030655	0	0	-0.87758258	0.4794255
10.708713	-8.306190	249.099884	0	0	-0.87758258	0.4794255
10.812246	-8.398637	249.169525	0	0	-0.87758258	0.4794255
10.915115	-8.492015	249.239563	0	0	-0.87758258	0.4794255
11.017309	-8.586316	249.309998	0	0	-0.87758258	0.4794255
11.118816	-8.681537	249.380829	0	0	-0.87758258	0.4794255
11.219631	-8.777673	249.452042	0	0	-0.87758258	0.4794255
11.319741	-8.874717	249.523651	0	0	-0.87758258	0.4794255
11.419141	-8.972663	249.595642	0	0	-0.87758258	0.4794255
11.517817	-9.071507	249.668015	0	0	-0.87758258	0.4794255
11.615762	-9.171242	249.740768	0	0	-0.87758258	0.4794255
11.712969	-9.271862	249.813904	0	0	-0.92106097	0.38941839
11.809424	-9.373360	249.887405	0	0	-0.92106097	0.38941839
11.905128	-9.475734	249.961288	0	0	-0.92106097	0.38941839
12.000060	-9.578971	250.035538	0	0	-0.92106097	0.38941839
12.094216	-9.683070	250.110153	0	0	-0.92106097	0.38941839
12.187593	-9.788022	250.185120	0	0	-0.92106097	0.38941839
12.280173	-9.893822	250.260452	0	0	-0.92106097	0.38941839
12.371956	-10.000463	250.336151	0	0	-0.92106097	0.38941839
12.462925	-10.107937	250.412201	0	0	-0.92106097	0.38941839
12.553079	-10.216237	250.488586	0	0	-0.92106097	0.38941839
12.642404	-10.325360	250.565338	0	0	-0.92106097	0.38941839
12.730896	-10.435294	250.642426	0	0	-0.92106097	0.38941839
12.818543	-10.546033	250.719849	0	0	-0.92106097	0.38941839
12.905340	-10.657572	250.797607	0	0	-0.92106097	0.38941839
12.991278	-10.769901	250.875717	0	0	-0.92106097	0.38941839
13.076347	-10.883014	250.954147	0	0	-0.92106097	0.38941839
13.160543	-10.996903	251.032913	0	0	-0.92106097	0.38941839
13.243853	-11.111561	251.112000	0	0	-0.95533648	0.29552023
13.326273	-11.226982	251.191422	0	0	-0.95533648	0.29552023
13.407793	-11.343154	251.271149	0	0	-0.95533648	0.29552023
13.488405	-11.460071	251.351196	0	0	-0.95533648	0.29552023
13.568105	-11.577726	251.431564	0	0	-0.95533648	0.29552023
13.646884	-11.696114	251.512238	0	0	-0.95533648	0.29552023
13.724730	-11.815220	251.593216	0	0	-0.95533648	0.29552023
13.801642	-11.935040	251.674500	0	0	-0.95533648	0.29552023
13.877609	-12.055564	251.756088	0	0	-0.95533648	0.29552023
13.952625	-12.176786	251.837967	0	0	-0.95533648	0.29552023
14.026683	-12.298696	251.920135	0	0	-0.95533648	0.29552023
14.099775	-12.421284	252.002609	0	0	-0.95533648	0.29552023
14.171895	-12.544546	252.085358	0	0	-0.95533648	0.29552023
14.243035	-12.668468	252.168396	0	0	-0.95533648	0.29552023
14.313190	-12.793045	252.251724	0	0	-0.95533648	0.29552023
14.382353	-12.918267	252.335327	0	0	-0.95533648	0.29552023
14.450514	-13.044124	252.419189	0	0	-0.98006658	0.19866933
14.517672	-13.170607	252.503342	0	0	-0.98006658	0.19866933
14.583815	-13.297710	252.587753	0	0	-0.98006658	0.19866933
14.648941	-13.425421	252.672424	0	0	-0.98006658	0.19866933
14.713041	-13.553732	252.757370	0	0	-0.98006658	0.19866933
14.776113	-13.682633	252.842560	0	0	-0.98006658	0.19866933
14.838144	-13.812116	252.928024	0	0	-0.98006658	0.19866933
14.899134	-13.942171	253.013718	0	0	-0.98006658	0.19866933
14.959074	-14.072788	253.099670	0	0	-0.98006658	0.19866933
15.017961	-14.203959	253.185867	0	0	-0.98006658	0.19866933
15.075787	-14.335670	253.272308	0	0	-0.98006658	0.19866933
15.132545	-14.467916	253.358978	0	0	-0.98006658	0.19866933
15.188233	-14.600688	253.445892	0	0	-0.98006658	0.19866933
15.242845	-14.733972	253.533020	0	0	-0.98006658	0.19866933
15.296374	-14.867760	253.620392	0	0	-0.98006658	0.19866933
15.348815	-15.002043	253.707977	0	0	-0.98006658	0.19866933
15.400165	-15.136810	253.795792	0	0	0	1
15.450417	-15.272055	253.883820	0	0	0	1
15.499565	-15.407762	253.972061	0	0	0	1
15.547608	-15.543921	254.060516	0	0	0	1
15.594540	-15.680527	254.149170	0	0	0	1
15.640353	-15.817565	254.238022	0	0	0	1
15.685048	-15.955028	254.327087	0	0	0	1
15.728617	-16.092903	254.416351	0	0	0	1
15.771055	-16.231182	254.505798	0	0	0	1
15.812361	-16.369854	254.595428	0	0	0	1
15.852529	-16.508909	254.685257	0	0	0	1
15.891556	-16.648333	254.775253	0	0	-0.99500417	0.099833397
15.929437	-16.788120	254.865448	0	0	-0.99500417	0.099833397
15.966168	-16.928257	254.955795	0	0	-0.99500417	0.099833397
16.001747	-17.068733	255.046326	0	0	-0.99500417	0.099833397
16.036173	-17.209539	255.137024	0	0	-0.99500417	0.099833397
16.069435	-17.350664	255.227890	0	0	0	1
16.101536	-17.492098	255.318909	0	0	0	1
16.146465	-17.631657	255.408844	0	0	-0.99500417	0.099833397
16.197128	-17.770651	255.498337	0	0	-0.99500417	0.099833397
16.246668	-17.910187	255.587967	0	0	-0.99500417	0.099833397
16.295074	-18.050249	255.677750	0	0	-0.99500417	0.099833397
16.342342	-18.190825	255.767670	0	0	-0.99500417	0.099833397
16.388470	-18.331907	255.857727	0	0	-0.99500417	0.099833397
16.433449	-18.473484	255.947922	0	0	-0.99500417	0.099833397
16.477270	-18.615545	256.038239	0	0	-0.99500417	0.099833397
16.519934	-18.758080	256.128693	0	0	-0.99500417	0.099833397
16.561434	-18.901079	256.219269	0	0	-0.99500417	0.099833397
16.601759	-19.044533	256.309967	0	0	-0.99500417	0.099833397
16.640909	-19.188427	256.400787	0	0	-0.99500417	0.099833397
16.678881	-19.332750	256.491699	0	0	-0.99500417	0.099833397
16.715662	-19.477497	256.582733	0	0	-0.99500417	0.099833397
16.751255	-19.622652	256.673889	0	0	-0.99500417	0.099833397
16.785650	-19.768202	256.765106	0	0	-0.99500417	0.099833397
16.818846	-19.914143	256.856476	0	0	-0.99500417	0.099833397
16.850836	-20.060457	256.947906	0	0	-0.99500417	0.099833397
16.881617	-20.207138	257.039429	0	0	-0.99500417	0.099833397
16.911182	-20.354172	257.131042	0	0	-0.99500417	0.099833397
16.939531	-20.501547	257.222748	0	0	-0.99500417	0.099833397
16.966658	-20.649250	257.314545	0	0	-0.99500417	0.099833397
16.992558	-20.797277	257.406403	0	0	-0.99500417	0.099833397
17.017225	-20.945610	257.498322	0	0	-0.99500417	0.099833397
17.040661	-21.094238	257.590332	0	-0	-1	-4.371139e-08
26.6451	40.1596	91.8363	0.0	0.0	0.989992683837	0.141118694543	
