2.210445	98.559792	-0.489358	0.000000	0.000000	-1.141593
-211.436462	39.849880	-106.021164	0.000000	0.000000	-0.141593
-206.848389	148.149597	-118.262810	0.000000	0.000000	-0.341593
-161.766220	193.231766	-118.262810	0.000000	0.000000	-0.541593
-152.840637	208.691330	-92.768715	0.000000	0.000000	-0.341593
-115.242500	220.092255	-41.541321	0.000000	0.000000	-0.541593
-55.286713	193.231766	-0.754129	0.000000	0.000000	-0.741593
2.210445	98.559792	-0.489358	0.000000	0.000000	-1.141593
-211.436462	39.849880	-106.021164	0.000000	0.000000	-0.141593
-206.848389	148.149597	-118.262810	0.000000	0.000000	-0.341593
-161.766220	193.231766	-118.262810	0.000000	0.000000	-0.541593
-152.840637	208.691330	-92.768715	0.000000	0.000000	-0.341593
-115.242500	220.092255	-41.541321	0.000000	0.000000	-0.541593
-55.286713	193.231766	-0.754129	0.000000	0.000000	-0.741593
2.210445	98.559792	-0.489358	0.000000	0.000000	-1.141593
-211.436462	39.849880	-106.021164	0.000000	0.000000	-0.141593
-206.848389	148.149597	-118.262810	0.000000	0.000000	-0.341593
-161.766220	193.231766	-118.262810	0.000000	0.000000	-0.541593
-152.840637	208.691330	-92.768715	0.000000	0.000000	-0.341593
-115.242500	220.092255	-41.541321	0.000000	0.000000	-0.541593
-55.286713	193.231766	-0.754129	0.000000	0.000000	-0.741593
2.210445	98.559792	-0.489358	0.000000	0.000000	-1.141593
-211.436462	39.849880	-106.021164	0.000000	0.000000	-0.141593
-206.848389	148.149597	-118.262810	0.000000	0.000000	-0.341593
-161.766220	193.231766	-118.262810	0.000000	0.000000	-0.541593
-152.840637	208.691330	-92.768715	0.000000	0.000000	-0.341593
-115.242500	220.092255	-41.541321	0.000000	0.000000	-0.541593
-55.286713	193.231766	-0.754129	0.000000	0.000000	-0.741593
2.210445	98.559792	-0.489358	0.000000	0.000000	-1.141593
-211.436462	39.849880	-106.021164	0.000000	0.000000	-0.141593
-206.848389	148.149597	-118.262810	0.000000	0.000000	-0.341593
-161.766220	193.231766	-118.262810	0.000000	0.000000	-0.541593
-152.840637	208.691330	-92.768715	0.000000	0.000000	-0.341593
-115.242500	220.092255	-41.541321	0.000000	0.000000	-0.541593
-55.286713	193.231766	-0.754129	0.000000	0.000000	-0.741593
2.210445	98.559792	-0.489358	0.000000	0.000000	-1.141593
-211.436462	39.849880	-106.021164	0.000000	0.000000	-0.141593
-206.848389	148.149597	-118.262810	0.000000	0.000000	-0.341593
-161.766220	193.231766	-118.262810	0.000000	0.000000	-0.541593
-152.840637	208.691330	-92.768715	0.000000	0.000000	-0.341593
-115.242500	220.092255	-41.541321	0.000000	0.000000	-0.541593
-55.286713	193.231766	-0.754129	0.000000	0.000000	-0.741593
2.210445	98.559792	-0.489358	0.000000	0.000000	-1.141593
-211.436462	39.849880	-106.021164	0.000000	0.000000	-0.141593
-206.848389	148.149597	-118.262810	0.000000	0.000000	-0.341593
-161.766220	193.231766	-118.262810	0.000000	0.000000	-0.541593
-152.840637	208.691330	-92.768715	0.000000	0.000000	-0.341593
-115.242500	220.092255	-41.541321	0.000000	0.000000	-0.541593
-55.286713	193.231766	-0.754129	0.000000	0.000000	-0.741593
2.210445	98.559792	-0.489358	0.000000	0.000000	-1.141593
-211.436462	39.849880	-106.021164	0.000000	0.000000	-0.141593
-206.848389	148.149597	-118.262810	0.000000	0.000000	-0.341593
-161.766220	193.231766	-118.262810	0.000000	0.000000	-0.541593
-152.840637	208.691330	-92.768715	0.000000	0.000000	-0.341593
-115.242500	220.092255	-41.541321	0.000000	0.000000	-0.541593
-55.286713	193.231766	-0.754129	0.000000	0.000000	-0.741593
2.210445	98.559792	-0.489358	0.000000	0.000000	-1.141593
-211.436462	39.849880	-106.021164	0.000000	0.000000	-0.141593
-206.848389	148.149597	-118.262810	0.000000	0.000000	-0.341593
-161.766220	193.231766	-118.262810	0.000000	0.000000	-0.541593
-152.840637	208.691330	-92.768715	0.000000	0.000000	-0.341593
-115.242500	220.092255	-41.541321	0.000000	0.000000	-0.541593
-55.286713	193.231766	-0.754129	0.000000	0.000000	-0.741593
2.210445	98.559792	-0.489358	0.000000	0.000000	-1.141593
-211.436462	39.849880	-106.021164	0.000000	0.000000	-0.141593
-206.848389	148.149597	-118.262810	0.000000	0.000000	-0.341593
-161.766220	193.231766	-118.262810	0.000000	0.000000	-0.541593
-152.840637	208.691330	-92.768715	0.000000	0.000000	-0.341593
-115.242500	220.092255	-41.541321	0.000000	0.000000	-0.541593
-55.286713	193.231766	-0.754129	0.000000	0.000000	-0.741593
2.210445	98.559792	-0.489358	0.000000	0.000000	-1.141593
-211.436462	39.849880	-106.021164	0.000000	0.000000	-0.141593
-206.848389	148.149597	-118.262810	0.000000	0.000000	-0.341593
-161.766220	193.231766	-118.262810	0.000000	0.000000	-0.541593
-152.840637	208.691330	-92.768715	0.000000	0.000000	-0.341593
-115.242500	220.092255	-41.541321	0.000000	0.000000	-0.541593
-55.286713	193.231766	-0.754129	0.000000	0.000000	-0.741593
2.210445	98.559792	-0.489358	0.000000	0.000000	-1.141593
-211.436462	39.849880	-106.021164	0.000000	0.000000	-0.141593
-206.848389	148.149597	-118.262810	0.000000	0.000000	-0.341593
-161.766220	193.231766	-118.262810	0.000000	0.000000	-0.541593
-152.840637	208.691330	-92.768715	0.000000	0.000000	-0.341593
-115.242500	220.092255	-41.541321	0.000000	0.000000	-0.541593
-55.286713	193.231766	-0.754129	0.000000	0.000000	-0.741593
2.210445	98.559792	-0.489358	0.000000	0.000000	-1.141593
-211.436462	39.849880	-106.021164	0.000000	0.000000	-0.141593
-206.848389	148.149597	-118.262810	0.000000	0.000000	-0.341593
-161.766220	193.231766	-118.262810	0.000000	0.000000	-0.541593
-152.840637	208.691330	-92.768715	0.000000	0.000000	-0.341593
-115.242500	220.092255	-41.541321	0.000000	0.000000	-0.541593
-55.286713	193.231766	-0.754129	0.000000	0.000000	-0.741593
2.210445	98.559792	-0.489358	0.000000	0.000000	-1.141593
-211.436462	39.849880	-106.021164	0.000000	0.000000	-0.141593
-206.848389	148.149597	-118.262810	0.000000	0.000000	-0.341593
-161.766220	193.231766	-118.262810	0.000000	0.000000	-0.541593
-152.840637	208.691330	-92.768715	0.000000	0.000000	-0.341593
-115.242500	220.092255	-41.541321	0.000000	0.000000	-0.541593
-55.286713	193.231766	-0.754129	0.000000	0.000000	-0.741593
2.210445	98.559792	-0.489358	0.000000	0.000000	-1.141593
-211.436462	39.849880	-106.021164	0.000000	0.000000	-0.141593
-206.848389	148.149597	-118.262810	0.000000	0.000000	-0.341593
-161.766220	193.231766	-118.262810	0.000000	0.000000	-0.541593
-152.840637	208.691330	-92.768715	0.000000	0.000000	-0.341593
-115.242500	220.092255	-41.541321	0.000000	0.000000	-0.541593
-55.286713	193.231766	-0.754129	0.000000	0.000000	-0.741593
2.210445	98.559792	-0.489358	0.000000	0.000000	-1.141593
-211.436462	39.849880	-106.021164	0.000000	0.000000	-0.141593
-206.848389	148.149597	-118.262810	0.000000	0.000000	-0.341593
-161.766220	193.231766	-118.262810	0.000000	0.000000	-0.541593
-152.840637	208.691330	-92.768715	0.000000	0.000000	-0.341593
-115.242500	220.092255	-41.541321	0.000000	0.000000	-0.541593
-55.286713	193.231766	-0.754129	0.000000	0.000000	-0.741593
2.210445	98.559792	-0.489358	0.000000	0.000000	-1.141593
-211.436462	39.849880	-106.021164	0.000000	0.000000	-0.141593
-206.848389	148.149597	-118.262810	0.000000	0.000000	-0.341593
-161.766220	193.231766	-118.262810	0.000000	0.000000	-0.541593
-152.840637	208.691330	-92.768715	0.000000	0.000000	-0.341593
-115.242500	220.092255	-41.541321	0.000000	0.000000	-0.541593
-55.286713	193.231766	-0.754129	0.000000	0.000000	-0.741593
2.210445	98.559792	-0.489358	0.000000	0.000000	-1.141593
-211.436462	39.849880	-106.021164	0.000000	0.000000	-0.141593
-206.848389	148.149597	-118.262810	0.000000	0.000000	-0.341593
-161.766220	193.231766	-118.262810	0.000000	0.000000	-0.541593
-152.840637	208.691330	-92.768715	0.000000	0.000000	-0.341593
-115.242500	220.092255	-41.541321	0.000000	0.000000	-0.541593
-55.286713	193.231766	-0.754129	0.000000	0.000000	-0.741593
2.210445	98.559792	-0.489358	0.000000	0.000000	-1.141593
-211.436462	39.849880	-106.021164	0.000000	0.000000	-0.141593
-206.848389	148.149597	-118.262810	0.000000	0.000000	-0.341593
-161.766220	193.231766	-118.262810	0.000000	0.000000	-0.541593
-152.840637	208.691330	-92.768715	0.000000	0.000000	-0.341593
-115.242500	220.092255	-41.541321	0.000000	0.000000	-0.541593
-55.286713	193.231766	-0.754129	0.000000	0.000000	-0.741593
2.210445	98.559792	-0.489358	0.000000	0.000000	-1.141593
-211.436462	39.849880	-106.021164	0.000000	0.000000	-0.141593
-206.848389	148.149597	-118.262810	0.000000	0.000000	-0.341593
-161.766220	193.231766	-118.262810	0.000000	0.000000	-0.541593
-152.840637	208.691330	-92.768715	0.000000	0.000000	-0.341593
-115.242500	220.092255	-41.541321	0.000000	0.000000	-0.541593
-55.286713	193.231766	-0.754129	0.000000	0.000000	-0.741593
