-82.669418	45.939873	29.852020	0	0	0.029199523	0.9995736
-82.760017	46.116463	29.964066	0	0	-0.87758258	0.4794255
-82.370300	45.817383	29.555044	0	0	0.029199523	0.9995736
-82.694885	46.440205	29.875021	0	0	-0.87758258	0.4794255
-82.345253	45.646263	29.568092	0	0	-0.87758258	0.4794255
-82.336212	45.680824	29.543259	0	0	-0.87758258	0.4794255
-82.326653	45.724335	29.514864	0	0	-0.87758258	0.4794255
-82.313171	45.775970	29.477814	0	0	-0.87758258	0.4794255
-82.302841	45.836506	29.442978	0	0	-0.87758258	0.4794255
-82.367897	46.340256	29.390909	0	0	-0.87758258	0.4794255
-82.862251	46.587784	30.074551	0	0	-0.87758258	0.4794255
-82.944412	46.467667	30.259424	0	0	0.029199523	0.9995736
-82.963768	47.038250	30.114914	0	0	0	1
-83.675827	44.644630	26.634205	0	0	-0.87758258	0.4794255
-78.371590	44.506680	23.661972	0	0	0.029199523	0.9995736
-81.931465	55.844059	25.789255	0	0	0.029199523	0.9995736
-77.626732	53.913666	19.604454	0	0	-0.87758258	0.4794255
-77.625870	53.912025	19.603601	0	0	-0.26749883	0.96355818
-77.721764	54.094730	19.698532	0	0	-0.26749883	0.96355818
-77.478546	53.631336	19.457758	0	0	-0.26749883	0.96355818
-77.453239	53.583118	19.432705	0	0	-0.26749883	0.96355818
-77.804390	54.252151	19.780329	0	0	-0.87758258	0.4794255
-77.440666	53.559174	19.420261	0	0	-0.26749883	0.96355818
-77.432076	53.542793	19.411753	0	0	-0.26749883	0.96355818
-77.424011	53.527435	19.403770	0	0	-0.26749883	0.96355818
-77.418266	53.516491	19.398085	0	0	-0.26749883	0.96355818
-77.919548	54.471569	19.894335	0	0	0	1
-77.926025	54.483902	19.900743	0	0	-0.070737201	0.99749499
-78.097755	54.811092	20.070749	0	0	-0.26749883	0.96355818
-76.797554	52.333866	18.783602	0	0	0	1
-75.280739	49.443920	17.282009	0	0	0	1
-80.141022	58.704071	22.093510	0	0	-0.070737201	0.99749499
-94.050995	34.558292	29.852020	0	0	-0.45359611	0.89120736
-94.184593	34.691887	29.964066	0	0	-0.26749883	0.96355818
-93.789101	34.296391	29.882130	0	0	-0.16996714	0.98544973
-93.815742	34.323036	29.593626	0	0	-0.45359611	0.89120736
-93.710854	34.218147	29.611097	0	0	-0.36235775	0.93203909
-93.716209	34.223503	29.595699	0	0	-0.36235775	0.93203909
-93.702469	34.209763	29.625937	0	0	-0.36235775	0.93203909
-93.693214	34.200508	29.645241	0	0	-0.36235775	0.93203909
-93.688637	34.195934	29.643965	0	0	-0.36235775	0.93203909
-94.471375	34.978664	30.074551	0	0	-0.26749883	0.96355818
-94.727402	35.234692	30.146414	0	0	-0.26749883	0.96355818
-94.001579	34.508873	30.970715	0	0	-0.54030229	0.84147099
-93.543213	34.050507	31.091002	0	0	-0.16996714	0.98544973
-93.906578	34.413876	26.634205	0	0	0.1288445	0.99166481
-97.882607	38.389900	26.974985	0	0	0.1288445	0.99166481
-90.336380	30.843672	25.001698	0	0	0.1288445	0.99166481
-78.423141	57.571609	13.002967	0	0	-0.87758258	0.4794255
-97.743729	38.251022	13.002967	0	0	-0.76484218	0.64421769
-94.555023	61.904148	43.803608	0	0	-0.070737201	0.99749499
-87.628105	72.969009	29.505457	0	0	-0.070737201	0.99749499
-100.875420	41.382713	55.006783	0	0	-0.16996714	0.98544973
-113.441872	53.949165	22.127016	0	0	-0.76484218	0.64421769
-84.755821	82.858574	21.950811	0	0	-0.87758258	0.4794255
-96.069656	-4.070509	29.852020	0	0	-0.16996714	0.98544973
-96.198341	-4.036029	29.964066	0	0	-0.070737201	0.99749499
-96.411552	-3.978899	30.074551	0	0	-0.070737201	0.99749499
-95.706245	-4.167885	29.593626	0	0	-0.16996714	0.98544973
-95.586403	-4.199996	29.645241	0	0	-0.070737201	0.99749499
-95.578911	-4.202004	29.625937	0	0	-0.070737201	0.99749499
-95.561996	-4.206536	29.611097	0	0	-0.070737201	0.99749499
-96.575035	-3.935093	30.146414	0	0	-0.070737201	0.99749499
-95.532196	-4.214522	29.595699	0	0	-0.070737201	0.99749499
-95.421989	-4.244051	29.643965	0	0	-0.16996714	0.98544973
-95.204582	-4.302305	29.882130	0	0	-0.070737201	0.99749499
-95.467964	-4.231732	30.970715	0	0	-0.26749883	0.96355818
-94.525681	-4.484216	31.091002	0	0	-0.070737201	0.99749499
-96.206482	-4.033847	26.974985	0	0	-0.26749883	0.96355818
-96.684837	-3.905672	26.634205	0	0	0.029199523	0.9995736
-89.836349	-5.740719	25.001698	0	0	-0.26749883	0.96355818
-107.000671	-1.141553	22.127014	0	0	0.41614682	0.90929743
-95.015762	-4.352900	13.002967	0	0	0.32328956	0.94630009
-95.553734	-4.208750	55.006783	0	0	-0.16996714	0.98544973
-67.119064	-26.069227	27.591492	0	0	0.1288445	0.99166481
-67.100594	-26.064276	27.560888	0	0	0.1288445	0.99166481
-67.179054	-26.085300	27.690857	0	0	0.1288445	0.99166481
-67.220711	-26.096462	27.759861	0	0	0.1288445	0.99166481
-67.233208	-26.099810	27.780560	0	0	0.1288445	0.99166481
-66.931465	-26.018959	27.280746	0	0	0.1288445	0.99166481
-66.920349	-26.015982	27.262331	0	0	0	1
-66.915894	-26.014786	27.254942	0	0	0.1288445	0.99166481
-67.330940	-26.125998	27.942446	0	0	0.029199523	0.9995736
-66.898003	-26.009993	27.225311	0	0	0.1288445	0.99166481
-66.874763	-26.003765	27.186813	0	0	0.1288445	0.99166481
-66.852676	-25.997847	27.150234	0	0	0.1288445	0.99166481
-66.811745	-25.986881	27.082438	0	0	0	1
-66.076859	-25.789967	25.865131	0	0	0.1288445	0.99166481
-64.466400	-25.358446	23.197506	0	0	0.029199523	0.9995736
-63.406078	-25.074335	21.441149	0	0	0.029199523	0.9995736
-108.535011	101.943581	-11.855644	0	0	-0.070737201	0.99749499
-61.643162	-24.601963	18.520983	0	0	0.66627604	0.74570519
-75.169708	-28.226389	40.926903	0	0	-0.16996714	0.98544973
-57.874775	-23.592226	12.278872	0	0	0.1288445	0.99166481
-50.397610	-28.801924	-7.363044	0	0	0	1
-50.410294	-28.814608	-7.348570	0	0	0	1
-50.336708	-28.741022	-7.432547	0	0	0	1
-50.302517	-28.706831	-7.471565	0	0	0	1
-50.272961	-28.677273	-7.505297	0	0	0	1
-50.249935	-28.654249	-7.531572	0	0	0	1
-50.237934	-28.642248	-7.545267	0	0	0	1
-50.232857	-28.637171	-7.551062	0	0	0	1
-50.221016	-28.625330	-7.564575	0	0	0	1
-50.183647	-28.587959	-7.607221	0	0	0	1
-50.131531	-28.535845	-7.666695	0	0	0	1
-49.989380	-28.393692	-7.828920	0	0	0	1
-49.982594	-28.386906	-7.836664	0	0	0	1
-49.915684	-28.319996	-7.913023	0	0	0	1
-51.474270	-29.878584	-6.134355	0	0	0	1
-47.090939	-25.495251	-11.136635	0	0	0	1
-45.505421	-23.909735	-12.946033	0	0	0	1
-43.240879	-21.645191	-15.530338	0	0	0	1
-43.240879	-21.645191	-15.530338	0	0	0	1
-232.948288	95.316254	-11.855642	0	0	0.1288445	0.99166481
-156.749496	-135.153809	-37.888729	0	0	0.73739371	0.67546319
-289.415497	5.383084	-26.647919	0	0	0.41614682	0.90929743
-289.415497	-2.487816	-37.888729	0	0	0.41614682	0.90929743
-268.629120	-80.063683	-37.888729	0	0	0.50484609	0.86320938
