-72.278015	-34.962475	-18.367401	0	0	0.41614682	0.90929743
-72.278015	-34.962475	-18.367401	0	0	0.1288445	0.99166481
-72.278015	-34.962475	-18.367401	0	0	0.029199523	0.9995736
-74.481705	-37.293186	-19.910440	0	0	0.32328956	0.94630009
-78.402748	-39.490799	-22.655983	0	0	0.32328956	0.94630009
-78.458221	-29.390532	-15.259331	0	0	0	1
-78.419899	-29.328312	-15.257874	0	0	0	1
-78.355736	-29.224152	-15.255433	0	0	0	1
-78.307800	-29.146332	-15.253611	0	0	0	1
-78.276421	-29.095385	-15.252417	0	0	0	1
-78.268585	-29.082664	-15.252119	0	0	0	1
-78.248734	-29.050434	-15.251364	0	0	0	1
-78.222610	-29.008024	-15.250371	0	0	0	1
-78.122833	-28.846045	-15.246576	0	0	0	1
-78.116974	-28.836536	-15.246354	0	0	0	1
-78.109192	-28.823898	-15.246058	0	0	0	1
-77.996567	-28.641064	-15.241775	0	0	0	1
-77.971703	-28.600700	-15.240829	0	0	0	1
-77.903107	-28.489332	-15.238221	0	0	0	1
-77.884544	-28.459202	-15.237515	0	0	0	1
-77.743713	-28.230568	-15.232160	0	0	0	1
-77.527618	-27.879751	-15.223942	0	0	0	1
-77.417068	-27.700283	-15.219738	0	0	0	1
-77.372780	-27.628382	-15.218054	0	0	0	1
-77.363876	-27.613935	-15.217715	0	0	0	1
-81.790939	-31.311193	-16.607849	0	0	0.32328956	0.94630009
-76.153786	-25.649429	-15.171699	0	0	0	1
-75.527000	-24.631891	-15.147863	0	0	0	1
-74.723183	-23.326944	-15.117296	0	0	0	1
-73.941879	-22.058544	-15.087585	0	0	0	1
-73.380386	-21.146999	-15.066233	0	0	0	1
-73.300888	-21.017946	-15.063210	0	0	0	1
-71.520821	-18.128119	-14.995519	0	0	0	1
-71.438835	-17.995024	-14.992401	0	0	0	1
-71.394638	-17.923269	-14.990720	0	0	0	1
-69.933189	-15.550710	-14.935144	0	0	0	1
-69.817474	-15.362852	-14.930744	0	0	0	1
-69.511276	-14.865759	-14.919101	0	0	0	1
-82.935394	-15.949924	-14.814242	0	0	0	1
-81.720177	-15.261587	-14.806197	0	0	0	1
-81.129219	-14.926847	-14.802285	0	0	0	1
-81.020218	-14.865105	-14.801563	0	0	0	1
-80.954308	-14.827772	-14.801127	0	0	0	1
-80.806961	-14.744311	-14.800152	0	0	0	1
-80.781227	-14.729734	-14.799981	0	0	0	1
-80.687904	-14.676871	-14.799364	0	0	0.22720209	0.97384763
-80.660622	-14.661420	-14.799183	0	0	0	1
-80.573357	-14.611990	-14.798605	0	0	0	1
-80.560829	-14.604894	-14.798522	0	0	0	1
-80.519768	-14.581635	-14.798250	0	0	0	1
-80.498245	-14.569443	-14.798108	0	0	0	1
-80.495483	-14.567880	-14.798090	0	0	0	1
-80.395111	-14.511026	-14.797425	0	0	0	1
-80.279984	-14.445811	-14.796663	0	0	0	1
-80.215340	-14.409198	-14.796235	0	0	0	1
-80.001556	-14.288104	-14.794820	0	0	0	1
-79.968796	-14.269547	-14.794603	0	0	0	1
-79.864883	-14.210687	-14.793916	0	0	0	1
-79.748413	-14.144715	-14.793144	0	0	0	1
-79.688522	-14.110788	-14.792747	0	0	0	1
-78.956429	-13.696106	-14.787901	0	0	0	1
-78.646233	-13.520402	-14.785848	0	0	0	1
-78.552933	-13.467551	-14.785231	0	0	0.22720209	0.97384763
-68.085922	-12.551802	-14.864898	0	0	0	1
-76.380684	-12.237119	-14.770850	0	0	0	1
-76.208755	-12.139731	-14.769711	0	0	0	1
-67.872726	-12.205687	-14.856791	0	0	0	1
-67.115425	-10.976261	-14.827992	0	0	0	1
-70.604256	-8.965158	-14.732611	0	0	0	1
-65.952583	-9.088462	-14.783772	0	0	0	1
-69.421471	-8.295188	-14.724780	0	0	0	1
-68.903145	-8.001589	-14.721349	0	0	0	1
-68.477188	-7.760315	-14.718530	0	0	0	1
-67.567940	-7.245286	-14.712510	0	0	0	1
-67.170692	-7.020271	-14.709880	0	0	0	1
-66.159157	-6.447306	-14.703184	0	0	0	1
-76.295479	15.687709	-26.493361	0	0	0	1
-74.517616	15.826667	-26.590660	0	0	0	1
-74.500389	15.828012	-26.591602	0	0	-0.26749883	0.96355818
-74.364098	15.838665	-26.599062	0	0	0	1
-74.335640	15.840890	-26.600620	0	0	-0.26749883	0.96355818
-74.286575	15.844725	-26.603304	0	0	0	1
-74.231346	15.849041	-26.606327	0	0	-0.26749883	0.96355818
-74.129570	15.856997	-26.611897	0	0	-0.26749883	0.96355818
-74.099693	15.859331	-26.613533	0	0	-0.26749883	0.96355818
-73.951035	15.870950	-26.621668	0	0	-0.26749883	0.96355818
-73.814957	15.881586	-26.629116	0	0	0	1
-73.766533	15.885371	-26.631765	0	0	0	1
-73.706429	15.890069	-26.635056	0	0	-0.26749883	0.96355818
-73.512001	15.905265	-26.645695	0	0	0	1
-73.503235	15.905951	-26.646175	0	0	0	1
-73.466293	15.908837	-26.648197	0	0	-0.26749883	0.96355818
-73.315910	15.920591	-26.656427	0	0	0	1
-73.291252	15.922519	-26.657776	0	0	0	1
-73.154091	15.933239	-26.665283	0	0	0	1
-73.067184	15.940032	-26.670040	0	0	0	1
-72.517151	15.983023	-26.700142	0	0	0	1
-72.456604	15.987755	-26.703455	0	0	-0.26749883	0.96355818
-72.317589	15.998620	-26.711063	0	0	0	1
-72.178619	16.009481	-26.718670	0	0	0	1
-71.702507	16.046694	-26.744726	0	0	-0.26749883	0.96355818
-71.468925	16.064951	-26.757509	0	0	-0.26749883	0.96355818
-71.357040	16.073696	-26.763632	0	0	0	1
-69.041946	16.254642	-26.890333	0	0	-0.36235775	0.93203909
-66.317192	16.467609	-27.039454	0	0	-0.54030229	0.84147099
-61.731152	16.826052	-27.290438	0	0	-0.54030229	0.84147099
-61.701504	16.828369	-27.292061	0	0	0	1
-60.194145	16.946184	-27.374556	0	0	0	1
-56.855667	17.207119	-27.557262	0	0	0	1
-56.737053	17.216389	-27.563755	0	0	0	1
-55.154938	17.340046	-27.650341	0	0	0	1
-54.281181	17.408339	-27.698160	0	0	0	1
-52.496559	17.547825	-27.795828	0	0	0	1
-51.618454	17.616457	-27.843885	0	0	0	1
-50.497204	17.704094	-27.905249	0	0	0	1
-50.448990	17.707863	-27.907888	0	0	0	1
-48.543076	17.856827	-28.012194	0	0	0	1
-46.271000	18.034412	-28.136539	0	0	0	1
-65.050514	23.038752	-32.195312	0	0	-0.54030229	0.84147099
-43.942802	18.216383	-28.263958	0	0	0	1
-42.177280	18.354376	-28.360582	0	0	0	1
-88.373871	-88.718163	-52.194229	0	0	0	1
-36.130379	18.827000	-28.691517	0	0	0	1
-33.554802	19.028305	-28.832472	0	0	0	1
-10.208721	-60.831116	-31.103800	0	0	0	1
-31.646944	19.177423	-28.936886	0	0	0	1
-9.271686	-60.279160	-30.717318	0	0	0	1
-9.265237	-60.275364	-30.714657	0	0	0	1
-8.286276	-59.698711	-30.310883	0	0	0	1
-5.034594	-57.783337	-28.969721	0	0	0	1
-3.718085	-57.007854	-28.426725	0	0	0	1
-8.591579	-66.866371	-35.329731	0	0	0	1
1.790170	-53.763260	-26.154835	0	0	0	1
3.781199	-52.590462	-25.333632	0	0	0	1
4.045408	-52.434830	-25.224659	0	0	0	1
14.472265	-57.667122	-28.888348	0	0	0	1
-145.871597	-54.681816	-69.898178	0	0	0.32328956	0.94630009
-108.672318	-109.016609	-71.609718	0	0	0.58850112	0.8084964
-148.090744	12.920391	-72.297531	0	0	-0.070737201	0.99749499
39.850109	-75.235321	-37.409462	0	0	0.80114363	0.59847213
39.850109	-75.235321	-37.409462	0	0	0.85688874	0.51550139
-113.110619	71.098862	-78.164871	0	0	-0.45359611	0.89120736
8.631641	-131.144302	-80.337624	0	0	0	1
-52.426857	96.729118	-83.239166	0	0	0	1
-53.455818	100.569244	-85.928055	0	0	0	1
71.794830	-81.225357	-52.225773	0	0	0	1
66.600136	-108.611893	-67.014221	0	0	0.85688874	0.51550139
12.873804	104.620224	-75.505470	0	0	0	1
13.141644	105.619820	-76.205399	0	0	-0.62160997	0.7833269
-69.650681	-203.365341	-121.646751	0	0	0	1
24.504770	148.027573	-99.024712	0	0	0	1
178.374588	-74.555733	-108.420151	0	0	0.98999249	0.14112005
178.374588	-74.555733	-108.420151	0	0	0.97095818	0.23924928
188.517975	278.860657	-203.258759	0	0	-0.69670669	0.71735611
188.486877	278.891296	-203.250641	0	0	-0.69670669	0.71735611
188.399628	278.977264	-203.227829	0	0	-0.69670669	0.71735611
188.784271	278.598267	-203.328384	0	0	-0.69670669	0.71735611
188.845367	278.538055	-203.344345	0	0	-0.69670669	0.71735611
189.049561	278.336853	-203.397736	0	0	-0.69670669	0.71735611
189.100647	278.286530	-203.411087	0	0	-0.69670669	0.71735611
189.245560	278.143707	-203.448975	0	0	-0.69670669	0.71735611
189.261353	278.128174	-203.453094	0	0	-0.69670669	0.71735611
189.286560	278.103333	-203.459686	0	0	-0.69670669	0.71735611
189.324326	278.066132	-203.469559	0	0	-0.69670669	0.71735611
189.334442	278.056152	-203.472198	0	0	0	1
189.415802	277.975983	-203.493469	0	0	-0.69670669	0.71735611
189.541473	277.852142	-203.526337	0	0	-0.69670669	0.71735611
187.320221	280.040863	-202.945648	0	0	-0.69670669	0.71735611
187.303406	280.057434	-202.941254	0	0	-0.69670669	0.71735611
190.223434	277.180176	-203.704605	0	0	-0.69670669	0.71735611
186.858353	280.495941	-202.824905	0	0	-0.69670669	0.71735611
190.374008	277.031799	-203.743973	0	0	-0.69670669	0.71735611
190.526566	276.881500	-203.783859	0	0	-0.69670669	0.71735611
190.547989	276.860382	-203.789459	0	0	-0.69670669	0.71735611
190.625534	276.783966	-203.809723	0	0	0	1
186.433426	280.914642	-202.713821	0	0	-0.69670669	0.71735611
190.878937	276.534271	-203.875977	0	0	-0.69670669	0.71735611
190.912079	276.501617	-203.884628	0	0	-0.69670669	0.71735611
190.962830	276.451599	-203.897903	0	0	-0.69670669	0.71735611
190.970703	276.443848	-203.899963	0	0	-0.69670669	0.71735611
185.985596	281.355927	-202.596741	0	0	-0.69670669	0.71735611
185.937607	281.403198	-202.584198	0	0	-0.69670669	0.71735611
185.542374	281.792664	-202.480881	0	0	-0.69670669	0.71735611
191.596710	275.827026	-204.063614	0	0	-0.76484218	0.64421769
185.455963	281.877808	-202.458282	0	0	-0.69670669	0.71735611
193.461746	273.989319	-204.551178	0	0	-0.76484218	0.64421769
194.073196	273.386810	-204.711029	0	0	-0.76484218	0.64421769
194.146759	273.314331	-204.730255	0	0	-0.76484218	0.64421769
194.318405	273.145172	-204.775131	0	0	-0.76484218	0.64421769
182.718613	284.575043	-201.742676	0	0	-0.69670669	0.71735611
195.501846	271.979095	-205.084503	0	0	-0.76484218	0.64421769
196.794998	270.704895	-205.422562	0	0	-0.76484218	0.64421769
197.464203	270.045471	-205.597504	0	0	-0.76484218	0.64421769
197.565613	269.945557	-205.624023	0	0	-0.76484218	0.64421769
197.751968	269.761932	-205.672745	0	0	-0.76484218	0.64421769
199.950333	267.595764	-206.247437	0	0	-0.76484218	0.64421769
200.035217	267.512146	-206.269623	0	0	0	1
201.219498	266.345184	-206.579224	0	0	0	1
202.867004	264.721832	-207.009918	0	0	-0.76484218	0.64421769
205.122772	262.499115	-207.599625	0	0	0	1
205.231369	262.392090	-207.628021	0	0	-0.95533648	0.29552023
229.713852	238.268265	-214.028290	0	0	-0.95533648	0.29552023
233.232193	234.801468	-214.948059	0	0	-0.82533563	0.56464246
439.148773	102.073921	-286.580048	0	0	-0.95533648	0.29552023
439.148773	102.073921	-286.580048	0	-0	-1	-4.371139e-08
