-87.615829	-191.114456	0.893983	1.858407	8.825986	-273.660645	-1.005356
8.825986	-273.660645	-1.005356	2.458407	55.358345	-273.660645	-15.363835
55.358345	-273.660645	-15.363835	2.458407	55.358345	-273.660645	-15.363835
55.358345	-273.660645	-15.363835	2.458407	86.350044	-265.356445	-15.363835
86.350044	-265.356445	-15.363835	2.658407	163.473450	-165.545547	-15.363835
163.473450	-165.545547	-15.363835	3.058407	106.711021	-46.468437	24.465666
106.711021	-46.468437	24.465666	3.058407	112.702583	-106.564743	-68.274849
-87.615829	-191.114456	0.893983	1.858407	8.825986	-273.660645	-1.005356
8.825986	-273.660645	-1.005356	2.458407	55.358345	-273.660645	-15.363835
55.358345	-273.660645	-15.363835	2.458407	55.358345	-273.660645	-15.363835
55.358345	-273.660645	-15.363835	2.458407	86.350044	-265.356445	-15.363835
86.350044	-265.356445	-15.363835	2.658407	163.473450	-165.545547	-15.363835
163.473450	-165.545547	-15.363835	3.058407	106.711021	-46.468437	24.465666
106.711021	-46.468437	24.465666	3.058407	112.702583	-106.564743	-68.274849
-87.615829	-191.114456	0.893983	1.858407	8.825986	-273.660645	-1.005356
8.825986	-273.660645	-1.005356	2.458407	55.358345	-273.660645	-15.363835
55.358345	-273.660645	-15.363835	2.458407	55.358345	-273.660645	-15.363835
55.358345	-273.660645	-15.363835	2.458407	86.350044	-265.356445	-15.363835
86.350044	-265.356445	-15.363835	2.658407	163.473450	-165.545547	-15.363835
163.473450	-165.545547	-15.363835	3.058407	106.711021	-46.468437	24.465666
106.711021	-46.468437	24.465666	3.058407	112.702583	-106.564743	-68.274849
-87.615829	-191.114456	0.893983	1.858407	8.825986	-273.660645	-1.005356
8.825986	-273.660645	-1.005356	2.458407	55.358345	-273.660645	-15.363835
55.358345	-273.660645	-15.363835	2.458407	55.358345	-273.660645	-15.363835
55.358345	-273.660645	-15.363835	2.458407	86.350044	-265.356445	-15.363835
86.350044	-265.356445	-15.363835	2.658407	163.473450	-165.545547	-15.363835
163.473450	-165.545547	-15.363835	3.058407	106.711021	-46.468437	24.465666
106.711021	-46.468437	24.465666	3.058407	112.702583	-106.564743	-68.274849
-87.615829	-191.114456	0.893983	1.858407	8.825986	-273.660645	-1.005356
8.825986	-273.660645	-1.005356	2.458407	55.358345	-273.660645	-15.363835
55.358345	-273.660645	-15.363835	2.458407	55.358345	-273.660645	-15.363835
55.358345	-273.660645	-15.363835	2.458407	86.350044	-265.356445	-15.363835
86.350044	-265.356445	-15.363835	2.658407	163.473450	-165.545547	-15.363835
163.473450	-165.545547	-15.363835	3.058407	106.711021	-46.468437	24.465666
106.711021	-46.468437	24.465666	3.058407	112.702583	-106.564743	-68.274849
-87.615829	-191.114456	0.893983	1.858407	8.825986	-273.660645	-1.005356
8.825986	-273.660645	-1.005356	2.458407	55.358345	-273.660645	-15.363835
55.358345	-273.660645	-15.363835	2.458407	55.358345	-273.660645	-15.363835
55.358345	-273.660645	-15.363835	2.458407	86.350044	-265.356445	-15.363835
86.350044	-265.356445	-15.363835	2.658407	163.473450	-165.545547	-15.363835
163.473450	-165.545547	-15.363835	3.058407	106.711021	-46.468437	24.465666
106.711021	-46.468437	24.465666	3.058407	112.702583	-106.564743	-68.274849
-87.615829	-191.114456	0.893983	1.858407	8.825986	-273.660645	-1.005356
8.825986	-273.660645	-1.005356	2.458407	55.358345	-273.660645	-15.363835
55.358345	-273.660645	-15.363835	2.458407	55.358345	-273.660645	-15.363835
55.358345	-273.660645	-15.363835	2.458407	86.350044	-265.356445	-15.363835
86.350044	-265.356445	-15.363835	2.658407	163.473450	-165.545547	-15.363835
163.473450	-165.545547	-15.363835	3.058407	106.711021	-46.468437	24.465666
106.711021	-46.468437	24.465666	3.058407	112.702583	-106.564743	-68.274849
-87.615829	-191.114456	0.893983	1.858407	8.825986	-273.660645	-1.005356
8.825986	-273.660645	-1.005356	2.458407	55.358345	-273.660645	-15.363835
55.358345	-273.660645	-15.363835	2.458407	55.358345	-273.660645	-15.363835
55.358345	-273.660645	-15.363835	2.458407	86.350044	-265.356445	-15.363835
86.350044	-265.356445	-15.363835	2.658407	163.473450	-165.545547	-15.363835
163.473450	-165.545547	-15.363835	3.058407	106.711021	-46.468437	24.465666
106.711021	-46.468437	24.465666	3.058407	112.702583	-106.564743	-68.274849
-87.615829	-191.114456	0.893983	1.858407	8.825986	-273.660645	-1.005356
8.825986	-273.660645	-1.005356	2.458407	55.358345	-273.660645	-15.363835
55.358345	-273.660645	-15.363835	2.458407	55.358345	-273.660645	-15.363835
55.358345	-273.660645	-15.363835	2.458407	86.350044	-265.356445	-15.363835
86.350044	-265.356445	-15.363835	2.658407	163.473450	-165.545547	-15.363835
163.473450	-165.545547	-15.363835	3.058407	106.711021	-46.468437	24.465666
106.711021	-46.468437	24.465666	3.058407	112.702583	-106.564743	-68.274849
-87.615829	-191.114456	0.893983	1.858407	8.825986	-273.660645	-1.005356
8.825986	-273.660645	-1.005356	2.458407	55.358345	-273.660645	-15.363835
55.358345	-273.660645	-15.363835	2.458407	55.358345	-273.660645	-15.363835
55.358345	-273.660645	-15.363835	2.458407	86.350044	-265.356445	-15.363835
86.350044	-265.356445	-15.363835	2.658407	163.473450	-165.545547	-15.363835
163.473450	-165.545547	-15.363835	3.058407	106.711021	-46.468437	24.465666
106.711021	-46.468437	24.465666	3.058407	112.702583	-106.564743	-68.274849
-87.615829	-191.114456	0.893983	1.858407	8.825986	-273.660645	-1.005356
8.825986	-273.660645	-1.005356	2.458407	55.358345	-273.660645	-15.363835
55.358345	-273.660645	-15.363835	2.458407	55.358345	-273.660645	-15.363835
55.358345	-273.660645	-15.363835	2.458407	86.350044	-265.356445	-15.363835
86.350044	-265.356445	-15.363835	2.658407	163.473450	-165.545547	-15.363835
163.473450	-165.545547	-15.363835	3.058407	106.711021	-46.468437	24.465666
106.711021	-46.468437	24.465666	3.058407	112.702583	-106.564743	-68.274849
-87.615829	-191.114456	0.893983	1.858407	8.825986	-273.660645	-1.005356
8.825986	-273.660645	-1.005356	2.458407	55.358345	-273.660645	-15.363835
55.358345	-273.660645	-15.363835	2.458407	55.358345	-273.660645	-15.363835
55.358345	-273.660645	-15.363835	2.458407	86.350044	-265.356445	-15.363835
86.350044	-265.356445	-15.363835	2.658407	163.473450	-165.545547	-15.363835
163.473450	-165.545547	-15.363835	3.058407	106.711021	-46.468437	24.465666
106.711021	-46.468437	24.465666	3.058407	112.702583	-106.564743	-68.274849
-87.615829	-191.114456	0.893983	1.858407	8.825986	-273.660645	-1.005356
8.825986	-273.660645	-1.005356	2.458407	55.358345	-273.660645	-15.363835
55.358345	-273.660645	-15.363835	2.458407	55.358345	-273.660645	-15.363835
55.358345	-273.660645	-15.363835	2.458407	86.350044	-265.356445	-15.363835
86.350044	-265.356445	-15.363835	2.658407	163.473450	-165.545547	-15.363835
163.473450	-165.545547	-15.363835	3.058407	106.711021	-46.468437	24.465666
106.711021	-46.468437	24.465666	3.058407	112.702583	-106.564743	-68.274849
-87.615829	-191.114456	0.893983	1.858407	8.825986	-273.660645	-1.005356
8.825986	-273.660645	-1.005356	2.458407	55.358345	-273.660645	-15.363835
55.358345	-273.660645	-15.363835	2.458407	55.358345	-273.660645	-15.363835
55.358345	-273.660645	-15.363835	2.458407	86.350044	-265.356445	-15.363835
86.350044	-265.356445	-15.363835	2.658407	163.473450	-165.545547	-15.363835
163.473450	-165.545547	-15.363835	3.058407	106.711021	-46.468437	24.465666
106.711021	-46.468437	24.465666	3.058407	112.702583	-106.564743	-68.274849
-87.615829	-191.114456	0.893983	1.858407	8.825986	-273.660645	-1.005356
8.825986	-273.660645	-1.005356	2.458407	55.358345	-273.660645	-15.363835
55.358345	-273.660645	-15.363835	2.458407	55.358345	-273.660645	-15.363835
55.358345	-273.660645	-15.363835	2.458407	86.350044	-265.356445	-15.363835
86.350044	-265.356445	-15.363835	2.658407	163.473450	-165.545547	-15.363835
163.473450	-165.545547	-15.363835	3.058407	106.711021	-46.468437	24.465666
106.711021	-46.468437	24.465666	3.058407	112.702583	-106.564743	-68.274849
-87.615829	-191.114456	0.893983	1.858407	8.825986	-273.660645	-1.005356
8.825986	-273.660645	-1.005356	2.458407	55.358345	-273.660645	-15.363835
55.358345	-273.660645	-15.363835	2.458407	55.358345	-273.660645	-15.363835
55.358345	-273.660645	-15.363835	2.458407	86.350044	-265.356445	-15.363835
86.350044	-265.356445	-15.363835	2.658407	163.473450	-165.545547	-15.363835
163.473450	-165.545547	-15.363835	3.058407	106.711021	-46.468437	24.465666
106.711021	-46.468437	24.465666	3.058407	112.702583	-106.564743	-68.274849
-87.615829	-191.114456	0.893983	1.858407	8.825986	-273.660645	-1.005356
8.825986	-273.660645	-1.005356	2.458407	55.358345	-273.660645	-15.363835
55.358345	-273.660645	-15.363835	2.458407	55.358345	-273.660645	-15.363835
55.358345	-273.660645	-15.363835	2.458407	86.350044	-265.356445	-15.363835
86.350044	-265.356445	-15.363835	2.658407	163.473450	-165.545547	-15.363835
163.473450	-165.545547	-15.363835	3.058407	106.711021	-46.468437	24.465666
106.711021	-46.468437	24.465666	3.058407	112.702583	-106.564743	-68.274849
-87.615829	-191.114456	0.893983	1.858407	8.825986	-273.660645	-1.005356
8.825986	-273.660645	-1.005356	2.458407	55.358345	-273.660645	-15.363835
55.358345	-273.660645	-15.363835	2.458407	55.358345	-273.660645	-15.363835
55.358345	-273.660645	-15.363835	2.458407	86.350044	-265.356445	-15.363835
86.350044	-265.356445	-15.363835	2.658407	163.473450	-165.545547	-15.363835
163.473450	-165.545547	-15.363835	3.058407	106.711021	-46.468437	24.465666
106.711021	-46.468437	24.465666	3.058407	112.702583	-106.564743	-68.274849
-87.615829	-191.114456	0.893983	1.858407	8.825986	-273.660645	-1.005356
8.825986	-273.660645	-1.005356	2.458407	55.358345	-273.660645	-15.363835
55.358345	-273.660645	-15.363835	2.458407	55.358345	-273.660645	-15.363835
55.358345	-273.660645	-15.363835	2.458407	86.350044	-265.356445	-15.363835
86.350044	-265.356445	-15.363835	2.658407	163.473450	-165.545547	-15.363835
163.473450	-165.545547	-15.363835	3.058407	106.711021	-46.468437	24.465666
106.711021	-46.468437	24.465666	3.058407	112.702583	-106.564743	-68.274849
-87.615829	-191.114456	0.893983	1.858407	8.825986	-273.660645	-1.005356
8.825986	-273.660645	-1.005356	2.458407	55.358345	-273.660645	-15.363835
55.358345	-273.660645	-15.363835	2.458407	55.358345	-273.660645	-15.363835
55.358345	-273.660645	-15.363835	2.458407	86.350044	-265.356445	-15.363835
86.350044	-265.356445	-15.363835	2.658407	163.473450	-165.545547	-15.363835
163.473450	-165.545547	-15.363835	3.058407	106.711021	-46.468437	24.465666
106.711021	-46.468437	24.465666	3.058407	112.702583	-106.564743	-68.274849
