22.301594	73.482689	73.257019	0	0	0.99913515	0.041580682
22.314491	73.435707	73.285721	0	0	-0.69670669	0.71735611
22.285957	73.535446	73.226143	0	0	0.99913515	0.041580682
22.324873	73.393227	73.313034	0	0	-0.69670669	0.71735611
22.266605	73.594841	73.190186	0	0	-0.69670669	0.71735611
22.332747	73.354271	73.339584	0	0	-0.69670669	0.71735611
22.240776	73.664703	73.148628	0	0	-0.69670669	0.71735611
22.198328	73.741348	73.086418	0	0	-0.69670669	0.71735611
22.339205	73.108337	73.380501	0	0	-0.69670669	0.71735611
22.132317	73.839912	73.016983	0	0	-0.69670669	0.71735611
22.020695	73.842255	72.694771	0	0	-0.62160997	0.7833269
21.502537	74.173843	72.851349	0	0	-0.69670669	0.71735611
19.603008	71.822723	74.598732	0	0	0.99913515	0.041580682
21.588760	75.875542	76.390640	0	0	-0.69670669	0.71735611
19.104807	79.529694	73.870773	0	0	0.99913515	0.041580682
14.352168	75.612732	73.257019	0	0	-0.26749883	0.96355818
14.341287	75.572121	73.285721	0	0	-0.82533563	0.56464246
14.364310	75.658043	73.226143	0	0	-0.26749883	0.96355818
14.331362	75.535080	73.313034	0	0	-0.82533563	0.56464246
14.377863	75.708626	73.190186	0	0	-0.82533563	0.56464246
14.322150	75.500702	73.339584	0	0	-0.82533563	0.56464246
14.393598	75.767349	73.148628	0	0	-0.82533563	0.56464246
14.409916	75.828247	73.086418	0	0	-0.82533563	0.56464246
14.261100	75.272858	73.380501	0	0	-0.76484218	0.64421769
14.430135	75.903709	73.016983	0	0	-0.82533563	0.56464246
14.471431	76.057823	72.851349	0	0	-0.69670669	0.71735611
14.423244	75.877983	72.694771	0	0	-0.82533563	0.56464246
27.983250	79.532906	71.763275	0	0	0.99913515	0.041580682
13.756406	73.389320	74.598732	0	0	0.99913515	0.041580682
14.902630	77.667084	76.390640	0	0	-0.69670669	0.71735611
15.649776	80.455467	73.870773	0	0	0.99913515	0.041580682
16.245321	82.678078	71.763275	0	-0	-1	-4.371139e-08
41.469971	62.415817	71.320572	0	0	-0.82533563	0.56464246
41.455235	62.384789	71.352066	0	0	-0.87758258	0.4794255
41.486320	62.450111	71.286461	0	0	-0.82533563	0.56464246
41.441689	62.356125	71.381790	0	0	-0.87758258	0.4794255
41.504192	62.488014	71.246742	0	0	-0.87758258	0.4794255
41.428959	62.329067	71.410423	0	0	-0.87758258	0.4794255
41.524487	62.531246	71.200531	0	0	-0.87758258	0.4794255
41.541889	62.573338	71.132263	0	0	-0.87758258	0.4794255
41.328003	62.145149	71.462189	0	0	-0.76484218	0.64421769
41.562145	62.622093	71.054123	0	0	-0.87758258	0.4794255
41.532158	62.609737	70.827896	0	0	-0.87758258	0.4794255
41.510384	62.589878	70.725861	0	0	-0.87758258	0.4794255
40.167511	59.949802	72.521240	0	0	0.97095818	0.23924928
42.551586	63.772644	74.272911	0	0	-0.76484218	0.64421769
43.297253	65.562180	71.426781	0	0	0.98999249	0.14112005
45.410358	69.471359	70.002731	0	0	0.98999249	0.14112005
24.824291	98.919701	57.200874	0	0	-0.62160997	0.7833269
20.880409	99.976463	57.200874	0	0	-0.62160997	0.7833269
51.838608	83.322975	54.471802	0	0	-0.69670669	0.71735611
55.931530	88.787918	63.754215	0	0	-0.76484218	0.64421769
14.808462	112.530327	67.908600	0	0	-0.62160997	0.7833269
-23.131804	61.308846	73.257019	0	0	-0.62160997	0.7833269
-23.119194	61.261784	73.285721	0	0	-0.62160997	0.7833269
-23.146042	61.361980	73.226143	0	0	-0.62160997	0.7833269
-23.107880	61.219555	73.313034	0	0	-0.62160997	0.7833269
-23.162186	61.422234	73.190186	0	0	-0.62160997	0.7833269
-23.097614	61.181244	73.339584	0	0	-0.62160997	0.7833269
-23.181383	61.493874	73.148628	0	0	-0.62160997	0.7833269
-23.203386	61.575996	73.086418	0	0	-0.62160997	0.7833269
-23.035698	60.950169	73.380501	0	0	-0.62160997	0.7833269
-23.232450	61.684460	73.016983	0	0	-0.62160997	0.7833269
-23.240513	61.714550	72.694771	0	0	-0.62160997	0.7833269
-23.358120	62.153469	72.851349	0	0	-0.62160997	0.7833269
-22.897585	60.434723	74.598732	0	0	0.029199523	0.9995736
-23.777769	63.719616	76.390640	0	0	-0.62160997	0.7833269
-24.263762	65.533363	71.763275	0	0	0.029199523	0.9995736
-24.857700	67.749977	73.870773	0	0	-0.98006658	0.19866933
-29.322069	84.411224	57.200874	0	0	-0.62160997	0.7833269
52.255253	21.601431	68.015808	0	0	-0.95533648	0.29552023
52.246006	21.592802	68.048386	0	0	-0.98006658	0.19866933
52.264824	21.610523	67.980522	0	0	-0.95533648	0.29552023
52.236744	21.584349	68.079132	0	0	-0.98006658	0.19866933
52.274239	21.620098	67.939529	0	0	-0.98006658	0.19866933
52.227077	21.575775	68.108757	0	0	-0.98006658	0.19866933
52.283035	21.629988	67.891914	0	0	-0.98006658	0.19866933
52.281353	21.636023	67.822571	0	0	-0.98006658	0.19866933
52.128025	21.512589	68.168129	0	0	-0.99500417	0.099833397
52.476776	21.727751	68.031441	0	0	-0.82533563	0.56464246
52.271061	21.638079	67.743385	0	0	-0.98006658	0.19866933
51.933838	21.465288	67.526566	0	0	-0.99500417	0.099833397
52.174149	21.614939	67.418594	0	0	-0.98006658	0.19866933
52.883575	21.671331	70.914764	0	0	-0.99500417	0.099833397
49.571110	19.916452	69.354996	0	0	0.90407214	0.42737988
59.062359	25.702314	66.325134	0	0	0.90407214	0.42737988
-33.395660	99.614075	67.908600	0	0	-0.69670669	0.71735611
63.168678	28.767984	59.446659	0	0	-0.92106097	0.38941839
64.385918	30.396955	50.278484	0	0	-0.87758258	0.4794255
-37.685616	115.624397	68.516136	0	0	-0.070737201	0.99749499
22.301594	-10.224715	65.933571	0	-0	-1	-4.371139e-08
22.314491	-10.227564	65.966133	0	0	0.99913515	0.041580682
22.285957	-10.221634	65.898354	0	-0	-1	-4.371139e-08
22.324873	-10.230258	65.996925	0	0	0.99913515	0.041580682
22.266605	-10.218060	65.857506	0	0	0.99913515	0.041580682
22.332747	-10.232859	66.026657	0	0	0.99913515	0.041580682
22.240776	-10.213922	65.810204	0	0	0.99913515	0.041580682
22.339205	-10.238279	66.088615	0	0	0.97095818	0.23924928
22.198328	-10.207937	65.741806	0	0	0.99913515	0.041580682
22.132317	-10.201160	65.664345	0	0	0.99913515	0.041580682
22.020695	-10.173167	65.344368	0	0	0.99913515	0.041580682
21.502537	-10.184243	65.470978	0	0	0.98999249	0.14112005
21.588760	-10.478613	68.835632	0	0	0.94222235	0.33498812
19.603008	-10.353817	67.409218	0	0	-0.92106097	0.38941839
19.104807	-10.232070	66.017639	0	0	-0.95533648	0.29552023
27.983250	-10.049064	63.925865	0	0	0.97095818	0.23924928
14.808462	-9.463733	57.235504	0	-0	-1	-4.371139e-08
24.824291	-8.637432	47.790844	0	0	0.73739371	0.67546319
-0.379279	-13.772803	62.764313	0	0	0.98999249	0.14112005
-0.377153	-13.777575	62.799408	0	0	0.98999249	0.14112005
-0.381590	-13.767614	62.726158	0	0	0.98999249	0.14112005
-0.375154	-13.782062	62.832390	0	0	0.98999249	0.14112005
-0.384270	-13.761599	62.681931	0	0	0.98999249	0.14112005
-0.373239	-13.786363	62.864017	0	0	0	1
-0.387388	-13.754598	62.630451	0	0	0	1
-0.368808	-13.796309	62.937149	0	0	0.94222235	0.33498812
-0.391846	-13.744591	62.556870	0	0	0.98999249	0.14112005
-0.396993	-13.733037	62.471916	0	0	0	1
-0.403123	-13.719275	62.370731	0	0	0	1
-0.411762	-13.699881	62.228123	0	0	0.97095818	0.23924928
-0.416509	-13.689224	62.149761	0	0	0.98999249	0.14112005
-0.296068	-13.959604	64.137848	0	0	0	1
-0.496177	-13.510377	60.834709	0	0	0	1
-0.215402	-14.140690	65.469360	0	0	0.50484609	0.86320938
-1.037916	-12.294229	51.892448	0	0	0	1
1.142098	-14.195839	58.257114	0	0	0.99913515	0.041580682
-1.526871	-11.196571	43.821449	0	0	0	1
-1.752395	-10.690292	40.098808	0	0	0	1
-29.749619	86.006859	-6.680595	0	0	-0.54030229	0.84147099
28.088179	126.876221	-6.680595	0	0	-0.45359611	0.89120736
75.432541	114.190338	-6.680595	0	0	-0.62160997	0.7833269
106.227135	60.852531	-12.068952	0	0	-0.76484218	0.64421769
46.989464	197.416779	68.516136	0	0	-0.36235775	0.93203909
75.432541	-3.048536	-16.090530	0	0	0.97095818	0.23924928
157.278580	-9.096153	53.034050	0	0	0.99913515	0.041580682
157.278580	167.864899	68.516136	0	0	0.99913515	0.041580682
194.096756	104.093948	62.073792	0	0	0.99913515	0.041580682
