8.989370	-1.632049	-0.836268	0	0	-0.54030229	0.84147099
9.021388	-1.600786	-0.777812	0	0	0.029199523	0.9995736
8.920776	-1.669917	-0.766590	0	0	-0.54030229	0.84147099
8.995150	-1.566780	-0.743881	0	0	-0.54030229	0.84147099
8.972365	-1.691060	-0.708627	0	0	0.029199523	0.9995736
8.864103	-1.660219	-0.775673	0	0	-0.54030229	0.84147099
9.028117	-1.579510	-0.696168	0	0	-0.54030229	0.84147099
9.026284	-1.460234	-0.894503	0	0	-0.54030229	0.84147099
9.099595	-1.666850	-0.681129	0	0	0.029199523	0.9995736
8.791378	-1.609265	-0.784196	0	0	-0.54030229	0.84147099
8.807119	-1.537056	-0.750343	0	0	0.029199523	0.9995736
8.995817	-1.558071	-0.625485	0	0	-0.54030229	0.84147099
8.728133	-1.558036	-0.786286	0	0	-0.54030229	0.84147099
9.034375	-1.349121	-0.725368	0	0	-0.54030229	0.84147099
8.669655	-1.504115	-0.789275	0	0	0.029199523	0.9995736
8.907827	-1.713295	-0.451986	0	0	-0.26749883	0.96355818
8.621222	-1.458704	-0.781676	0	0	-0.54030229	0.84147099
8.785903	-1.293820	-0.961268	0	0	-0.54030229	0.84147099
9.060806	-1.491451	-0.448411	0	0	-0.54030229	0.84147099
8.577784	-1.415187	-0.775533	0	0	0.029199523	0.9995736
8.537994	-1.374476	-0.770043	0	0	0.029199523	0.9995736
8.724496	-1.160299	-0.789183	0	0	-0.54030229	0.84147099
8.501369	-1.334930	-0.768067	0	0	0.029199523	0.9995736
8.540075	-1.277197	-0.768689	0	0	0.029199523	0.9995736
8.480500	-1.299263	-0.773767	0	0	0.029199523	0.9995736
8.658051	-1.555301	-0.296981	0	0	-0.54030229	0.84147099
8.745745	-1.024699	-0.969349	0	0	0.029199523	0.9995736
7.459536	-0.744909	-1.665992	0	0	0.029199523	0.9995736
10.502342	-2.713850	-1.766392	0	0	-0.16996714	0.98544973
10.402992	-2.574615	-4.791792	0	0	-0.36235775	0.93203909
10.113741	-2.381811	-5.009976	0	0	-0.45359611	0.89120736
14.626974	-2.716640	-2.997901	0	0	-0.45359611	0.89120736
8.989370	2.506057	5.073559	0	0	0.029199523	0.9995736
8.995150	2.506445	5.073287	0	0	0.029199523	0.9995736
9.021388	2.499569	5.078102	0	0	0.029199523	0.9995736
9.028117	2.475486	5.094965	0	0	0.029199523	0.9995736
8.995817	2.456661	5.108147	0	0	0.029199523	0.9995736
8.920776	2.447909	5.114275	0	0	0.029199523	0.9995736
8.972365	2.406488	5.143278	0	0	-0.070737201	0.99749499
9.060806	2.418166	5.135101	0	0	0.029199523	0.9995736
8.864103	2.458684	5.106730	0	0	0.029199523	0.9995736
9.099595	2.409813	5.140950	0	0	0.029199523	0.9995736
9.034375	2.643798	4.977112	0	0	0.029199523	0.9995736
9.026284	2.648707	4.973674	0	0	0.029199523	0.9995736
8.807119	2.529426	5.057196	0	0	-0.070737201	0.99749499
8.791378	2.496880	5.079985	0	0	0.029199523	0.9995736
8.728133	2.532236	5.055228	0	0	0.029199523	0.9995736
8.669655	2.569823	5.028910	0	0	-0.070737201	0.99749499
8.621222	2.596723	5.010074	0	0	0.029199523	0.9995736
8.785903	2.791742	4.873520	0	0	0.029199523	0.9995736
8.577784	2.623037	4.991649	0	0	-0.070737201	0.99749499
8.724496	2.800483	4.867400	0	0	0.029199523	0.9995736
8.537994	2.647775	4.974327	0	0	-0.070737201	0.99749499
8.540075	2.712414	4.929066	0	0	-0.070737201	0.99749499
8.501369	2.673383	4.956396	0	0	-0.070737201	0.99749499
8.480500	2.699994	4.937763	0	0	-0.070737201	0.99749499
8.745745	2.976122	4.744416	0	0	-0.070737201	0.99749499
8.118479	1.755035	5.599431	0	0	-0.070737201	0.99749499
8.182371	1.532669	5.755132	0	0	-0.070737201	0.99749499
10.464791	2.384612	5.158596	0	0	0.029199523	0.9995736
11.563329	3.326184	4.499300	0	0	-0.070737201	0.99749499
5.771234	1.772947	5.586888	0	0	0.029199523	0.9995736
7.404454	-0.935634	7.483457	0	0	-0.070737201	0.99749499
7.922944	6.839082	1.668390	0	0	0.029199523	0.9995736
7.922944	7.013466	1.917437	0	0	0.029199523	0.9995736
14.626974	2.793920	4.871995	0	0	-0.62160997	0.7833269
9.326048	4.266539	-9.317293	0	0	-0.16996714	0.98544973
13.728490	8.226171	1.462686	0	0	-0.070737201	0.99749499
13.788284	8.285966	1.462686	0	0	-0.070737201	0.99749499
13.443400	8.511261	1.291413	0	0	-0.45359611	0.89120736
9.381191	10.458761	-0.494985	0	0	0.029199523	0.9995736
7.026952	10.820607	4.979615	0	0	-0.69670669	0.71735611
15.641309	10.709170	1.291413	0	0	-0.45359611	0.89120736
1.019006	2.956216	17.394764	0	0	0	1
3.854841	14.334531	11.465214	0	0	-0.69670669	0.71735611
26.030947	-10.769555	12.173467	0	0	0.029199523	0.9995736
15.720142	10.025990	18.388809	0	0	-0.26749883	0.96355818
15.731340	10.021192	18.387798	0	0	-0.26749883	0.96355818
15.694445	10.036738	18.391287	0	0	-0.26749883	0.96355818
15.715305	10.003038	18.404419	0	0	-0.26749883	0.96355818
15.666002	9.995028	18.426538	0	0	-0.26749883	0.96355818
15.674557	9.963901	18.442419	0	0	-0.26749883	0.96355818
15.646215	9.978885	18.443254	0	0	-0.26749883	0.96355818
15.682957	9.932025	18.458807	0	0	-0.26749883	0.96355818
15.789813	9.920947	18.428114	0	0	-0.26749883	0.96355818
15.594956	9.997959	18.449635	0	0	-0.26749883	0.96355818
15.743225	10.173847	18.291067	0	0	-0.26749883	0.96355818
15.695087	10.187571	18.299599	0	0	-0.26749883	0.96355818
15.522955	10.050169	18.443182	0	0	-0.26749883	0.96355818
15.519163	10.088544	18.421240	0	0	-0.26749883	0.96355818
15.458105	10.098618	18.436506	0	0	-0.26749883	0.96355818
15.397458	10.148781	18.427320	0	0	-0.26749883	0.96355818
15.344754	10.186794	18.422722	0	0	-0.26749883	0.96355818
15.514592	10.360610	18.257858	0	0	-0.26749883	0.96355818
15.297246	10.223263	18.417240	0	0	-0.26749883	0.96355818
15.398787	10.399913	18.274570	0	0	-0.26749883	0.96355818
15.253639	10.257363	18.411829	0	0	-0.26749883	0.96355818
15.241373	10.329792	18.372202	0	0	-0.26749883	0.96355818
15.213930	10.291565	18.404991	0	0	-0.26749883	0.96355818
15.191035	10.323724	18.393505	0	0	-0.26749883	0.96355818
15.441297	10.572337	18.155130	0	0	-0.26749883	0.96355818
14.906735	9.369497	19.071680	0	0	-0.26749883	0.96355818
15.066833	9.091234	19.184368	0	0	-0.26749883	0.96355818
13.221597	9.553680	19.549965	0	0	-0.54030229	0.84147099
26.030947	-9.737878	13.646854	0	0	0.029199523	0.9995736
20.731205	8.371636	17.637611	0	0	-0.070737201	0.99749499
21.051704	9.447809	16.872816	0	0	-0.16996714	0.98544973
21.556393	9.285463	16.794569	0	0	-0.54030229	0.84147099
12.946254	15.539710	16.016451	0	0	-0.76484218	0.64421769
18.171391	15.877729	13.982137	0	0	-0.070737201	0.99749499
6.021056	12.148656	19.655409	0	0	-0.69670669	0.71735611
13.405181	3.429904	23.199135	0	0	-0.26749883	0.96355818
10.778876	17.319132	15.696221	0	0	0.029199523	0.9995736
17.282440	17.856392	13.093506	0	0	-0.070737201	0.99749499
6.218840	12.491227	20.220337	0	0	-0.69670669	0.71735611
19.567043	17.508741	12.504472	0	0	-0.45359611	0.89120736
5.843464	17.778927	17.145309	0	0	-0.69670669	0.71735611
-10.516482	10.452512	16.486286	0	0	-0.62160997	0.7833269
1.300800	5.714025	26.051838	0	0	-0.26749883	0.96355818
4.711775	16.669643	24.037926	0	0	-0.69670669	0.71735611
29.605503	-4.578241	22.383459	0	0	0.029199523	0.9995736
7.296267	14.658395	26.075256	0	0	-0.76484218	0.64421769
8.461102	15.823230	26.075256	0	0	-0.76484218	0.64421769
-10.183818	12.344673	26.051838	0	0	-0.62160997	0.7833269
37.076424	14.596797	25.641718	0	0	-0.54030229	0.84147099
37.081207	14.588515	25.641718	0	0	-0.45359611	0.89120736
37.081959	14.587214	25.641718	0	0	-0.45359611	0.89120736
37.068893	14.609840	25.641718	0	0	-0.45359611	0.89120736
37.062840	14.620328	25.641718	0	0	-0.45359611	0.89120736
37.103260	14.550320	25.641718	0	0	-0.54030229	0.84147099
37.055141	14.633663	25.641718	0	0	-0.45359611	0.89120736
37.051537	14.639906	25.641718	0	0	-0.45359611	0.89120736
37.124584	14.513385	25.641718	0	0	-0.54030229	0.84147099
37.038937	14.661730	25.641718	0	0	-0.45359611	0.89120736
37.022594	14.690036	25.641718	0	0	-0.45359611	0.89120736
37.021633	14.691701	25.641718	0	0	-0.54030229	0.84147099
37.016788	14.700090	25.641718	0	0	-0.45359611	0.89120736
36.995262	14.737376	25.641718	0	0	-0.54030229	0.84147099
36.984600	14.755843	25.641718	0	0	-0.45359611	0.89120736
37.191616	14.397278	25.641718	0	0	-0.54030229	0.84147099
36.970695	14.779922	25.641718	0	0	-0.45359611	0.89120736
36.946632	14.821606	25.641718	0	0	-0.54030229	0.84147099
36.914860	14.876636	25.641718	0	0	-0.45359611	0.89120736
36.885155	14.928083	25.641718	0	0	-0.54030229	0.84147099
36.884632	14.928989	25.641718	0	0	-0.45359611	0.89120736
36.857582	14.975845	25.641718	0	0	-0.54030229	0.84147099
36.831299	15.021364	25.641718	0	0	-0.54030229	0.84147099
36.815979	15.047904	25.641718	0	0	-0.54030229	0.84147099
36.811466	15.055720	25.641718	0	0	-0.45359611	0.89120736
36.810638	15.057151	25.641718	0	0	-0.54030229	0.84147099
37.400234	14.035939	25.641718	0	0	-0.45359611	0.89120736
36.758060	15.148219	25.641718	0	0	-0.54030229	0.84147099
38.137180	12.759514	25.641718	0	0	-0.54030229	0.84147099
38.960999	11.332617	25.641718	0	0	-0.62160997	0.7833269
34.667107	18.769859	25.641718	0	0	-0.82533563	0.56464246
40.044010	9.456791	25.641718	0	0	-0.36235775	0.93203909
33.987061	19.947735	25.641718	0	0	-0.36235775	0.93203909
40.403843	8.833541	25.641718	0	0	-0.45359611	0.89120736
33.401035	20.962753	25.641718	0	0	-0.45359611	0.89120736
40.818897	8.114641	25.641718	0	0	-0.36235775	0.93203909
33.147243	21.402338	25.641718	0	0	-0.45359611	0.89120736
31.199194	24.776459	25.641718	0	0	-0.36235775	0.93203909
30.372658	26.208061	25.641718	0	0	-0.36235775	0.93203909
29.891743	27.041031	25.641718	0	0	-0.45359611	0.89120736
29.391533	27.907419	25.641718	0	0	-0.36235775	0.93203909
28.884592	28.785465	25.641718	0	0	-0.26749883	0.96355818
45.299007	0.354865	25.641718	0	0	-0.16996714	0.98544973
28.087692	30.165735	25.641718	0	0	-0.36235775	0.93203909
10.454681	11.499981	43.101597	0	0	-0.76484218	0.64421769
-2.871804	24.826466	35.985714	0	0	-0.76484218	0.64421769
3.539790	31.238060	35.985714	0	0	-0.76484218	0.64421769
44.980904	-23.026241	26.212294	0	0	-0.45359611	0.89120736
-2.230749	24.185411	45.803017	0	0	0.1288445	0.99166481
27.789295	28.834595	43.101597	0	0	-0.87758258	0.4794255
22.127848	41.969879	34.107891	0	0	-0.82533563	0.56464246
29.896257	30.051050	42.888744	0	0	-0.87758258	0.4794255
64.022804	-1.632049	25.554598	0	0	-0.69670669	0.71735611
64.022804	-1.609265	25.554598	0	0	-0.69670669	0.71735611
64.022804	-1.660219	25.554598	0	0	-0.69670669	0.71735611
64.022804	-1.600786	25.554598	0	0	-0.69670669	0.71735611
64.022804	-1.666850	25.554598	0	0	-0.69670669	0.71735611
64.022804	-1.669917	25.554598	0	0	-0.69670669	0.71735611
64.022804	-1.579510	25.554598	0	0	-0.69670669	0.71735611
64.022804	-1.691060	25.554598	0	0	-0.69670669	0.71735611
64.022804	-1.566780	25.554598	0	0	-0.69670669	0.71735611
64.022804	-1.558071	25.554598	0	0	-0.69670669	0.71735611
64.022804	-1.558036	25.554598	0	0	-0.69670669	0.71735611
64.022804	-1.537056	25.554598	0	0	-0.69670669	0.71735611
64.022804	-1.504115	25.554598	0	0	-0.69670669	0.71735611
64.022804	-1.491451	25.554598	0	0	-0.69670669	0.71735611
64.022804	-1.460234	25.554598	0	0	-0.69670669	0.71735611
64.022804	-1.458704	25.554598	0	0	-0.69670669	0.71735611
64.022804	-1.415187	25.554598	0	0	-0.69670669	0.71735611
64.022804	-1.374476	25.554598	0	0	-0.69670669	0.71735611
64.022804	-1.349121	25.554598	0	0	-0.69670669	0.71735611
64.022804	-1.334930	25.554598	0	0	-0.69670669	0.71735611
64.022804	-1.299263	25.554598	0	0	-0.69670669	0.71735611
64.022804	-1.293820	25.554598	0	0	-0.69670669	0.71735611
64.022804	-1.277197	25.554598	0	0	-0.69670669	0.71735611
64.022804	-1.160299	25.554598	0	0	-0.69670669	0.71735611
64.022804	-1.024699	25.554598	0	0	-0.69670669	0.71735611
64.022804	-2.388107	25.554598	0	0	-0.69670669	0.71735611
64.022804	-2.716640	25.554598	0	0	-0.76484218	0.64421769
64.022804	-2.833003	25.554598	0	0	-0.69670669	0.71735611
64.022804	-0.317247	25.554598	0	0	-0.69670669	0.71735611
64.022804	-3.350726	25.554598	0	0	-0.69670669	0.71735611
64.022804	-6.986537	25.554598	0	0	-0.62160997	0.7833269
64.022804	4.171028	25.554598	0	0	-0.87758258	0.4794255
64.022804	-9.410312	25.554598	0	0	-0.62160997	0.7833269
64.022804	6.839082	25.554598	0	0	-0.62160997	0.7833269
64.022804	-10.769555	25.554598	0	0	-0.45359611	0.89120736
64.022804	8.285966	25.554598	0	0	-0.69670669	0.71735611
64.022804	-11.846169	25.554598	0	0	-0.62160997	0.7833269
64.022804	10.709170	25.554598	0	0	-0.62160997	0.7833269
64.022804	10.820607	25.554598	0	0	-0.62160997	0.7833269
64.022804	12.148656	25.554598	0	0	-0.62160997	0.7833269
64.022804	-15.618984	25.554598	0	0	-0.76484218	0.64421769
64.022804	14.334531	25.554598	0	0	-0.62160997	0.7833269
64.022804	15.823230	25.554598	0	0	-0.69670669	0.71735611
64.022804	16.669643	25.554598	0	0	-0.62160997	0.7833269
16.767576	5.187086	62.526176	0	0	0.22720209	0.97384763
31.872442	54.290531	26.008951	0	0	-0.62160997	0.7833269
64.469040	31.238060	30.655096	0	0	-0.69670669	0.71735611
73.977478	-17.565437	25.813822	0	0	-0.82533563	0.56464246
73.977478	-17.565437	25.813822	0	0	-0.76484218	0.64421769
73.977478	-17.565437	25.813822	0	0	-0.69670669	0.71735611
73.977478	-17.565437	25.813822	0	0	0.99913515	0.041580682
73.977478	-17.565437	25.813822	0	0	-0.87758258	0.4794255
77.703621	-11.580448	28.493446	0	0	-0.82533563	0.56464246
65.271072	28.834595	39.822365	0	0	-0.69670669	0.71735611
35.966125	39.012695	62.526176	0	0	-0.070737201	0.99749499
83.406380	-3.275944	37.482979	0	0	-0.76484218	0.64421769
27.526014	70.511620	45.803017	0	0	-0.92106097	0.38941839
55.947063	44.366573	62.526176	0	0	-0.26749883	0.96355818
67.171486	44.366573	61.544167	0	0	-0.26749883	0.96355818
50.160294	76.576454	45.803017	0	0	-0.95533648	0.29552023
65.675560	76.576454	44.445610	0	0	-0.95533648	0.29552023
98.741264	19.659327	58.202969	0	0	0.99913515	0.041580682
-65.396957	87.351624	1.156320	0	0	0.029199523	0.9995736
109.845505	42.117184	39.773426	0	0	-0.92106097	0.38941839
98.309860	126.817970	26.008951	0	0	-0.76484218	0.64421769
-7.411644	200.900726	1.156320	0	0	-0.26749883	0.96355818
194.339157	105.545204	26.008951	0	0	-0.87758258	0.4794255
200.429184	99.455177	26.008951	0	0	-0.87758258	0.4794255
222.655502	55.202034	26.349941	0	0	0.97095818	0.23924928
222.655502	55.202034	26.349941	0	0	0.99913515	0.041580682
222.655502	55.202034	26.349941	0	0	-0.76484218	0.64421769
225.147934	56.641045	26.349941	0	0	-0.98006658	0.19866933
68.489914	221.238495	1.156320	0	0	-0.36235775	0.93203909
176.010727	159.161316	25.813822	0	0	-0.54030229	0.84147099
78.483719	221.238495	15.428956	0	0	-0.36235775	0.93203909
