27.097038	5.804155	-0.503415	0	0	-0.95533648	0.29552023
27.104506	5.828446	-0.512479	0	0	0.99913515	0.041580682
27.091959	5.777737	-0.497418	0	0	0.99913515	0.041580682
27.114079	5.851083	-0.523258	0	0	-0.95533648	0.29552023
27.089270	5.748669	-0.493227	0	0	-0.95533648	0.29552023
27.084969	5.711330	-0.503787	0	0	-0.95533648	0.29552023
27.084400	5.672944	-0.502159	0	0	0.99913515	0.041580682
27.089687	5.629208	-0.504403	0	0	-0.95533648	0.29552023
27.091076	5.590520	-0.506787	0	0	-0.95533648	0.29552023
27.095312	5.548808	-0.511824	0	0	-0.95533648	0.29552023
27.099777	5.494968	-0.537085	0	0	0.99913515	0.041580682
27.101480	5.447176	-0.546142	0	0	0.99913515	0.041580682
27.098471	5.387667	-0.575322	0	0	-0.95533648	0.29552023
27.099846	5.318643	-0.603097	0	0	0.99913515	0.041580682
27.092386	5.249987	-0.623632	0	0	-0.95533648	0.29552023
27.086819	5.172080	-0.649059	0	0	0.99913515	0.041580682
27.069218	5.085164	-0.687044	0	0	-0.95533648	0.29552023
27.030495	4.997990	-0.718128	0	0	0.99913515	0.041580682
26.984627	4.897874	-0.748638	0	0	-0.95533648	0.29552023
26.926720	4.784470	-0.777737	0	0	-0.95533648	0.29552023
26.869911	4.659802	-0.812395	0	0	-0.95533648	0.29552023
26.781109	4.515629	-0.820457	0	0	-0.95533648	0.29552023
26.744844	4.371940	-0.862665	0	0	0.99913515	0.041580682
26.918406	4.201726	-1.104285	0	0	0.99913515	0.041580682
26.461355	4.163075	-0.653484	0	0	0.99913515	0.041580682
27.677816	3.958738	-0.640812	0	0	-0.95533648	0.29552023
28.883291	3.249375	-1.414947	0	0	-0.98006658	0.19866933
30.375986	6.290540	-0.324458	0	0	0.99913515	0.041580682
27.589928	0.689518	-2.350688	0	-0	-1	-4.371139e-08
30.009499	4.122645	4.299475	0	0	-0.92106097	0.38941839
30.022272	4.143873	4.299161	0	0	-0.87758258	0.4794255
29.999470	4.099085	4.297308	0	0	-0.87758258	0.4794255
30.037094	4.163479	4.297038	0	0	-0.92106097	0.38941839
29.991596	4.073009	4.292953	0	0	-0.92106097	0.38941839
29.987335	4.035648	4.282457	0	0	-0.92106097	0.38941839
29.980778	4.000721	4.274206	0	0	-0.87758258	0.4794255
29.979443	3.960807	4.261042	0	0	-0.92106097	0.38941839
29.975946	3.924939	4.250604	0	0	-0.92106097	0.38941839
29.975245	3.886078	4.237424	0	0	-0.92106097	0.38941839
29.981216	3.831368	4.214649	0	0	-0.87758258	0.4794255
29.979376	3.785622	4.199749	0	0	-0.87758258	0.4794255
29.980505	3.723723	4.177393	0	0	-0.92106097	0.38941839
29.983009	3.654047	4.151480	0	0	-0.87758258	0.4794255
29.975965	3.585152	4.131631	0	0	-0.92106097	0.38941839
29.971020	3.506886	4.107229	0	0	-0.87758258	0.4794255
29.960836	3.415687	4.081475	0	0	-0.92106097	0.38941839
29.931898	3.322864	4.066526	0	0	-0.87758258	0.4794255
29.895498	3.217281	4.051633	0	0	-0.92106097	0.38941839
29.847567	3.098119	4.038981	0	0	-0.92106097	0.38941839
29.801117	2.967470	4.021407	0	0	-0.92106097	0.38941839
29.716967	2.820611	4.021019	0	0	-0.92106097	0.38941839
29.686356	2.673657	3.988132	0	0	-0.87758258	0.4794255
29.891159	2.485406	3.798033	0	0	-0.92106097	0.38941839
29.357946	2.490728	4.123235	0	0	0.98999249	0.14112005
30.239988	2.479467	3.584424	0	0	-0.92106097	0.38941839
32.475861	5.078176	3.138414	0	0	0.98999249	0.14112005
31.361963	1.818313	2.672589	0	0	-0.98006658	0.19866933
33.461563	2.262817	3.106488	0	0	-0.95533648	0.29552023
20.423014	-1.230851	2.667641	0	-0	-1	-4.371139e-08
16.138168	3.286429	5.667922	0	0	-0.95533648	0.29552023
18.170595	15.068119	-0.150544	0	0	-0.92106097	0.38941839
18.157822	15.055346	-0.138327	0	0	-0.92106097	0.38941839
18.184465	15.081988	-0.163811	0	0	-0.92106097	0.38941839
18.145552	15.043075	-0.126590	0	0	-0.92106097	0.38941839
18.199053	15.096576	-0.177763	0	0	-0.92106097	0.38941839
18.206053	15.103576	-0.184459	0	0	-0.92106097	0.38941839
18.134733	15.032255	-0.116241	0	0	-0.92106097	0.38941839
18.120834	15.018357	-0.102947	0	0	-0.92106097	0.38941839
18.108379	15.005903	-0.091035	0	0	-0.92106097	0.38941839
18.096367	14.993889	-0.079544	0	0	-0.92106097	0.38941839
18.085161	14.982685	-0.068827	0	0	-0.92106097	0.38941839
18.076513	14.974035	-0.060553	0	0	-0.92106097	0.38941839
18.063673	14.961196	-0.048273	0	0	-0.92106097	0.38941839
18.051800	14.949323	-0.036916	0	0	-0.92106097	0.38941839
18.037706	14.935229	-0.023436	0	0	-0.92106097	0.38941839
18.018332	14.915855	-0.004904	0	0	-0.92106097	0.38941839
17.998039	14.895561	0.014507	0	0	-0.92106097	0.38941839
17.974648	14.872170	0.036881	0	0	-0.92106097	0.38941839
17.941656	14.839179	0.068437	0	0	-0.92106097	0.38941839
17.901587	14.799109	0.106764	0	0	-0.92106097	0.38941839
17.852364	14.749887	0.153845	0	0	-0.92106097	0.38941839
17.801477	14.699000	0.202517	0	0	-0.92106097	0.38941839
17.781828	14.679351	0.221313	0	0	-0.92106097	0.38941839
17.756746	14.654269	0.245304	0	0	-0.95533648	0.29552023
17.724197	14.621720	0.276436	0	0	-0.92106097	0.38941839
17.676311	14.573834	0.322239	0	0	-0.95533648	0.29552023
17.438761	14.336284	0.549457	0	0	-0.95533648	0.29552023
17.127209	14.024733	0.847456	0	0	-0.95533648	0.29552023
19.884501	16.782024	-0.324458	0	0	-0.98006658	0.19866933
29.489458	-7.147223	0.669204	0	-0	-1	-4.371139e-08
14.471179	11.368702	3.387952	0	0	-0.92106097	0.38941839
17.667768	-1.678655	9.752413	0	0	-0.92106097	0.38941839
12.409968	9.307491	5.359503	0	0	-0.95533648	0.29552023
11.126679	8.024202	6.586971	0	0	-0.95533648	0.29552023
32.155006	-2.956501	13.943636	0	0	-0.98006658	0.19866933
32.167450	-2.940827	13.948784	0	0	-0.95533648	0.29552023
32.145172	-2.974683	13.936052	0	0	-0.95533648	0.29552023
32.181992	-2.926798	13.952199	0	0	-0.98006658	0.19866933
32.137577	-2.995257	13.926235	0	0	-0.98006658	0.19866933
32.130795	-3.028292	13.908579	0	0	-0.98006658	0.19866933
32.124420	-3.056626	13.893628	0	0	-0.95533648	0.29552023
32.123569	-3.089730	13.873852	0	0	-0.98006658	0.19866933
32.119892	-3.119644	13.856999	0	0	-0.98006658	0.19866933
32.119019	-3.152511	13.837375	0	0	-0.98006658	0.19866933
32.121384	-3.202708	13.806108	0	0	-0.95533648	0.29552023
32.118267	-3.242151	13.783281	0	0	-0.95533648	0.29552023
32.113880	-3.299278	13.750174	0	0	-0.98006658	0.19866933
32.111835	-3.362377	13.712627	0	0	-0.95533648	0.29552023
32.100033	-3.423510	13.679688	0	0	-0.98006658	0.19866933
32.089798	-3.493334	13.640930	0	0	-0.95533648	0.29552023
32.070187	-3.576768	13.597202	0	0	-0.98006658	0.19866933
32.029533	-3.660597	13.560602	0	0	-0.95533648	0.29552023
31.980343	-3.754958	13.520604	0	0	-0.98006658	0.19866933
31.917879	-3.860470	13.478490	0	0	-0.98006658	0.19866933
31.856125	-3.976572	13.429707	0	0	-0.98006658	0.19866933
31.755981	-4.101102	13.389252	0	0	-0.98006658	0.19866933
31.712147	-4.231678	13.325418	0	0	-0.95533648	0.29552023
32.457401	-4.319745	13.011098	0	0	-0.98006658	0.19866933
31.373077	-4.344277	13.375848	0	0	-0.95533648	0.29552023
31.903946	-4.433483	13.135895	0	0	-0.95533648	0.29552023
33.644539	-4.997345	12.184582	0	0	-0.98006658	0.19866933
35.191517	-2.050201	13.430120	0	0	0.97095818	0.23924928
13.188844	9.850877	10.165066	0	0	-0.99500417	0.099833397
13.071099	9.968622	10.165066	0	0	-0.99500417	0.099833397
15.768538	8.361490	14.419195	0	0	-0.76484218	0.64421769
9.651948	6.549470	7.997553	0	0	0	1
32.062584	5.575704	19.149900	0	0	-0.92106097	0.38941839
24.371334	1.135158	19.149900	0	0	-0.95533648	0.29552023
37.178082	-11.607420	3.106488	0	0	-0.99500417	0.099833397
9.092985	5.990508	11.060565	0	0	0	1
9.038719	5.936242	11.357934	0	0	-0.82533563	0.56464246
21.917572	-15.211876	2.437311	0	0	0.97095818	0.23924928
19.758484	-1.528073	19.149900	0	0	-0.87758258	0.4794255
19.701208	-1.561141	19.149900	0	0	-0.95533648	0.29552023
28.877605	-14.726671	7.953664	0	-0	-1	-4.371139e-08
38.078461	-13.166923	5.678237	0	0	-0.99500417	0.099833397
8.539623	5.437146	14.092888	0	0	-0.99500417	0.099833397
16.172424	-9.018810	15.863028	0	0	0.98999249	0.14112005
6.991164	-4.783273	12.072722	0	0	0.99913515	0.041580682
6.981195	-4.832576	12.079703	0	0	0.99913515	0.041580682
6.981195	-4.832576	12.079703	0	-0	-1	-4.371139e-08
12.247651	15.775428	19.149899	0	0	-0.92106097	0.38941839
10.177509	17.669479	17.951956	0	0	-0.95533648	0.29552023
15.943151	22.056822	19.832273	0	0	-0.87758258	0.4794255
6.373729	-5.584339	15.233695	0	0	0.99913515	0.041580682
8.179830	-11.530859	12.056581	0	-0	-1	-4.371139e-08
47.145649	14.283916	19.149900	0	0	-0.98006658	0.19866933
44.518436	12.437183	22.415569	0	0	-0.87758258	0.4794255
6.858798	-11.176889	12.981578	0	0	0.98999249	0.14112005
27.097038	-16.684397	19.149899	0	0	0.99913515	0.041580682
27.098471	-16.684397	19.149899	0	0	0.99913515	0.041580682
27.095312	-16.684397	19.149899	0	0	0.99913515	0.041580682
27.099777	-16.684397	19.149899	0	-0	-1	-4.371139e-08
27.099846	-16.684397	19.149899	0	-0	-1	-4.371139e-08
27.101480	-16.684397	19.149899	0	-0	-1	-4.371139e-08
27.092386	-16.684397	19.149899	0	0	0.99913515	0.041580682
27.091959	-16.684397	19.149899	0	-0	-1	-4.371139e-08
27.091076	-16.684397	19.149899	0	0	0.99913515	0.041580682
27.089687	-16.684397	19.149899	0	0	0.99913515	0.041580682
27.104506	-16.684397	19.149899	0	-0	-1	-4.371139e-08
27.089270	-16.684397	19.149899	0	0	0.99913515	0.041580682
27.086819	-16.684397	19.149899	0	-0	-1	-4.371139e-08
27.084969	-16.684397	19.149899	0	0	0.99913515	0.041580682
27.084400	-16.684397	19.149899	0	-0	-1	-4.371139e-08
27.114079	-16.684397	19.149899	0	0	0.99913515	0.041580682
27.069218	-16.684397	19.149899	0	0	0.99913515	0.041580682
27.030495	-16.684397	19.149899	0	-0	-1	-4.371139e-08
26.984627	-16.684397	19.149899	0	0	0.99913515	0.041580682
26.926720	-16.684397	19.149899	0	0	0.99913515	0.041580682
26.918406	-16.684397	19.149899	0	0	-0.99500417	0.099833397
26.869911	-16.684397	19.149899	0	0	0.99913515	0.041580682
26.781109	-16.684397	19.149899	0	0	0.99913515	0.041580682
26.744844	-16.684397	19.149899	0	-0	-1	-4.371139e-08
27.677816	-16.684397	19.149899	0	0	0.98999249	0.14112005
26.461355	-16.684397	19.149899	0	0	-0.99500417	0.099833397
19.616167	-22.219679	6.652387	0	0	0.90407214	0.42737988
28.883291	-16.684397	19.149899	0	0	0.99913515	0.041580682
6.066216	-5.077744	17.905043	0	-0	-1	-4.371139e-08
30.375986	-16.684397	19.149899	0	-0	-1	-4.371139e-08
22.239857	-16.684397	19.149899	0	0	-0.98006658	0.19866933
5.628747	-10.847299	13.842869	0	0	0	1
6.950281	3.847804	22.802191	0	0	-0.69670669	0.71735611
11.923934	-3.508173	25.027056	0	0	-0.98006658	0.19866933
20.691774	-16.795221	20.416622	0	0	-0.98006658	0.19866933
5.287865	-10.755960	16.234442	0	0	0	1
22.007685	-21.866442	15.521392	0	0	0.98999249	0.14112005
11.143277	25.096148	20.486628	0	0	0	1
13.575360	-16.684397	19.149899	0	-0	-1	-4.371139e-08
13.188844	-16.684397	19.149899	0	0	-0.99500417	0.099833397
37.178082	-20.815632	16.257177	0	-0	-1	-4.371139e-08
4.977850	-10.061676	19.149900	0	0	0	1
22.028387	32.716160	19.149899	0	0	-0.98006658	0.19866933
15.260356	-13.428081	25.027056	0	0	-0.98006658	0.19866933
10.466734	-16.684397	19.149899	0	0	0.99913515	0.041580682
10.388457	-3.919602	27.915699	0	0	0.99913515	0.041580682
6.239575	3.137098	26.696726	0	0	0	1
4.572009	-14.315187	16.712667	0	0	0	1
9.067991	-16.684397	19.149899	0	0	0.97095818	0.23924928
14.921161	-14.693974	25.027056	0	0	-0.98006658	0.19866933
6.749261	-19.689045	12.691710	0	0	0.98999249	0.14112005
8.414076	-16.684397	19.149899	0	-0	-1	-4.371139e-08
5.040505	-17.980289	14.326137	0	0	0.90407214	0.42737988
11.914877	-7.092571	29.404860	0	0	0.94222235	0.33498812
4.458207	-17.397991	15.528956	0	0	0.98999249	0.14112005
14.921161	-17.179558	24.809595	0	0	0.85688874	0.51550139
7.780998	6.050951	30.511412	0	0	-0.62160997	0.7833269
12.575606	-12.082154	27.915699	0	-0	-1	-4.371139e-08
5.753664	2.651186	29.359432	0	-0	-1	-4.371139e-08
3.778830	-16.684397	19.149899	0	0	0	1
13.318152	-27.402899	11.644723	0	0	0.85688874	0.51550139
3.757740	-16.960432	18.956617	0	0	0	1
6.448288	8.345802	31.610138	0	0	-0.54030229	0.84147099
13.802862	37.555328	17.784075	0	0	-0.98006658	0.19866933
12.575606	-17.410521	27.449528	0	0	-0.98006658	0.19866933
3.447396	-21.022480	16.112341	0	0	0	1
8.956773	-25.604349	19.149900	0	0	0.97095818	0.23924928
8.954150	-25.602835	19.149900	0	0	0.94222235	0.33498812
8.969320	-25.611593	19.149900	0	0	0.97095818	0.23924928
8.961690	-25.607189	19.149900	0	0	0.94222235	0.33498812
8.979890	-25.617697	19.149900	0	0	0.94222235	0.33498812
8.992832	-25.625168	19.149900	0	0	0.94222235	0.33498812
9.009027	-25.634520	19.149900	0	0	0.97095818	0.23924928
9.031932	-25.647743	19.149900	0	0	0.94222235	0.33498812
8.882342	-25.561377	19.149900	0	0	0.94222235	0.33498812
9.049725	-25.658016	19.149900	0	0	0.94222235	0.33498812
9.070964	-25.670279	19.149900	0	0	0.94222235	0.33498812
9.097626	-25.685671	19.149900	0	0	0.97095818	0.23924928
9.119598	-25.698357	19.149900	0	0	0.97095818	0.23924928
9.143109	-25.711931	19.149900	0	0	0.94222235	0.33498812
9.174029	-25.729782	19.149900	0	0	0.97095818	0.23924928
9.195537	-25.742199	19.149900	0	0	0.97095818	0.23924928
9.198163	-25.743715	19.149900	0	0	0.94222235	0.33498812
9.227722	-25.760782	19.149900	0	0	0.97095818	0.23924928
9.252157	-25.774891	19.149900	0	0	0.94222235	0.33498812
9.260862	-25.779917	19.149900	0	0	0.97095818	0.23924928
9.269813	-25.785084	19.149900	0	0	0.94222235	0.33498812
9.275488	-25.788361	19.149900	0	0	0.94222235	0.33498812
9.282691	-25.792519	19.149900	0	0	0.94222235	0.33498812
9.286864	-25.794928	19.149900	0	0	0.94222235	0.33498812
9.317713	-25.812738	19.149900	0	0	0.97095818	0.23924928
9.521587	-25.930445	19.149900	0	0	0.97095818	0.23924928
10.196362	-26.320026	19.149900	0	0	0.94222235	0.33498812
3.312178	-24.993845	13.331561	0	0	0.97095818	0.23924928
11.210289	-26.905418	19.149900	0	0	0.97095818	0.23924928
11.407632	-27.019354	19.149900	0	0	0.90407214	0.42737988
2.935293	-24.050619	15.870576	0	0	0	1
2.806749	-22.053631	19.149900	0	0	0	1
2.793066	-22.212868	19.048550	0	0	0	1
2.685312	-23.466919	18.250370	0	0	0.98999249	0.14112005
2.966496	-24.261692	17.866867	0	0	0	1
4.217919	-27.798857	16.160067	0	0	0	1
2.256460	-22.101984	22.773439	0	0	0	1
8.497807	-25.819550	23.903114	0	0	0.73739371	0.67546319
2.599193	-17.520876	28.710884	0	0	0.73739371	0.67546319
24.061905	-34.325302	19.149900	0	0	0.94222235	0.33498812
5.486424	-24.360977	26.675253	0	0	0.99913515	0.041580682
2.172335	-22.534306	27.533651	0	0	0	1
2.216693	-22.816265	30.071178	0	0	0.94222235	0.33498812
31.265556	47.601395	25.516499	0	0	-0.87758258	0.4794255
32.779205	51.337120	19.149899	0	0	-0.62160997	0.7833269
61.891506	-17.806551	31.976173	0	-0	-1	-4.371139e-08
22.239857	57.422012	17.086670	0	0	-0.54030229	0.84147099
20.691774	53.706169	26.584696	0	0	-0.92106097	0.38941839
4.996487	-25.670168	42.434555	0	0	0.94222235	0.33498812
10.385587	-45.919033	19.149897	0	0	0.98999249	0.14112005
10.385587	-45.919033	19.149897	0	0	0.58850112	0.8084964
10.385587	-45.919033	19.149897	0	0	0.85688874	0.51550139
10.385587	-45.919033	19.149897	0	0	0.97095818	0.23924928
85.016243	-18.937195	44.899479	0	-0	-1	-4.371139e-08
88.880264	36.666119	36.109230	0	0	-0.92106097	0.38941839
99.852859	-16.684397	19.149899	0	0	-0.98006658	0.19866933
21.652990	91.145592	30.177595	0	0	-0.98006658	0.19866933
21.652990	91.145592	30.177595	0	0	-0.45359611	0.89120736
61.891506	83.412018	40.831650	0	0	-0.62160997	0.7833269
22.718889	95.123581	30.652531	0	0	-0.92106097	0.38941839
119.628914	52.977207	50.379765	0	0	-0.87758258	0.4794255
96.734299	93.631821	56.211079	0	0	0.99913515	0.041580682
31.989445	129.721771	34.783241	0	0	-0.95533648	0.29552023
85.016243	112.928108	56.436199	0	0	-0.99500417	0.099833397
154.382965	76.197411	19.149900	0	0	-0.92106097	0.38941839
70.190933	-152.929214	38.719795	0	0	0.99913515	0.041580682
101.652679	169.607193	24.992283	0	0	-0.82533563	0.56464246
46.766571	184.870743	25.174107	0	0	-0.98006658	0.19866933
99.852859	170.646317	25.174107	0	0	-0.82533563	0.56464246
215.466293	51.030838	56.211079	0	0	0.99913515	0.041580682
195.332489	-136.103973	47.812222	0	0	0.99913515	0.041580682
243.332184	-52.966068	56.211079	0	0	0.99913515	0.041580682
