240.339935	-33.132298	18.497087	0.000000	0.000000	3.058407
240.339935	-33.132298	18.497087	0.000000	0.000000	3.058407
240.339935	-33.132298	18.497087	0.000000	0.000000	3.058407
184.262589	-130.261108	8.684823	0.000000	0.000000	3.058407
60.263355	-137.099564	0.305173	0.000000	0.000000	3.058407
5.702731	35.978050	3.585720	0.000000	0.000000	-0.741593
105.721390	101.486244	18.497087	0.000000	0.000000	3.058407
218.284012	49.181519	18.497087	0.000000	0.000000	3.058407
240.339935	-33.132298	18.497087	0.000000	0.000000	3.058407
240.339935	-33.132298	18.497087	0.000000	0.000000	3.058407
240.339935	-33.132298	18.497087	0.000000	0.000000	3.058407
184.262589	-130.261108	8.684823	0.000000	0.000000	3.058407
60.263355	-137.099564	0.305173	0.000000	0.000000	3.058407
5.702731	35.978050	3.585720	0.000000	0.000000	-0.741593
105.721390	101.486244	18.497087	0.000000	0.000000	3.058407
218.284012	49.181519	18.497087	0.000000	0.000000	3.058407
240.339935	-33.132298	18.497087	0.000000	0.000000	3.058407
240.339935	-33.132298	18.497087	0.000000	0.000000	3.058407
240.339935	-33.132298	18.497087	0.000000	0.000000	3.058407
184.262589	-130.261108	8.684823	0.000000	0.000000	3.058407
60.263355	-137.099564	0.305173	0.000000	0.000000	3.058407
5.702731	35.978050	3.585720	0.000000	0.000000	-0.741593
105.721390	101.486244	18.497087	0.000000	0.000000	3.058407
218.284012	49.181519	18.497087	0.000000	0.000000	3.058407
240.339935	-33.132298	18.497087	0.000000	0.000000	3.058407
240.339935	-33.132298	18.497087	0.000000	0.000000	3.058407
240.339935	-33.132298	18.497087	0.000000	0.000000	3.058407
184.262589	-130.261108	8.684823	0.000000	0.000000	3.058407
60.263355	-137.099564	0.305173	0.000000	0.000000	3.058407
5.702731	35.978050	3.585720	0.000000	0.000000	-0.741593
105.721390	101.486244	18.497087	0.000000	0.000000	3.058407
218.284012	49.181519	18.497087	0.000000	0.000000	3.058407
240.339935	-33.132298	18.497087	0.000000	0.000000	3.058407
240.339935	-33.132298	18.497087	0.000000	0.000000	3.058407
240.339935	-33.132298	18.497087	0.000000	0.000000	3.058407
184.262589	-130.261108	8.684823	0.000000	0.000000	3.058407
60.263355	-137.099564	0.305173	0.000000	0.000000	3.058407
5.702731	35.978050	3.585720	0.000000	0.000000	-0.741593
105.721390	101.486244	18.497087	0.000000	0.000000	3.058407
218.284012	49.181519	18.497087	0.000000	0.000000	3.058407
240.339935	-33.132298	18.497087	0.000000	0.000000	3.058407
240.339935	-33.132298	18.497087	0.000000	0.000000	3.058407
240.339935	-33.132298	18.497087	0.000000	0.000000	3.058407
184.262589	-130.261108	8.684823	0.000000	0.000000	3.058407
60.263355	-137.099564	0.305173	0.000000	0.000000	3.058407
5.702731	35.978050	3.585720	0.000000	0.000000	-0.741593
105.721390	101.486244	18.497087	0.000000	0.000000	3.058407
218.284012	49.181519	18.497087	0.000000	0.000000	3.058407
240.339935	-33.132298	18.497087	0.000000	0.000000	3.058407
240.339935	-33.132298	18.497087	0.000000	0.000000	3.058407
240.339935	-33.132298	18.497087	0.000000	0.000000	3.058407
184.262589	-130.261108	8.684823	0.000000	0.000000	3.058407
60.263355	-137.099564	0.305173	0.000000	0.000000	3.058407
5.702731	35.978050	3.585720	0.000000	0.000000	-0.741593
105.721390	101.486244	18.497087	0.000000	0.000000	3.058407
218.284012	49.181519	18.497087	0.000000	0.000000	3.058407
240.339935	-33.132298	18.497087	0.000000	0.000000	3.058407
240.339935	-33.132298	18.497087	0.000000	0.000000	3.058407
240.339935	-33.132298	18.497087	0.000000	0.000000	3.058407
184.262589	-130.261108	8.684823	0.000000	0.000000	3.058407
60.263355	-137.099564	0.305173	0.000000	0.000000	3.058407
5.702731	35.978050	3.585720	0.000000	0.000000	-0.741593
105.721390	101.486244	18.497087	0.000000	0.000000	3.058407
218.284012	49.181519	18.497087	0.000000	0.000000	3.058407
240.339935	-33.132298	18.497087	0.000000	0.000000	3.058407
240.339935	-33.132298	18.497087	0.000000	0.000000	3.058407
240.339935	-33.132298	18.497087	0.000000	0.000000	3.058407
184.262589	-130.261108	8.684823	0.000000	0.000000	3.058407
60.263355	-137.099564	0.305173	0.000000	0.000000	3.058407
5.702731	35.978050	3.585720	0.000000	0.000000	-0.741593
105.721390	101.486244	18.497087	0.000000	0.000000	3.058407
218.284012	49.181519	18.497087	0.000000	0.000000	3.058407
240.339935	-33.132298	18.497087	0.000000	0.000000	3.058407
240.339935	-33.132298	18.497087	0.000000	0.000000	3.058407
240.339935	-33.132298	18.497087	0.000000	0.000000	3.058407
184.262589	-130.261108	8.684823	0.000000	0.000000	3.058407
60.263355	-137.099564	0.305173	0.000000	0.000000	3.058407
5.702731	35.978050	3.585720	0.000000	0.000000	-0.741593
105.721390	101.486244	18.497087	0.000000	0.000000	3.058407
218.284012	49.181519	18.497087	0.000000	0.000000	3.058407
240.339935	-33.132298	18.497087	0.000000	0.000000	3.058407
240.339935	-33.132298	18.497087	0.000000	0.000000	3.058407
240.339935	-33.132298	18.497087	0.000000	0.000000	3.058407
184.262589	-130.261108	8.684823	0.000000	0.000000	3.058407
60.263355	-137.099564	0.305173	0.000000	0.000000	3.058407
5.702731	35.978050	3.585720	0.000000	0.000000	-0.741593
105.721390	101.486244	18.497087	0.000000	0.000000	3.058407
218.284012	49.181519	18.497087	0.000000	0.000000	3.058407
240.339935	-33.132298	18.497087	0.000000	0.000000	3.058407
240.339935	-33.132298	18.497087	0.000000	0.000000	3.058407
240.339935	-33.132298	18.497087	0.000000	0.000000	3.058407
184.262589	-130.261108	8.684823	0.000000	0.000000	3.058407
60.263355	-137.099564	0.305173	0.000000	0.000000	3.058407
5.702731	35.978050	3.585720	0.000000	0.000000	-0.741593
105.721390	101.486244	18.497087	0.000000	0.000000	3.058407
218.284012	49.181519	18.497087	0.000000	0.000000	3.058407
240.339935	-33.132298	18.497087	0.000000	0.000000	3.058407
240.339935	-33.132298	18.497087	0.000000	0.000000	3.058407
240.339935	-33.132298	18.497087	0.000000	0.000000	3.058407
184.262589	-130.261108	8.684823	0.000000	0.000000	3.058407
60.263355	-137.099564	0.305173	0.000000	0.000000	3.058407
5.702731	35.978050	3.585720	0.000000	0.000000	-0.741593
105.721390	101.486244	18.497087	0.000000	0.000000	3.058407
218.284012	49.181519	18.497087	0.000000	0.000000	3.058407
240.339935	-33.132298	18.497087	0.000000	0.000000	3.058407
240.339935	-33.132298	18.497087	0.000000	0.000000	3.058407
240.339935	-33.132298	18.497087	0.000000	0.000000	3.058407
184.262589	-130.261108	8.684823	0.000000	0.000000	3.058407
60.263355	-137.099564	0.305173	0.000000	0.000000	3.058407
5.702731	35.978050	3.585720	0.000000	0.000000	-0.741593
105.721390	101.486244	18.497087	0.000000	0.000000	3.058407
218.284012	49.181519	18.497087	0.000000	0.000000	3.058407
240.339935	-33.132298	18.497087	0.000000	0.000000	3.058407
240.339935	-33.132298	18.497087	0.000000	0.000000	3.058407
240.339935	-33.132298	18.497087	0.000000	0.000000	3.058407
184.262589	-130.261108	8.684823	0.000000	0.000000	3.058407
60.263355	-137.099564	0.305173	0.000000	0.000000	3.058407
5.702731	35.978050	3.585720	0.000000	0.000000	-0.741593
105.721390	101.486244	18.497087	0.000000	0.000000	3.058407
218.284012	49.181519	18.497087	0.000000	0.000000	3.058407
240.339935	-33.132298	18.497087	0.000000	0.000000	3.058407
240.339935	-33.132298	18.497087	0.000000	0.000000	3.058407
240.339935	-33.132298	18.497087	0.000000	0.000000	3.058407
184.262589	-130.261108	8.684823	0.000000	0.000000	3.058407
60.263355	-137.099564	0.305173	0.000000	0.000000	3.058407
5.702731	35.978050	3.585720	0.000000	0.000000	-0.741593
105.721390	101.486244	18.497087	0.000000	0.000000	3.058407
218.284012	49.181519	18.497087	0.000000	0.000000	3.058407
240.339935	-33.132298	18.497087	0.000000	0.000000	3.058407
240.339935	-33.132298	18.497087	0.000000	0.000000	3.058407
240.339935	-33.132298	18.497087	0.000000	0.000000	3.058407
184.262589	-130.261108	8.684823	0.000000	0.000000	3.058407
60.263355	-137.099564	0.305173	0.000000	0.000000	3.058407
5.702731	35.978050	3.585720	0.000000	0.000000	-0.741593
105.721390	101.486244	18.497087	0.000000	0.000000	3.058407
218.284012	49.181519	18.497087	0.000000	0.000000	3.058407
240.339935	-33.132298	18.497087	0.000000	0.000000	3.058407
240.339935	-33.132298	18.497087	0.000000	0.000000	3.058407
240.339935	-33.132298	18.497087	0.000000	0.000000	3.058407
184.262589	-130.261108	8.684823	0.000000	0.000000	3.058407
60.263355	-137.099564	0.305173	0.000000	0.000000	3.058407
5.702731	35.978050	3.585720	0.000000	0.000000	-0.741593
105.721390	101.486244	18.497087	0.000000	0.000000	3.058407
218.284012	49.181519	18.497087	0.000000	0.000000	3.058407
240.339935	-33.132298	18.497087	0.000000	0.000000	3.058407
240.339935	-33.132298	18.497087	0.000000	0.000000	3.058407
240.339935	-33.132298	18.497087	0.000000	0.000000	3.058407
184.262589	-130.261108	8.684823	0.000000	0.000000	3.058407
60.263355	-137.099564	0.305173	0.000000	0.000000	3.058407
5.702731	35.978050	3.585720	0.000000	0.000000	-0.741593
105.721390	101.486244	18.497087	0.000000	0.000000	3.058407
218.284012	49.181519	18.497087	0.000000	0.000000	3.058407
240.339935	-33.132298	18.497087	0.000000	0.000000	3.058407
240.339935	-33.132298	18.497087	0.000000	0.000000	3.058407
240.339935	-33.132298	18.497087	0.000000	0.000000	3.058407
184.262589	-130.261108	8.684823	0.000000	0.000000	3.058407
60.263355	-137.099564	0.305173	0.000000	0.000000	3.058407
5.702731	35.978050	3.585720	0.000000	0.000000	-0.741593
105.721390	101.486244	18.497087	0.000000	0.000000	3.058407
218.284012	49.181519	18.497087	0.000000	0.000000	3.058407
