-51.589401	-215.445999	24.628504	1.858407	50.805050	-288.351929	22.985792
50.805050	-288.351929	22.985792	2.458407	74.687370	-288.351929	-11.121693
74.687370	-288.351929	-11.121693	2.458407	74.687370	-288.351929	-11.121693
74.687370	-288.351929	-11.121693	2.458407	124.616798	-274.973389	-11.121693
124.616798	-274.973389	-11.121693	2.658407	193.721329	-169.317978	-11.121693
193.721329	-169.317978	-11.121693	3.058407	-191.166000	-133.639267	39.261189
-51.589401	-215.445999	24.628504	1.858407	50.805050	-288.351929	22.985792
50.805050	-288.351929	22.985792	2.458407	74.687370	-288.351929	-11.121693
74.687370	-288.351929	-11.121693	2.458407	74.687370	-288.351929	-11.121693
74.687370	-288.351929	-11.121693	2.458407	124.616798	-274.973389	-11.121693
124.616798	-274.973389	-11.121693	2.658407	193.721329	-169.317978	-11.121693
193.721329	-169.317978	-11.121693	3.058407	-191.166000	-133.639267	39.261189
-51.589401	-215.445999	24.628504	1.858407	50.805050	-288.351929	22.985792
50.805050	-288.351929	22.985792	2.458407	74.687370	-288.351929	-11.121693
74.687370	-288.351929	-11.121693	2.458407	74.687370	-288.351929	-11.121693
74.687370	-288.351929	-11.121693	2.458407	124.616798	-274.973389	-11.121693
124.616798	-274.973389	-11.121693	2.658407	193.721329	-169.317978	-11.121693
193.721329	-169.317978	-11.121693	3.058407	-191.166000	-133.639267	39.261189
-51.589401	-215.445999	24.628504	1.858407	50.805050	-288.351929	22.985792
50.805050	-288.351929	22.985792	2.458407	74.687370	-288.351929	-11.121693
74.687370	-288.351929	-11.121693	2.458407	74.687370	-288.351929	-11.121693
74.687370	-288.351929	-11.121693	2.458407	124.616798	-274.973389	-11.121693
124.616798	-274.973389	-11.121693	2.658407	193.721329	-169.317978	-11.121693
193.721329	-169.317978	-11.121693	3.058407	-191.166000	-133.639267	39.261189
-51.589401	-215.445999	24.628504	1.858407	50.805050	-288.351929	22.985792
50.805050	-288.351929	22.985792	2.458407	74.687370	-288.351929	-11.121693
74.687370	-288.351929	-11.121693	2.458407	74.687370	-288.351929	-11.121693
74.687370	-288.351929	-11.121693	2.458407	124.616798	-274.973389	-11.121693
124.616798	-274.973389	-11.121693	2.658407	193.721329	-169.317978	-11.121693
193.721329	-169.317978	-11.121693	3.058407	-191.166000	-133.639267	39.261189
-51.589401	-215.445999	24.628504	1.858407	50.805050	-288.351929	22.985792
50.805050	-288.351929	22.985792	2.458407	74.687370	-288.351929	-11.121693
74.687370	-288.351929	-11.121693	2.458407	74.687370	-288.351929	-11.121693
74.687370	-288.351929	-11.121693	2.458407	124.616798	-274.973389	-11.121693
124.616798	-274.973389	-11.121693	2.658407	193.721329	-169.317978	-11.121693
193.721329	-169.317978	-11.121693	3.058407	-191.166000	-133.639267	39.261189
-51.589401	-215.445999	24.628504	1.858407	50.805050	-288.351929	22.985792
50.805050	-288.351929	22.985792	2.458407	74.687370	-288.351929	-11.121693
74.687370	-288.351929	-11.121693	2.458407	74.687370	-288.351929	-11.121693
74.687370	-288.351929	-11.121693	2.458407	124.616798	-274.973389	-11.121693
124.616798	-274.973389	-11.121693	2.658407	193.721329	-169.317978	-11.121693
193.721329	-169.317978	-11.121693	3.058407	-191.166000	-133.639267	39.261189
-51.589401	-215.445999	24.628504	1.858407	50.805050	-288.351929	22.985792
50.805050	-288.351929	22.985792	2.458407	74.687370	-288.351929	-11.121693
74.687370	-288.351929	-11.121693	2.458407	74.687370	-288.351929	-11.121693
74.687370	-288.351929	-11.121693	2.458407	124.616798	-274.973389	-11.121693
124.616798	-274.973389	-11.121693	2.658407	193.721329	-169.317978	-11.121693
193.721329	-169.317978	-11.121693	3.058407	-191.166000	-133.639267	39.261189
-51.589401	-215.445999	24.628504	1.858407	50.805050	-288.351929	22.985792
50.805050	-288.351929	22.985792	2.458407	74.687370	-288.351929	-11.121693
74.687370	-288.351929	-11.121693	2.458407	74.687370	-288.351929	-11.121693
74.687370	-288.351929	-11.121693	2.458407	124.616798	-274.973389	-11.121693
124.616798	-274.973389	-11.121693	2.658407	193.721329	-169.317978	-11.121693
193.721329	-169.317978	-11.121693	3.058407	-191.166000	-133.639267	39.261189
-51.589401	-215.445999	24.628504	1.858407	50.805050	-288.351929	22.985792
50.805050	-288.351929	22.985792	2.458407	74.687370	-288.351929	-11.121693
74.687370	-288.351929	-11.121693	2.458407	74.687370	-288.351929	-11.121693
74.687370	-288.351929	-11.121693	2.458407	124.616798	-274.973389	-11.121693
124.616798	-274.973389	-11.121693	2.658407	193.721329	-169.317978	-11.121693
193.721329	-169.317978	-11.121693	3.058407	-191.166000	-133.639267	39.261189
-51.589401	-215.445999	24.628504	1.858407	50.805050	-288.351929	22.985792
50.805050	-288.351929	22.985792	2.458407	74.687370	-288.351929	-11.121693
74.687370	-288.351929	-11.121693	2.458407	74.687370	-288.351929	-11.121693
74.687370	-288.351929	-11.121693	2.458407	124.616798	-274.973389	-11.121693
124.616798	-274.973389	-11.121693	2.658407	193.721329	-169.317978	-11.121693
193.721329	-169.317978	-11.121693	3.058407	-191.166000	-133.639267	39.261189
-51.589401	-215.445999	24.628504	1.858407	50.805050	-288.351929	22.985792
50.805050	-288.351929	22.985792	2.458407	74.687370	-288.351929	-11.121693
74.687370	-288.351929	-11.121693	2.458407	74.687370	-288.351929	-11.121693
74.687370	-288.351929	-11.121693	2.458407	124.616798	-274.973389	-11.121693
124.616798	-274.973389	-11.121693	2.658407	193.721329	-169.317978	-11.121693
193.721329	-169.317978	-11.121693	3.058407	-191.166000	-133.639267	39.261189
-51.589401	-215.445999	24.628504	1.858407	50.805050	-288.351929	22.985792
50.805050	-288.351929	22.985792	2.458407	74.687370	-288.351929	-11.121693
74.687370	-288.351929	-11.121693	2.458407	74.687370	-288.351929	-11.121693
74.687370	-288.351929	-11.121693	2.458407	124.616798	-274.973389	-11.121693
124.616798	-274.973389	-11.121693	2.658407	193.721329	-169.317978	-11.121693
193.721329	-169.317978	-11.121693	3.058407	-191.166000	-133.639267	39.261189
-51.589401	-215.445999	24.628504	1.858407	50.805050	-288.351929	22.985792
50.805050	-288.351929	22.985792	2.458407	74.687370	-288.351929	-11.121693
74.687370	-288.351929	-11.121693	2.458407	74.687370	-288.351929	-11.121693
74.687370	-288.351929	-11.121693	2.458407	124.616798	-274.973389	-11.121693
124.616798	-274.973389	-11.121693	2.658407	193.721329	-169.317978	-11.121693
193.721329	-169.317978	-11.121693	3.058407	-191.166000	-133.639267	39.261189
-51.589401	-215.445999	24.628504	1.858407	50.805050	-288.351929	22.985792
50.805050	-288.351929	22.985792	2.458407	74.687370	-288.351929	-11.121693
74.687370	-288.351929	-11.121693	2.458407	74.687370	-288.351929	-11.121693
74.687370	-288.351929	-11.121693	2.458407	124.616798	-274.973389	-11.121693
124.616798	-274.973389	-11.121693	2.658407	193.721329	-169.317978	-11.121693
193.721329	-169.317978	-11.121693	3.058407	-191.166000	-133.639267	39.261189
-51.589401	-215.445999	24.628504	1.858407	50.805050	-288.351929	22.985792
50.805050	-288.351929	22.985792	2.458407	74.687370	-288.351929	-11.121693
74.687370	-288.351929	-11.121693	2.458407	74.687370	-288.351929	-11.121693
74.687370	-288.351929	-11.121693	2.458407	124.616798	-274.973389	-11.121693
124.616798	-274.973389	-11.121693	2.658407	193.721329	-169.317978	-11.121693
193.721329	-169.317978	-11.121693	3.058407	-191.166000	-133.639267	39.261189
-51.589401	-215.445999	24.628504	1.858407	50.805050	-288.351929	22.985792
50.805050	-288.351929	22.985792	2.458407	74.687370	-288.351929	-11.121693
74.687370	-288.351929	-11.121693	2.458407	74.687370	-288.351929	-11.121693
74.687370	-288.351929	-11.121693	2.458407	124.616798	-274.973389	-11.121693
124.616798	-274.973389	-11.121693	2.658407	193.721329	-169.317978	-11.121693
193.721329	-169.317978	-11.121693	3.058407	-191.166000	-133.639267	39.261189
-51.589401	-215.445999	24.628504	1.858407	50.805050	-288.351929	22.985792
50.805050	-288.351929	22.985792	2.458407	74.687370	-288.351929	-11.121693
74.687370	-288.351929	-11.121693	2.458407	74.687370	-288.351929	-11.121693
74.687370	-288.351929	-11.121693	2.458407	124.616798	-274.973389	-11.121693
124.616798	-274.973389	-11.121693	2.658407	193.721329	-169.317978	-11.121693
193.721329	-169.317978	-11.121693	3.058407	-191.166000	-133.639267	39.261189
-51.589401	-215.445999	24.628504	1.858407	50.805050	-288.351929	22.985792
50.805050	-288.351929	22.985792	2.458407	74.687370	-288.351929	-11.121693
74.687370	-288.351929	-11.121693	2.458407	74.687370	-288.351929	-11.121693
74.687370	-288.351929	-11.121693	2.458407	124.616798	-274.973389	-11.121693
124.616798	-274.973389	-11.121693	2.658407	193.721329	-169.317978	-11.121693
193.721329	-169.317978	-11.121693	3.058407	-191.166000	-133.639267	39.261189
-51.589401	-215.445999	24.628504	1.858407	50.805050	-288.351929	22.985792
50.805050	-288.351929	22.985792	2.458407	74.687370	-288.351929	-11.121693
74.687370	-288.351929	-11.121693	2.458407	74.687370	-288.351929	-11.121693
74.687370	-288.351929	-11.121693	2.458407	124.616798	-274.973389	-11.121693
124.616798	-274.973389	-11.121693	2.658407	193.721329	-169.317978	-11.121693
193.721329	-169.317978	-11.121693	3.058407	-191.166000	-133.639267	39.261189
