33.064724	94.268898	72.255318	0.000000	0.000000	3.058407
-9.822518	-5.645607	60.956001	0.000000	0.000000	3.058407
-190.936981	25.378611	90.237968	0.000000	0.000000	0.858407
-197.647949	144.332657	90.237968	0.000000	0.000000	0.258407
-144.940399	197.040207	90.237968	0.000000	0.000000	-0.141593
-144.940399	197.040207	90.237968	0.000000	0.000000	-0.141593
-144.940399	197.040207	90.237968	0.000000	0.000000	-0.141593
-30.087517	197.040207	80.189644	0.000000	0.000000	-0.541593
33.064724	94.268898	72.255318	0.000000	0.000000	3.058407
-9.822518	-5.645607	60.956001	0.000000	0.000000	3.058407
-190.936981	25.378611	90.237968	0.000000	0.000000	0.858407
-197.647949	144.332657	90.237968	0.000000	0.000000	0.258407
-144.940399	197.040207	90.237968	0.000000	0.000000	-0.141593
-144.940399	197.040207	90.237968	0.000000	0.000000	-0.141593
-144.940399	197.040207	90.237968	0.000000	0.000000	-0.141593
-30.087517	197.040207	80.189644	0.000000	0.000000	-0.541593
33.064724	94.268898	72.255318	0.000000	0.000000	3.058407
-9.822518	-5.645607	60.956001	0.000000	0.000000	3.058407
-190.936981	25.378611	90.237968	0.000000	0.000000	0.858407
-197.647949	144.332657	90.237968	0.000000	0.000000	0.258407
-144.940399	197.040207	90.237968	0.000000	0.000000	-0.141593
-144.940399	197.040207	90.237968	0.000000	0.000000	-0.141593
-144.940399	197.040207	90.237968	0.000000	0.000000	-0.141593
-30.087517	197.040207	80.189644	0.000000	0.000000	-0.541593
33.064724	94.268898	72.255318	0.000000	0.000000	3.058407
-9.822518	-5.645607	60.956001	0.000000	0.000000	3.058407
-190.936981	25.378611	90.237968	0.000000	0.000000	0.858407
-197.647949	144.332657	90.237968	0.000000	0.000000	0.258407
-144.940399	197.040207	90.237968	0.000000	0.000000	-0.141593
-144.940399	197.040207	90.237968	0.000000	0.000000	-0.141593
-144.940399	197.040207	90.237968	0.000000	0.000000	-0.141593
-30.087517	197.040207	80.189644	0.000000	0.000000	-0.541593
33.064724	94.268898	72.255318	0.000000	0.000000	3.058407
-9.822518	-5.645607	60.956001	0.000000	0.000000	3.058407
-190.936981	25.378611	90.237968	0.000000	0.000000	0.858407
-197.647949	144.332657	90.237968	0.000000	0.000000	0.258407
-144.940399	197.040207	90.237968	0.000000	0.000000	-0.141593
-144.940399	197.040207	90.237968	0.000000	0.000000	-0.141593
-144.940399	197.040207	90.237968	0.000000	0.000000	-0.141593
-30.087517	197.040207	80.189644	0.000000	0.000000	-0.541593
33.064724	94.268898	72.255318	0.000000	0.000000	3.058407
-9.822518	-5.645607	60.956001	0.000000	0.000000	3.058407
-190.936981	25.378611	90.237968	0.000000	0.000000	0.858407
-197.647949	144.332657	90.237968	0.000000	0.000000	0.258407
-144.940399	197.040207	90.237968	0.000000	0.000000	-0.141593
-144.940399	197.040207	90.237968	0.000000	0.000000	-0.141593
-144.940399	197.040207	90.237968	0.000000	0.000000	-0.141593
-30.087517	197.040207	80.189644	0.000000	0.000000	-0.541593
33.064724	94.268898	72.255318	0.000000	0.000000	3.058407
-9.822518	-5.645607	60.956001	0.000000	0.000000	3.058407
-190.936981	25.378611	90.237968	0.000000	0.000000	0.858407
-197.647949	144.332657	90.237968	0.000000	0.000000	0.258407
-144.940399	197.040207	90.237968	0.000000	0.000000	-0.141593
-144.940399	197.040207	90.237968	0.000000	0.000000	-0.141593
-144.940399	197.040207	90.237968	0.000000	0.000000	-0.141593
-30.087517	197.040207	80.189644	0.000000	0.000000	-0.541593
33.064724	94.268898	72.255318	0.000000	0.000000	3.058407
-9.822518	-5.645607	60.956001	0.000000	0.000000	3.058407
-190.936981	25.378611	90.237968	0.000000	0.000000	0.858407
-197.647949	144.332657	90.237968	0.000000	0.000000	0.258407
-144.940399	197.040207	90.237968	0.000000	0.000000	-0.141593
-144.940399	197.040207	90.237968	0.000000	0.000000	-0.141593
-144.940399	197.040207	90.237968	0.000000	0.000000	-0.141593
-30.087517	197.040207	80.189644	0.000000	0.000000	-0.541593
33.064724	94.268898	72.255318	0.000000	0.000000	3.058407
-9.822518	-5.645607	60.956001	0.000000	0.000000	3.058407
-190.936981	25.378611	90.237968	0.000000	0.000000	0.858407
-197.647949	144.332657	90.237968	0.000000	0.000000	0.258407
-144.940399	197.040207	90.237968	0.000000	0.000000	-0.141593
-144.940399	197.040207	90.237968	0.000000	0.000000	-0.141593
-144.940399	197.040207	90.237968	0.000000	0.000000	-0.141593
-30.087517	197.040207	80.189644	0.000000	0.000000	-0.541593
33.064724	94.268898	72.255318	0.000000	0.000000	3.058407
-9.822518	-5.645607	60.956001	0.000000	0.000000	3.058407
-190.936981	25.378611	90.237968	0.000000	0.000000	0.858407
-197.647949	144.332657	90.237968	0.000000	0.000000	0.258407
-144.940399	197.040207	90.237968	0.000000	0.000000	-0.141593
-144.940399	197.040207	90.237968	0.000000	0.000000	-0.141593
-144.940399	197.040207	90.237968	0.000000	0.000000	-0.141593
-30.087517	197.040207	80.189644	0.000000	0.000000	-0.541593
33.064724	94.268898	72.255318	0.000000	0.000000	3.058407
-9.822518	-5.645607	60.956001	0.000000	0.000000	3.058407
-190.936981	25.378611	90.237968	0.000000	0.000000	0.858407
-197.647949	144.332657	90.237968	0.000000	0.000000	0.258407
-144.940399	197.040207	90.237968	0.000000	0.000000	-0.141593
-144.940399	197.040207	90.237968	0.000000	0.000000	-0.141593
-144.940399	197.040207	90.237968	0.000000	0.000000	-0.141593
-30.087517	197.040207	80.189644	0.000000	0.000000	-0.541593
33.064724	94.268898	72.255318	0.000000	0.000000	3.058407
-9.822518	-5.645607	60.956001	0.000000	0.000000	3.058407
-190.936981	25.378611	90.237968	0.000000	0.000000	0.858407
-197.647949	144.332657	90.237968	0.000000	0.000000	0.258407
-144.940399	197.040207	90.237968	0.000000	0.000000	-0.141593
-144.940399	197.040207	90.237968	0.000000	0.000000	-0.141593
-144.940399	197.040207	90.237968	0.000000	0.000000	-0.141593
-30.087517	197.040207	80.189644	0.000000	0.000000	-0.541593
33.064724	94.268898	72.255318	0.000000	0.000000	3.058407
-9.822518	-5.645607	60.956001	0.000000	0.000000	3.058407
-190.936981	25.378611	90.237968	0.000000	0.000000	0.858407
-197.647949	144.332657	90.237968	0.000000	0.000000	0.258407
-144.940399	197.040207	90.237968	0.000000	0.000000	-0.141593
-144.940399	197.040207	90.237968	0.000000	0.000000	-0.141593
-144.940399	197.040207	90.237968	0.000000	0.000000	-0.141593
-30.087517	197.040207	80.189644	0.000000	0.000000	-0.541593
33.064724	94.268898	72.255318	0.000000	0.000000	3.058407
-9.822518	-5.645607	60.956001	0.000000	0.000000	3.058407
-190.936981	25.378611	90.237968	0.000000	0.000000	0.858407
-197.647949	144.332657	90.237968	0.000000	0.000000	0.258407
-144.940399	197.040207	90.237968	0.000000	0.000000	-0.141593
-144.940399	197.040207	90.237968	0.000000	0.000000	-0.141593
-144.940399	197.040207	90.237968	0.000000	0.000000	-0.141593
-30.087517	197.040207	80.189644	0.000000	0.000000	-0.541593
33.064724	94.268898	72.255318	0.000000	0.000000	3.058407
-9.822518	-5.645607	60.956001	0.000000	0.000000	3.058407
-190.936981	25.378611	90.237968	0.000000	0.000000	0.858407
-197.647949	144.332657	90.237968	0.000000	0.000000	0.258407
-144.940399	197.040207	90.237968	0.000000	0.000000	-0.141593
-144.940399	197.040207	90.237968	0.000000	0.000000	-0.141593
-144.940399	197.040207	90.237968	0.000000	0.000000	-0.141593
-30.087517	197.040207	80.189644	0.000000	0.000000	-0.541593
33.064724	94.268898	72.255318	0.000000	0.000000	3.058407
-9.822518	-5.645607	60.956001	0.000000	0.000000	3.058407
-190.936981	25.378611	90.237968	0.000000	0.000000	0.858407
-197.647949	144.332657	90.237968	0.000000	0.000000	0.258407
-144.940399	197.040207	90.237968	0.000000	0.000000	-0.141593
-144.940399	197.040207	90.237968	0.000000	0.000000	-0.141593
-144.940399	197.040207	90.237968	0.000000	0.000000	-0.141593
-30.087517	197.040207	80.189644	0.000000	0.000000	-0.541593
33.064724	94.268898	72.255318	0.000000	0.000000	3.058407
-9.822518	-5.645607	60.956001	0.000000	0.000000	3.058407
-190.936981	25.378611	90.237968	0.000000	0.000000	0.858407
-197.647949	144.332657	90.237968	0.000000	0.000000	0.258407
-144.940399	197.040207	90.237968	0.000000	0.000000	-0.141593
-144.940399	197.040207	90.237968	0.000000	0.000000	-0.141593
-144.940399	197.040207	90.237968	0.000000	0.000000	-0.141593
-30.087517	197.040207	80.189644	0.000000	0.000000	-0.541593
33.064724	94.268898	72.255318	0.000000	0.000000	3.058407
-9.822518	-5.645607	60.956001	0.000000	0.000000	3.058407
-190.936981	25.378611	90.237968	0.000000	0.000000	0.858407
-197.647949	144.332657	90.237968	0.000000	0.000000	0.258407
-144.940399	197.040207	90.237968	0.000000	0.000000	-0.141593
-144.940399	197.040207	90.237968	0.000000	0.000000	-0.141593
-144.940399	197.040207	90.237968	0.000000	0.000000	-0.141593
-30.087517	197.040207	80.189644	0.000000	0.000000	-0.541593
33.064724	94.268898	72.255318	0.000000	0.000000	3.058407
-9.822518	-5.645607	60.956001	0.000000	0.000000	3.058407
-190.936981	25.378611	90.237968	0.000000	0.000000	0.858407
-197.647949	144.332657	90.237968	0.000000	0.000000	0.258407
-144.940399	197.040207	90.237968	0.000000	0.000000	-0.141593
-144.940399	197.040207	90.237968	0.000000	0.000000	-0.141593
-144.940399	197.040207	90.237968	0.000000	0.000000	-0.141593
-30.087517	197.040207	80.189644	0.000000	0.000000	-0.541593
33.064724	94.268898	72.255318	0.000000	0.000000	3.058407
-9.822518	-5.645607	60.956001	0.000000	0.000000	3.058407
-190.936981	25.378611	90.237968	0.000000	0.000000	0.858407
-197.647949	144.332657	90.237968	0.000000	0.000000	0.258407
-144.940399	197.040207	90.237968	0.000000	0.000000	-0.141593
-144.940399	197.040207	90.237968	0.000000	0.000000	-0.141593
-144.940399	197.040207	90.237968	0.000000	0.000000	-0.141593
-30.087517	197.040207	80.189644	0.000000	0.000000	-0.541593
