119.130836	46.149952	-55.511929	0	0	-0.87758258	0.4794255
119.076233	46.247948	-55.460209	0	0	0.99913515	0.041580682
119.201988	46.028717	-55.573296	0	0	-0.87758258	0.4794255
119.034180	46.327160	-55.416073	0	0	0.99913515	0.041580682
119.000763	46.390102	-55.376804	0	0	0.99913515	0.041580682
119.301971	45.880260	-55.654785	0	0	0.98999249	0.14112005
119.434387	45.695126	-55.753883	0	0	0.97095818	0.23924928
119.658035	45.494049	-55.935715	0	0	0.97095818	0.23924928
119.662819	45.476208	-55.935715	0	0	0.97095818	0.23924928
119.833527	45.541069	-56.103458	0	0	0.97095818	0.23924928
119.920769	45.215481	-56.103458	0	0	0.97095818	0.23924928
120.566635	45.737507	-56.322464	0	0	0.97095818	0.23924928
120.561134	45.736034	-56.840996	0	0	0.97095818	0.23924928
120.771957	44.949234	-56.840996	0	0	0.97095818	0.23924928
120.894768	44.512905	-56.322464	0	0	0.97095818	0.23924928
117.399307	44.888824	-57.601917	0	0	0.98999249	0.14112005
123.096931	46.415497	-57.676411	0	0	-0.87758258	0.4794255
123.206879	46.005157	-57.676411	0	0	-0.87758258	0.4794255
118.219933	41.826210	-57.601917	0	0	0.98999249	0.14112005
124.654724	46.887856	-56.699253	0	0	-0.87758258	0.4794255
125.041992	51.407219	-53.792400	0	0	0.97095818	0.23924928
124.922997	53.053429	-56.796051	0	0	-0.87758258	0.4794255
124.260414	37.265263	-40.860336	0	0	-0.98006658	0.19866933
124.212112	37.352345	-40.790619	0	0	-0.95533648	0.29552023
124.322861	37.159107	-40.946571	0	0	-0.98006658	0.19866933
124.174438	37.423981	-40.733990	0	0	-0.95533648	0.29552023
124.143501	37.482609	-40.687607	0	0	-0.95533648	0.29552023
124.412613	37.028366	-41.057274	0	0	-0.95533648	0.29552023
124.531044	36.867451	-41.196316	0	0	-0.95533648	0.29552023
124.752220	36.661106	-41.398876	0	0	-0.95533648	0.29552023
124.991219	36.433205	-41.620750	0	0	-0.95533648	0.29552023
125.907738	36.053806	-42.171692	0	0	-0.95533648	0.29552023
125.836472	35.953621	-42.207493	0	0	-0.95533648	0.29552023
128.489075	36.856129	-42.588902	0	0	-0.87758258	0.4794255
123.299469	33.028194	-43.093254	0	0	-0.98006658	0.19866933
129.714020	38.124889	-42.248390	0	0	-0.87758258	0.4794255
130.030365	42.767097	-39.544121	0	0	0.97095818	0.23924928
130.861298	42.767982	-39.834496	0	0	-0.87758258	0.4794255
118.157097	98.726555	-27.410835	0	0	0.98999249	0.14112005
124.255058	88.164566	-9.993247	0	0	0.97095818	0.23924928
130.964935	94.660721	-14.537473	0	0	0.97095818	0.23924928
132.406036	92.164673	-10.421282	0	0	0.97095818	0.23924928
119.130836	-2.766149	-2.430593	0	-0	-1	-4.371139e-08
119.076233	-2.766149	-2.430593	0	-0	-1	-4.371139e-08
119.201988	-2.766149	-2.430593	0	-0	-1	-4.371139e-08
119.034180	-2.766149	-2.430593	0	-0	-1	-4.371139e-08
119.000763	-2.766149	-2.430593	0	-0	-1	-4.371139e-08
119.301971	-2.766149	-2.430593	0	-0	-1	-4.371139e-08
119.434387	-2.766149	-2.430593	0	-0	-1	-4.371139e-08
119.662819	-2.766149	-2.430593	0	-0	-1	-4.371139e-08
119.920769	-2.766149	-2.430593	0	-0	-1	-4.371139e-08
118.219933	-2.766149	-2.430593	0	0	-0.99500417	0.099833397
118.157097	-2.766149	-2.430593	0	0	-0.99500417	0.099833397
120.771957	-2.766149	-2.430593	0	-0	-1	-4.371139e-08
120.894768	-2.766149	-2.430593	0	-0	-1	-4.371139e-08
123.206879	-2.766149	-2.430593	0	0	0.98999249	0.14112005
124.654724	-2.766149	-2.430593	0	0	-0.92106097	0.38941839
124.922997	-2.766149	-2.430593	0	0	0.98999249	0.14112005
125.041992	-2.766149	-2.430593	0	0	-0.99500417	0.099833397
130.964935	-2.766149	-2.430593	0	-0	-1	-4.371139e-08
125.095558	98.660408	-3.922861	0	0	0.99913515	0.041580682
84.267227	-2.766149	-2.430593	0	0	0.99913515	0.041580682
127.101173	-3.910525	10.649682	0	0	0.94222235	0.33498812
55.493916	109.786873	-55.511929	0	0	-0.92106097	0.38941839
55.515614	109.808571	-55.460209	0	0	-0.92106097	0.38941839
55.468876	109.761833	-55.573296	0	0	-0.92106097	0.38941839
55.534195	109.827148	-55.416073	0	0	-0.92106097	0.38941839
55.548954	109.841904	-55.376804	0	0	-0.92106097	0.38941839
55.444641	109.737595	-55.654785	0	0	-0.92106097	0.38941839
55.418278	109.711235	-55.753883	0	0	-0.92106097	0.38941839
55.423038	109.715988	-55.935715	0	0	-0.92106097	0.38941839
55.421650	109.714600	-56.103458	0	0	-0.92106097	0.38941839
55.557358	109.850311	-56.322464	0	0	-0.92106097	0.38941839
55.714119	110.007072	-56.840996	0	0	-0.92106097	0.38941839
57.459541	111.752495	-57.676411	0	0	-0.95533648	0.29552023
52.876595	107.169548	-57.601917	0	0	-0.87758258	0.4794255
58.624813	112.917763	-56.699253	0	0	-0.98006658	0.19866933
61.078129	115.371086	-53.792400	0	0	-0.87758258	0.4794255
61.841736	116.134689	-56.796051	0	0	-0.99500417	0.099833397
128.777115	101.086792	19.796469	0	0	-0.87758258	0.4794255
127.101173	103.989609	20.089720	0	0	-0.87758258	0.4794255
81.295349	135.588303	-27.410835	0	0	0.99913515	0.041580682
122.661697	147.210098	-57.224979	0	0	0.99913515	0.041580682
85.666351	139.959305	-14.537473	0	0	0.99913515	0.041580682
88.398918	142.691864	20.089720	0	0	-0.92106097	0.38941839
94.427124	169.377151	-106.030830	0	0	-0.69670669	0.71735611
84.267227	169.377151	-120.540665	0	0	-0.76484218	0.64421769
-32.179504	86.693436	-55.511929	0	0	-0.76484218	0.64421769
-32.158665	86.771217	-55.460209	0	0	-0.76484218	0.64421769
-32.205048	86.598114	-55.573296	0	0	-0.76484218	0.64421769
-32.141678	86.834610	-55.416073	0	0	-0.76484218	0.64421769
-32.128181	86.884979	-55.376804	0	0	-0.76484218	0.64421769
-32.235466	86.484596	-55.654785	0	0	-0.76484218	0.64421769
-32.272877	86.344963	-55.753883	0	0	-0.76484218	0.64421769
-32.312305	86.197823	-55.935715	0	0	-0.76484218	0.64421769
-32.360207	86.019051	-56.103458	0	0	-0.76484218	0.64421769
-32.470608	85.607033	-56.322464	0	0	-0.76484218	0.64421769
-32.369751	85.983429	-56.840996	0	0	-0.76484218	0.64421769
-31.942661	87.577354	-57.676411	0	0	-0.82533563	0.56464246
-31.625000	88.762878	-56.699253	0	0	-0.87758258	0.4794255
-33.321461	82.431602	-57.601917	0	0	-0.76484218	0.64421769
-30.469217	93.076324	-53.792400	0	0	-0.76484218	0.64421769
-30.065636	94.582504	-56.796051	0	0	-0.87758258	0.4794255
-19.100584	135.504639	-27.410835	0	0	-0.54030229	0.84147099
-19.259079	134.913132	-14.537473	0	0	-0.45359611	0.89120736
-17.185680	142.651154	20.089720	0	0	-0.76484218	0.64421769
-62.527027	23.516150	-18.321135	0	0	-0.69670669	0.71735611
-62.540134	23.565063	-18.355385	0	0	-0.69670669	0.71735611
-62.542320	23.573223	-18.361099	0	0	-0.69670669	0.71735611
-62.510334	23.453838	-18.277506	0	0	-0.69670669	0.71735611
-62.550354	23.603203	-18.382090	0	0	-0.69670669	0.71735611
-62.557972	23.631626	-18.401993	0	0	-0.69670669	0.71735611
-62.490059	23.378181	-18.224529	0	0	-0.69670669	0.71735611
-62.574821	23.694513	-18.446026	0	0	-0.69670669	0.71735611
-62.464119	23.281368	-18.156740	0	0	-0.69670669	0.71735611
-62.437908	23.183548	-18.088245	0	0	-0.69670669	0.71735611
-62.405270	23.061735	-18.002951	0	0	-0.69670669	0.71735611
-62.401478	23.047583	-17.993042	0	0	-0.69670669	0.71735611
-62.262501	22.528913	-17.629866	0	0	-0.62160997	0.7833269
-62.950603	25.096949	-19.428022	0	0	-0.62160997	0.7833269
-62.078259	21.841312	-17.148401	0	0	-0.62160997	0.7833269
-63.599213	27.517603	-21.122984	0	0	-0.69670669	0.71735611
-69.226089	48.517380	-27.410835	0	0	-0.54030229	0.84147099
-67.351669	41.521946	-14.537473	0	0	-0.45359611	0.89120736
-3.708125	192.950073	-120.540665	0	0	-0.62160997	0.7833269
-70.154671	51.982887	17.924156	0	0	-0.54030229	0.84147099
-93.077446	137.531845	-98.155792	0	0	-0.54030229	0.84147099
