-9.602524	-51.051460	-6.770304	0	0	0.73739371	0.67546319
-9.377450	-50.631275	-6.627060	0	-0	-1	-4.371139e-08
-9.826419	-51.470638	-6.925060	0	-0	-1	-4.371139e-08
-9.750554	-51.585705	-7.090678	0	0	0.73739371	0.67546319
-9.132437	-50.215919	-6.496013	0	0	0.73739371	0.67546319
-10.051001	-51.886150	-7.090678	0	0	0.73739371	0.67546319
-8.896138	-49.802910	-6.370682	0	0	0.73739371	0.67546319
-8.667905	-49.389580	-6.256225	0	-0	-1	-4.371139e-08
-10.192714	-52.073700	-5.084546	0	0	0.73739371	0.67546319
-10.012359	-51.730968	-4.813572	0	-0	-1	-4.371139e-08
-10.374835	-52.420525	-5.358621	0	-0	-1	-4.371139e-08
-9.815882	-51.399681	-4.543892	0	0	0.73739371	0.67546319
-10.560660	-52.768909	-5.634939	0	0	0.73739371	0.67546319
-8.470651	-48.992771	-6.108956	0	0	0.73739371	0.67546319
-9.628410	-51.071243	-4.279094	0	0	0.73739371	0.67546319
-9.450943	-50.745838	-4.019638	0	-0	-1	-4.371139e-08
-8.273969	-48.599625	-5.974345	0	0	0.73739371	0.67546319
-9.291843	-50.415115	-3.763388	0	0	0.73739371	0.67546319
-8.058015	-48.216328	-5.854418	0	0	0.80114363	0.59847213
-9.135721	-50.092224	-3.512927	0	0	0.73739371	0.67546319
-8.963958	-49.785469	-3.266776	0	0	0.73739371	0.67546319
-7.842515	-47.840096	-5.749606	0	-0	-1	-4.371139e-08
-8.795156	-49.490120	-3.028579	0	-0	-1	-4.371139e-08
-7.612070	-47.479168	-5.662643	0	0	-0.99500417	0.099833397
-8.614653	-49.215691	-2.798971	0	-0	-1	-4.371139e-08
-7.393512	-47.132767	-5.586999	0	0	0.80114363	0.59847213
-8.445646	-48.955116	-2.581791	0	0	0.73739371	0.67546319
-7.186159	-46.798824	-5.528393	0	0	-0.99500417	0.099833397
-8.289152	-48.709263	-2.377917	0	0	-0.99500417	0.099833397
-8.210386	-48.613739	-2.292415	0	0	-0.99500417	0.099833397
-8.183644	-48.629181	-2.292415	0	0	0.97095818	0.23924928
-8.230449	-48.602158	-2.292415	0	0	0.99913515	0.041580682
-8.231199	-48.601723	-2.292415	0	0	0.73739371	0.67546319
-8.138971	-48.654972	-2.292415	0	-0	-1	-4.371139e-08
-8.082411	-48.687626	-2.292415	0	-0	-1	-4.371139e-08
-8.034119	-48.715508	-2.292415	0	0	0.99913515	0.041580682
-7.935678	-48.772343	-2.292415	0	0	0.98999249	0.14112005
-7.900815	-48.792473	-2.292415	0	0	0.98999249	0.14112005
-7.491568	-49.028751	-2.292415	0	0	0.99913515	0.041580682
-7.014911	-46.495052	-5.440780	0	0	0.80114363	0.59847213
-6.847594	-46.206982	-5.371987	0	0	-0.99500417	0.099833397
-6.182790	-49.784374	-2.292415	0	0	0.98999249	0.14112005
-6.152145	-49.802067	-2.292415	0	0	0.94222235	0.33498812
-6.125337	-49.817543	-2.292415	0	0	0.94222235	0.33498812
-6.665951	-45.938702	-5.321969	0	0	0.80114363	0.59847213
-5.360414	-50.259174	-2.292415	0	0	-0.99500417	0.099833397
-6.483598	-45.684612	-5.288884	0	0	-0.99500417	0.099833397
-6.285581	-45.444805	-5.270973	0	0	0.80114363	0.59847213
-6.073793	-45.208599	-5.254467	0	0	0.80114363	0.59847213
-11.382356	-47.108932	-12.310356	0	0	0.80114363	0.59847213
-5.871082	-44.969021	-5.246156	0	0	0.80114363	0.59847213
-5.539279	-44.702171	-5.165075	0	0	0.80114363	0.59847213
-5.458118	-44.481083	-5.124765	0	0	0.80114363	0.59847213
-2.431368	-51.950256	-2.292415	0	0	-0.99500417	0.099833397
-2.780013	-43.890591	-4.780453	0	0	0.80114363	0.59847213
-2.737566	-43.887840	-4.595759	0	-0	-1	-4.371139e-08
-2.702320	-43.888706	-4.555659	0	0	0.99913515	0.041580682
-20.102175	-48.794945	-6.565657	0	0	0.66627604	0.74570519
-3.047311	-41.340023	-3.862807	0	0	0.85688874	0.51550139
-17.702791	-43.133297	-2.292415	0	0	0.90407214	0.42737988
-17.888412	-43.026131	-2.292415	0	0	0.73739371	0.67546319
-6.007370	-43.001518	-16.119495	0	0	0.90407214	0.42737988
1.439378	-45.294853	-3.479268	0	0	-0.98006658	0.19866933
-18.452568	-42.700413	-2.292415	0	-0	-1	-4.371139e-08
-16.104542	-40.537422	-2.628023	0	0	0	1
-14.560087	-39.039227	-3.510718	0	0	0.80114363	0.59847213
-18.827230	-42.523987	-1.897596	0	0	0.73739371	0.67546319
-17.429018	-40.541405	-2.889662	0	0	0	1
-19.162727	-42.173534	-1.938292	0	0	0.73739371	0.67546319
-19.302824	-42.248486	-1.906695	0	0	0.73739371	0.67546319
-19.841042	-41.898777	-2.292415	0	0	0	1
-19.749647	-41.586613	-2.522401	0	-0	-1	-4.371139e-08
-12.030057	-36.595200	-4.948562	0	0	0.85688874	0.51550139
-12.858759	-36.705990	-5.026138	0	0	-0.98006658	0.19866933
-21.343782	-43.340385	-1.446385	0	0	0.73739371	0.67546319
-8.672338	-36.146305	-4.634242	0	0	0.85688874	0.51550139
-15.270205	-37.028378	-5.251876	0	0	0.85688874	0.51550139
-7.742477	-36.021992	-4.547197	0	0	0.97095818	0.23924928
-5.560848	-35.967720	-6.770304	0	0	-0.99500417	0.099833397
-5.455898	-35.995842	-6.627060	0	0	0.97095818	0.23924928
-5.664950	-35.939827	-6.925060	0	0	0.97095818	0.23924928
-5.331137	-36.029274	-6.496013	0	0	-0.99500417	0.099833397
-5.770609	-35.911518	-7.090678	0	0	-0.99500417	0.099833397
-5.213919	-36.060680	-6.370682	0	0	-0.99500417	0.099833397
-5.104308	-36.090050	-6.256225	0	0	0.97095818	0.23924928
-5.019469	-36.112785	-6.108956	0	0	-0.99500417	0.099833397
-4.934248	-36.135620	-5.974345	0	0	-0.99500417	0.099833397
-4.828585	-36.163933	-5.854418	0	0	-0.99500417	0.099833397
-21.534988	-41.717293	-2.775421	0	0	0.73739371	0.67546319
-4.721579	-36.192604	-5.749606	0	0	0.97095818	0.23924928
-4.596803	-36.226036	-5.662643	0	0	0.97095818	0.23924928
-4.479485	-36.257473	-5.586999	0	0	-0.99500417	0.099833397
-4.369508	-36.286942	-5.528393	0	0	0.97095818	0.23924928
-4.285675	-36.309402	-5.440780	0	-0	-1	-4.371139e-08
-4.201583	-36.331936	-5.371987	0	0	0.97095818	0.23924928
-4.099178	-36.359375	-5.321969	0	-0	-1	-4.371139e-08
-3.992562	-36.387943	-5.288884	0	0	0.97095818	0.23924928
-3.867762	-36.421383	-5.270973	0	-0	-1	-4.371139e-08
-3.729213	-36.458508	-5.254467	0	-0	-1	-4.371139e-08
-6.894828	-35.610283	-4.705146	0	0	0.85688874	0.51550139
-3.599976	-36.493137	-5.246156	0	-0	-1	-4.371139e-08
-20.910896	-40.425362	-3.678086	0	0	0	1
-3.357111	-36.558212	-5.165075	0	0	0.99913515	0.041580682
-3.606890	-36.481724	-4.869105	0	0	-0.98006658	0.19866933
-3.336659	-36.563690	-5.124765	0	0	0.97095818	0.23924928
-1.922543	-36.942604	-4.949924	0	0	-0.95533648	0.29552023
1.095647	-39.084026	-4.805876	0	0	0.85688874	0.51550139
-23.128958	-58.860950	-2.292413	0	0	0.94222235	0.33498812
-23.003422	-59.078384	-2.292413	0	0	0.73739371	0.67546319
-23.254635	-58.643272	-2.292413	0	0	0.73739371	0.67546319
-22.963924	-59.146793	-2.292413	0	0	0.80114363	0.59847213
-23.373236	-58.437847	-2.292413	0	0	0.94222235	0.33498812
-22.879644	-59.292774	-2.292413	0	0	0.94222235	0.33498812
-23.493000	-58.230412	-2.292413	0	0	0.94222235	0.33498812
-23.614918	-58.019241	-2.292413	0	0	0.80114363	0.59847213
-23.737429	-57.807049	-2.292413	0	0	0.94222235	0.33498812
-23.858494	-57.597355	-2.292413	0	0	0.90407214	0.42737988
-23.970478	-57.403393	-2.292413	0	0	0.90407214	0.42737988
-24.079517	-57.214531	-2.292413	0	0	0.80114363	0.59847213
-24.178192	-57.043621	-2.292413	0	0	0.80114363	0.59847213
-24.273548	-56.878460	-2.292413	0	0	0.90407214	0.42737988
-0.995456	-37.191013	-4.995564	0	0	0.98999249	0.14112005
-0.965092	-37.199150	-4.997058	0	0	0.98999249	0.14112005
-0.933903	-37.207508	-4.998594	0	0	0.98999249	0.14112005
-24.366312	-56.717789	-2.292413	0	0	0.80114363	0.59847213
-24.455036	-56.564114	-2.292413	0	0	0.90407214	0.42737988
-24.505470	-56.476761	-2.292413	0	0	0.85688874	0.51550139
-24.514656	-56.460850	-2.292413	0	0	0.85688874	0.51550139
-24.524076	-56.444534	-2.292413	0	0	0.90407214	0.42737988
-24.537945	-56.420513	-2.292413	0	0	0.80114363	0.59847213
-24.608704	-56.297955	-2.292413	0	0	0.90407214	0.42737988
-24.673140	-56.186352	-2.292413	0	0	0.80114363	0.59847213
-24.727474	-56.092239	-2.292413	0	0	0.90407214	0.42737988
-24.776808	-56.006790	-2.292413	0	0	0.90407214	0.42737988
-24.829870	-55.914883	-2.292413	0	0	0.90407214	0.42737988
-24.862469	-55.858421	-2.292413	0	0	0.90407214	0.42737988
-24.937912	-55.727749	-2.292413	0	0	0.85688874	0.51550139
-12.161316	-34.338150	-6.769782	0	0	0	1
-11.927999	-34.261650	-6.783975	0	0	0.90407214	0.42737988
-25.651331	-54.492069	-2.292413	0	0	0.97095818	0.23924928
-12.094579	-34.217014	-6.852777	0	0	0.90407214	0.42737988
-25.714130	-54.383301	-2.292413	0	0	0.94222235	0.33498812
0.019653	-36.907799	-5.167448	0	0	0.85688874	0.51550139
-24.545303	-44.796200	-0.928697	0	0	0.97095818	0.23924928
1.414660	-37.836803	-5.114210	0	0	0.85688874	0.51550139
-8.813992	-33.710533	-6.599675	0	0	0.97095818	0.23924928
-13.706761	-33.785030	-7.518650	0	0	0.90407214	0.42737988
-13.789402	-33.762886	-7.552783	0	0	0	1
3.223051	-38.321362	-5.203235	0	0	0.85688874	0.51550139
-11.792665	-32.808182	-7.912827	0	0	0.90407214	0.42737988
-11.068411	-32.523972	-7.994049	0	0	0	1
-26.571152	-44.213600	-1.797056	0	0	0.66627604	0.74570519
-23.974771	-38.192093	-6.066720	0	0	0	1
-26.032681	-41.235420	-4.057874	0	0	0	1
-23.156517	-37.267509	-6.638425	0	0	0.90407214	0.42737988
-16.571333	-33.017471	-8.701792	0	-0	-1	-4.371139e-08
-16.571333	-33.017471	-8.701792	0	0	0.97095818	0.23924928
-2.927053	-36.673447	-18.255619	0	0	0.97095818	0.23924928
-23.811663	-37.524597	-6.564954	0	0	0	1
-7.491965	-31.120527	-8.395130	0	0	0.90407214	0.42737988
-8.099207	-29.887915	-9.496806	0	0	0.94222235	0.33498812
-27.054752	-38.603859	-6.355040	0	0	0.80114363	0.59847213
-29.765751	-47.846085	0.453072	0	0	0	1
-11.593083	-29.512861	-10.493613	0	0	0	1
-30.182489	-46.990658	-0.310550	0	0	0.94222235	0.33498812
-10.904523	-29.028128	-10.741447	0	0	0.97095818	0.23924928
-30.744017	-45.838024	-1.339480	0	0	0.58850112	0.8084964
-30.790422	-45.742767	-1.424514	0	0	0.73739371	0.67546319
-30.948229	-45.418842	-1.713673	0	0	0.90407214	0.42737988
-31.090881	-45.070496	-2.292413	0	0	0.58850112	0.8084964
-30.069452	-40.802933	-5.208903	0	0	0	1
-31.264071	-44.770523	-2.292413	0	0	0	1
-29.868839	-38.980076	-6.618470	0	0	0	1
-34.880669	-43.487087	-4.036173	0	0	0	1
14.005585	-38.550983	-6.318017	0	0	0.97095818	0.23924928
-35.695408	-40.200184	-6.813065	0	0	0.58850112	0.8084964
4.371053	-26.465319	-9.725511	0	0	0	1
-39.462597	-51.051460	-2.292415	0	0	0.73739371	0.67546319
-39.462597	-51.470638	-2.292415	0	0	0.66627604	0.74570519
-39.462597	-50.631275	-2.292415	0	0	0.66627604	0.74570519
-39.462597	-51.886150	-2.292415	0	0	0.73739371	0.67546319
-39.462597	-50.215919	-2.292415	0	0	0.73739371	0.67546319
-39.462597	-49.802910	-2.292415	0	0	0.73739371	0.67546319
-39.462597	-49.389580	-2.292415	0	0	0.66627604	0.74570519
-39.462597	-48.992771	-2.292415	0	0	0.73739371	0.67546319
-39.462597	-48.599625	-2.292415	0	0	0.73739371	0.67546319
-39.462597	-48.216328	-2.292415	0	0	0.73739371	0.67546319
-39.462597	-47.840096	-2.292415	0	0	0.66627604	0.74570519
-39.462597	-47.479168	-2.292415	0	0	0.66627604	0.74570519
-39.462597	-47.132767	-2.292415	0	0	0.73739371	0.67546319
-39.462597	-46.831627	-2.292415	0	0	0.80114363	0.59847213
-39.462597	-46.831627	-2.292415	0	0	0.66627604	0.74570519
-39.462597	-46.831627	-2.292415	0	0	0.32328956	0.94630009
-39.462597	-46.831627	-2.292415	0	0	0.73739371	0.67546319
-39.494911	-46.811295	-2.315044	0	0	0.32328956	0.94630009
-39.608032	-48.958469	-0.630064	0	0	0.80114363	0.59847213
-39.789898	-46.625732	-2.521594	0	0	0	1
-5.898512	-21.557962	-16.296160	0	-0	-1	-4.371139e-08
-5.898512	-21.557962	-16.296160	0	0	-0.99500417	0.099833397
-5.898512	-21.557962	-16.296160	0	0	-0.95533648	0.29552023
-4.687837	-21.233562	-17.143885	0	0	-0.95533648	0.29552023
1.098114	-21.643225	-14.214775	0	0	-0.99500417	0.099833397
-41.254463	-45.704433	-3.547095	0	0	0	1
-3.414829	-20.892462	-17.328863	0	0	0	1
-42.604980	-44.854881	-4.492738	0	0	0.22720209	0.97384763
-42.604980	-44.854881	-4.492738	0	0	0.73739371	0.67546319
-42.270996	-40.864452	-7.599456	0	0	0	1
-43.837368	-40.308590	-8.354691	0	0	0.32328956	0.94630009
29.465841	-40.367386	-7.589875	0	0	-0.98006658	0.19866933
18.327501	-20.988621	-11.290660	0	0	0.94222235	0.33498812
15.150632	-16.987164	-22.325642	0	0	0	1
11.734677	-15.109825	-28.015909	0	0	0	1
39.306053	-16.885799	-16.147390	0	-0	-1	-4.371139e-08
36.434605	-13.453717	-25.651249	0	0	0	1
32.982445	-11.139841	-32.462673	0	0	0	1
41.064323	-8.974309	-35.823078	0	0	0	1
52.667934	-15.739866	-15.504810	0	0	-0.87758258	0.4794255
56.263126	-4.901801	-59.822208	0	0	-0.98006658	0.19866933
-103.735397	-141.894028	-2.292413	0	0	0.029199523	0.9995736
-103.735397	-141.894028	-2.292413	0	0	0.80114363	0.59847213
110.114754	-66.962906	-97.408348	0	0	0.99913515	0.041580682
-101.111305	-185.531097	-45.459305	0	0	0.80114363	0.59847213
100.803497	-162.139755	-125.759514	0	0	0.94222235	0.33498812
-62.812088	-225.724060	-84.775566	0	0	0.85688874	0.51550139
-21.273024	-234.162201	-119.381813	0	0	0.85688874	0.51550139
20.131187	-225.582718	-137.279053	0	0	0.85688874	0.51550139
