179.443069	54.641628	28.386866	3.058407	73.826477	122.338737	28.386866
73.826477	122.338737	28.386866	3.058407	-37.609230	64.720650	28.386866
-37.609230	64.720650	28.386866	-0.741593	122.330528	-120.119125	15.964871
122.330528	-120.119125	15.964871	3.058407	193.322556	-17.287365	26.625717
193.322556	-17.287365	26.625717	3.058407	193.322556	2.842660	28.386866
193.322556	2.842660	28.386866	3.058407	193.322556	2.842660	28.386866
193.322556	2.842660	28.386866	3.058407	126.293671	-56.191635	-125.596481
179.443069	54.641628	28.386866	3.058407	73.826477	122.338737	28.386866
73.826477	122.338737	28.386866	3.058407	-37.609230	64.720650	28.386866
-37.609230	64.720650	28.386866	-0.741593	122.330528	-120.119125	15.964871
122.330528	-120.119125	15.964871	3.058407	193.322556	-17.287365	26.625717
193.322556	-17.287365	26.625717	3.058407	193.322556	2.842660	28.386866
193.322556	2.842660	28.386866	3.058407	193.322556	2.842660	28.386866
193.322556	2.842660	28.386866	3.058407	126.293671	-56.191635	-125.596481
179.443069	54.641628	28.386866	3.058407	73.826477	122.338737	28.386866
73.826477	122.338737	28.386866	3.058407	-37.609230	64.720650	28.386866
-37.609230	64.720650	28.386866	-0.741593	122.330528	-120.119125	15.964871
122.330528	-120.119125	15.964871	3.058407	193.322556	-17.287365	26.625717
193.322556	-17.287365	26.625717	3.058407	193.322556	2.842660	28.386866
193.322556	2.842660	28.386866	3.058407	193.322556	2.842660	28.386866
193.322556	2.842660	28.386866	3.058407	126.293671	-56.191635	-125.596481
179.443069	54.641628	28.386866	3.058407	73.826477	122.338737	28.386866
73.826477	122.338737	28.386866	3.058407	-37.609230	64.720650	28.386866
-37.609230	64.720650	28.386866	-0.741593	122.330528	-120.119125	15.964871
122.330528	-120.119125	15.964871	3.058407	193.322556	-17.287365	26.625717
193.322556	-17.287365	26.625717	3.058407	193.322556	2.842660	28.386866
193.322556	2.842660	28.386866	3.058407	193.322556	2.842660	28.386866
193.322556	2.842660	28.386866	3.058407	126.293671	-56.191635	-125.596481
179.443069	54.641628	28.386866	3.058407	73.826477	122.338737	28.386866
73.826477	122.338737	28.386866	3.058407	-37.609230	64.720650	28.386866
-37.609230	64.720650	28.386866	-0.741593	122.330528	-120.119125	15.964871
122.330528	-120.119125	15.964871	3.058407	193.322556	-17.287365	26.625717
193.322556	-17.287365	26.625717	3.058407	193.322556	2.842660	28.386866
193.322556	2.842660	28.386866	3.058407	193.322556	2.842660	28.386866
193.322556	2.842660	28.386866	3.058407	126.293671	-56.191635	-125.596481
179.443069	54.641628	28.386866	3.058407	73.826477	122.338737	28.386866
73.826477	122.338737	28.386866	3.058407	-37.609230	64.720650	28.386866
-37.609230	64.720650	28.386866	-0.741593	122.330528	-120.119125	15.964871
122.330528	-120.119125	15.964871	3.058407	193.322556	-17.287365	26.625717
193.322556	-17.287365	26.625717	3.058407	193.322556	2.842660	28.386866
193.322556	2.842660	28.386866	3.058407	193.322556	2.842660	28.386866
193.322556	2.842660	28.386866	3.058407	126.293671	-56.191635	-125.596481
179.443069	54.641628	28.386866	3.058407	73.826477	122.338737	28.386866
73.826477	122.338737	28.386866	3.058407	-37.609230	64.720650	28.386866
-37.609230	64.720650	28.386866	-0.741593	122.330528	-120.119125	15.964871
122.330528	-120.119125	15.964871	3.058407	193.322556	-17.287365	26.625717
193.322556	-17.287365	26.625717	3.058407	193.322556	2.842660	28.386866
193.322556	2.842660	28.386866	3.058407	193.322556	2.842660	28.386866
193.322556	2.842660	28.386866	3.058407	126.293671	-56.191635	-125.596481
179.443069	54.641628	28.386866	3.058407	73.826477	122.338737	28.386866
73.826477	122.338737	28.386866	3.058407	-37.609230	64.720650	28.386866
-37.609230	64.720650	28.386866	-0.741593	122.330528	-120.119125	15.964871
122.330528	-120.119125	15.964871	3.058407	193.322556	-17.287365	26.625717
193.322556	-17.287365	26.625717	3.058407	193.322556	2.842660	28.386866
193.322556	2.842660	28.386866	3.058407	193.322556	2.842660	28.386866
193.322556	2.842660	28.386866	3.058407	126.293671	-56.191635	-125.596481
179.443069	54.641628	28.386866	3.058407	73.826477	122.338737	28.386866
73.826477	122.338737	28.386866	3.058407	-37.609230	64.720650	28.386866
-37.609230	64.720650	28.386866	-0.741593	122.330528	-120.119125	15.964871
122.330528	-120.119125	15.964871	3.058407	193.322556	-17.287365	26.625717
193.322556	-17.287365	26.625717	3.058407	193.322556	2.842660	28.386866
193.322556	2.842660	28.386866	3.058407	193.322556	2.842660	28.386866
193.322556	2.842660	28.386866	3.058407	126.293671	-56.191635	-125.596481
179.443069	54.641628	28.386866	3.058407	73.826477	122.338737	28.386866
73.826477	122.338737	28.386866	3.058407	-37.609230	64.720650	28.386866
-37.609230	64.720650	28.386866	-0.741593	122.330528	-120.119125	15.964871
122.330528	-120.119125	15.964871	3.058407	193.322556	-17.287365	26.625717
193.322556	-17.287365	26.625717	3.058407	193.322556	2.842660	28.386866
193.322556	2.842660	28.386866	3.058407	193.322556	2.842660	28.386866
193.322556	2.842660	28.386866	3.058407	126.293671	-56.191635	-125.596481
179.443069	54.641628	28.386866	3.058407	73.826477	122.338737	28.386866
73.826477	122.338737	28.386866	3.058407	-37.609230	64.720650	28.386866
-37.609230	64.720650	28.386866	-0.741593	122.330528	-120.119125	15.964871
122.330528	-120.119125	15.964871	3.058407	193.322556	-17.287365	26.625717
193.322556	-17.287365	26.625717	3.058407	193.322556	2.842660	28.386866
193.322556	2.842660	28.386866	3.058407	193.322556	2.842660	28.386866
193.322556	2.842660	28.386866	3.058407	126.293671	-56.191635	-125.596481
179.443069	54.641628	28.386866	3.058407	73.826477	122.338737	28.386866
73.826477	122.338737	28.386866	3.058407	-37.609230	64.720650	28.386866
-37.609230	64.720650	28.386866	-0.741593	122.330528	-120.119125	15.964871
122.330528	-120.119125	15.964871	3.058407	193.322556	-17.287365	26.625717
193.322556	-17.287365	26.625717	3.058407	193.322556	2.842660	28.386866
193.322556	2.842660	28.386866	3.058407	193.322556	2.842660	28.386866
193.322556	2.842660	28.386866	3.058407	126.293671	-56.191635	-125.596481
179.443069	54.641628	28.386866	3.058407	73.826477	122.338737	28.386866
73.826477	122.338737	28.386866	3.058407	-37.609230	64.720650	28.386866
-37.609230	64.720650	28.386866	-0.741593	122.330528	-120.119125	15.964871
122.330528	-120.119125	15.964871	3.058407	193.322556	-17.287365	26.625717
193.322556	-17.287365	26.625717	3.058407	193.322556	2.842660	28.386866
193.322556	2.842660	28.386866	3.058407	193.322556	2.842660	28.386866
193.322556	2.842660	28.386866	3.058407	126.293671	-56.191635	-125.596481
179.443069	54.641628	28.386866	3.058407	73.826477	122.338737	28.386866
73.826477	122.338737	28.386866	3.058407	-37.609230	64.720650	28.386866
-37.609230	64.720650	28.386866	-0.741593	122.330528	-120.119125	15.964871
122.330528	-120.119125	15.964871	3.058407	193.322556	-17.287365	26.625717
193.322556	-17.287365	26.625717	3.058407	193.322556	2.842660	28.386866
193.322556	2.842660	28.386866	3.058407	193.322556	2.842660	28.386866
193.322556	2.842660	28.386866	3.058407	126.293671	-56.191635	-125.596481
179.443069	54.641628	28.386866	3.058407	73.826477	122.338737	28.386866
73.826477	122.338737	28.386866	3.058407	-37.609230	64.720650	28.386866
-37.609230	64.720650	28.386866	-0.741593	122.330528	-120.119125	15.964871
122.330528	-120.119125	15.964871	3.058407	193.322556	-17.287365	26.625717
193.322556	-17.287365	26.625717	3.058407	193.322556	2.842660	28.386866
193.322556	2.842660	28.386866	3.058407	193.322556	2.842660	28.386866
193.322556	2.842660	28.386866	3.058407	126.293671	-56.191635	-125.596481
179.443069	54.641628	28.386866	3.058407	73.826477	122.338737	28.386866
73.826477	122.338737	28.386866	3.058407	-37.609230	64.720650	28.386866
-37.609230	64.720650	28.386866	-0.741593	122.330528	-120.119125	15.964871
122.330528	-120.119125	15.964871	3.058407	193.322556	-17.287365	26.625717
193.322556	-17.287365	26.625717	3.058407	193.322556	2.842660	28.386866
193.322556	2.842660	28.386866	3.058407	193.322556	2.842660	28.386866
193.322556	2.842660	28.386866	3.058407	126.293671	-56.191635	-125.596481
179.443069	54.641628	28.386866	3.058407	73.826477	122.338737	28.386866
73.826477	122.338737	28.386866	3.058407	-37.609230	64.720650	28.386866
-37.609230	64.720650	28.386866	-0.741593	122.330528	-120.119125	15.964871
122.330528	-120.119125	15.964871	3.058407	193.322556	-17.287365	26.625717
193.322556	-17.287365	26.625717	3.058407	193.322556	2.842660	28.386866
193.322556	2.842660	28.386866	3.058407	193.322556	2.842660	28.386866
193.322556	2.842660	28.386866	3.058407	126.293671	-56.191635	-125.596481
179.443069	54.641628	28.386866	3.058407	73.826477	122.338737	28.386866
73.826477	122.338737	28.386866	3.058407	-37.609230	64.720650	28.386866
-37.609230	64.720650	28.386866	-0.741593	122.330528	-120.119125	15.964871
122.330528	-120.119125	15.964871	3.058407	193.322556	-17.287365	26.625717
193.322556	-17.287365	26.625717	3.058407	193.322556	2.842660	28.386866
193.322556	2.842660	28.386866	3.058407	193.322556	2.842660	28.386866
193.322556	2.842660	28.386866	3.058407	126.293671	-56.191635	-125.596481
179.443069	54.641628	28.386866	3.058407	73.826477	122.338737	28.386866
73.826477	122.338737	28.386866	3.058407	-37.609230	64.720650	28.386866
-37.609230	64.720650	28.386866	-0.741593	122.330528	-120.119125	15.964871
122.330528	-120.119125	15.964871	3.058407	193.322556	-17.287365	26.625717
193.322556	-17.287365	26.625717	3.058407	193.322556	2.842660	28.386866
193.322556	2.842660	28.386866	3.058407	193.322556	2.842660	28.386866
193.322556	2.842660	28.386866	3.058407	126.293671	-56.191635	-125.596481
179.443069	54.641628	28.386866	3.058407	73.826477	122.338737	28.386866
73.826477	122.338737	28.386866	3.058407	-37.609230	64.720650	28.386866
-37.609230	64.720650	28.386866	-0.741593	122.330528	-120.119125	15.964871
122.330528	-120.119125	15.964871	3.058407	193.322556	-17.287365	26.625717
193.322556	-17.287365	26.625717	3.058407	193.322556	2.842660	28.386866
193.322556	2.842660	28.386866	3.058407	193.322556	2.842660	28.386866
193.322556	2.842660	28.386866	3.058407	126.293671	-56.191635	-125.596481
