92.717659	-19.444138	-75.811295	0.000000	0.000000	0.000000
93.340782	-20.135685	-76.256523	0.000000	0.000000	0.000000
93.958900	-20.835064	-76.702057	0.000000	0.000000	0.000000
94.571907	-21.542238	-77.147888	0.000000	0.000000	0.000000
95.179710	-22.257164	-77.593971	0.000000	0.000000	0.000000
95.782204	-22.979801	-78.040321	0.000000	0.000000	0.000000
96.379303	-23.710104	-78.486908	0.000000	0.000000	3.058407
96.970894	-24.448027	-78.933693	0.000000	0.000000	3.058407
97.556900	-25.193525	-79.380699	0.000000	0.000000	3.058407
98.137207	-25.946552	-79.827881	0.000000	0.000000	3.058407
98.711739	-26.707056	-80.275223	0.000000	0.000000	3.058407
99.280380	-27.474989	-80.722717	0.000000	0.000000	3.058407
99.843048	-28.250303	-81.170341	0.000000	0.000000	3.058407
100.399635	-29.032938	-81.618065	0.000000	0.000000	0.000000
100.950073	-29.822845	-82.065895	0.000000	0.000000	0.000000
101.494247	-30.619968	-82.513802	0.000000	0.000000	0.000000
102.032074	-31.424259	-82.961761	0.000000	0.000000	0.000000
102.563454	-32.235649	-83.409760	0.000000	0.000000	0.000000
103.088303	-33.054085	-83.857796	0.000000	0.000000	0.000000
103.606529	-33.879509	-84.305817	0.000000	0.000000	0.000000
104.118042	-34.711853	-84.753838	0.000000	0.000000	0.000000
104.622749	-35.551071	-85.201828	0.000000	0.000000	0.000000
105.120567	-36.397083	-85.649773	0.000000	0.000000	0.000000
105.611397	-37.249836	-86.097641	0.000000	0.000000	0.000000
106.095169	-38.109261	-86.545433	0.000000	0.000000	0.000000
106.571777	-38.975288	-86.993126	0.000000	0.000000	0.000000
107.041145	-39.847862	-87.440704	0.000000	0.000000	0.000000
107.503189	-40.726902	-87.888145	0.000000	0.000000	0.000000
107.957817	-41.612343	-88.335434	0.000000	0.000000	2.858407
108.404953	-42.504116	-88.782547	0.000000	0.000000	2.858407
108.844505	-43.402145	-89.229469	0.000000	0.000000	2.858407
109.276398	-44.306362	-89.676186	0.000000	0.000000	2.858407
109.700539	-45.216690	-90.122673	0.000000	0.000000	2.858407
110.116859	-46.133057	-90.568932	0.000000	0.000000	2.858407
110.525276	-47.055382	-91.014915	0.000000	0.000000	2.858407
110.925705	-47.983597	-91.460632	0.000000	0.000000	2.858407
111.318077	-48.917614	-91.906052	0.000000	0.000000	2.858407
111.702301	-49.857357	-92.351158	0.000000	0.000000	2.858407
112.078316	-50.802750	-92.795944	0.000000	0.000000	2.858407
112.446030	-51.753712	-93.240372	0.000000	0.000000	2.858407
112.805374	-52.710155	-93.684441	0.000000	0.000000	2.858407
113.156281	-53.671997	-94.128120	0.000000	0.000000	2.858407
113.498665	-54.639164	-94.571404	0.000000	0.000000	2.858407
113.832466	-55.611565	-95.014267	0.000000	0.000000	2.858407
114.157600	-56.589104	-95.456696	0.000000	0.000000	2.858407
114.474007	-57.571705	-95.898674	0.000000	0.000000	0.000000
114.781616	-58.559288	-96.340187	0.000000	0.000000	0.000000
115.080353	-59.551746	-96.781212	0.000000	0.000000	0.000000
115.370155	-60.549007	-97.221725	0.000000	0.000000	0.000000
115.650948	-61.550964	-97.661720	0.000000	0.000000	0.000000
115.922676	-62.557537	-98.101173	0.000000	0.000000	0.000000
116.185272	-63.568634	-98.540077	0.000000	0.000000	2.658407
116.438667	-64.584160	-98.978401	0.000000	0.000000	2.658407
116.682800	-65.604012	-99.416130	0.000000	0.000000	2.658407
116.917618	-66.628105	-99.853249	0.000000	0.000000	2.658407
117.143051	-67.656349	-100.289757	0.000000	0.000000	2.658407
117.359039	-68.688637	-100.725601	0.000000	0.000000	2.658407
117.565536	-69.724876	-101.160797	0.000000	0.000000	2.658407
117.762474	-70.764969	-101.595314	0.000000	0.000000	2.658407
117.949791	-71.808815	-102.029137	0.000000	0.000000	2.658407
118.127449	-72.856323	-102.462242	0.000000	0.000000	2.658407
118.295380	-73.907379	-102.894630	0.000000	0.000000	2.658407
118.453537	-74.961891	-103.326256	0.000000	0.000000	2.658407
118.601868	-76.019768	-103.757141	0.000000	0.000000	2.658407
118.740318	-77.080879	-104.187225	0.000000	0.000000	2.658407
118.868843	-78.145142	-104.616516	0.000000	0.000000	2.658407
118.987404	-79.212456	-105.044998	0.000000	0.000000	2.658407
119.095932	-80.282707	-105.472649	0.000000	0.000000	2.658407
119.194397	-81.355789	-105.899445	0.000000	0.000000	2.658407
119.282745	-82.431610	-106.325386	0.000000	0.000000	2.658407
119.360939	-83.510048	-106.750435	0.000000	0.000000	2.658407
119.428940	-84.591011	-107.174599	0.000000	0.000000	2.658407
119.486694	-85.674377	-107.597839	0.000000	0.000000	2.658407
119.534172	-86.760040	-108.020149	0.000000	0.000000	2.658407
119.571335	-87.847908	-108.441505	0.000000	0.000000	2.658407
119.598137	-88.937859	-108.861900	0.000000	0.000000	2.658407
119.614555	-90.029785	-109.281319	0.000000	0.000000	0.000000
119.620544	-91.123573	-109.699730	0.000000	0.000000	2.458407
119.616074	-92.219116	-110.117142	0.000000	0.000000	2.458407
119.601112	-93.316307	-110.533508	0.000000	0.000000	2.458407
119.575623	-94.415031	-110.948830	0.000000	0.000000	2.458407
119.539589	-95.515167	-111.363091	0.000000	0.000000	2.458407
119.492966	-96.616615	-111.776268	0.000000	0.000000	2.458407
119.435738	-97.719269	-112.188354	0.000000	0.000000	2.458407
119.367874	-98.822990	-112.599319	0.000000	0.000000	2.458407
119.289345	-99.927689	-113.009155	0.000000	0.000000	2.458407
119.200142	-101.033241	-113.417854	0.000000	0.000000	2.458407
119.100227	-102.139534	-113.825386	0.000000	0.000000	2.458407
118.989594	-103.246452	-114.231743	0.000000	0.000000	2.458407
118.868210	-104.353882	-114.636902	0.000000	0.000000	2.458407
118.736061	-105.461716	-115.040855	0.000000	0.000000	2.458407
118.593132	-106.569817	-115.443581	0.000000	0.000000	2.458407
118.439415	-107.678078	-115.845062	0.000000	0.000000	2.458407
118.274879	-108.786407	-116.245293	0.000000	0.000000	2.458407
118.099525	-109.894653	-116.644249	0.000000	0.000000	2.458407
117.913338	-111.002724	-117.041908	0.000000	0.000000	2.458407
117.716301	-112.110481	-117.438271	0.000000	0.000000	2.458407
117.508415	-113.217819	-117.833313	0.000000	0.000000	2.458407
117.289673	-114.324638	-118.227020	0.000000	0.000000	2.458407
117.060059	-115.430794	-118.619377	0.000000	0.000000	2.458407
116.819572	-116.536171	-119.010361	0.000000	0.000000	2.458407
116.568214	-117.640671	-119.399956	0.000000	0.000000	2.458407
116.305977	-118.744164	-119.788170	0.000000	0.000000	2.458407
116.032867	-119.846527	-120.174965	0.000000	0.000000	2.458407
115.748878	-120.947655	-120.560326	0.000000	0.000000	2.458407
115.454018	-122.047417	-120.944252	0.000000	0.000000	2.458407
115.148277	-123.145699	-121.326714	0.000000	0.000000	2.458407
114.831680	-124.242386	-121.707703	0.000000	0.000000	2.458407
114.504219	-125.337364	-122.087196	0.000000	0.000000	2.258407
114.165909	-126.430511	-122.465195	0.000000	0.000000	2.258407
113.816757	-127.521690	-122.841675	0.000000	0.000000	2.258407
113.456764	-128.610825	-123.216621	0.000000	0.000000	2.258407
113.085960	-129.697754	-123.590012	0.000000	0.000000	2.258407
112.704338	-130.782379	-123.961845	0.000000	0.000000	2.258407
112.311928	-131.864594	-124.332108	0.000000	0.000000	2.258407
111.908745	-132.944244	-124.700768	0.000000	0.000000	2.258407
111.494789	-134.021255	-125.067825	0.000000	0.000000	2.258407
111.070099	-135.095474	-125.433258	0.000000	0.000000	2.258407
110.634682	-136.166824	-125.797058	0.000000	0.000000	2.258407
110.188568	-137.235153	-126.159203	0.000000	0.000000	2.258407
109.731773	-138.300339	-126.519691	0.000000	0.000000	2.258407
109.264320	-139.362289	-126.878494	0.000000	0.000000	2.258407
108.786247	-140.420883	-127.235603	0.000000	0.000000	2.258407
108.297569	-141.475998	-127.591011	0.000000	0.000000	2.258407
107.798317	-142.527512	-127.944695	0.000000	0.000000	2.258407
107.288513	-143.575302	-128.296646	0.000000	0.000000	2.258407
106.768204	-144.619278	-128.646851	0.000000	0.000000	2.258407
106.237411	-145.659317	-128.995285	0.000000	0.000000	2.258407
105.696167	-146.695297	-129.341934	0.000000	0.000000	2.258407
105.144508	-147.727097	-129.686813	0.000000	0.000000	2.258407
104.582474	-148.754623	-130.029877	0.000000	0.000000	2.258407
104.010101	-149.777740	-130.371140	0.000000	0.000000	2.258407
103.427422	-150.796356	-130.710556	0.000000	0.000000	2.258407
102.834496	-151.810318	-131.048126	0.000000	0.000000	2.258407
102.231331	-152.819565	-131.383835	0.000000	0.000000	2.258407
101.618004	-153.823944	-131.717682	0.000000	0.000000	2.258407
100.994537	-154.823364	-132.049652	0.000000	0.000000	2.258407
100.360992	-155.817703	-132.379715	0.000000	0.000000	2.258407
99.717400	-156.806854	-132.707870	0.000000	0.000000	2.258407
99.063812	-157.790710	-133.034103	0.000000	0.000000	2.258407
98.400291	-158.769150	-133.358398	0.000000	0.000000	2.058407
97.726868	-159.742065	-133.680740	0.000000	0.000000	2.058407
97.043610	-160.709366	-134.001129	0.000000	0.000000	2.058407
96.350563	-161.670929	-134.319550	0.000000	0.000000	2.058407
95.647781	-162.626633	-134.635971	0.000000	0.000000	2.058407
94.935333	-163.576401	-134.950394	0.000000	0.000000	2.058407
94.213249	-164.520111	-135.262802	0.000000	0.000000	2.058407
93.481613	-165.457642	-135.573196	0.000000	0.000000	2.058407
92.740463	-166.388916	-135.881561	0.000000	0.000000	2.058407
91.989883	-167.313797	-136.187866	0.000000	0.000000	2.058407
91.229927	-168.232208	-136.492111	0.000000	0.000000	2.058407
90.460640	-169.144043	-136.794281	0.000000	0.000000	2.058407
89.682098	-170.049179	-137.094376	0.000000	0.000000	2.058407
88.894386	-170.947525	-137.392349	0.000000	0.000000	2.058407
88.097542	-171.838989	-137.688248	0.000000	0.000000	2.058407
87.291649	-172.723450	-137.982010	0.000000	0.000000	2.058407
86.476776	-173.600830	-138.273636	0.000000	0.000000	2.058407
85.652977	-174.471024	-138.563141	0.000000	0.000000	2.058407
84.820351	-175.333908	-138.850464	0.000000	0.000000	2.058407
83.978958	-176.189407	-139.135635	0.000000	0.000000	2.058407
83.128853	-177.037430	-139.418640	0.000000	0.000000	2.058407
82.270142	-177.877869	-139.699448	0.000000	0.000000	2.058407
81.402885	-178.710632	-139.978043	0.000000	0.000000	2.058407
80.527161	-179.535629	-140.254440	0.000000	0.000000	2.058407
79.643044	-180.352753	-140.528625	0.000000	0.000000	2.058407
78.750610	-181.161926	-140.800568	0.000000	0.000000	2.058407
77.849968	-181.963028	-141.070267	0.000000	0.000000	2.058407
76.941154	-182.756012	-141.337723	0.000000	0.000000	2.058407
76.024292	-183.540756	-141.602890	0.000000	0.000000	2.058407
75.099442	-184.317184	-141.865814	0.000000	0.000000	2.058407
74.166695	-185.085205	-142.126434	0.000000	0.000000	2.058407
73.226143	-185.844727	-142.384766	0.000000	0.000000	2.058407
72.277855	-186.595657	-142.640793	0.000000	0.000000	1.858407
71.321945	-187.337936	-142.894501	0.000000	0.000000	1.858407
70.358475	-188.071442	-143.145889	0.000000	0.000000	1.858407
69.387543	-188.796127	-143.394943	0.000000	0.000000	1.858407
68.409256	-189.511887	-143.641647	0.000000	0.000000	1.858407
67.423683	-190.218658	-143.886002	0.000000	0.000000	1.858407
66.430939	-190.916336	-144.127975	0.000000	0.000000	1.858407
65.431091	-191.604858	-144.367599	0.000000	0.000000	1.858407
64.424248	-192.284134	-144.604828	0.000000	0.000000	1.858407
63.410519	-192.954102	-144.839661	0.000000	0.000000	1.858407
62.389977	-193.614685	-145.072098	0.000000	0.000000	1.858407
61.362724	-194.265793	-145.302124	0.000000	0.000000	1.858407
60.328865	-194.907364	-145.529724	0.000000	0.000000	1.858407
59.288502	-195.539307	-145.754898	0.000000	0.000000	1.858407
58.241730	-196.161575	-145.977631	0.000000	0.000000	1.858407
57.188641	-196.774078	-146.197922	0.000000	0.000000	1.858407
56.129345	-197.376770	-146.415756	0.000000	0.000000	1.858407
55.063946	-197.969543	-146.631119	0.000000	0.000000	1.858407
53.992542	-198.552383	-146.844025	0.000000	0.000000	1.858407
52.915241	-199.125168	-147.054428	0.000000	0.000000	1.858407
51.832146	-199.687881	-147.262360	0.000000	0.000000	1.858407
50.743359	-200.240417	-147.467789	0.000000	0.000000	1.858407
49.648994	-200.782745	-147.670700	0.000000	0.000000	1.858407
48.549145	-201.314789	-147.871124	0.000000	0.000000	1.858407
47.443935	-201.836502	-148.069016	0.000000	0.000000	1.858407
46.333466	-202.347794	-148.264359	0.000000	0.000000	1.858407
45.217842	-202.848648	-148.457184	0.000000	0.000000	1.858407
44.097172	-203.338974	-148.647461	0.000000	0.000000	1.858407
42.971581	-203.818726	-148.835175	0.000000	0.000000	1.858407
41.841164	-204.287872	-149.020355	0.000000	0.000000	1.858407
40.706032	-204.746323	-149.202942	0.000000	0.000000	1.858407
39.566307	-205.194061	-149.382965	0.000000	0.000000	1.858407
38.422096	-205.631012	-149.560394	0.000000	0.000000	1.658407
37.273521	-206.057129	-149.735245	0.000000	0.000000	1.658407
36.120686	-206.472382	-149.907516	0.000000	0.000000	1.658407
34.963703	-206.876709	-150.077164	0.000000	0.000000	1.658407
33.802692	-207.270065	-150.244217	0.000000	0.000000	1.658407
32.637775	-207.652420	-150.408646	0.000000	0.000000	1.658407
31.469065	-208.023712	-150.570465	0.000000	0.000000	1.658407
30.296665	-208.383926	-150.729630	0.000000	0.000000	1.658407
29.120707	-208.732986	-150.886169	0.000000	0.000000	1.658407
27.941305	-209.070892	-151.040085	0.000000	0.000000	1.658407
26.758570	-209.397583	-151.191345	0.000000	0.000000	1.658407
25.572630	-209.713013	-151.339951	0.000000	0.000000	1.658407
24.383593	-210.017181	-151.485886	0.000000	0.000000	1.658407
23.191587	-210.310028	-151.629181	0.000000	0.000000	1.658407
21.996733	-210.591537	-151.769806	0.000000	0.000000	1.658407
20.799143	-210.861664	-151.907730	0.000000	0.000000	1.658407
19.598944	-211.120392	-152.042984	0.000000	0.000000	1.658407
18.396246	-211.367676	-152.175552	0.000000	0.000000	1.658407
17.191181	-211.603516	-152.305435	0.000000	0.000000	1.658407
15.983866	-211.827866	-152.432617	0.000000	0.000000	1.658407
14.774420	-212.040710	-152.557098	0.000000	0.000000	1.658407
13.562971	-212.242035	-152.678864	0.000000	0.000000	1.658407
12.349631	-212.431793	-152.797943	0.000000	0.000000	1.658407
11.134533	-212.609985	-152.914276	0.000000	0.000000	1.658407
9.917790	-212.776596	-153.027908	0.000000	0.000000	1.658407
8.699529	-212.931610	-153.138794	0.000000	0.000000	1.658407
7.479877	-213.074997	-153.246979	0.000000	0.000000	1.658407
6.258947	-213.206757	-153.352402	0.000000	0.000000	1.658407
5.036870	-213.326859	-153.455109	0.000000	0.000000	1.658407
3.813765	-213.435318	-153.555054	0.000000	0.000000	1.658407
2.589754	-213.532104	-153.652267	0.000000	0.000000	1.658407
1.364964	-213.617218	-153.746719	0.000000	0.000000	1.658407
0.139520	-213.690643	-153.838440	0.000000	0.000000	0.000000
-1.086459	-213.752396	-153.927383	0.000000	0.000000	0.000000
-2.312848	-213.802444	-154.013580	0.000000	0.000000	0.000000
-3.539523	-213.840805	-154.097000	0.000000	0.000000	0.000000
-4.766362	-213.867477	-154.177658	0.000000	0.000000	0.000000
-5.684482	-213.946335	-154.140900	0.000000	0.000000	0.000000
-5.967264	-214.003906	-154.077805	0.000000	0.000000	0.000000
-6.250607	-214.061646	-154.011932	0.000000	0.000000	0.000000
-6.534536	-214.119537	-153.943298	0.000000	0.000000	0.000000
-6.819077	-214.177597	-153.871918	0.000000	0.000000	0.000000
-7.104253	-214.235794	-153.797760	0.000000	0.000000	0.000000
-7.390092	-214.294144	-153.720871	0.000000	0.000000	0.000000
-7.676619	-214.352615	-153.641205	0.000000	0.000000	1.658407
-7.963857	-214.411224	-153.558807	0.000000	0.000000	1.658407
-8.251833	-214.469940	-153.473663	0.000000	0.000000	1.658407
-8.540570	-214.528763	-153.385757	0.000000	0.000000	1.658407
-8.830094	-214.587677	-153.295135	0.000000	0.000000	1.658407
-9.120430	-214.646683	-153.201767	0.000000	0.000000	1.658407
-9.411601	-214.705765	-153.105667	0.000000	0.000000	1.658407
-9.703632	-214.764923	-153.006836	0.000000	0.000000	1.658407
-9.996548	-214.824112	-152.905289	0.000000	0.000000	1.658407
-10.290372	-214.883347	-152.801010	0.000000	0.000000	1.658407
-10.585127	-214.942612	-152.694031	0.000000	0.000000	1.658407
-10.880838	-215.001877	-152.584335	0.000000	0.000000	1.658407
-11.177528	-215.061157	-152.471924	0.000000	0.000000	1.658407
-11.475221	-215.120422	-152.356827	0.000000	0.000000	1.658407
-11.773939	-215.179657	-152.239014	0.000000	0.000000	1.658407
-12.073706	-215.238846	-152.118500	0.000000	0.000000	1.658407
-12.374543	-215.297989	-151.995316	0.000000	0.000000	1.658407
-12.676475	-215.357040	-151.869446	0.000000	0.000000	1.658407
-12.979521	-215.416016	-151.740891	0.000000	0.000000	1.658407
-13.283707	-215.474869	-151.609665	0.000000	0.000000	1.658407
-13.589051	-215.533600	-151.475769	0.000000	0.000000	1.658407
-13.895577	-215.592209	-151.339203	0.000000	0.000000	1.658407
-14.203306	-215.650635	-151.199997	0.000000	0.000000	1.658407
-14.512259	-215.708893	-151.058121	0.000000	0.000000	1.658407
-14.822457	-215.766968	-150.913620	0.000000	0.000000	1.658407
-15.133922	-215.824814	-150.766449	0.000000	0.000000	1.658407
-15.446671	-215.882431	-150.616653	0.000000	0.000000	1.658407
-15.760726	-215.939789	-150.464233	0.000000	0.000000	1.658407
-16.076107	-215.996872	-150.309174	0.000000	0.000000	1.658407
-16.392832	-216.053665	-150.151520	0.000000	0.000000	1.658407
-16.710922	-216.110123	-149.991241	0.000000	0.000000	1.658407
-17.030396	-216.166260	-149.828369	0.000000	0.000000	1.658407
-17.351271	-216.222031	-149.662888	0.000000	0.000000	1.658407
-17.673567	-216.277435	-149.494812	0.000000	0.000000	1.658407
-17.997303	-216.332413	-149.324158	0.000000	0.000000	1.658407
-18.322493	-216.386978	-149.150925	0.000000	0.000000	1.658407
-18.649158	-216.441086	-148.975113	0.000000	0.000000	1.658407
-18.977314	-216.494720	-148.796738	0.000000	0.000000	1.658407
-19.306974	-216.547867	-148.615814	0.000000	0.000000	1.658407
-19.638161	-216.600479	-148.432327	0.000000	0.000000	1.658407
-19.970886	-216.652542	-148.246307	0.000000	0.000000	1.658407
-20.305168	-216.704041	-148.057739	0.000000	0.000000	1.658407
-20.641020	-216.754929	-147.866669	0.000000	0.000000	1.658407
-20.978458	-216.805206	-147.673050	0.000000	0.000000	1.658407
-21.317497	-216.854828	-147.476929	0.000000	0.000000	1.658407
-21.658152	-216.903763	-147.278290	0.000000	0.000000	1.658407
-22.000433	-216.952011	-147.077164	0.000000	0.000000	1.658407
-22.344357	-216.999527	-146.873550	0.000000	0.000000	1.658407
-22.689936	-217.046280	-146.667450	0.000000	0.000000	1.658407
-23.037184	-217.092255	-146.458878	0.000000	0.000000	1.658407
-23.386114	-217.137405	-146.247833	0.000000	0.000000	1.658407
-23.736734	-217.181732	-146.034348	0.000000	0.000000	1.658407
-24.089060	-217.225174	-145.818405	0.000000	0.000000	1.658407
-24.443098	-217.267715	-145.600021	0.000000	0.000000	1.658407
-24.798864	-217.309341	-145.379211	0.000000	0.000000	1.658407
-25.156366	-217.350006	-145.155960	0.000000	0.000000	1.658407
-25.515615	-217.389679	-144.930313	0.000000	0.000000	1.658407
-25.876617	-217.428345	-144.702255	0.000000	0.000000	1.658407
-26.239388	-217.465958	-144.471802	0.000000	0.000000	1.858407
-26.603931	-217.502502	-144.238953	0.000000	0.000000	1.858407
-26.970253	-217.537933	-144.003738	0.000000	0.000000	1.858407
-27.338364	-217.572220	-143.766159	0.000000	0.000000	1.858407
-27.708277	-217.605347	-143.526199	0.000000	0.000000	1.858407
-28.079987	-217.637268	-143.283920	0.000000	0.000000	1.858407
-28.453512	-217.667969	-143.039261	0.000000	0.000000	1.858407
-28.828848	-217.697388	-142.792313	0.000000	0.000000	1.858407
-29.206011	-217.725525	-142.543015	0.000000	0.000000	1.858407
-29.584997	-217.752319	-142.291412	0.000000	0.000000	1.858407
-29.965813	-217.777771	-142.037521	0.000000	0.000000	1.858407
-30.348467	-217.801819	-141.781326	0.000000	0.000000	1.858407
-30.732958	-217.824432	-141.522858	0.000000	0.000000	1.858407
-31.119291	-217.845612	-141.262115	0.000000	0.000000	1.858407
-31.507471	-217.865280	-140.999100	0.000000	0.000000	1.858407
-31.897495	-217.883423	-140.733856	0.000000	0.000000	1.858407
-32.289368	-217.900024	-140.466370	0.000000	0.000000	1.858407
-32.683094	-217.915009	-140.196640	0.000000	0.000000	1.858407
-33.078663	-217.928391	-139.924713	0.000000	0.000000	1.858407
-33.476089	-217.940109	-139.650558	0.000000	0.000000	1.858407
-33.875366	-217.950119	-139.374222	0.000000	0.000000	1.858407
-34.276493	-217.958420	-139.095688	0.000000	0.000000	1.858407
-34.679462	-217.964951	-138.814987	0.000000	0.000000	1.858407
-35.084286	-217.969681	-138.532120	0.000000	0.000000	1.858407
-35.490955	-217.972580	-138.247086	0.000000	0.000000	1.858407
-35.899464	-217.973633	-137.959930	0.000000	0.000000	1.858407
-36.309807	-217.972763	-137.670639	0.000000	0.000000	1.858407
-36.721992	-217.969971	-137.379227	0.000000	0.000000	1.858407
-37.136005	-217.965210	-137.085709	0.000000	0.000000	1.858407
-37.551842	-217.958450	-136.790100	0.000000	0.000000	1.858407
-37.969505	-217.949631	-136.492401	0.000000	0.000000	1.858407
-38.388977	-217.938751	-136.192627	0.000000	0.000000	1.858407
-38.810265	-217.925766	-135.890808	0.000000	0.000000	1.858407
-39.233349	-217.910645	-135.586929	0.000000	0.000000	1.858407
-39.658234	-217.893326	-135.281006	0.000000	0.000000	1.858407
-40.084900	-217.873810	-134.973068	0.000000	0.000000	1.858407
-40.513344	-217.852036	-134.663132	0.000000	0.000000	1.858407
-40.943562	-217.827972	-134.351181	0.000000	0.000000	1.858407
-41.375534	-217.801590	-134.037231	0.000000	0.000000	1.858407
-41.809265	-217.772858	-133.721313	0.000000	0.000000	1.858407
-42.244728	-217.741745	-133.403442	0.000000	0.000000	1.858407
-42.681923	-217.708191	-133.083618	0.000000	0.000000	1.858407
-43.120834	-217.672195	-132.761856	0.000000	0.000000	1.858407
-43.561447	-217.633682	-132.438171	0.000000	0.000000	1.858407
-44.003761	-217.592651	-132.112579	0.000000	0.000000	1.858407
-44.447750	-217.549057	-131.785065	0.000000	0.000000	1.858407
-44.893406	-217.502853	-131.455688	0.000000	0.000000	1.858407
-45.340714	-217.454025	-131.124435	0.000000	0.000000	1.858407
-45.789654	-217.402527	-130.791306	0.000000	0.000000	1.858407
-46.240219	-217.348312	-130.456345	0.000000	0.000000	1.858407
-46.692390	-217.291367	-130.119553	0.000000	0.000000	1.858407
-47.146152	-217.231644	-129.780930	0.000000	0.000000	1.858407
-47.601486	-217.169128	-129.440506	0.000000	0.000000	1.858407
-48.058376	-217.103745	-129.098282	0.000000	0.000000	1.858407
-48.516800	-217.035492	-128.754288	0.000000	0.000000	1.858407
-48.976746	-216.964340	-128.408524	0.000000	0.000000	1.858407
-49.438198	-216.890228	-128.060989	0.000000	0.000000	1.858407
-49.901123	-216.813141	-127.711739	0.000000	0.000000	1.858407
-50.365517	-216.733047	-127.360748	0.000000	0.000000	1.858407
-50.831345	-216.649902	-127.008057	0.000000	0.000000	1.858407
-51.298595	-216.563675	-126.653664	0.000000	0.000000	1.858407
-51.767246	-216.474319	-126.297592	0.000000	0.000000	1.858407
-52.237270	-216.381836	-125.939842	0.000000	0.000000	1.858407
-52.708652	-216.286163	-125.580437	0.000000	0.000000	1.858407
-53.181362	-216.187286	-125.219391	0.000000	0.000000	1.858407
-53.655376	-216.085159	-124.856720	0.000000	0.000000	1.858407
-54.130680	-215.979752	-124.492439	0.000000	0.000000	1.858407
-54.607235	-215.871033	-124.126556	0.000000	0.000000	1.858407
-55.085030	-215.758972	-123.759087	0.000000	0.000000	1.858407
-55.564034	-215.643539	-123.390053	0.000000	0.000000	1.858407
-56.044212	-215.524704	-123.019470	0.000000	0.000000	1.858407
-56.525551	-215.402420	-122.647339	0.000000	0.000000	1.858407
-57.008018	-215.276672	-122.273682	0.000000	0.000000	1.858407
-57.491585	-215.147430	-121.898514	0.000000	0.000000	1.858407
-57.976223	-215.014664	-121.521858	0.000000	0.000000	1.858407
-58.461903	-214.878326	-121.143715	0.000000	0.000000	1.858407
-58.948605	-214.738388	-120.764107	0.000000	0.000000	1.858407
-59.436287	-214.594849	-120.383041	0.000000	0.000000	1.858407
-59.924923	-214.447647	-120.000549	0.000000	0.000000	1.858407
-60.414490	-214.296768	-119.616631	0.000000	0.000000	1.858407
-60.904945	-214.142181	-119.231300	0.000000	0.000000	1.858407
-61.396267	-213.983856	-118.844589	0.000000	0.000000	1.858407
-61.888416	-213.821762	-118.456505	0.000000	0.000000	1.858407
-62.381363	-213.655884	-118.067055	0.000000	0.000000	1.858407
-62.875076	-213.486176	-117.676262	0.000000	0.000000	1.858407
-63.369518	-213.312607	-117.284142	0.000000	0.000000	1.858407
-63.864662	-213.135178	-116.890701	0.000000	0.000000	1.858407
-64.360474	-212.953842	-116.495972	0.000000	0.000000	1.858407
-64.856911	-212.768570	-116.099945	0.000000	0.000000	1.858407
-65.353935	-212.579361	-115.702667	0.000000	0.000000	1.858407
-65.851524	-212.386154	-115.304131	0.000000	0.000000	1.858407
-66.349640	-212.188934	-114.904358	0.000000	0.000000	1.858407
-66.848236	-211.987686	-114.503365	0.000000	0.000000	1.858407
-67.347282	-211.782379	-114.101173	0.000000	0.000000	1.858407
-67.846741	-211.572998	-113.697784	0.000000	0.000000	1.858407
-68.346573	-211.359512	-113.293228	0.000000	0.000000	1.858407
-68.846741	-211.141891	-112.887520	0.000000	0.000000	1.858407
-69.347206	-210.920120	-112.480667	0.000000	0.000000	1.858407
-69.847939	-210.694183	-112.072693	0.000000	0.000000	1.858407
-70.348877	-210.464035	-111.663612	0.000000	0.000000	1.858407
-70.849998	-210.229675	-111.253433	0.000000	0.000000	1.858407
-71.351257	-209.991074	-110.842186	0.000000	0.000000	1.858407
-71.852623	-209.748199	-110.429871	0.000000	0.000000	1.858407
-72.354042	-209.501053	-110.016518	0.000000	0.000000	1.858407
-72.855476	-209.249603	-109.602135	0.000000	0.000000	1.858407
-73.356888	-208.993835	-109.186745	0.000000	0.000000	1.858407
-73.858223	-208.733719	-108.770363	0.000000	0.000000	1.858407
-74.359459	-208.469238	-108.352997	0.000000	0.000000	1.858407
-74.860535	-208.200394	-107.934669	0.000000	0.000000	1.858407
-75.361420	-207.927139	-107.515404	0.000000	0.000000	1.858407
-75.862068	-207.649475	-107.095207	0.000000	0.000000	1.858407
-76.362427	-207.367371	-106.674103	0.000000	0.000000	1.858407
-76.862457	-207.080826	-106.252090	0.000000	0.000000	1.858407
-77.362122	-206.789825	-105.829216	0.000000	0.000000	1.858407
-77.861366	-206.494324	-105.405472	0.000000	0.000000	1.858407
-78.360146	-206.194351	-104.980881	0.000000	0.000000	1.858407
-78.858429	-205.889862	-104.555466	0.000000	0.000000	1.858407
-79.356148	-205.580841	-104.129242	0.000000	0.000000	1.858407
-79.853271	-205.267288	-103.702217	0.000000	0.000000	1.858407
-80.349747	-204.949188	-103.274422	0.000000	0.000000	1.858407
-80.845535	-204.626526	-102.845863	0.000000	0.000000	1.858407
-81.340576	-204.299286	-102.416557	0.000000	0.000000	1.858407
-81.834839	-203.967453	-101.986526	0.000000	0.000000	1.858407
-82.328262	-203.631042	-101.555786	0.000000	0.000000	1.858407
-82.820808	-203.290009	-101.124352	0.000000	0.000000	1.858407
-83.312424	-202.944366	-100.692245	0.000000	0.000000	1.858407
-83.803062	-202.594086	-100.259483	0.000000	0.000000	1.858407
-84.292664	-202.239182	-99.826073	0.000000	0.000000	1.858407
-84.781204	-201.879639	-99.392036	0.000000	0.000000	1.858407
-85.268616	-201.515442	-98.957397	0.000000	0.000000	1.858407
-85.754845	-201.146576	-98.522163	0.000000	0.000000	1.858407
-86.239861	-200.773056	-98.086365	0.000000	0.000000	1.858407
-86.723595	-200.394867	-97.650002	0.000000	0.000000	1.858407
-87.206017	-200.011993	-97.213104	0.000000	0.000000	1.858407
-87.687057	-199.624435	-96.775681	0.000000	0.000000	1.858407
-88.166679	-199.232208	-96.337761	0.000000	0.000000	1.858407
-88.644821	-198.835281	-95.899345	0.000000	0.000000	1.858407
-89.121452	-198.433670	-95.460472	0.000000	0.000000	1.858407
-89.596489	-198.027359	-95.021133	0.000000	0.000000	1.858407
-90.069916	-197.616348	-94.581367	0.000000	0.000000	1.858407
-90.541656	-197.200653	-94.141182	0.000000	0.000000	1.858407
-91.011673	-196.780258	-93.700600	0.000000	0.000000	1.858407
-91.479912	-196.355148	-93.259628	0.000000	0.000000	1.858407
-91.946312	-195.925354	-92.818298	0.000000	0.000000	1.858407
-92.410835	-195.490860	-92.376617	0.000000	0.000000	1.858407
-92.873421	-195.051666	-91.934608	0.000000	0.000000	1.858407
-93.334015	-194.607788	-91.492279	0.000000	0.000000	1.858407
-93.792572	-194.159225	-91.049660	0.000000	0.000000	1.858407
-94.249039	-193.705963	-90.606758	0.000000	0.000000	1.858407
-94.703362	-193.248032	-90.163605	0.000000	0.000000	1.858407
-95.155495	-192.785416	-89.720200	0.000000	0.000000	1.858407
-95.605370	-192.318115	-89.276581	0.000000	0.000000	1.858407
-96.052956	-191.846161	-88.832741	0.000000	0.000000	1.858407
-96.498177	-191.369553	-88.388718	0.000000	0.000000	1.858407
-96.940994	-190.888290	-87.944519	0.000000	0.000000	1.858407
-97.381355	-190.402374	-87.500160	0.000000	0.000000	1.858407
-97.819206	-189.911819	-87.055664	0.000000	0.000000	1.858407
-98.254486	-189.416656	-86.611053	0.000000	0.000000	1.858407
-98.687157	-188.916855	-86.166336	0.000000	0.000000	1.858407
-99.117157	-188.412460	-85.721542	0.000000	0.000000	1.858407
-99.544426	-187.903473	-85.276672	0.000000	0.000000	1.858407
-99.968933	-187.389893	-84.831757	0.000000	0.000000	1.858407
-100.390610	-186.871750	-84.386810	0.000000	0.000000	1.858407
-100.809395	-186.349030	-83.941841	0.000000	0.000000	1.858407
-101.225258	-185.821777	-83.496880	0.000000	0.000000	1.858407
-101.638123	-185.289993	-83.051933	0.000000	0.000000	1.658407
-102.047958	-184.753693	-82.607025	0.000000	0.000000	1.658407
-102.454697	-184.212891	-82.162170	0.000000	0.000000	1.658407
-102.858299	-183.667603	-81.717392	0.000000	0.000000	1.658407
-103.258698	-183.117844	-81.272705	0.000000	0.000000	1.658407
-103.655853	-182.563644	-80.828133	0.000000	0.000000	1.658407
-104.049706	-182.005005	-80.383682	0.000000	0.000000	1.658407
-104.440201	-181.441956	-79.939369	0.000000	0.000000	1.658407
-104.827286	-180.874496	-79.495216	0.000000	0.000000	1.658407
-105.210922	-180.302673	-79.051247	0.000000	0.000000	1.658407
-105.591049	-179.726501	-78.607468	0.000000	0.000000	1.658407
-105.967606	-179.145981	-78.163902	0.000000	0.000000	1.658407
-106.340553	-178.561157	-77.720573	0.000000	0.000000	1.658407
-106.709831	-177.972046	-77.277481	0.000000	0.000000	1.658407
-107.075401	-177.378662	-76.834663	0.000000	0.000000	1.658407
-107.437202	-176.781036	-76.392136	0.000000	0.000000	1.658407
-107.795181	-176.179199	-75.949898	0.000000	0.000000	1.658407
-108.149284	-175.573166	-75.507980	0.000000	0.000000	1.658407
-108.499474	-174.962967	-75.066399	0.000000	0.000000	1.658407
-108.845688	-174.348618	-74.625168	0.000000	0.000000	1.658407
-109.187881	-173.730164	-74.184311	0.000000	0.000000	1.658407
-109.526001	-173.107620	-73.743843	0.000000	0.000000	1.658407
-109.860001	-172.481018	-73.303772	0.000000	0.000000	1.658407
-110.189827	-171.850388	-72.864128	0.000000	0.000000	1.658407
-110.515434	-171.215744	-72.424934	0.000000	0.000000	1.658407
-110.836761	-170.577133	-71.986183	0.000000	0.000000	1.658407
-111.153770	-169.934586	-71.547913	0.000000	0.000000	1.658407
-111.466415	-169.288132	-71.110138	0.000000	0.000000	1.658407
-111.774635	-168.637802	-70.672867	0.000000	0.000000	1.658407
-112.078392	-167.983627	-70.236122	0.000000	0.000000	1.658407
-112.377632	-167.325638	-69.799919	0.000000	0.000000	1.658407
-112.672310	-166.663864	-69.364281	0.000000	0.000000	1.658407
-112.962379	-165.998352	-68.929222	0.000000	0.000000	1.658407
-113.247787	-165.329117	-68.494751	0.000000	0.000000	1.658407
-113.528488	-164.656219	-68.060898	0.000000	0.000000	1.658407
-113.804443	-163.979691	-67.627678	0.000000	0.000000	1.658407
-114.075600	-163.299545	-67.195091	0.000000	0.000000	1.658407
-114.341911	-162.615845	-66.763184	0.000000	0.000000	1.658407
-114.603333	-161.928619	-66.331955	0.000000	0.000000	1.658407
-114.859818	-161.237900	-65.901421	0.000000	0.000000	1.658407
-115.111320	-160.543732	-65.471596	0.000000	0.000000	1.658407
-115.357796	-159.846146	-65.042503	0.000000	0.000000	1.658407
-115.599205	-159.145203	-64.614159	0.000000	0.000000	1.658407
-115.835495	-158.440933	-64.186584	0.000000	0.000000	1.658407
-116.066635	-157.733368	-63.759796	0.000000	0.000000	1.658407
-116.292572	-157.022552	-63.333805	0.000000	0.000000	1.658407
-116.513260	-156.308548	-62.908627	0.000000	0.000000	1.658407
-116.728668	-155.591370	-62.484287	0.000000	0.000000	1.658407
-116.938744	-154.871078	-62.060787	0.000000	0.000000	1.658407
-117.143448	-154.147705	-61.638165	0.000000	0.000000	1.658407
-117.342743	-153.421310	-61.216419	0.000000	0.000000	1.658407
-117.536583	-152.691925	-60.795578	0.000000	0.000000	1.658407
-117.724930	-151.959610	-60.375641	0.000000	0.000000	1.658407
-117.907745	-151.224396	-59.956646	0.000000	0.000000	1.658407
-118.084984	-150.486343	-59.538601	0.000000	0.000000	1.658407
-118.256615	-149.745483	-59.121517	0.000000	0.000000	1.658407
-118.422592	-149.001877	-58.705425	0.000000	0.000000	1.658407
-118.582878	-148.255569	-58.290329	0.000000	0.000000	1.658407
-118.737442	-147.506607	-57.876244	0.000000	0.000000	1.658407
-118.886238	-146.755035	-57.463196	0.000000	0.000000	1.658407
-119.029236	-146.000916	-57.051189	0.000000	0.000000	1.658407
-119.166389	-145.244293	-56.640244	0.000000	0.000000	1.658407
-119.297676	-144.485214	-56.230389	0.000000	0.000000	1.658407
-119.423042	-143.723724	-55.821617	0.000000	0.000000	1.658407
-119.542473	-142.959885	-55.413967	0.000000	0.000000	1.658407
-119.655930	-142.193741	-55.007446	0.000000	0.000000	1.658407
-119.763367	-141.425354	-54.602070	0.000000	0.000000	1.658407
-119.864761	-140.654785	-54.197861	0.000000	0.000000	1.658407
-119.960075	-139.882065	-53.794819	0.000000	0.000000	1.658407
-120.049286	-139.107254	-53.392975	0.000000	0.000000	1.658407
-120.132339	-138.330414	-52.992336	0.000000	0.000000	1.658407
-120.209229	-137.551590	-52.592918	0.000000	0.000000	1.658407
-120.279907	-136.770859	-52.194740	0.000000	0.000000	1.658407
-120.344360	-135.988251	-51.797825	0.000000	0.000000	1.658407
-120.402542	-135.203827	-51.402180	0.000000	0.000000	1.658407
-120.454430	-134.417664	-51.007820	0.000000	0.000000	1.458407
-120.500000	-133.629791	-50.614769	0.000000	0.000000	1.458407
-120.539215	-132.840271	-50.223026	0.000000	0.000000	1.458407
-120.572060	-132.049179	-49.832626	0.000000	0.000000	1.458407
-120.598495	-131.256561	-49.443565	0.000000	0.000000	1.458407
-120.618507	-130.462479	-49.055878	0.000000	0.000000	1.458407
-120.632057	-129.666977	-48.669567	0.000000	0.000000	1.458407
-120.639130	-128.870132	-48.284653	0.000000	0.000000	1.458407
-120.639694	-128.072006	-47.901142	0.000000	0.000000	1.458407
-120.633743	-127.272644	-47.519066	0.000000	0.000000	1.458407
-120.621223	-126.472107	-47.138424	0.000000	0.000000	1.458407
-120.602142	-125.670471	-46.759239	0.000000	0.000000	1.458407
-120.576462	-124.867783	-46.381527	0.000000	0.000000	1.458407
-120.544167	-124.064110	-46.005302	0.000000	0.000000	1.458407
-120.505226	-123.259506	-45.630566	0.000000	0.000000	1.458407
-120.459641	-122.454041	-45.257362	0.000000	0.000000	1.458407
-120.407364	-121.647774	-44.885670	0.000000	0.000000	1.458407
-120.348404	-120.840767	-44.515537	0.000000	0.000000	1.458407
-120.282722	-120.033089	-44.146954	0.000000	0.000000	1.458407
-120.210312	-119.224792	-43.779945	0.000000	0.000000	1.458407
-120.131165	-118.415947	-43.414536	0.000000	0.000000	1.458407
-120.045242	-117.606613	-43.050713	0.000000	0.000000	1.458407
-119.952545	-116.796860	-42.688515	0.000000	0.000000	1.458407
-119.853050	-115.986748	-42.327950	0.000000	0.000000	1.458407
-119.746750	-115.176331	-41.969025	0.000000	0.000000	1.458407
-119.633636	-114.365692	-41.611763	0.000000	0.000000	1.458407
-119.513687	-113.554886	-41.256176	0.000000	0.000000	1.458407
-119.386887	-112.743973	-40.902271	0.000000	0.000000	1.458407
-119.253235	-111.933037	-40.550076	0.000000	0.000000	1.458407
-119.112709	-111.122124	-40.199585	0.000000	0.000000	1.458407
-118.965309	-110.311302	-39.850834	0.000000	0.000000	1.458407
-118.811020	-109.500641	-39.503819	0.000000	0.000000	1.458407
-118.649849	-108.690216	-39.158569	0.000000	0.000000	1.458407
-118.481758	-107.880074	-38.815083	0.000000	0.000000	1.458407
-118.306763	-107.070290	-38.473377	0.000000	0.000000	1.458407
-118.124855	-106.260933	-38.133480	0.000000	0.000000	1.458407
-117.936028	-105.452072	-37.795387	0.000000	0.000000	1.458407
-117.740265	-104.643768	-37.459122	0.000000	0.000000	1.458407
-117.537575	-103.836090	-37.124691	0.000000	0.000000	1.458407
-117.327950	-103.029099	-36.792110	0.000000	0.000000	1.458407
-117.111382	-102.222870	-36.461395	0.000000	0.000000	1.458407
-116.887886	-101.417473	-36.132565	0.000000	0.000000	1.458407
-116.657440	-100.612953	-35.805611	0.000000	0.000000	1.458407
-116.420052	-99.809410	-35.480568	0.000000	0.000000	1.458407
-116.175720	-99.006889	-35.157440	0.000000	0.000000	1.458407
-115.924446	-98.205460	-34.836239	0.000000	0.000000	1.458407
-115.666237	-97.405205	-34.516979	0.000000	0.000000	1.458407
-115.401093	-96.606171	-34.199673	0.000000	0.000000	1.458407
-115.129005	-95.808449	-33.884331	0.000000	0.000000	1.458407
-114.849991	-95.012077	-33.570969	0.000000	0.000000	1.458407
-114.564049	-94.217140	-33.259602	0.000000	0.000000	1.458407
-114.271187	-93.423721	-32.950237	0.000000	0.000000	1.458407
-113.971405	-92.631859	-32.642887	0.000000	0.000000	1.458407
-113.664719	-91.841637	-32.337566	0.000000	0.000000	1.458407
-113.351128	-91.053116	-32.034279	0.000000	0.000000	1.458407
-113.030632	-90.266373	-31.733047	0.000000	0.000000	1.458407
-112.703270	-89.481468	-31.433880	0.000000	0.000000	1.458407
-112.369019	-88.698471	-31.136786	0.000000	0.000000	1.458407
-112.027901	-87.917458	-30.841782	0.000000	0.000000	1.458407
-111.679939	-87.138474	-30.548878	0.000000	0.000000	1.458407
-111.325127	-86.361610	-30.258080	0.000000	0.000000	1.458407
-110.963486	-85.586922	-29.969408	0.000000	0.000000	1.458407
-110.595024	-84.814484	-29.682863	0.000000	0.000000	1.458407
-110.219765	-84.044365	-29.398472	0.000000	0.000000	1.458407
-109.837715	-83.276611	-29.116232	0.000000	0.000000	1.458407
-109.448891	-82.511322	-28.836159	0.000000	0.000000	1.458407
-109.053299	-81.748535	-28.558260	0.000000	0.000000	1.458407
-108.650978	-80.988335	-28.282557	0.000000	0.000000	1.458407
-108.241928	-80.230789	-28.009048	0.000000	0.000000	1.258407
-107.826180	-79.475952	-27.737755	0.000000	0.000000	1.258407
-107.403748	-78.723900	-27.468681	0.000000	0.000000	1.258407
-106.974640	-77.974693	-27.201839	0.000000	0.000000	1.258407
-106.538887	-77.228416	-26.937241	0.000000	0.000000	1.258407
-106.096512	-76.485107	-26.674891	0.000000	0.000000	1.258407
-105.647537	-75.744850	-26.414810	0.000000	0.000000	1.258407
-105.191978	-75.007706	-26.156998	0.000000	0.000000	1.258407
-104.729866	-74.273735	-25.901474	0.000000	0.000000	1.258407
-104.261215	-73.543015	-25.648241	0.000000	0.000000	1.258407
-103.786057	-72.815598	-25.397312	0.000000	0.000000	1.258407
-103.304420	-72.091560	-25.148699	0.000000	0.000000	1.258407
-102.816330	-71.370964	-24.902411	0.000000	0.000000	1.258407
-102.321800	-70.653870	-24.658449	0.000000	0.000000	1.258407
-101.820877	-69.940338	-24.416838	0.000000	0.000000	1.258407
-101.313583	-69.230446	-24.177576	0.000000	0.000000	1.258407
-100.799934	-68.524239	-23.940676	0.000000	0.000000	1.258407
-100.279984	-67.821800	-23.706148	0.000000	0.000000	1.258407
-99.753738	-67.123184	-23.474001	0.000000	0.000000	1.258407
-99.221237	-66.428452	-23.244240	0.000000	0.000000	1.258407
-98.682526	-65.737679	-23.016880	0.000000	0.000000	1.258407
-98.137619	-65.050903	-22.791929	0.000000	0.000000	1.258407
-97.586555	-64.368202	-22.569393	0.000000	0.000000	1.258407
-97.029366	-63.689636	-22.349285	0.000000	0.000000	1.258407
-96.466103	-63.015270	-22.131609	0.000000	0.000000	1.258407
-95.896774	-62.345161	-21.916376	0.000000	0.000000	1.258407
-95.321434	-61.679371	-21.703594	0.000000	0.000000	1.258407
-94.740120	-61.017960	-21.493275	0.000000	0.000000	1.258407
-94.152855	-60.360985	-21.285418	0.000000	0.000000	1.258407
-93.559685	-59.708511	-21.080042	0.000000	0.000000	1.258407
-92.960648	-59.060596	-20.877146	0.000000	0.000000	1.258407
-92.355789	-58.417297	-20.676746	0.000000	0.000000	1.258407
-91.745140	-57.778671	-20.478846	0.000000	0.000000	1.258407
-91.128746	-57.144787	-20.283449	0.000000	0.000000	1.258407
-90.506645	-56.515686	-20.090574	0.000000	0.000000	1.258407
-89.878883	-55.891438	-19.900219	0.000000	0.000000	1.258407
-89.245499	-55.272095	-19.712395	0.000000	0.000000	1.258407
-88.606529	-54.657722	-19.527109	0.000000	0.000000	1.258407
-87.962036	-54.048367	-19.344370	0.000000	0.000000	1.258407
-87.312042	-53.444088	-19.164183	0.000000	0.000000	1.258407
-86.656609	-52.844933	-18.986555	0.000000	0.000000	1.258407
-85.995773	-52.250969	-18.811497	0.000000	0.000000	1.258407
-85.329582	-51.662243	-18.639009	0.000000	0.000000	1.258407
-84.658089	-51.078812	-18.469105	0.000000	0.000000	1.258407
-83.981331	-50.500729	-18.301785	0.000000	0.000000	1.258407
-83.299355	-49.928043	-18.137060	0.000000	0.000000	1.258407
-82.612228	-49.360817	-17.974934	0.000000	0.000000	1.258407
-81.949516	-48.751221	-17.854803	0.000000	0.000000	1.258407
-81.368385	-48.003441	-17.854805	0.000000	0.000000	1.258407
-80.777901	-47.263020	-17.854805	0.000000	0.000000	1.258407
-80.178162	-46.530079	-17.854803	0.000000	0.000000	1.258407
-79.569260	-45.804737	-17.854803	0.000000	0.000000	1.258407
-78.951286	-45.087097	-17.854803	0.000000	0.000000	1.258407
-78.324348	-44.377281	-17.854805	0.000000	0.000000	1.258407
-77.688538	-43.675404	-17.854805	0.000000	0.000000	1.258407
-77.043953	-42.981564	-17.854803	0.000000	0.000000	1.258407
-76.390709	-42.295883	-17.854805	0.000000	0.000000	1.258407
-75.728905	-41.618469	-17.854807	0.000000	0.000000	1.258407
-75.058624	-40.949417	-17.854803	0.000000	0.000000	1.258407
-74.379997	-40.288841	-17.854803	0.000000	0.000000	1.258407
-73.693123	-39.636848	-17.854805	0.000000	0.000000	1.058407
-72.998116	-38.993538	-17.854807	0.000000	0.000000	1.058407
-72.473602	-38.444149	-17.856703	0.000000	0.000000	0.000000
-71.811951	-37.741383	-17.919495	0.000000	0.000000	0.000000
-71.139427	-37.048264	-17.980843	0.000000	0.000000	0.000000
-70.456177	-36.364979	-18.040730	0.000000	0.000000	0.000000
-69.762360	-35.691704	-18.099138	0.000000	0.000000	0.000000
-69.058128	-35.028622	-18.156054	0.000000	0.000000	0.000000
-68.343636	-34.375885	-18.211460	0.000000	0.000000	0.000000
-67.619049	-33.733681	-18.265343	0.000000	0.000000	0.000000
-66.884529	-33.102173	-18.317686	0.000000	0.000000	0.000000
-66.140236	-32.481522	-18.368477	0.000000	0.000000	0.000000
-65.386353	-31.871889	-18.417702	0.000000	0.000000	0.000000
-64.623047	-31.273439	-18.465343	0.000000	0.000000	0.000000
-63.850502	-30.686329	-18.511393	0.000000	0.000000	0.000000
-63.068886	-30.110706	-18.555836	0.000000	0.000000	1.058407
-62.278393	-29.546719	-18.598660	0.000000	0.000000	0.000000
-61.479198	-28.994524	-18.639853	0.000000	0.000000	0.000000
-60.671494	-28.454256	-18.679405	0.000000	0.000000	1.058407
-59.855469	-27.926056	-18.717304	0.000000	0.000000	0.000000
-59.031319	-27.410078	-18.753540	0.000000	0.000000	0.000000
-58.199234	-26.906429	-18.788103	0.000000	0.000000	0.000000
-57.359417	-26.415264	-18.820984	0.000000	0.000000	1.058407
-56.512070	-25.936699	-18.852171	0.000000	0.000000	0.000000
-55.657391	-25.470858	-18.881660	0.000000	0.000000	0.000000
-54.795586	-25.017862	-18.909441	0.000000	0.000000	0.000000
-53.926868	-24.577829	-18.935505	0.000000	0.000000	0.000000
-53.051434	-24.150875	-18.959846	0.000000	0.000000	0.000000
-52.169510	-23.737104	-18.982458	0.000000	0.000000	0.000000
-51.281300	-23.336630	-19.003334	0.000000	0.000000	0.000000
-50.387024	-22.949547	-19.022469	0.000000	0.000000	0.000000
-49.486897	-22.575954	-19.039856	0.000000	0.000000	0.000000
-48.581135	-22.215954	-19.055492	0.000000	0.000000	0.000000
-47.669964	-21.869625	-19.069374	0.000000	0.000000	0.000000
-46.753605	-21.537064	-19.081497	0.000000	0.000000	0.000000
-45.832283	-21.218353	-19.091856	0.000000	0.000000	0.000000
-45.826897	-21.143877	-19.100399	0.000000	0.000000	0.000000
-46.155838	-21.150625	-19.109203	0.000000	0.000000	0.000000
-46.508644	-21.157862	-19.118647	0.000000	0.000000	0.000000
-46.887993	-21.165644	-19.128799	0.000000	0.000000	0.000000
-47.296989	-21.174034	-19.139748	0.000000	0.000000	0.000000
-47.739208	-21.183105	-19.151583	0.000000	0.000000	0.000000
-48.218872	-21.192945	-19.164421	0.000000	0.000000	0.000000
-48.741024	-21.203657	-19.178398	0.000000	0.000000	0.000000
-49.311424	-21.215359	-19.193665	0.000000	0.000000	0.000000
-49.937153	-21.228193	-19.210413	0.000000	0.000000	0.000000
-50.626640	-21.242338	-19.228868	0.000000	0.000000	0.000000
-51.390152	-21.257999	-19.249304	0.000000	0.000000	0.000000
-52.240253	-21.275438	-19.272058	0.000000	0.000000	0.000000
-53.192616	-21.294975	-19.297548	0.000000	0.000000	0.000000
-54.266693	-21.317009	-19.326298	0.000000	0.000000	0.000000
-55.487537	-21.342052	-19.358974	0.000000	0.000000	0.000000
-56.887333	-21.370768	-19.396442	0.000000	0.000000	0.000000
-58.508541	-21.404024	-19.439835	0.000000	0.000000	0.000000
-60.408188	-21.442993	-19.490681	0.000000	0.000000	0.000000
-62.664665	-21.489283	-19.551077	0.000000	0.000000	0.000000
-65.388878	-21.545166	-19.623995	0.000000	0.000000	0.000000
-69.016060	-21.637489	-19.718987	0.000000	0.000000	0.000000
-76.606583	-21.985941	-19.899641	0.000000	0.000000	0.000000
-88.807091	-22.546017	-20.190014	0.000000	0.000000	0.000000
-111.647469	-23.594528	-20.733616	0.000000	0.000000	0.000000
-169.794891	-26.263844	-22.117527	0.000000	0.000000	0.000000
382.811249	123.210526	-296.958313	0.000000	0.000000	0.000000
287.181732	86.975655	-225.337219	0.000000	0.000000	0.000000
228.789764	64.847900	-181.599091	0.000000	0.000000	0.000000
189.423569	49.928062	-152.107590	0.000000	0.000000	0.000000
161.082291	39.185162	-130.871964	0.000000	0.000000	0.000000
139.700027	31.078911	-114.847832	0.000000	0.000000	0.000000
122.990898	24.743336	-102.323578	0.000000	0.000000	-2.741593
109.571579	19.654394	-92.263420	0.000000	0.000000	0.000000
98.555611	15.476269	-84.003616	0.000000	0.000000	0.000000
89.348740	11.983837	-77.099220	0.000000	0.000000	0.000000
81.537743	9.020553	-71.240807	0.000000	0.000000	0.000000
74.826355	6.474183	-66.206543	0.000000	0.000000	0.000000
68.996498	4.262115	-61.833157	0.000000	0.000000	0.000000
63.884308	2.322269	-57.997936	0.000000	0.000000	0.000000
64.101982	1.839393	-58.034641	0.000000	0.000000	-2.741593
64.843346	1.488067	-58.452438	0.000000	0.000000	-2.741593
65.583847	1.128341	-58.871231	0.000000	0.000000	-2.741593
66.323395	0.760213	-59.291023	0.000000	0.000000	-2.741593
67.061897	0.383669	-59.711788	0.000000	0.000000	0.000000
67.799248	-0.001300	-60.133518	0.000000	0.000000	0.000000
68.535347	-0.394701	-60.556190	0.000000	0.000000	0.000000
69.270088	-0.796546	-60.979778	0.000000	0.000000	0.000000
70.003372	-1.206830	-61.404289	0.000000	0.000000	0.000000
70.735107	-1.625564	-61.829681	0.000000	0.000000	-2.941593
71.465179	-2.052753	-62.255951	0.000000	0.000000	-2.941593
72.193489	-2.488393	-62.683079	0.000000	0.000000	-2.941593
72.919937	-2.932485	-63.111042	0.000000	0.000000	-2.941593
73.644424	-3.385031	-63.539833	0.000000	0.000000	-2.941593
74.366844	-3.846026	-63.969433	0.000000	0.000000	-2.941593
75.087097	-4.315468	-64.399826	0.000000	0.000000	-2.941593
75.805084	-4.793353	-64.830994	0.000000	0.000000	-2.941593
76.520699	-5.279669	-65.262917	0.000000	0.000000	-2.941593
77.233833	-5.774418	-65.695580	0.000000	0.000000	-2.941593
77.944397	-6.277585	-66.128960	0.000000	0.000000	-2.941593
78.652275	-6.789165	-66.563049	0.000000	0.000000	0.000000
79.357368	-7.309140	-66.997826	0.000000	0.000000	0.000000
80.059586	-7.837504	-67.433273	0.000000	0.000000	0.000000
80.758812	-8.374240	-67.869377	0.000000	0.000000	0.000000
81.454941	-8.919334	-68.306114	0.000000	0.000000	0.000000
82.147888	-9.472773	-68.743469	0.000000	0.000000	0.000000
82.837532	-10.034534	-69.181435	0.000000	0.000000	0.000000
83.523788	-10.604600	-69.619980	0.000000	0.000000	0.000000
84.206535	-11.182950	-70.059097	0.000000	0.000000	0.000000
84.885689	-11.769568	-70.498756	0.000000	0.000000	0.000000
85.561134	-12.364429	-70.938957	0.000000	0.000000	0.000000
86.232780	-12.967505	-71.379669	0.000000	0.000000	0.000000
86.900513	-13.578775	-71.820869	0.000000	0.000000	0.000000
87.564240	-14.198211	-72.262566	0.000000	0.000000	0.000000
88.223854	-14.825788	-72.704712	0.000000	0.000000	0.000000
88.879265	-15.461476	-73.147316	0.000000	0.000000	0.000000
89.530365	-16.105242	-73.590347	0.000000	0.000000	0.000000
90.177048	-16.757057	-74.033783	0.000000	0.000000	0.000000
90.819221	-17.416889	-74.477615	0.000000	0.000000	0.000000
91.456779	-18.084705	-74.921822	0.000000	0.000000	-3.141593
92.089630	-18.760466	-75.366386	0.000000	0.000000	-3.141593
