18.590366	164.749115	27.975489	0	0	-0.54030229	0.84147099
18.752201	164.729599	27.944841	0	0	-0.99500417	0.099833397
18.414400	164.766373	28.012789	0	0	-0.87758258	0.4794255
18.892580	164.711441	27.922472	0	0	-0.82533563	0.56464246
18.255199	164.766861	28.053188	0	0	-0.87758258	0.4794255
19.000204	164.692566	27.912777	0	0	-0.76484218	0.64421769
19.064190	164.753738	27.906843	0	0	-0.76484218	0.64421769
19.068445	164.715973	27.902328	0	0	-0.76484218	0.64421769
18.115568	164.757507	28.092106	0	0	-0.87758258	0.4794255
19.087423	165.297653	27.690001	0	0	-0.76484218	0.64421769
17.911173	165.412857	28.054213	0	0	-0.82533563	0.56464246
20.258820	166.899582	27.201227	0	0	-0.99500417	0.099833397
14.655172	166.994614	28.809439	0	0	-0.95533648	0.29552023
19.891983	168.460541	25.518494	0	0	-0.76484218	0.64421769
18.667976	172.558304	25.220835	0	0	-0.99500417	0.099833397
16.452801	180.293488	23.390419	0	0	-0.99500417	0.099833397
37.541458	153.807693	26.060989	0	0	-0.87758258	0.4794255
37.572147	153.863892	26.043591	0	0	-0.87758258	0.4794255
37.506687	153.743439	26.084024	0	0	-0.87758258	0.4794255
37.598564	153.911545	26.032734	0	0	-0.87758258	0.4794255
37.617237	153.944016	26.032024	0	0	-0.87758258	0.4794255
37.469227	153.673630	26.112125	0	0	-0.87758258	0.4794255
37.643959	153.991394	26.025770	0	0	-0.87758258	0.4794255
37.658939	154.011490	26.059231	0	0	-0.87758258	0.4794255
37.659443	154.017761	26.028290	0	0	-0.87758258	0.4794255
37.432430	153.604904	26.140656	0	0	-0.87758258	0.4794255
37.562893	153.768829	26.495228	0	0	-0.82533563	0.56464246
37.882809	154.446136	25.791229	0	0	-0.87758258	0.4794255
38.833969	156.175217	25.324707	0	0	-0.76484218	0.64421769
39.284420	157.264313	23.559408	0	0	-0.82533563	0.56464246
14.816665	186.872299	26.673578	0	0	-0.62160997	0.7833269
40.709969	159.832352	22.994083	0	-0	-1	-4.371139e-08
43.329914	164.775986	20.675207	0	0	-0.69670669	0.71735611
45.985497	168.876968	23.524803	0	0	-0.87758258	0.4794255
-9.580946	172.297592	27.975489	0	0	-0.82533563	0.56464246
-9.574985	172.319839	27.944841	0	0	-0.82533563	0.56464246
-9.588418	172.269699	28.012789	0	0	-0.76484218	0.64421769
-9.570118	172.337997	27.922472	0	0	-0.76484218	0.64421769
-9.567630	172.347290	27.912777	0	0	-0.76484218	0.64421769
-9.598962	172.230362	28.053188	0	0	-0.76484218	0.64421769
-9.557207	172.386185	27.902328	0	0	-0.76484218	0.64421769
-9.548048	172.420364	27.906843	0	0	-0.82533563	0.56464246
-9.610654	172.186722	28.092106	0	0	-0.76484218	0.64421769
-9.460505	172.747086	28.054213	0	0	-0.76484218	0.64421769
-9.410514	172.933655	27.690001	0	0	-0.82533563	0.56464246
-9.283178	173.408875	28.809439	0	0	-0.76484218	0.64421769
-8.931562	174.721130	27.201227	0	0	-0.76484218	0.64421769
-8.565898	176.085800	25.518494	0	0	-0.82533563	0.56464246
47.649132	170.247543	32.159813	0	0	-0.87758258	0.4794255
-7.623450	179.603058	25.220835	0	0	-0.76484218	0.64421769
48.216072	172.610031	24.270033	0	0	-0.95533648	0.29552023
8.988836	195.257889	28.232895	0	0	-0.98006658	0.19866933
-5.838042	186.266296	23.390419	0	0	-0.69670669	0.71735611
-4.302939	191.995377	26.673578	0	0	-0.87758258	0.4794255
-2.596931	198.362289	28.232895	0	0	-0.98006658	0.19866933
-4.577917	200.400833	37.435955	0	0	-0.87758258	0.4794255
64.754906	195.222946	58.749905	0	0	-0.54030229	0.84147099
-4.018139	234.929077	65.697578	0	0	-0.36235775	0.93203909
73.095787	70.342964	18.438276	0	0	-0.95533648	0.29552023
73.207748	70.409821	18.416355	0	0	-0.95533648	0.29552023
72.972511	70.268951	18.466356	0	0	-0.95533648	0.29552023
73.304527	70.467186	18.401615	0	0	-0.95533648	0.29552023
72.873749	70.214897	18.437010	0	0	-0.98006658	0.19866933
72.854767	70.197632	18.499502	0	0	-0.95533648	0.29552023
73.376915	70.509338	18.398085	0	0	-0.95533648	0.29552023
73.437836	70.545433	18.388920	0	0	-0.95533648	0.29552023
73.451057	70.552925	18.390373	0	0	-0.95533648	0.29552023
72.747452	70.132309	18.532764	0	0	-0.95533648	0.29552023
73.692848	70.718285	18.135288	0	0	-0.98006658	0.19866933
71.138062	69.163376	18.926214	0	0	-0.95533648	0.29552023
75.240791	71.668022	17.580629	0	0	-0.95533648	0.29552023
75.562691	72.036041	15.777382	0	0	-0.98006658	0.19866933
76.390343	72.580231	15.120729	0	0	-0.92106097	0.38941839
71.406654	68.791702	24.140379	0	0	-0.98006658	0.19866933
78.997917	73.998611	15.982893	0	0	-0.95533648	0.29552023
77.969284	73.743813	12.626430	0	0	-0.92106097	0.38941839
79.708679	74.476044	15.318948	0	0	-0.99500417	0.099833397
87.892044	75.735977	49.615379	0	0	0.99913515	0.041580682
-92.577698	134.961716	27.975489	0	0	-0.62160997	0.7833269
-92.593796	135.021820	28.012789	0	0	-0.62160997	0.7833269
-92.561974	134.903046	27.944841	0	0	-0.62160997	0.7833269
-92.548035	134.851028	27.922472	0	0	-0.62160997	0.7833269
-92.604584	135.062073	28.053188	0	0	-0.62160997	0.7833269
-92.547112	134.847580	27.906843	0	0	-0.62160997	0.7833269
-92.536102	134.806503	27.912777	0	0	-0.62160997	0.7833269
-92.537384	134.811279	27.902328	0	0	-0.62160997	0.7833269
-92.611603	135.088242	28.092106	0	0	-0.62160997	0.7833269
-92.681534	135.349258	27.690001	0	0	-0.62160997	0.7833269
-92.789131	135.750809	28.054213	0	0	-0.62160997	0.7833269
-93.003548	136.551025	27.201227	0	0	-0.62160997	0.7833269
-93.402679	138.040604	28.809439	0	0	-0.54030229	0.84147099
-93.418358	138.099121	25.518494	0	0	-0.62160997	0.7833269
-94.524796	142.228394	25.220835	0	0	-0.69670669	0.71735611
-96.606979	149.999207	23.390419	0	0	-0.62160997	0.7833269
-98.361282	156.546356	26.673578	0	0	-0.69670669	0.71735611
-100.848076	165.827179	28.232895	0	0	-0.45359611	0.89120736
-103.042610	174.017303	37.435955	0	0	-0.54030229	0.84147099
-111.637169	206.092651	65.697578	0	0	-0.16996714	0.98544973
-101.742256	44.416489	27.975489	0	0	-0.36235775	0.93203909
-101.651581	44.325813	27.944841	0	0	-0.36235775	0.93203909
-101.838867	44.513103	28.012789	0	0	-0.36235775	0.93203909
-101.572319	44.246548	27.922472	0	0	-0.36235775	0.93203909
-101.918709	44.592945	28.053188	0	0	-0.36235775	0.93203909
-101.767998	44.442230	27.690001	0	0	-0.36235775	0.93203909
-101.509064	44.183296	27.912777	0	0	-0.36235775	0.93203909
-101.507660	44.181892	27.906843	0	0	-0.36235775	0.93203909
-101.983849	44.658081	28.092106	0	0	-0.36235775	0.93203909
-101.486649	44.160877	27.902328	0	0	-0.36235775	0.93203909
-101.983269	44.657501	27.201227	0	0	-0.45359611	0.89120736
-102.413727	45.087959	28.054213	0	0	-0.36235775	0.93203909
-102.947159	45.621391	25.518494	0	0	-0.36235775	0.93203909
-104.832603	47.506836	28.809439	0	0	-0.36235775	0.93203909
-105.608047	48.282276	25.220835	0	0	-0.45359611	0.89120736
-110.583229	53.257458	23.390419	0	0	-0.45359611	0.89120736
-114.690704	57.364933	26.673578	0	0	-0.36235775	0.93203909
-121.797409	64.471642	28.232895	0	0	-0.16996714	0.98544973
-131.152267	73.826492	37.435955	0	0	-0.26749883	0.96355818
-148.136490	90.810722	65.697578	0	0	0.1288445	0.99166481
