-15.131833	-2.976075	40.969990	0	0	0.32328956	0.94630009
-15.058089	-2.900073	41.016541	0	0	-0.69670669	0.71735611
-15.076267	-2.977287	41.077816	0	0	0.32328956	0.94630009
-15.235159	-3.029984	40.864151	0	0	0.32328956	0.94630009
-15.272778	-3.162223	40.933960	0	0	-0.69670669	0.71735611
-15.365246	-3.183703	40.824421	0	0	0.32328956	0.94630009
-15.473476	-3.154065	40.682659	0	0	0.32328956	0.94630009
-15.511490	-3.338439	40.775410	0	0	-0.69670669	0.71735611
-15.526095	-3.324309	40.743874	0	0	0.32328956	0.94630009
-15.712788	-3.445789	40.653503	0	0	0.32328956	0.94630009
-15.737068	-3.368067	40.597462	0	0	-0.69670669	0.71735611
-15.940291	-3.541572	40.548443	0	0	-0.69670669	0.71735611
-15.989163	-3.530793	40.536572	0	0	0.32328956	0.94630009
-16.065430	-3.505573	40.509808	0	0	-0.69670669	0.71735611
-16.130865	-3.375627	40.454746	0	0	0.32328956	0.94630009
-16.314228	-2.415089	40.773331	0	0	-0.69670669	0.71735611
-16.194485	-2.109830	40.737251	0	0	-0.69670669	0.71735611
-16.399027	-3.532916	40.424053	0	0	-0.69670669	0.71735611
-16.528767	-3.428769	40.415287	0	0	0.32328956	0.94630009
-16.652817	-3.237562	40.377808	0	0	-0.69670669	0.71735611
-16.896660	-2.893600	40.364693	0	0	0.32328956	0.94630009
-16.999523	-2.778356	40.348343	0	0	0.32328956	0.94630009
-17.175926	-3.069308	40.357540	0	0	0.32328956	0.94630009
-17.564722	-2.971730	40.562569	0	0	0.32328956	0.94630009
-17.900600	-2.552171	41.263531	0	0	-0.36235775	0.93203909
-16.140882	-7.592565	41.533241	0	0	0.22720209	0.97384763
-16.133114	-8.717383	43.024479	0	0	-0.62160997	0.7833269
-9.077879	-5.140084	43.900013	0	0	-0.69670669	0.71735611
-8.815638	-11.530193	30.844013	0	0	0.32328956	0.94630009
-7.695922	9.903299	39.668873	0	0	-0.36235775	0.93203909
-7.671113	9.894544	39.723988	0	0	-0.16996714	0.98544973
-7.723471	9.913560	39.613003	0	0	-0.16996714	0.98544973
-7.648942	9.887219	39.778202	0	0	-0.36235775	0.93203909
-7.755042	9.925958	39.555302	0	0	-0.36235775	0.93203909
-7.788522	9.939567	39.498669	0	0	-0.36235775	0.93203909
-7.834116	9.959160	39.432041	0	0	-0.16996714	0.98544973
-7.852540	9.966679	39.401176	0	0	-0.36235775	0.93203909
-7.888791	9.982995	39.355511	0	0	-0.36235775	0.93203909
-7.944634	10.009048	39.294254	0	0	-0.36235775	0.93203909
-7.998723	10.035141	39.243427	0	0	-0.16996714	0.98544973
-8.079095	10.074420	39.172913	0	0	-0.16996714	0.98544973
-8.120988	10.097284	39.159821	0	0	-0.36235775	0.93203909
-8.190332	10.134495	39.131844	0	0	-0.16996714	0.98544973
-8.297766	10.191701	39.084129	0	0	-0.36235775	0.93203909
-8.433137	10.264410	39.030205	0	0	-0.16996714	0.98544973
-8.575823	10.346132	39.023701	0	0	-0.36235775	0.93203909
-8.834571	10.540057	39.464561	0	0	-0.16996714	0.98544973
-8.752889	10.445513	38.995502	0	0	-0.16996714	0.98544973
-8.877279	10.563942	39.456905	0	0	-0.070737201	0.99749499
-6.446360	9.198840	39.836918	0	0	-0.36235775	0.93203909
-9.056331	10.628648	39.074123	0	0	0	1
-9.161881	10.694284	39.120621	0	0	0	1
-9.162183	10.694472	39.120754	0	0	0	1
-9.503360	10.906634	39.271049	0	0	0	1
-5.892420	9.020018	41.232590	0	0	-0.070737201	0.99749499
-9.947174	11.223566	39.871864	0	0	-0.26749883	0.96355818
-19.231518	-18.276312	40.969990	0	0	-0.26749883	0.96355818
-19.181715	-18.289656	41.016541	0	0	0.029199523	0.9995736
-19.316484	-18.253546	40.933960	0	0	-0.070737201	0.99749499
-19.179373	-18.290283	41.077816	0	0	-0.16996714	0.98544973
-19.314445	-18.254091	40.864151	0	0	-0.26749883	0.96355818
-19.397388	-18.231867	40.824421	0	0	-0.26749883	0.96355818
-19.495152	-18.205671	40.775410	0	0	-0.070737201	0.99749499
-19.512312	-18.201073	40.743874	0	0	-0.26749883	0.96355818
-19.505779	-18.202824	40.682659	0	0	-0.26749883	0.96355818
-19.656128	-18.162539	40.653503	0	0	-0.26749883	0.96355818
-19.018852	-18.333296	41.533241	0	0	-0.16996714	0.98544973
-19.698214	-18.151260	40.597462	0	0	0.029199523	0.9995736
-19.844446	-18.112078	40.548443	0	0	-0.070737201	0.99749499
-19.892740	-18.099138	40.536572	0	0	-0.26749883	0.96355818
-19.970201	-18.078382	40.509808	0	0	0.029199523	0.9995736
-20.063742	-18.053318	40.454746	0	0	-0.26749883	0.96355818
-20.274616	-17.996815	40.424053	0	0	-0.070737201	0.99749499
-20.439548	-17.952621	40.737251	0	0	0.029199523	0.9995736
-20.474955	-17.943134	40.773331	0	0	0.029199523	0.9995736
-20.421701	-17.957403	40.415287	0	0	-0.26749883	0.96355818
-20.585243	-17.913582	40.377808	0	0	-0.070737201	0.99749499
-20.898743	-17.829580	40.364693	0	0	-0.16996714	0.98544973
-21.023527	-17.796144	40.348343	0	0	-0.26749883	0.96355818
-21.115376	-17.771534	40.357540	0	0	-0.26749883	0.96355818
-18.730400	-18.410585	43.024479	0	0	-0.62160997	0.7833269
-21.502522	-17.667797	40.562569	0	0	-0.16996714	0.98544973
-21.920790	-17.555723	41.263531	0	0	0.029199523	0.9995736
-15.664413	-19.232115	39.827602	0	0	-0.62160997	0.7833269
-2.086837	6.968756	42.676739	0	0	-0.76484218	0.64421769
-1.876716	6.163983	35.911366	0	0	0	1
-13.042101	-19.934761	43.900009	0	0	-0.62160997	0.7833269
2.106512	3.687001	34.156677	0	0	0	1
-11.199899	-20.428377	30.844013	0	0	0.32328956	0.94630009
3.784227	2.643709	33.417614	0	0	-0.26749883	0.96355818
1.787307	-5.601865	27.725225	0	0	0	1
4.689001	2.081073	33.019043	0	0	0	1
4.466214	-0.564096	31.188858	0	0	0	1
6.098673	1.204464	32.398056	0	0	0	1
7.351009	0.425695	31.846378	0	0	0	1
-16.758802	-23.157843	26.516439	0	0	0	1
-24.234840	-23.937799	29.694824	0	0	-0.16996714	0.98544973
8.688580	-0.406077	31.257153	0	0	0	1
-14.718131	-25.238865	27.529728	0	0	0.41614682	0.90929743
-8.094680	-19.824852	22.054398	0	0	0	1
-8.304016	-21.204327	22.578535	0	0	0.32328956	0.94630009
-1.715989	-16.153292	21.240421	0	0	-0.62160997	0.7833269
10.235289	-1.367903	30.575798	0	0	0	1
-10.498101	-25.331144	24.760664	0	0	-0.45359611	0.89120736
11.092771	-1.901130	30.198061	0	0	0	1
-4.061261	-19.244608	20.288513	0	0	0	1
-3.492775	-18.452291	19.811888	0	0	-0.36235775	0.93203909
11.753971	-2.312300	29.906788	0	0	0	1
-4.512805	-22.220179	21.419092	0	0	-0.54030229	0.84147099
-7.861876	-26.137716	23.986557	0	0	0	1
-2.509973	-19.424519	19.738531	0	0	0.32328956	0.94630009
-4.082067	-22.335594	21.287363	0	0	-0.54030229	0.84147099
-3.232814	-22.563152	21.952751	0	0	-0.26749883	0.96355818
-3.672870	-22.445238	21.162220	0	0	-0.54030229	0.84147099
-3.420062	-22.512980	21.240421	0	0	-0.54030229	0.84147099
12.894034	-3.021252	29.404570	0	0	0	1
-2.995895	-22.626635	20.955185	0	0	0	1
13.400255	-3.336046	29.181568	0	0	0	1
-9.444423	29.142399	51.902718	0	0	0	1
16.983372	-5.564218	27.603138	0	0	0	1
9.920573	-26.087591	31.788458	0	0	-0.070737201	0.99749499
4.536021	-20.554213	17.340662	0	0	0	1
-7.201938	-34.679901	26.465933	0	0	0.41614682	0.90929743
18.300619	-6.383353	27.022865	0	0	-0.76484218	0.64421769
4.373766	-24.601328	18.701368	0	0	0	1
-12.206441	31.904417	55.878014	0	0	0.1288445	0.99166481
-13.248655	32.946632	54.575073	0	0	0	1
5.701645	-26.589855	18.818579	0	0	0	1
11.796506	-26.590246	55.878014	0	0	0.50484609	0.86320938
6.320953	-26.610500	18.582611	0	0	0.32328956	0.94630009
6.366034	-26.612001	18.565434	0	0	-0.54030229	0.84147099
6.206577	-33.125652	20.715599	0	0	0.32328956	0.94630009
25.344095	-10.763358	23.920080	0	0	0	1
7.300951	-38.713490	22.077896	0	0	0.41614682	0.90929743
27.272629	-11.962623	23.070524	0	0	-0.76484218	0.64421769
3.043658	37.600296	57.639896	0	0	0	1
29.680994	-13.460272	22.009592	0	0	0	1
7.709740	-44.586826	23.800249	0	0	0	1
-1.112011	-55.298763	40.969990	0	0	0.1288445	0.99166481
-1.024206	-55.275238	41.016541	0	0	0.1288445	0.99166481
-1.060470	-55.284954	41.077816	0	0	0.1288445	0.99166481
-1.221892	-55.328205	40.864151	0	0	0.1288445	0.99166481
-1.290051	-55.346470	40.933960	0	0	0.1288445	0.99166481
-1.381695	-55.371025	40.824421	0	0	0.1288445	0.99166481
-1.475266	-55.396099	40.682659	0	0	0.1288445	0.99166481
-1.556826	-55.417953	40.775410	0	0	0.1288445	0.99166481
-1.566921	-55.420658	40.743874	0	0	0.1288445	0.99166481
-1.771478	-55.475468	40.653503	0	0	0.1288445	0.99166481
-1.774701	-55.476330	40.597462	0	0	0.1288445	0.99166481
-1.886917	-55.506401	40.737251	0	0	0.22720209	0.97384763
-2.074954	-55.556782	40.773331	0	0	0.1288445	0.99166481
-2.007687	-55.538761	40.548443	0	0	0.1288445	0.99166481
-2.050590	-55.550255	40.536572	0	0	0.1288445	0.99166481
-2.115443	-55.567631	40.509808	0	0	0.1288445	0.99166481
-2.144009	-55.575287	40.454746	0	0	0.1288445	0.99166481
-2.433528	-55.652863	40.424053	0	0	0.1288445	0.99166481
-2.528540	-55.678322	40.415287	0	0	0.1288445	0.99166481
-2.596479	-55.696526	40.377808	0	0	0.1288445	0.99166481
-2.737997	-55.734444	40.364693	0	0	0.1288445	0.99166481
-2.805160	-55.752441	40.348343	0	0	0.1288445	0.99166481
-3.042483	-55.816032	40.357540	0	0	0.1288445	0.99166481
-3.207589	-55.860271	41.533241	0	0	0.1288445	0.99166481
-3.380841	-55.906696	40.562569	0	0	0.1288445	0.99166481
-3.589329	-55.962559	41.263531	0	0	0.22720209	0.97384763
-3.481545	-55.933678	43.024479	0	0	0.1288445	0.99166481
3.995403	-53.930237	43.900009	0	0	0.1288445	0.99166481
-4.990713	-56.338058	32.541489	0	0	0	1
-4.222083	-56.132107	32.174400	0	0	0	1
2.642550	-54.292732	30.844013	0	0	0.1288445	0.99166481
0.004852	-54.999500	30.155678	0	0	0	1
0.022731	-54.994709	30.147141	0	0	0.50484609	0.86320938
-12.070554	-58.235096	35.922718	0	0	0.32328956	0.94630009
4.001008	-53.928734	28.247171	0	0	0	1
35.775745	19.950178	45.094193	0	0	0	1
35.762417	19.976473	45.112537	0	0	0	1
35.755077	19.990955	45.122639	0	0	0	1
35.797657	19.906950	45.064034	0	0	0	1
35.747749	20.005415	45.132729	0	0	0	1
35.814007	19.874691	45.041527	0	0	-0.54030229	0.84147099
35.816399	19.869976	45.038239	0	0	0	1
35.831234	19.840710	45.017818	0	0	-0.54030229	0.84147099
35.835419	19.832447	45.012054	0	0	0	1
35.849186	19.805288	44.993107	0	0	0	1
35.861622	19.780754	44.975990	0	0	0	1
35.864605	19.774868	44.971886	0	0	-0.54030229	0.84147099
35.864742	19.774601	44.971699	0	0	0	1
35.876068	19.752253	44.956108	0	0	-0.54030229	0.84147099
35.885437	19.733772	44.943214	0	0	0	1
35.890873	19.723043	44.935730	0	0	0	1
35.898579	19.707848	44.925125	0	0	0	1
35.906506	19.692207	44.914215	0	0	0	1
35.625870	20.245867	45.300480	0	0	0	1
35.614491	20.268316	45.316143	0	0	0	1
35.569149	20.357771	45.378555	0	0	0	1
35.498638	20.496883	45.475605	0	0	-0.54030229	0.84147099
35.478333	20.536940	45.503551	0	0	0	1
35.414558	20.662764	45.591335	0	0	0	1
35.185024	21.115610	45.907269	0	0	0	1
36.702606	18.121586	43.818455	0	0	0	1
36.854828	17.821264	43.608932	0	0	0	1
36.880520	17.770578	43.573570	0	0	0	1
7.872317	-52.891418	26.398291	0	0	-0.26749883	0.96355818
39.945946	11.722829	39.354298	0	0	0	1
8.648091	-52.683552	26.027792	0	0	0	1
9.230702	-52.527443	25.749544	0	0	0	1
9.964018	-52.330952	25.399324	0	0	0	1
10.413633	-52.210476	25.184593	0	0	0.58850112	0.8084964
41.246666	9.156653	37.563980	0	0	-0.92106097	0.38941839
41.718128	8.226508	36.915054	0	0	0	1
11.942645	-51.800777	24.454361	0	0	0.58850112	0.8084964
12.753098	-51.583618	24.067299	0	0	0	1
43.679554	4.356831	34.215332	0	0	0	1
17.276051	-50.371696	21.907202	0	0	0.58850112	0.8084964
17.602217	-50.284302	21.751431	0	0	0.029199523	0.9995736
45.034168	1.684319	32.350826	0	0	0	1
19.291693	-49.831608	21.952751	0	0	0.029199523	0.9995736
45.584347	0.598877	31.593557	0	0	0	1
45.734238	0.303158	31.387247	0	0	0	1
46.174370	-0.565172	30.781446	0	0	0	1
28.912729	-47.253658	39.827602	0	0	-0.36235775	0.93203909
47.337570	-2.860037	29.180410	0	0	0	1
23.277678	44.607502	62.296627	0	0	0	1
48.399212	-4.954544	27.719156	0	0	0	1
48.743813	-5.634403	27.244846	0	0	0	1
49.235668	-6.604782	26.567850	0	0	0	1
49.384487	-6.898381	26.363018	0	0	0	1
54.458767	-16.909382	19.378740	0	0	0	1
46.913551	-42.430351	53.295372	0	0	0.1288445	0.99166481
55.459900	-18.884512	18.000771	0	0	0	1
49.078075	-41.850372	28.554783	0	0	0.029199523	0.9995736
56.085297	-20.118351	17.139971	0	0	0	1
40.010124	-58.118034	40.969990	0	0	0.41614682	0.90929743
40.037300	-58.090855	41.077816	0	0	0.41614682	0.90929743
40.084999	-58.043159	41.016541	0	0	0.41614682	0.90929743
39.931507	-58.196651	40.864151	0	0	0.41614682	0.90929743
39.846581	-58.281578	40.933960	0	0	0.41614682	0.90929743
39.911922	-58.216236	40.737251	0	0	0.41614682	0.90929743
39.789604	-58.338554	40.824421	0	0	0.41614682	0.90929743
39.750309	-58.377850	40.682659	0	0	0.41614682	0.90929743
39.699421	-58.428738	40.773331	0	0	0.41614682	0.90929743
39.639114	-58.489044	40.775410	0	0	0.41614682	0.90929743
39.638878	-58.489281	40.743874	0	0	0.41614682	0.90929743
39.511513	-58.616646	40.597462	0	0	0.41614682	0.90929743
39.484791	-58.643368	40.653503	0	0	0.41614682	0.90929743
39.323147	-58.805012	40.548443	0	0	0.41614682	0.90929743
39.304100	-58.824059	40.536572	0	0	0.41614682	0.90929743
39.310833	-58.817326	40.454746	0	0	0.41614682	0.90929743
39.278580	-58.849579	40.509808	0	0	0.41614682	0.90929743
39.175140	-58.953018	40.348343	0	0	0.41614682	0.90929743
39.168949	-58.959209	40.364693	0	0	0.41614682	0.90929743
39.118889	-59.009270	40.377808	0	0	0.41614682	0.90929743
39.098106	-59.030048	40.424053	0	0	0.41614682	0.90929743
39.085312	-59.042847	40.415287	0	0	0.41614682	0.90929743
38.941463	-59.186695	40.357540	0	0	0.41614682	0.90929743
38.837692	-59.290466	41.263531	0	0	0.41614682	0.90929743
38.795853	-59.332306	40.562569	0	0	0.32328956	0.94630009
37.197357	-60.930801	41.533241	0	0	0.41614682	0.90929743
41.955097	-56.173061	43.900009	0	0	0.32328956	0.94630009
36.638832	-61.489326	43.024479	0	0	0.32328956	0.94630009
38.891163	-59.236996	30.844013	0	0	0.32328956	0.94630009
52.398029	-45.730129	48.100990	0	0	0.22720209	0.97384763
53.111320	-45.016838	36.963799	0	0	0.22720209	0.97384763
40.129440	-57.998718	21.240421	0	0	0.66627604	0.74570519
57.988152	-23.872471	14.520870	0	0	0	1
1.343379	18.354595	116.928131	0	0	-0.87758258	0.4794255
29.085581	-69.042580	27.529728	0	0	0.32328956	0.94630009
32.830860	-65.297302	20.598148	0	0	0	1
34.230694	-63.897465	19.601162	0	0	0	1
35.010021	-63.118134	19.046112	0	0	0	1
30.307213	-67.820946	22.395533	0	0	0	1
30.162106	-67.966049	22.498880	0	0	0.22720209	0.97384763
36.572445	-61.555714	17.933331	0	0	0.22720209	0.97384763
37.250584	-60.877575	17.450348	0	0	0	1
37.275639	-60.852520	17.432503	0	0	0	1
28.178232	-69.949928	23.911829	0	0	0	1
27.408775	-70.719383	24.459848	0	0	0	1
23.982527	-74.145630	26.900080	0	0	0.50484609	0.86320938
54.033455	-44.094704	22.565845	0	0	0.22720209	0.97384763
50.434105	-47.694054	18.127979	0	0	0.66627604	0.74570519
54.073505	-44.054653	21.940504	0	0	0.22720209	0.97384763
42.865662	-55.262497	13.451194	0	0	0.22720209	0.97384763
9.639524	-26.012283	116.928131	0	0	-0.62160997	0.7833269
56.409225	-48.559559	38.659054	0	0	0.50484609	0.86320938
56.409611	-48.558132	38.642750	0	0	0.50484609	0.86320938
56.408340	-48.562874	38.696915	0	0	0.50484609	0.86320938
56.411522	-48.550995	38.561157	0	0	0.50484609	0.86320938
56.406746	-48.568813	38.764816	0	0	0.50484609	0.86320938
56.412064	-48.548981	38.538116	0	0	0.50484609	0.86320938
56.412807	-48.546200	38.506329	0	0	0.50484609	0.86320938
56.413563	-48.543385	38.474163	0	0	0.50484609	0.86320938
56.414295	-48.540642	38.442806	0	0	0.50484609	0.86320938
56.415314	-48.536846	38.399414	0	0	0.50484609	0.86320938
56.415359	-48.536674	38.397449	0	0	0.50484609	0.86320938
56.415821	-48.534950	38.377747	0	0	0.50484609	0.86320938
56.401756	-48.587448	38.977802	0	0	0.50484609	0.86320938
56.416763	-48.531441	38.337646	0	0	0.50484609	0.86320938
56.417381	-48.529121	38.311138	0	0	0.50484609	0.86320938
56.417439	-48.528919	38.308807	0	0	0.50484609	0.86320938
56.417709	-48.527905	38.297234	0	0	0.50484609	0.86320938
56.418343	-48.525547	38.270275	0	0	0.50484609	0.86320938
56.419849	-48.519917	38.205902	0	0	0.50484609	0.86320938
56.420097	-48.518990	38.195347	0	0	0.50484609	0.86320938
56.420441	-48.517704	38.180630	0	0	0.50484609	0.86320938
56.421635	-48.513252	38.129749	0	0	0.50484609	0.86320938
56.422165	-48.511280	38.107208	0	0	0.50484609	0.86320938
56.422508	-48.509998	38.092560	0	0	0.50484609	0.86320938
56.423065	-48.507915	38.068737	0	0	0.50484609	0.86320938
56.386189	-48.645538	39.641788	0	0	0.50484609	0.86320938
56.349232	-48.783466	41.218319	0	0	0.50484609	0.86320938
56.339996	-48.817932	41.612255	0	0	0.50484609	0.86320938
56.274937	-49.060734	44.387478	0	0	0.66627604	0.74570519
56.553246	-48.022076	32.515572	0	0	0.50484609	0.86320938
56.630714	-47.732956	29.210909	0	0	0.50484609	0.86320938
56.676674	-47.561436	27.250431	0	0	0.58850112	0.8084964
56.705055	-47.455509	26.039690	0	0	0.66627604	0.74570519
56.834911	-46.970879	20.500355	0	0	0.50484609	0.86320938
71.455902	-2.976075	33.394543	0	0	-0.69670669	0.71735611
71.460503	-2.900073	33.447144	0	0	-0.69670669	0.71735611
71.465691	-2.977287	33.506374	0	0	-0.69670669	0.71735611
71.445930	-3.029984	33.280537	0	0	-0.69670669	0.71735611
71.451706	-3.162223	33.346550	0	0	-0.69670669	0.71735611
71.441490	-3.183703	33.229816	0	0	-0.69670669	0.71735611
71.428360	-3.154065	33.079731	0	0	-0.69670669	0.71735611
71.460358	-2.552171	33.445461	0	0	-0.76484218	0.64421769
71.436127	-3.338439	33.168476	0	0	-0.69670669	0.71735611
71.433273	-3.324309	33.135914	0	0	-0.69670669	0.71735611
71.418961	-3.368067	32.972298	0	0	-0.69670669	0.71735611
71.424011	-3.445789	33.030022	0	0	-0.69670669	0.71735611
71.402046	-2.971730	32.778984	0	0	-0.69670669	0.71735611
71.429848	-2.415089	33.096718	0	0	-0.69670669	0.71735611
56.848480	-46.920242	19.921560	0	0	0.66627604	0.74570519
71.403580	-3.375627	32.796474	0	0	-0.69670669	0.71735611
71.413162	-3.541572	32.906006	0	0	-0.69670669	0.71735611
71.411758	-3.530793	32.889984	0	0	-0.69670669	0.71735611
71.408859	-3.505573	32.856800	0	0	-0.69670669	0.71735611
71.389946	-2.893600	32.640617	0	0	-0.69670669	0.71735611
71.392937	-3.237562	32.674805	0	0	-0.69670669	0.71735611
71.387199	-3.069308	32.609272	0	0	-0.69670669	0.71735611
71.387741	-2.778356	32.615459	0	0	-0.69670669	0.71735611
71.397133	-3.428769	32.722767	0	0	-0.69670669	0.71735611
71.398880	-3.532916	32.742733	0	0	-0.69670669	0.71735611
71.427628	-2.109830	33.071308	0	0	-0.69670669	0.71735611
71.756287	-5.140084	36.827938	0	0	-0.62160997	0.7833269
71.059349	-2.985967	28.861883	0	0	0	1
71.497147	-7.592565	33.865906	0	0	-0.76484218	0.64421769
71.626678	-8.717383	35.346493	0	0	-0.62160997	0.7833269
56.877583	-46.811638	18.680193	0	0	0.58850112	0.8084964
56.879967	-46.802734	18.578463	0	0	0.50484609	0.86320938
56.881863	-46.795666	18.497641	0	0	0.50484609	0.86320938
70.749077	-8.109879	25.315481	0	0	0	1
70.624702	-11.530193	23.893885	0	0	-0.92106097	0.38941839
56.957672	-46.512741	15.263785	0	0	0.50484609	0.86320938
56.957699	-46.512638	15.262636	0	0	0.66627604	0.74570519
61.249340	-47.934185	35.246098	0	0	0	1
61.248806	-47.932186	35.223236	0	0	0	1
61.250309	-47.937798	35.287388	0	0	0	1
61.246933	-47.925201	35.143394	0	0	0	1
61.251881	-47.943665	35.354443	0	0	0	1
61.246250	-47.922653	35.114304	0	0	0	1
61.245346	-47.919277	35.075718	0	0	0	1
61.253796	-47.950806	35.436089	0	0	0	1
61.244576	-47.916405	35.042873	0	0	0	1
61.242981	-47.910454	34.974865	0	0	0	1
61.242836	-47.909908	34.968605	0	0	0	1
61.242619	-47.909107	34.959438	0	0	0	1
61.241589	-47.905251	34.915375	0	0	0	1
61.241146	-47.903603	34.896545	0	0	0	1
61.240250	-47.900253	34.858253	0	0	0	1
61.239922	-47.899040	34.844410	0	0	0	1
61.239208	-47.896374	34.813900	0	0	0	1
61.238533	-47.893848	34.785046	0	0	0	1
61.237629	-47.890476	34.746487	0	0	0	1
61.237087	-47.888458	34.723461	0	0	0	1
61.236603	-47.886646	34.702709	0	0	0	1
61.235275	-47.881687	34.646061	0	0	0	1
61.234177	-47.877586	34.599194	0	0	0	1
61.234135	-47.877441	34.597534	0	0	0	1
61.233467	-47.874939	34.568928	0	0	0	1
61.271278	-48.016056	36.181908	0	0	0	1
61.308243	-48.154018	37.758801	0	0	0	1
61.325169	-48.217186	38.480827	0	0	0	1
61.124947	-47.469940	29.939762	0	0	0	1
57.033817	-46.228558	12.015585	0	0	0.50484609	0.86320938
61.445904	-48.667770	43.631016	0	0	0	1
61.034737	-47.133278	26.091679	0	0	0	1
60.982346	-46.937744	23.856712	0	0	0	1
70.126198	-18.396383	18.195908	0	0	0	1
57.082565	-46.046619	9.936021	0	0	0	1
60.942036	-46.787312	22.137285	0	0	0	1
56.332554	-48.845707	11.581470	0	0	0.66627604	0.74570519
60.843204	-46.418468	17.921394	0	0	0	1
60.824711	-46.349449	17.132488	0	0	0	1
60.819370	-46.329521	16.904692	0	0	0	1
70.292107	-25.238865	20.092297	0	0	-0.76484218	0.64421769
60.799866	-46.256729	16.072697	0	0	0	1
69.871986	-22.594484	15.290284	0	0	0	1
60.787533	-46.210693	15.546504	0	0	0	1
70.081810	-25.101311	17.688618	0	0	-0.76484218	0.64421769
69.788338	-23.975843	14.334207	0	0	0	1
60.719212	-45.955719	12.632128	0	0	0	1
30.313044	67.521645	78.101074	0	0	-0.92106097	0.38941839
60.711159	-45.925671	12.288655	0	0	0	1
69.734467	-24.865484	13.718462	0	0	0	1
55.184387	-53.130726	9.353621	0	0	0	1
69.703339	-25.379637	13.362603	0	0	0	1
69.650406	-26.253805	12.757566	0	0	0	1
60.656563	-45.721905	9.959604	0	0	0	1
54.338234	-56.288612	10.393101	0	0	0.50484609	0.86320938
69.549965	-27.912460	11.609565	0	0	0	1
53.869766	-58.036961	10.030086	0	0	0.58850112	0.8084964
69.517311	-30.141171	11.236348	0	0	0	1
29.593237	70.207993	79.968979	0	0	-0.92106097	0.38941839
52.848034	-61.850109	11.652461	0	0	0	1
67.995949	-48.297974	32.743282	0	0	0.73739371	0.67546319
67.993843	-48.295868	32.710419	0	0	0.73739371	0.67546319
67.998901	-48.300922	32.789310	0	0	0.73739371	0.67546319
68.001610	-48.303631	32.831623	0	0	0.73739371	0.67546319
68.003029	-48.305054	32.853840	0	0	0.73739371	0.67546319
67.989029	-48.291050	32.635166	0	0	0.73739371	0.67546319
67.986595	-48.288624	32.597260	0	0	0.73739371	0.67546319
67.983521	-48.285545	32.549187	0	0	0.73739371	0.67546319
67.981400	-48.283424	32.516083	0	0	0.73739371	0.67546319
67.977028	-48.279057	32.447891	0	0	0.73739371	0.67546319
67.976364	-48.278389	32.437477	0	0	0.73739371	0.67546319
67.975395	-48.277416	32.422306	0	0	0.73739371	0.67546319
67.973320	-48.275341	32.389904	0	0	0.73739371	0.67546319
67.971420	-48.273441	32.360241	0	0	0.73739371	0.67546319
67.968185	-48.270206	32.309731	0	0	0.73739371	0.67546319
67.967186	-48.269211	32.294170	0	0	0.73739371	0.67546319
67.965073	-48.267097	32.261177	0	0	0.73739371	0.67546319
67.960777	-48.262806	32.194149	0	0	0.73739371	0.67546319
67.960152	-48.262177	32.184349	0	0	0.73739371	0.67546319
67.958382	-48.260403	32.156666	0	0	0.73739371	0.67546319
67.956871	-48.258896	32.133110	0	0	0.73739371	0.67546319
67.953209	-48.255234	32.075912	0	0	0.73739371	0.67546319
67.949982	-48.252007	32.025562	0	0	0.73739371	0.67546319
67.949104	-48.251133	32.011890	0	0	0.73739371	0.67546319
67.948059	-48.250080	31.995489	0	0	0.73739371	0.67546319
68.046410	-48.348431	33.531113	0	0	0.73739371	0.67546319
68.145744	-48.447769	35.082165	0	0	0.73739371	0.67546319
67.781334	-48.083359	29.392311	0	0	0.85688874	0.51550139
68.215515	-48.517540	36.171509	0	0	0.73739371	0.67546319
67.413200	-47.715221	23.644339	0	0	0.73739371	0.67546319
67.234421	-47.536442	20.852909	0	0	0.73739371	0.67546319
69.472267	-36.385761	10.721513	0	0	0	1
67.096283	-47.398308	18.696146	0	0	0.73739371	0.67546319
66.850822	-47.152847	14.863579	0	0	0.73739371	0.67546319
66.831406	-47.133430	14.560379	0	0	0.73739371	0.67546319
66.778259	-47.080284	13.730589	0	0	0.73739371	0.67546319
72.806801	-42.937904	32.339550	0	0	-0.92106097	0.38941839
72.802986	-42.936882	32.295910	0	0	-0.92106097	0.38941839
72.810394	-42.938869	32.380581	0	0	-0.92106097	0.38941839
72.811249	-42.939098	32.390354	0	0	-0.92106097	0.38941839
72.816582	-42.940525	32.451347	0	0	-0.92106097	0.38941839
72.796944	-42.935265	32.226860	0	0	-0.92106097	0.38941839
72.792824	-42.934158	32.179741	0	0	-0.92106097	0.38941839
72.787773	-42.932808	32.122032	0	0	-0.92106097	0.38941839
72.784897	-42.932037	32.089157	0	0	-0.92106097	0.38941839
72.779617	-42.930622	32.028843	0	0	-0.92106097	0.38941839
72.779640	-42.930626	32.029049	0	0	-0.92106097	0.38941839
72.776779	-42.929859	31.996349	0	0	-0.92106097	0.38941839
72.775887	-42.929623	31.986149	0	0	-0.92106097	0.38941839
72.770676	-42.928226	31.926649	0	0	-0.92106097	0.38941839
72.765236	-42.926769	31.864426	0	0	-0.92106097	0.38941839
72.763809	-42.926388	31.848162	0	0	-0.92106097	0.38941839
72.760857	-42.925594	31.814411	0	0	-0.92106097	0.38941839
72.857414	-42.951466	32.917995	0	0	-0.92106097	0.38941839
72.755318	-42.924110	31.751095	0	0	-0.92106097	0.38941839
72.752968	-42.923481	31.724224	0	0	-0.92106097	0.38941839
72.750938	-42.922939	31.701042	0	0	-0.92106097	0.38941839
72.748985	-42.922413	31.678665	0	0	-0.92106097	0.38941839
72.744400	-42.921185	31.626282	0	0	-0.92106097	0.38941839
72.740715	-42.920197	31.584114	0	0	-0.92106097	0.38941839
72.738327	-42.919559	31.556873	0	0	-0.92106097	0.38941839
72.738274	-42.919544	31.556293	0	0	-0.92106097	0.38941839
72.989166	-42.986771	34.423927	0	0	-0.92106097	0.38941839
73.111427	-43.019527	35.821388	0	0	-0.92106097	0.38941839
66.723412	-47.025433	12.874144	0	0	0.73739371	0.67546319
73.362122	35.042938	55.182743	0	0	0	1
71.993454	-42.719971	23.042967	0	0	0.97095818	0.23924928
66.597000	-46.899025	10.900460	0	0	0.85688874	0.51550139
66.530540	-46.832565	9.862785	0	0	0	1
71.688927	-42.638374	19.562202	0	0	-0.95533648	0.29552023
71.478470	-42.581982	17.156635	0	0	-0.95533648	0.29552023
71.223396	-42.513634	14.241099	0	0	-0.98006658	0.19866933
71.057671	-42.469227	12.346861	0	0	-0.98006658	0.19866933
71.018356	-42.458691	11.897486	0	0	-0.98006658	0.19866933
70.871834	-42.419434	10.222779	0	0	0	1
72.455856	-39.808212	10.979362	0	0	-0.95533648	0.29552023
75.486687	-35.221760	14.768938	0	0	-0.92106097	0.38941839
42.223190	69.730011	79.514717	0	0	0	1
28.915529	45.926746	116.928131	0	0	-0.87758258	0.4794255
41.434811	-43.898376	115.917702	0	0	0.32328956	0.94630009
48.303154	-49.825005	112.037308	0	0	0	1
46.357224	73.316353	81.958733	0	0	0	1
54.766556	-54.690090	108.731316	0	0	0.66627604	0.74570519
95.114090	-4.242055	32.005268	0	0	-0.82533563	0.56464246
62.940029	-54.243923	107.366714	0	0	0	1
75.389503	68.523811	78.355782	0	0	0	1
75.615273	72.252289	80.936363	0	0	0	1
107.203987	-26.845625	44.467522	0	0	-0.98006658	0.19866933
82.756630	-47.328777	107.507156	0	0	-0.95533648	0.29552023
110.424622	-24.072130	35.419502	0	0	-0.98006658	0.19866933
78.385490	45.926746	112.600075	0	0	-0.87758258	0.4794255
106.131531	1.346063	109.127525	0	0	-0.92106097	0.38941839
120.517868	35.467884	56.526657	0	0	-0.87758258	0.4794255
123.937080	40.812626	59.827106	0	0	-0.95533648	0.29552023
32.466316	-13.969056	249.933945	0	0	-0.16996714	0.98544973
20.605928	-37.921478	250.708405	0	0	0.32328956	0.94630009
50.118057	-6.391676	249.684814	0	0	-0.69670669	0.71735611
29.528229	-60.169090	252.010544	0	0	0.58850112	0.8084964
66.322044	-11.564433	250.180496	0	0	-0.87758258	0.4794255
44.799530	-68.448517	253.152512	0	0	0.66627604	0.74570519
79.068336	-19.059826	250.692001	0	0	-0.87758258	0.4794255
54.076828	-68.938622	253.715302	0	0	0.73739371	0.67546319
66.373474	-67.057709	253.828979	0	0	0	1
90.508537	-30.749111	251.167145	0	0	-0.92106097	0.38941839
82.101746	-62.403767	252.987488	0	0	0.90407214	0.42737988
92.025246	-48.087471	252.007355	0	0	0.99913515	0.041580682
