-30.755558	-14.178063	29.054731	0	0	-0.36235775	0.93203909
-30.806551	-14.040972	28.995096	0	0	0.58850112	0.8084964
-30.652599	-14.393907	29.148672	0	0	0.58850112	0.8084964
-30.824795	-13.922111	28.978033	0	0	-0.36235775	0.93203909
-30.612740	-14.501092	29.197788	0	0	-0.36235775	0.93203909
-30.541918	-14.770521	29.268429	0	0	0.41614682	0.90929743
-30.516973	-14.663244	29.503746	0	0	-0.36235775	0.93203909
-29.705225	-14.296226	29.186850	0	0	0.73739371	0.67546319
-29.680412	-13.962313	28.948862	0	0	-0.36235775	0.93203909
-30.287046	-14.839923	29.811726	0	0	-0.36235775	0.93203909
-29.682774	-14.514454	29.397078	0	0	0.73739371	0.67546319
-29.804928	-14.768596	29.423569	0	0	0.73739371	0.67546319
-29.780426	-13.681528	28.534851	0	0	-0.26749883	0.96355818
-30.183378	-14.934990	29.907181	0	0	-0.36235775	0.93203909
-29.837141	-14.931559	29.527319	0	0	0.73739371	0.67546319
-29.866920	-15.046992	29.621481	0	0	-0.070737201	0.99749499
-30.111635	-15.060438	29.966202	0	0	-0.36235775	0.93203909
-29.894060	-15.136863	29.704788	0	0	0.73739371	0.67546319
-29.922493	-15.208353	29.778416	0	0	-0.070737201	0.99749499
-30.034327	-15.181326	30.028614	0	0	0.1288445	0.99166481
-29.933296	-15.275243	29.842934	0	0	0.73739371	0.67546319
-29.962923	-15.310583	29.899870	0	0	-0.16996714	0.98544973
-29.949007	-15.334172	29.978674	0	0	0.73739371	0.67546319
-29.951664	-15.350880	30.045254	0	0	-0.16996714	0.98544973
-29.811314	-12.960826	28.196705	0	0	-0.36235775	0.93203909
-29.821934	-12.933012	27.130684	0	0	-0.36235775	0.93203909
-30.533564	-16.931343	27.368462	0	0	-0.26749883	0.96355818
-32.779617	-10.672291	28.700567	0	0	0.22720209	0.97384763
-32.756458	-10.663634	28.653906	0	0	0.22720209	0.97384763
-32.799034	-10.676174	28.773094	0	0	0.22720209	0.97384763
-32.718357	-10.642365	28.646702	0	0	0.32328956	0.94630009
-32.817253	-10.682759	28.812048	0	0	0.32328956	0.94630009
-32.882851	-10.715906	28.858818	0	0	0.22720209	0.97384763
-32.828213	-10.660063	29.099331	0	0	0.32328956	0.94630009
-32.433369	-10.434757	29.073036	0	0	0.1288445	0.99166481
-32.509453	-10.469990	29.159098	0	0	0.32328956	0.94630009
-32.334618	-10.387047	28.980930	0	0	0.1288445	0.99166481
-32.572098	-10.498368	29.236193	0	0	0.1288445	0.99166481
-32.627392	-10.523331	29.305120	0	0	0.32328956	0.94630009
-32.667061	-10.540225	29.364588	0	0	0.1288445	0.99166481
-32.744621	-10.583277	29.381706	0	0	0.22720209	0.97384763
-32.706993	-10.557712	29.419720	0	0	0.32328956	0.94630009
-32.711670	-10.555859	29.464788	0	0	0.22720209	0.97384763
-32.132408	-10.271563	28.968449	0	0	0.1288445	0.99166481
-32.710091	-10.551838	29.495546	0	0	0.1288445	0.99166481
-32.117626	-11.948327	25.836920	0	0	0.1288445	0.99166481
-32.714199	-10.552668	29.510811	0	0	0.22720209	0.97384763
-32.046387	-10.241218	28.777199	0	0	0.1288445	0.99166481
-32.722157	-10.552245	29.560480	0	0	0.32328956	0.94630009
-32.710728	-10.545664	29.560305	0	0	0.32328956	0.94630009
-31.873905	-10.163069	28.565050	0	0	0.41614682	0.90929743
-31.810474	-10.165382	28.179638	0	0	0.32328956	0.94630009
-31.509315	-10.019799	27.899593	0	0	0.32328956	0.94630009
-33.722645	-11.407694	26.810444	0	0	0.1288445	0.99166481
-27.585552	-15.362678	25.864704	0	0	0.029199523	0.9995736
-31.459072	-10.097407	26.844221	0	0	-0.45359611	0.89120736
-32.705891	-10.929420	25.733986	0	0	0.029199523	0.9995736
-30.766663	-9.852832	25.308081	0	0	0.1288445	0.99166481
-28.230198	-9.451768	31.886862	0	0	-0.45359611	0.89120736
-25.164124	-10.304939	23.002201	0	0	0.41614682	0.90929743
-26.648298	-7.734275	22.742504	0	0	0.32328956	0.94630009
-33.080750	-11.829327	18.968369	0	0	0.22720209	0.97384763
-28.421854	-24.152496	25.316065	0	0	0	1
-28.415907	-24.146549	25.303909	0	0	0	1
-28.388184	-24.118826	25.247252	0	0	0.029199523	0.9995736
-28.471212	-24.201855	25.416939	0	0	0	1
-28.366247	-24.096891	25.202423	0	0	0	1
-28.485594	-24.216236	25.446329	0	0	0	1
-28.498363	-24.229006	25.472427	0	0	0.1288445	0.99166481
-28.314651	-24.045294	25.096975	0	0	0.1288445	0.99166481
-28.551519	-24.282162	25.581062	0	0	0	1
-28.553890	-24.284533	25.585907	0	0	0.029199523	0.9995736
-28.273726	-24.004368	25.013332	0	0	0	1
-28.606184	-24.336828	25.692781	0	0	0	1
-28.610344	-24.340986	25.701283	0	0	0.1288445	0.99166481
-28.652693	-24.383335	25.787830	0	0	0	1
-28.177832	-23.908474	24.817354	0	0	0	1
-28.693232	-24.423874	25.870680	0	0	0	1
-28.703625	-24.434267	25.891920	0	0	0.1288445	0.99166481
-28.727156	-24.457800	25.940012	0	0	0	1
-28.733816	-24.464458	25.953623	0	0	0	1
-28.756514	-24.487156	26.000010	0	0	0	1
-28.762039	-24.492682	26.011301	0	0	0.1288445	0.99166481
-28.784153	-24.514795	26.056498	0	0	0.1288445	0.99166481
-28.789743	-24.520388	26.067924	0	0	0	1
-28.809319	-24.539961	26.107927	0	0	0.029199523	0.9995736
-28.011580	-23.742224	24.477587	0	0	0	1
-24.178438	-8.366102	22.459518	0	0	0	1
-27.788017	-23.518661	24.020691	0	0	0	1
-27.432518	-23.163160	23.294153	0	0	0.85688874	0.51550139
-27.216698	-22.947340	22.853081	0	0	0.22720209	0.97384763
-27.044933	-22.775576	22.502047	0	0	-0.070737201	0.99749499
-37.330925	-14.273575	19.063326	0	0	-0.45359611	0.89120736
-28.933496	-15.091283	16.669003	0	0	-0.36235775	0.93203909
-25.728149	-21.458792	19.810928	0	0	-0.26749883	0.96355818
-31.264353	-11.054122	16.261156	0	0	-0.45359611	0.89120736
-32.247677	-10.528248	41.926857	0	0	0	1
-31.755833	-27.486477	32.129734	0	0	0	1
-24.886950	-20.617594	18.091766	0	0	0	1
-37.311726	-14.512142	16.592083	0	0	-0.45359611	0.89120736
-24.176628	-19.907270	16.640076	0	0	-0.26749883	0.96355818
-29.840857	-27.246754	20.373919	0	0	-0.16996714	0.98544973
-31.653275	-6.045589	42.671104	0	0	-0.36235775	0.93203909
-26.695070	-26.561665	19.703196	0	0	0	1
-26.564371	0.723254	24.373022	0	0	-0.62160997	0.7833269
-30.739656	-25.895298	17.742046	0	0	-0.16996714	0.98544973
-26.675896	-26.786098	19.541271	0	0	0.66627604	0.74570519
-30.452156	-26.182798	17.742046	0	0	-0.16996714	0.98544973
-32.504356	-12.159410	12.406870	0	0	-0.45359611	0.89120736
-30.755558	2.649275	27.582531	0	0	0.029199523	0.9995736
-30.806551	2.645139	27.535250	0	0	0.029199523	0.9995736
-30.824795	2.644560	27.528637	0	0	0.029199523	0.9995736
-30.652599	2.655792	27.657017	0	0	0.029199523	0.9995736
-30.612740	2.659242	27.696455	0	0	0.029199523	0.9995736
-30.541918	2.663329	27.743164	0	0	0.029199523	0.9995736
-30.516973	2.684575	27.986008	0	0	0.029199523	0.9995736
-30.287046	2.709973	28.276308	0	0	0.029199523	0.9995736
-30.183378	2.717539	28.362785	0	0	0.029199523	0.9995736
-29.804928	2.676813	27.897293	0	0	0.029199523	0.9995736
-29.837141	2.684583	27.986105	0	0	0.029199523	0.9995736
-29.866920	2.691882	28.069530	0	0	0.029199523	0.9995736
-29.894060	2.698432	28.144402	0	0	0.029199523	0.9995736
-29.922493	2.704282	28.211264	0	0	0.029199523	0.9995736
-30.111635	2.721710	28.410465	0	0	0.029199523	0.9995736
-29.705225	2.659848	27.703386	0	0	0.029199523	0.9995736
-29.933296	2.709376	28.269484	0	0	0.029199523	0.9995736
-29.680412	2.641722	27.496197	0	0	0.029199523	0.9995736
-29.780426	2.607909	27.109711	0	0	0.029199523	0.9995736
-29.962923	2.714051	28.322918	0	0	0.029199523	0.9995736
-29.682774	2.676444	27.893070	0	0	0.029199523	0.9995736
-30.034327	2.726211	28.461906	0	0	0.029199523	0.9995736
-29.949007	2.720714	28.399076	0	0	0.029199523	0.9995736
-29.951664	2.726367	28.463699	0	0	0.029199523	0.9995736
-29.811314	2.584024	26.836708	0	0	0.029199523	0.9995736
-30.533564	2.481952	25.670019	0	0	0.029199523	0.9995736
-29.821934	2.491679	25.781199	0	0	0.029199523	0.9995736
-32.117626	2.386829	24.582756	0	0	-0.070737201	0.99749499
-27.585552	2.363305	24.313881	0	0	0.1288445	0.99166481
-35.939342	3.235270	31.886862	0	0	-0.69670669	0.71735611
-26.081234	-23.284580	13.530770	0	0	-0.16996714	0.98544973
-25.164124	2.153190	21.912256	0	0	0.1288445	0.99166481
-22.032417	-17.763062	12.257946	0	0	0	1
-29.840857	1.796300	17.832981	0	0	-0.69670669	0.71735611
-33.868126	-21.953550	10.973617	0	0	0.32328956	0.94630009
-37.676323	-15.357556	10.307268	0	0	0.32328956	0.94630009
-37.831379	-22.543491	12.145328	0	0	0.73739371	0.67546319
-40.960667	-17.123404	11.597773	0	0	0.66627604	0.74570519
-24.157940	1.809538	17.984297	0	0	-0.070737201	0.99749499
-30.739656	1.578056	15.338439	0	0	0.22720209	0.97384763
-28.933496	1.566959	15.211596	0	0	-0.69670669	0.71735611
-38.292976	-15.797958	9.472047	0	0	0.66627604	0.74570519
-33.850231	-23.493023	10.249427	0	0	0.80114363	0.59847213
-30.045517	-25.776159	10.973617	0	0	0.32328956	0.94630009
-32.322113	-28.052755	12.145328	0	0	0.80114363	0.59847213
-30.806305	-26.536947	10.249427	0	0	0.80114363	0.59847213
-29.629145	3.959224	42.555317	0	0	-0.54030229	0.84147099
-39.009434	-16.356031	8.042401	0	0	0.22720209	0.97384763
-37.858150	-33.588795	39.357658	0	0	-0.26749883	0.96355818
-26.081234	1.232247	11.385826	0	0	-0.070737201	0.99749499
-28.161953	-10.362370	5.378311	0	0	-0.36235775	0.93203909
-22.880289	-19.510481	6.302483	0	0	0.85688874	0.51550139
-24.280949	9.245107	24.373022	0	0	-0.82533563	0.56464246
-31.631393	-29.135168	9.333390	0	0	0.80114363	0.59847213
-37.831379	1.117587	10.075252	0	0	-0.62160997	0.7833269
-33.868126	1.020335	8.963662	0	0	0.1288445	0.99166481
-39.305656	-35.036301	40.853043	0	0	0.58850112	0.8084964
-33.784512	11.277211	31.886862	0	0	-0.69670669	0.71735611
-33.850231	0.945764	8.111310	0	0	-0.16996714	0.98544973
-31.631393	0.823372	6.712358	0	0	-0.070737201	0.99749499
-24.181454	11.862699	23.893240	0	0	-0.16996714	0.98544973
-24.182497	11.863653	23.896729	0	0	-0.16996714	0.98544973
-24.179693	11.861087	23.887352	0	0	-0.16996714	0.98544973
-24.179300	11.860727	23.886038	0	0	-0.070737201	0.99749499
-24.184515	11.865499	23.903473	0	0	-0.070737201	0.99749499
-24.178274	11.859789	23.882610	0	0	0	1
-24.185070	11.866007	23.905325	0	0	-0.16996714	0.98544973
-24.197660	11.877529	23.947420	0	0	-0.070737201	0.99749499
-24.163311	11.846095	23.832582	0	0	-0.070737201	0.99749499
-24.161633	11.844560	23.826971	0	0	-0.070737201	0.99749499
-24.214828	11.893238	24.004810	0	0	-0.070737201	0.99749499
-24.230900	11.907946	24.058542	0	0	-0.070737201	0.99749499
-24.128290	11.814049	23.715506	0	0	-0.82533563	0.56464246
-24.126375	11.812296	23.709105	0	0	-0.070737201	0.99749499
-24.243601	11.919568	24.101002	0	0	0	1
-24.244352	11.920256	24.103514	0	0	-0.070737201	0.99749499
-24.258020	11.932761	24.149202	0	0	-0.070737201	0.99749499
-24.275536	11.948791	24.207760	0	0	0	1
-24.086811	11.776093	23.576839	0	0	-0.070737201	0.99749499
-24.291670	11.963553	24.261694	0	0	-0.070737201	0.99749499
-24.293379	11.965117	24.267410	0	0	-0.070737201	0.99749499
-24.303249	11.974151	24.300409	0	0	-0.070737201	0.99749499
-24.304077	11.974908	24.303175	0	0	-0.070737201	0.99749499
-24.305668	11.976364	24.308496	0	0	-0.070737201	0.99749499
-24.007883	11.703868	23.312981	0	0	-0.070737201	0.99749499
-23.974068	11.672924	23.199934	0	0	-0.070737201	0.99749499
-23.702986	11.424864	22.293690	0	0	-0.070737201	0.99749499
-23.616278	11.345518	22.003815	0	0	-0.16996714	0.98544973
-23.537601	11.273522	21.740793	0	0	-0.16996714	0.98544973
-23.035067	10.813663	20.060783	0	0	0.1288445	0.99166481
-22.469288	10.295933	18.169348	0	0	-0.070737201	0.99749499
-46.140053	-20.674582	6.045975	0	0	-0.26749883	0.96355818
-41.544430	-28.634432	6.850105	0	0	0.73739371	0.67546319
-57.040707	-17.301249	40.853043	0	0	0.66627604	0.74570519
-29.575756	-11.749826	-0.275803	0	0	-0.36235775	0.93203909
-22.880289	0.633326	4.540128	0	0	-0.69670669	0.71735611
-20.962166	8.916800	13.130939	0	0	-0.82533563	0.56464246
-37.224110	-32.954754	6.850105	0	0	0.73739371	0.67546319
-20.795422	8.764215	12.573497	0	0	0.22720209	0.97384763
-20.562855	8.551399	11.796015	0	0	-0.070737201	0.99749499
-20.450155	8.448270	11.419251	0	0	0.029199523	0.9995736
-59.363659	-17.793953	39.357658	0	0	-0.45359611	0.89120736
-19.112637	-7.008724	1.590520	0	0	0.1288445	0.99166481
-30.803366	16.440706	31.365229	0	0	-0.69670669	0.71735611
-41.544430	0.611566	4.291411	0	0	-0.16996714	0.98544973
-24.133482	-25.406698	0.947424	0	0	0.85688874	0.51550139
-16.551062	-12.281705	1.055674	0	0	0	1
-28.517103	15.830154	38.387611	0	0	-0.69670669	0.71735611
-28.721949	1.301375	1.590520	0	0	0.1288445	0.99166481
-20.169672	8.047482	9.054929	0	0	-0.070737201	0.99749499
-20.469694	-27.521986	1.317551	0	0	0.90407214	0.42737988
-61.453907	-9.993039	39.357658	0	0	-0.54030229	0.84147099
-19.228971	7.330791	7.336749	0	0	-0.26749883	0.96355818
-19.193920	7.298717	7.219569	0	0	-0.070737201	0.99749499
-31.155771	-13.013529	-3.755006	0	0	0.1288445	0.99166481
-18.933306	7.060234	6.348316	0	0	-0.26749883	0.96355818
-57.040707	3.649929	39.020054	0	0	0.50484609	0.86320938
-24.912050	-23.827969	-2.662497	0	0	0.029199523	0.9995736
-20.469694	0.139658	-1.102529	0	0	-0.26749883	0.96355818
-18.130735	6.325820	3.665273	0	0	0	1
-35.619602	19.801195	37.104836	0	0	0.32328956	0.94630009
-20.573967	7.687473	3.180749	0	0	-0.36235775	0.93203909
-17.622992	5.861196	1.967850	0	0	0	1
-61.453907	3.575607	38.170555	0	0	-0.62160997	0.7833269
-24.912050	-0.177846	-4.731614	0	0	-0.070737201	0.99749499
-17.846983	5.732051	-0.590628	0	0	0	1
-26.329847	13.778334	1.590520	0	0	0.1288445	0.99166481
-42.143311	23.453897	35.978741	0	0	-0.82533563	0.56464246
-25.030634	15.077546	1.590520	0	0	0.1288445	0.99166481
-18.209454	5.523065	-4.730852	0	0	0	1
-16.244080	-33.376633	-10.354715	0	0	0	1
-16.590208	-34.668400	-10.123777	0	0	0.90407214	0.42737988
-16.620207	-34.780365	-10.103761	0	0	0	1
-16.974047	-36.100910	-9.867678	0	0	0	1
-17.069790	-36.458229	-9.803797	0	0	0	1
-17.217747	-37.010410	-9.705079	0	0	0	1
-17.485275	-38.008839	-9.526584	0	0	0.66627604	0.74570519
-29.862267	-84.200401	-1.268592	0	0	0	1
-143.199646	-138.930283	8.606153	0	0	0.73739371	0.67546319
-189.744827	104.631676	-4.012013	0	0	0.22720209	0.97384763
-248.912918	-68.583527	8.606153	0	0	0.58850112	0.8084964
-261.857971	-20.271959	8.606153	0	0	0.50484609	0.86320938
-261.857971	0.827556	6.760185	0	0	0.41614682	0.90929743
