-75.625603	70.249168	39.013584	0	0	-0.62160997	0.7833269
-75.567001	70.532562	38.934917	0	0	-0.62160997	0.7833269
-75.568298	68.088150	39.105679	0	0	0.1288445	0.99166481
-75.553802	66.894211	39.174225	0	0	0.1288445	0.99166481
-75.532082	65.721237	39.237663	0	0	0.1288445	0.99166481
-75.646652	64.147339	37.182739	0	0	-0.16996714	0.98544973
-75.962517	79.328568	38.690567	0	0	0.1288445	0.99166481
-77.406647	59.773418	38.404202	0	0	0.029199523	0.9995736
-69.427208	59.550373	36.836128	0	0	-0.76484218	0.64421769
-73.997993	54.302395	38.622944	0	0	0.22720209	0.97384763
-74.844231	53.834457	38.549500	0	0	0.22720209	0.97384763
-74.209480	51.233967	40.008614	0	0	-0.16996714	0.98544973
-66.935577	80.600334	24.450144	0	0	-0.76484218	0.64421769
-73.808525	50.467274	39.799759	0	0	-0.69670669	0.71735611
-73.257065	50.141342	39.725021	0	0	-0.69670669	0.71735611
-73.069458	50.051342	39.906353	0	0	-0.070737201	0.99749499
-72.906052	49.947281	39.810181	0	0	-0.16996714	0.98544973
-74.345116	48.256786	39.915405	0	0	-0.69670669	0.71735611
-74.058792	47.950672	40.011883	0	0	-0.69670669	0.71735611
-74.313797	47.896080	40.124084	0	0	-0.69670669	0.71735611
-75.420181	47.675793	40.081764	0	0	-0.69670669	0.71735611
-45.295517	64.014671	39.327560	0	0	-0.62160997	0.7833269
-59.037182	77.756340	1.715262	0	0	-0.76484218	0.64421769
-56.878727	79.914795	1.715262	0	0	-0.76484218	0.64421769
-93.111450	4.991080	39.013584	0	0	-0.070737201	0.99749499
-93.127625	4.995414	38.934917	0	0	0.029199523	0.9995736
-92.517738	4.831995	39.105679	0	0	-0.16996714	0.98544973
-92.205727	4.748391	39.174225	0	0	-0.16996714	0.98544973
-92.154259	4.734601	38.404202	0	0	-0.16996714	0.98544973
-91.892212	4.664387	39.237663	0	0	-0.16996714	0.98544973
-91.605637	4.587599	37.182743	0	0	-0.070737201	0.99749499
-95.695656	5.683515	38.690567	0	0	-0.54030229	0.84147099
-88.278748	3.696160	38.549500	0	0	-0.16996714	0.98544973
-87.606178	3.515947	38.622944	0	0	-0.26749883	0.96355818
-87.276451	3.427597	40.081764	0	0	-0.070737201	0.99749499
-87.036392	3.363273	40.008614	0	0	-0.070737201	0.99749499
-86.418648	3.197749	39.915405	0	0	-0.16996714	0.98544973
-86.299248	3.165756	40.124084	0	0	-0.16996714	0.98544973
-86.074974	3.105662	40.011883	0	0	-0.16996714	0.98544973
-84.653572	2.724799	36.836128	0	0	0.1288445	0.99166481
-87.591339	3.511971	24.450144	0	0	-0.26749883	0.96355818
-14.650832	105.452965	32.853718	0	0	-0.45359611	0.89120736
-14.763545	105.637451	32.792358	0	0	-0.45359611	0.89120736
-13.700617	103.807472	32.855606	0	0	-0.54030229	0.84147099
-13.178692	102.906502	32.872890	0	0	-0.54030229	0.84147099
-12.664311	102.017960	32.886562	0	0	-0.54030229	0.84147099
-12.171780	100.794571	30.770306	0	0	-0.45359611	0.89120736
-18.662903	112.410522	32.901978	0	0	-0.69670669	0.71735611
-10.650387	98.315163	31.660271	0	0	-0.62160997	0.7833269
-8.632125	94.650429	30.694414	0	0	-0.26749883	0.96355818
-11.979136	103.539871	36.136951	0	0	0	1
-17.972010	108.869461	19.503687	0	0	-0.45359611	0.89120736
-7.432147	92.754845	31.739315	0	0	-0.54030229	0.84147099
-7.411327	92.746223	31.896147	0	0	-0.54030229	0.84147099
-6.245513	90.825203	32.457527	0	0	0	1
-5.261613	88.952591	31.494865	0	0	-0.45359611	0.89120736
-5.237945	88.907547	31.471706	0	0	-0.45359611	0.89120736
-5.145886	88.732338	31.381636	0	0	-0.45359611	0.89120736
-5.099130	88.643349	31.335888	0	0	-0.45359611	0.89120736
-78.036789	0.951836	1.715262	0	0	-0.070737201	0.99749499
-16.815388	103.045372	-2.332065	0	0	-0.45359611	0.89120736
-142.367996	85.561409	-4.632587	0	0	0.1288445	0.99166481
-20.596378	108.798088	-6.882076	0	0	-0.070737201	0.99749499
-33.923904	-10.868176	39.327560	0	0	-0.26749883	0.96355818
-40.929417	-59.238750	39.013584	0	0	0.22720209	0.97384763
-40.803890	-59.205116	38.934917	0	0	0.22720209	0.97384763
-41.416210	-59.369186	39.105679	0	0	0.1288445	0.99166481
-41.701164	-59.445541	39.174225	0	0	0.1288445	0.99166481
-41.974148	-59.518684	39.237663	0	0	0.1288445	0.99166481
-38.973915	-58.714775	38.690567	0	0	-0.070737201	0.99749499
-42.474518	-59.652760	37.182739	0	0	0.22720209	0.97384763
-43.397530	-59.900082	38.622944	0	0	0.029199523	0.9995736
-44.304066	-60.142986	38.549500	0	0	0.1288445	0.99166481
-44.361958	-60.158497	40.008614	0	0	0.22720209	0.97384763
-37.820934	-58.405838	36.836128	0	0	0.1288445	0.99166481
-45.042191	-60.340767	40.011883	0	0	0.1288445	0.99166481
-45.210094	-60.385757	38.404202	0	0	0.1288445	0.99166481
-45.232803	-60.391842	39.915405	0	0	0.1288445	0.99166481
-45.293758	-60.408173	40.124084	0	0	0.1288445	0.99166481
-46.381104	-60.699528	40.081764	0	0	0.1288445	0.99166481
-30.233725	-56.372849	24.450144	0	0	0.029199523	0.9995736
-21.021938	-53.904560	1.715262	0	0	0.1288445	0.99166481
-183.130264	36.137169	-48.511799	0	0	0.22720209	0.97384763
33.076424	-39.408947	37.842247	0	0	0.58850112	0.8084964
-183.130264	14.959105	-78.757210	0	0	0.22720209	0.97384763
34.212013	-52.736950	-7.280548	0	0	0.41614682	0.90929743
34.387123	-52.561840	-7.330282	0	0	0.41614682	0.90929743
33.188366	-53.760597	-6.989810	0	0	0.32328956	0.94630009
32.612152	-54.336811	-6.826154	0	0	0.32328956	0.94630009
32.346287	-54.602676	-6.750642	0	0	0.32328956	0.94630009
32.050182	-54.898785	-6.666542	0	0	0	1
31.519182	-55.429779	-6.515727	0	0	0.41614682	0.90929743
38.457878	-48.491085	-8.486462	0	0	0	1
28.404398	-58.544563	-5.631063	0	0	0.41614682	0.90929743
40.583321	-46.365643	-9.090132	0	0	0	1
40.583321	-46.365643	-9.090132	0	0	0	1
40.583321	-46.365643	-9.090132	0	0	0	1
27.383335	-59.565628	-5.341060	0	0	0.32328956	0.94630009
26.761749	-60.187214	-5.164516	0	0	0.32328956	0.94630009
25.617809	-61.331154	-4.839613	0	0	0.41614682	0.90929743
24.134466	-62.814499	-4.418313	0	0	0	1
24.111784	-62.837181	-4.411871	0	0	0	1
23.947674	-63.001289	-4.365260	0	0	0.32328956	0.94630009
23.315830	-63.633133	-4.185803	0	0	0.32328956	0.94630009
-155.055145	-89.818649	-78.757210	0	0	0.50484609	0.86320938
-40.611099	-127.560059	-78.757210	0	0	0.58850112	0.8084964
