27.509390	176.577484	15.313622	0	0	-0.45359611	0.89120736
27.501259	176.616333	15.314228	0	0	-0.45359611	0.89120736
27.518526	176.538559	15.313355	0	0	-0.95533648	0.29552023
27.494333	176.655258	15.315269	0	0	-0.95533648	0.29552023
27.528288	176.499573	15.313297	0	0	-0.95533648	0.29552023
27.490211	176.694183	15.317171	0	0	-0.95533648	0.29552023
27.538485	176.460526	15.313383	0	0	-0.95533648	0.29552023
27.487724	176.733978	15.319913	0	0	-0.95533648	0.29552023
27.499235	176.773499	15.325929	0	0	-0.95533648	0.29552023
27.506660	176.826843	15.341507	0	0	-0.95533648	0.29552023
27.433577	176.891052	15.348609	0	0	-0.95533648	0.29552023
27.317621	177.087646	15.145192	0	0	-0.95533648	0.29552023
26.153160	177.730347	15.095658	0	0	-0.45359611	0.89120736
27.336872	180.357224	15.663962	0	0	-0.95533648	0.29552023
25.395576	183.340729	12.756415	0	0	-0.45359611	0.89120736
23.299290	189.614563	16.129839	0	0	-0.45359611	0.89120736
17.119499	195.162155	14.778219	0	0	-0.95533648	0.29552023
14.728422	214.569931	19.801798	0	0	-0.76484218	0.64421769
31.467131	226.067551	20.731050	0	0	-0.95533648	0.29552023
15.126625	233.763840	15.401405	0	0	-0.36235775	0.93203909
-47.727295	156.417877	15.313622	0	0	-0.62160997	0.7833269
-47.716953	156.379272	15.313355	0	0	-0.62160997	0.7833269
-47.737553	156.456146	15.314228	0	0	-0.62160997	0.7833269
-47.747749	156.494202	15.315269	0	0	-0.62160997	0.7833269
-47.706554	156.340454	15.313297	0	0	-0.62160997	0.7833269
-47.757755	156.531540	15.317171	0	0	-0.62160997	0.7833269
-47.696110	156.301483	15.313383	0	0	-0.62160997	0.7833269
-47.767872	156.569305	15.319913	0	0	-0.62160997	0.7833269
-47.776981	156.603302	15.325929	0	0	-0.62160997	0.7833269
-47.789818	156.651215	15.341507	0	0	-0.62160997	0.7833269
-47.810768	156.729401	15.348609	0	0	-0.62160997	0.7833269
-47.867683	156.941803	15.145192	0	0	-0.54030229	0.84147099
-48.106361	157.832565	15.095658	0	0	-0.62160997	0.7833269
-48.683788	159.987549	15.663962	0	0	-0.54030229	0.84147099
-49.559704	163.256516	12.756415	0	0	-0.69670669	0.71735611
-51.268589	169.634155	16.129839	0	0	-0.69670669	0.71735611
-53.069458	176.355087	14.778219	0	0	-0.54030229	0.84147099
98.569725	135.550781	17.811586	0	0	-0.87758258	0.4794255
98.555153	135.525543	17.811586	0	0	-0.87758258	0.4794255
98.584518	135.576401	17.811586	0	0	-0.87758258	0.4794255
98.540710	135.500534	17.811586	0	0	-0.87758258	0.4794255
98.599640	135.602585	17.811586	0	0	-0.87758258	0.4794255
98.526360	135.475662	17.811586	0	0	-0.87758258	0.4794255
98.615463	135.629990	17.811586	0	0	-0.87758258	0.4794255
98.632072	135.658768	17.811586	0	0	-0.87758258	0.4794255
98.652069	135.693390	17.811586	0	0	-0.87758258	0.4794255
98.677017	135.736618	17.811586	0	0	-0.87758258	0.4794255
98.686554	135.753128	17.811586	0	0	-0.87758258	0.4794255
98.729874	135.828156	17.811586	0	0	-0.87758258	0.4794255
98.742691	135.850357	17.811586	0	0	-0.82533563	0.56464246
100.163269	138.310883	17.811586	0	0	-0.82533563	0.56464246
100.969841	139.707901	17.811586	0	0	-0.87758258	0.4794255
103.162422	143.505554	17.811586	0	0	-0.92106097	0.38941839
104.019653	144.990326	17.811586	0	0	-0.82533563	0.56464246
111.825699	158.510803	17.811586	0	0	-0.82533563	0.56464246
-58.081573	195.060562	19.801798	0	0	-0.54030229	0.84147099
-59.834698	201.603302	20.731050	0	0	-0.54030229	0.84147099
120.236450	173.078644	17.811586	0	0	-0.62160997	0.7833269
120.988991	174.382080	17.811586	0	0	-0.76484218	0.64421769
-62.853374	212.869156	15.401405	0	0	-0.26749883	0.96355818
-83.305252	65.762840	15.313622	0	0	-0.36235775	0.93203909
-83.328743	65.786331	15.314228	0	0	-0.36235775	0.93203909
-83.281219	65.738808	15.313355	0	0	-0.36235775	0.93203909
-83.351662	65.809258	15.315269	0	0	-0.36235775	0.93203909
-83.256844	65.714439	15.313297	0	0	-0.36235775	0.93203909
-83.373184	65.830780	15.317171	0	0	-0.36235775	0.93203909
-83.232224	65.689819	15.313383	0	0	-0.36235775	0.93203909
-83.394333	65.851929	15.319913	0	0	-0.36235775	0.93203909
-83.408340	65.865929	15.325929	0	0	-0.36235775	0.93203909
-83.431290	65.888885	15.341507	0	0	-0.36235775	0.93203909
-83.499947	65.957535	15.348609	0	0	-0.36235775	0.93203909
-83.656212	66.113808	15.145192	0	0	-0.36235775	0.93203909
-84.559799	67.017387	15.095657	0	0	-0.36235775	0.93203909
-85.281380	67.738968	15.663962	0	0	-0.36235775	0.93203909
-87.743774	70.201370	12.756415	0	0	-0.45359611	0.89120736
-91.928841	74.386436	16.129839	0	0	-0.45359611	0.89120736
-97.792534	80.250130	14.778219	0	0	-0.26749883	0.96355818
107.327118	38.283951	17.532858	0	0	-0.95533648	0.29552023
107.346680	38.295242	17.532858	0	0	-0.95533648	0.29552023
107.336678	38.289467	17.532858	0	0	-0.95533648	0.29552023
107.369064	38.308167	17.532858	0	0	-0.95533648	0.29552023
107.357407	38.301434	17.532858	0	0	-0.95533648	0.29552023
107.382828	38.316113	17.532858	0	0	-0.95533648	0.29552023
107.317863	38.278603	17.532858	0	0	-0.95533648	0.29552023
107.398201	38.324986	17.532858	0	0	-0.95533648	0.29552023
107.423943	38.339851	17.532858	0	0	-0.95533648	0.29552023
107.423759	38.339745	17.532858	0	0	-0.95533648	0.29552023
107.425606	38.340809	17.532858	0	0	-0.95533648	0.29552023
107.452606	38.356400	17.532858	0	0	-0.95533648	0.29552023
107.601662	38.442459	17.532858	0	0	-0.95533648	0.29552023
106.828712	37.996193	17.532858	0	0	-0.95533648	0.29552023
108.689888	39.070744	17.532858	0	0	-0.98006658	0.19866933
108.853966	39.165474	17.532858	0	0	-0.95533648	0.29552023
109.834328	39.731487	17.532858	0	0	-0.98006658	0.19866933
114.212173	42.259037	17.532858	0	0	-0.95533648	0.29552023
-106.071419	88.529007	20.731050	0	0	-0.36235775	0.93203909
122.822029	47.229939	17.532858	0	0	0.99913515	0.041580682
-108.691963	91.149551	19.801798	0	0	-0.36235775	0.93203909
131.744812	52.381516	17.532858	0	0	-0.95533648	0.29552023
-118.089813	100.547401	15.401405	0	0	0.029199523	0.9995736
