15.932803	0.351550	139.831512	0	0	-0.82533563	0.56464246
15.905459	-0.071902	139.779831	0	0	0.97095818	0.23924928
15.951579	0.826875	139.938461	0	0	-0.82533563	0.56464246
16.017117	-0.457581	139.639679	0	0	0.97095818	0.23924928
16.018888	1.314547	140.108978	0	0	0.97095818	0.23924928
16.116060	-0.799201	139.591965	0	0	0.97095818	0.23924928
15.972419	1.773029	140.269974	0	0	0.97095818	0.23924928
15.980738	2.099252	140.353409	0	0	0.97095818	0.23924928
15.939237	2.123213	140.357590	0	0	0.97095818	0.23924928
16.120083	2.350054	140.299408	0	0	0.97095818	0.23924928
15.765955	2.554510	140.335190	0	0	0.97095818	0.23924928
16.340660	2.662136	140.699280	0	0	0.97095818	0.23924928
15.848911	2.946047	140.748947	0	0	0.97095818	0.23924928
17.125446	4.018012	140.718781	0	0	0.97095818	0.23924928
15.420707	5.002244	140.890991	0	0	0.98999249	0.14112005
17.818645	5.607074	138.499023	0	0	0.97095818	0.23924928
16.407028	6.422071	138.641632	0	0	0.98999249	0.14112005
11.273816	5.010537	139.831512	0	0	-0.95533648	0.29552023
11.048418	4.785139	139.779831	0	0	-0.82533563	0.56464246
11.520866	5.257587	139.938461	0	0	-0.95533648	0.29552023
10.911407	4.648128	139.639679	0	0	-0.82533563	0.56464246
10.790070	4.526791	139.591965	0	0	-0.82533563	0.56464246
11.798357	5.535078	140.108978	0	0	-0.82533563	0.56464246
12.004364	5.741084	140.269974	0	0	-0.87758258	0.4794255
12.162865	5.899585	140.357590	0	0	-0.87758258	0.4794255
12.291872	6.028593	140.335190	0	0	-0.92106097	0.38941839
12.529119	6.265840	140.748947	0	0	-0.82533563	0.56464246
13.343115	7.079835	140.890991	0	0	-0.62160997	0.7833269
14.546189	8.282910	138.641632	0	0	0.98999249	0.14112005
12.643303	-2.058248	131.077301	0	0	-0.76484218	0.64421769
27.323330	2.771641	134.988373	0	0	-0.69670669	0.71735611
18.179125	11.915846	134.988373	0	0	-0.98006658	0.19866933
22.994888	-11.880340	138.595810	0	0	-0.98006658	0.19866933
22.790117	-11.996480	138.575165	0	0	-0.92106097	0.38941839
23.217907	-11.758775	138.667023	0	0	-0.98006658	0.19866933
22.702253	-12.036577	138.469925	0	0	-0.92106097	0.38941839
22.627777	-12.077822	138.452560	0	0	-0.87758258	0.4794255
23.485483	-11.617975	138.802490	0	0	-0.92106097	0.38941839
23.654552	-11.532818	138.925781	0	0	-0.92106097	0.38941839
23.783890	-11.464124	138.984955	0	0	-0.95533648	0.29552023
23.837965	-11.426620	138.922760	0	0	-0.95533648	0.29552023
24.086555	-11.321969	139.307556	0	0	-0.92106097	0.38941839
24.654350	-10.990895	139.275314	0	0	-0.92106097	0.38941839
25.908449	-10.034871	136.979111	0	0	-0.92106097	0.38941839
1.692295	-4.570984	141.271011	0	0	-0.87758258	0.4794255
24.927582	13.695692	132.775024	0	0	-0.82533563	0.56464246
5.573973	-10.587523	149.151779	0	0	-0.98006658	0.19866933
22.443277	16.179998	132.775024	0	0	-0.82533563	0.56464246
32.389133	-6.002589	134.101974	0	0	-0.76484218	0.64421769
-2.707065	5.346087	139.831512	0	0	-0.76484218	0.64421769
-2.814759	4.944166	139.779831	0	0	-0.82533563	0.56464246
-2.586976	5.794265	139.938461	0	0	-0.76484218	0.64421769
-2.903699	4.612236	139.639679	0	0	-0.82533563	0.56464246
-2.460549	6.266097	140.108978	0	0	-0.82533563	0.56464246
-2.982476	4.318237	139.591965	0	0	-0.82533563	0.56464246
-2.349041	6.682250	140.269974	0	0	-0.82533563	0.56464246
-2.263718	7.000680	140.357590	0	0	-0.82533563	0.56464246
-2.167501	7.359765	140.335190	0	0	-0.82533563	0.56464246
-2.064060	7.745814	140.748947	0	0	-0.82533563	0.56464246
-1.578695	9.557220	140.890991	0	0	-0.87758258	0.4794255
-1.157667	11.128517	138.641632	0	0	-0.92106097	0.38941839
-1.339021	10.451694	134.988373	0	0	-0.87758258	0.4794255
23.961836	17.487888	131.409561	0	0	0	1
-4.593098	-1.692684	137.287903	0	0	-0.69670669	0.71735611
23.442127	16.927732	129.466415	0	0	0	1
25.322676	18.954639	136.497604	0	0	0	1
25.480480	19.124725	137.087616	0	0	-0.54030229	0.84147099
4.095985	16.421547	132.258301	0	0	-0.62160997	0.7833269
35.186008	-4.072424	130.980042	0	0	0.98999249	0.14112005
19.679060	20.723198	131.622360	0	0	0	1
18.144756	20.929493	129.729645	0	0	0	1
1.231507	20.045036	132.775024	0	0	-0.76484218	0.64421769
14.699122	27.269220	137.623337	0	0	0	1
-11.211065	-2.029770	139.403519	0	0	-0.62160997	0.7833269
-11.209018	-2.037414	139.316162	0	0	-0.69670669	0.71735611
-11.214509	-2.016919	139.550415	0	0	-0.62160997	0.7833269
-11.204913	-2.052732	139.141083	0	0	-0.69670669	0.71735611
-11.203054	-2.059666	139.061813	0	0	-0.69670669	0.71735611
-11.219429	-1.998557	139.760300	0	0	-0.69670669	0.71735611
-11.224131	-1.981010	139.960861	0	0	-0.69670669	0.71735611
-11.226898	-1.970681	140.078918	0	0	-0.69670669	0.71735611
-11.227349	-1.968999	140.098145	0	0	-0.69670669	0.71735611
-11.237721	-1.930289	140.540604	0	0	-0.69670669	0.71735611
-11.245440	-1.901482	140.869873	0	0	-0.69670669	0.71735611
13.994372	27.512310	137.060501	0	0	-0.98006658	0.19866933
-11.473965	-1.048618	138.641632	0	0	-0.69670669	0.71735611
-11.097169	-2.454839	134.544968	0	0	-0.69670669	0.71735611
3.120767	-22.524321	130.376404	0	0	0.98999249	0.14112005
15.932803	-27.961159	137.354462	0	0	0.99913515	0.041580682
15.905459	-27.959888	137.339951	0	0	-0.99500417	0.099833397
15.951579	-27.966835	137.419342	0	0	0.99913515	0.041580682
16.017117	-27.950649	137.234344	0	0	-0.99500417	0.099833397
16.018888	-27.977936	137.546219	0	0	-0.99500417	0.099833397
16.116060	-27.949102	137.216660	0	0	-0.99500417	0.099833397
15.972419	-27.988432	137.666183	0	0	-0.99500417	0.099833397
15.765955	-27.988157	137.663040	0	0	-0.99500417	0.099833397
15.939237	-27.993380	137.722733	0	0	-0.99500417	0.099833397
15.848911	-28.021109	138.039673	0	0	-0.99500417	0.099833397
15.420707	-28.017820	138.002106	0	0	-0.99500417	0.099833397
16.407028	-27.811737	135.646561	0	0	-0.98006658	0.19866933
42.493011	0.302305	129.435547	0	0	-0.92106097	0.38941839
-12.721601	3.607624	132.775024	0	0	-0.62160997	0.7833269
43.830666	1.234609	127.851677	0	0	-0.98006658	0.19866933
42.383930	0.726353	124.614624	0	0	-0.82533563	0.56464246
21.530766	-27.101580	127.529419	0	0	-0.98006658	0.19866933
25.482014	-23.167864	156.948227	0	0	0.99913515	0.041580682
41.454567	0.399856	122.535187	0	0	-0.82533563	0.56464246
24.927582	-27.247124	129.192993	0	0	0.99913515	0.041580682
27.323330	-27.522276	132.338013	0	0	0.90407214	0.42737988
24.032953	-26.833340	124.463425	0	0	0.99913515	0.041580682
-17.346573	-4.811190	138.030746	0	0	-0.45359611	0.89120736
-17.341679	-4.816084	137.954330	0	0	-0.45359611	0.89120736
-17.355225	-4.802538	138.165833	0	0	-0.45359611	0.89120736
-17.330753	-4.827012	137.783722	0	0	-0.45359611	0.89120736
-17.325930	-4.831834	137.708420	0	0	-0.45359611	0.89120736
-17.367767	-4.789997	138.361664	0	0	-0.45359611	0.89120736
-17.380051	-4.777714	138.553436	0	0	-0.45359611	0.89120736
-17.387175	-4.770589	138.664688	0	0	-0.45359611	0.89120736
-17.388212	-4.769553	138.680862	0	0	-0.45359611	0.89120736
-17.293756	-4.864008	137.206055	0	0	-0.45359611	0.89120736
-17.415752	-4.742013	139.110870	0	0	-0.45359611	0.89120736
-17.434883	-4.722882	139.409576	0	0	-0.45359611	0.89120736
-17.002417	-5.155346	132.657181	0	0	-0.45359611	0.89120736
-16.916006	-5.241757	131.307983	0	0	-0.45359611	0.89120736
4.142152	30.907711	129.186111	0	0	0	1
3.959944	30.227701	127.505409	0	-0	-1	-4.371139e-08
25.086199	-26.456926	120.161003	0	0	-0.98006658	0.19866933
4.840211	33.512905	135.625092	0	0	0	1
4.890097	33.699081	136.085236	0	0	0	1
-18.618488	-3.539276	133.103455	0	0	-0.54030229	0.84147099
-13.236235	19.959785	133.691727	0	0	-0.54030229	0.84147099
-4.432058	-27.329370	130.133072	0	0	0.73739371	0.67546319
-16.498207	-5.659556	124.784584	0	0	-0.45359611	0.89120736
-16.432621	-5.725144	123.760513	0	0	-0.45359611	0.89120736
-19.681328	-2.476436	130.418884	0	0	-0.16996714	0.98544973
31.030121	-26.323725	118.638496	0	0	0.97095818	0.23924928
-3.013438	-32.464302	136.516342	0	0	0.94222235	0.33498812
-2.849787	-32.556942	136.498093	0	0	0.97095818	0.23924928
-3.208222	-32.358871	136.585938	0	0	0.94222235	0.33498812
-3.374579	-32.275921	136.715561	0	0	0.97095818	0.23924928
-2.594012	-32.693001	136.383148	0	0	0.97095818	0.23924928
-2.370743	-32.819283	136.357193	0	0	0.97095818	0.23924928
-3.613528	-32.150826	136.842880	0	0	0.97095818	0.23924928
-3.792765	-32.053616	136.904938	0	0	0.94222235	0.33498812
-4.107420	-31.867186	136.857788	0	0	0.94222235	0.33498812
-4.231261	-31.833830	137.235382	0	0	0.94222235	0.33498812
-5.442989	-31.134737	137.240311	0	0	0.90407214	0.42737988
-5.213860	-31.026403	134.858475	0	0	0.94222235	0.33498812
-20.840845	-10.755691	136.874619	0	0	-0.16996714	0.98544973
-20.835707	-10.757068	136.815887	0	0	-0.16996714	0.98544973
-20.850950	-10.752983	136.990112	0	0	-0.16996714	0.98544973
-20.821913	-10.760764	136.658203	0	0	-0.16996714	0.98544973
-20.816326	-10.762260	136.594360	0	0	-0.16996714	0.98544973
-20.866228	-10.748889	137.164734	0	0	-0.16996714	0.98544973
-20.881485	-10.744802	137.339127	0	0	-0.16996714	0.98544973
-20.890053	-10.742506	137.437057	0	0	-0.16996714	0.98544973
-20.890301	-10.742439	137.439896	0	0	-0.16996714	0.98544973
-20.926373	-10.732774	137.852203	0	0	-0.16996714	0.98544973
-20.746342	-10.781013	135.794418	0	0	-0.16996714	0.98544973
-20.946133	-10.727479	138.078049	0	0	-0.16996714	0.98544973
-20.339022	-10.890154	131.138733	0	0	-0.16996714	0.98544973
-1.678228	-32.386921	128.119614	0	0	0.94222235	0.33498812
-20.288267	-10.903753	130.558609	0	0	-0.16996714	0.98544973
-19.364641	16.421549	134.310837	0	0	-0.54030229	0.84147099
-20.187365	-10.930791	129.405289	0	0	-0.16996714	0.98544973
4.721369	-36.376106	131.033554	0	0	0.90407214	0.42737988
-20.045725	-10.968742	127.786354	0	0	-0.16996714	0.98544973
-11.385581	-27.042578	130.695267	0	0	0.50484609	0.86320938
-20.275190	-17.513786	136.244904	0	0	0.029199523	0.9995736
-20.271774	-17.512871	136.205872	0	0	0.029199523	0.9995736
-20.283361	-17.515976	136.338318	0	0	0.029199523	0.9995736
-20.259548	-17.509594	136.066132	0	0	0.029199523	0.9995736
-20.255352	-17.508471	136.018173	0	0	0.029199523	0.9995736
-20.296654	-17.519537	136.490250	0	0	0.029199523	0.9995736
-11.294147	-26.701344	126.794937	0	0	0.58850112	0.8084964
-20.310047	-17.523125	136.643326	0	0	0.029199523	0.9995736
-20.315681	-17.524635	136.707748	0	0	0.029199523	0.9995736
-20.317188	-17.525040	136.724960	0	0	0.029199523	0.9995736
-20.350161	-17.533875	137.101837	0	0	0.029199523	0.9995736
-20.361555	-17.536928	137.232071	0	0	0.029199523	0.9995736
-20.155987	-17.481846	134.882416	0	0	0.029199523	0.9995736
-16.892147	19.172316	125.137123	0	0	-0.69670669	0.71735611
-20.031410	-17.448465	133.458511	0	0	0.029199523	0.9995736
-16.971045	-23.234324	136.213562	0	0	0.32328956	0.94630009
-16.969595	-23.232874	136.190933	0	0	0.32328956	0.94630009
-16.975828	-23.239107	136.288254	0	0	0.32328956	0.94630009
-16.961807	-23.225086	136.069336	0	0	0.32328956	0.94630009
-16.959764	-23.223043	136.037430	0	0	0.32328956	0.94630009
-16.984402	-23.247681	136.422119	0	0	0.32328956	0.94630009
-16.992954	-23.256233	136.555649	0	0	0.32328956	0.94630009
-16.994757	-23.258036	136.583786	0	0	0.32328956	0.94630009
-16.997229	-23.260509	136.622406	0	0	0.32328956	0.94630009
-17.019110	-23.282391	136.964050	0	0	0.32328956	0.94630009
-17.021509	-23.284790	137.001511	0	0	0.32328956	0.94630009
-16.868830	-23.132109	134.617615	0	0	0.32328956	0.94630009
-16.698572	-22.961851	131.959244	0	0	0.32328956	0.94630009
-19.763519	-17.376684	130.396484	0	0	0.029199523	0.9995736
-16.607195	-22.870476	130.532516	0	0	0.32328956	0.94630009
-19.557390	-11.099591	122.204643	0	0	-0.16996714	0.98544973
-19.575092	-17.326195	128.242767	0	0	0.029199523	0.9995736
-19.567417	-17.324139	128.155045	0	0	0.22720209	0.97384763
-11.220948	-26.428160	123.672432	0	0	0.50484609	0.86320938
-16.431894	-22.695173	127.795418	0	0	0.32328956	0.94630009
-16.373350	-22.636631	126.881332	0	0	0.32328956	0.94630009
-19.435186	-11.132336	120.807861	0	0	-0.16996714	0.98544973
-19.313723	-17.256161	125.255295	0	0	0.029199523	0.9995736
-8.414377	-27.604321	119.275276	0	0	0.80114363	0.59847213
-16.173803	-22.437084	123.765663	0	0	0	1
-6.402891	-28.592619	117.562469	0	0	0.73739371	0.67546319
-27.343481	-2.164591	137.862518	0	0	0.1288445	0.99166481
-18.677715	25.836147	133.103455	0	0	-0.69670669	0.71735611
-18.869398	-17.137106	120.176636	0	0	0.029199523	0.9995736
-26.257837	-9.304212	134.310837	0	0	-0.36235775	0.93203909
-17.949699	23.119156	124.112404	0	0	-0.62160997	0.7833269
-15.878006	-22.141285	119.147148	0	0	0	1
-18.723505	-17.098013	118.509071	0	0	0.029199523	0.9995736
-15.765038	-22.028316	117.383278	0	0	0	1
-28.971977	6.814212	134.310837	0	0	-0.45359611	0.89120736
-19.667068	29.528461	130.418884	0	0	-0.45359611	0.89120736
85.407021	-107.564789	156.948227	0	0	0.99913515	0.041580682
-118.291656	-62.788429	141.034363	0	0	0.73739371	0.67546319
42.279648	-201.659836	156.948227	0	0	0.99913515	0.041580682
-114.065605	-170.246246	148.187286	0	0	0.85688874	0.51550139
-27.343481	-220.315292	156.948227	0	0	0.97095818	0.23924928
