17.406164	142.523422	267.777771	-0.541593	-25.123156	142.523422	271.498596
-25.123156	142.523422	271.498596	-0.141593	-25.123156	142.523422	271.498596
-25.123156	142.523422	271.498596	-0.141593	-55.441280	134.399704	271.498596
-55.441280	134.399704	271.498596	0.058407	-100.523712	67.122871	271.498596
-100.523712	67.122871	271.498596	0.458407	-64.801476	-5.558078	271.498596
-64.801476	-5.558078	271.498596	0.858407	-38.526043	-25.573252	266.385376
-38.526043	-25.573252	266.385376	0.458407	-31.185986	-35.956955	259.679321
-31.185986	-35.956955	259.679321	1.458407	-19.728168	-39.288364	255.718597
-19.728168	-39.288364	255.718597	1.658407	-9.909413	-35.527538	255.564514
-9.909413	-35.527538	255.564514	0.000000	59.542770	-4.122258	256.683990
59.542770	-4.122258	256.683990	3.058407	78.573532	82.654106	261.022827
78.573532	82.654106	261.022827	3.058407	0.000000	0.000000	0.000000
17.406164	142.523422	267.777771	-0.541593	-25.123156	142.523422	271.498596
-25.123156	142.523422	271.498596	-0.141593	-25.123156	142.523422	271.498596
-25.123156	142.523422	271.498596	-0.141593	-55.441280	134.399704	271.498596
-55.441280	134.399704	271.498596	0.058407	-100.523712	67.122871	271.498596
-100.523712	67.122871	271.498596	0.458407	-64.801476	-5.558078	271.498596
-64.801476	-5.558078	271.498596	0.858407	-38.526043	-25.573252	266.385376
-38.526043	-25.573252	266.385376	0.458407	-31.185986	-35.956955	259.679321
-31.185986	-35.956955	259.679321	1.458407	-19.728168	-39.288364	255.718597
-19.728168	-39.288364	255.718597	1.658407	-9.909413	-35.527538	255.564514
-9.909413	-35.527538	255.564514	0.000000	59.542770	-4.122258	256.683990
59.542770	-4.122258	256.683990	3.058407	78.573532	82.654106	261.022827
78.573532	82.654106	261.022827	3.058407	0.000000	0.000000	0.000000
17.406164	142.523422	267.777771	-0.541593	-25.123156	142.523422	271.498596
-25.123156	142.523422	271.498596	-0.141593	-25.123156	142.523422	271.498596
-25.123156	142.523422	271.498596	-0.141593	-55.441280	134.399704	271.498596
-55.441280	134.399704	271.498596	0.058407	-100.523712	67.122871	271.498596
-100.523712	67.122871	271.498596	0.458407	-64.801476	-5.558078	271.498596
-64.801476	-5.558078	271.498596	0.858407	-38.526043	-25.573252	266.385376
-38.526043	-25.573252	266.385376	0.458407	-31.185986	-35.956955	259.679321
-31.185986	-35.956955	259.679321	1.458407	-19.728168	-39.288364	255.718597
-19.728168	-39.288364	255.718597	1.658407	-9.909413	-35.527538	255.564514
-9.909413	-35.527538	255.564514	0.000000	59.542770	-4.122258	256.683990
59.542770	-4.122258	256.683990	3.058407	78.573532	82.654106	261.022827
78.573532	82.654106	261.022827	3.058407	0.000000	0.000000	0.000000
17.406164	142.523422	267.777771	-0.541593	-25.123156	142.523422	271.498596
-25.123156	142.523422	271.498596	-0.141593	-25.123156	142.523422	271.498596
-25.123156	142.523422	271.498596	-0.141593	-55.441280	134.399704	271.498596
-55.441280	134.399704	271.498596	0.058407	-100.523712	67.122871	271.498596
-100.523712	67.122871	271.498596	0.458407	-64.801476	-5.558078	271.498596
-64.801476	-5.558078	271.498596	0.858407	-38.526043	-25.573252	266.385376
-38.526043	-25.573252	266.385376	0.458407	-31.185986	-35.956955	259.679321
-31.185986	-35.956955	259.679321	1.458407	-19.728168	-39.288364	255.718597
-19.728168	-39.288364	255.718597	1.658407	-9.909413	-35.527538	255.564514
-9.909413	-35.527538	255.564514	0.000000	59.542770	-4.122258	256.683990
59.542770	-4.122258	256.683990	3.058407	78.573532	82.654106	261.022827
78.573532	82.654106	261.022827	3.058407	0.000000	0.000000	0.000000
17.406164	142.523422	267.777771	-0.541593	-25.123156	142.523422	271.498596
-25.123156	142.523422	271.498596	-0.141593	-25.123156	142.523422	271.498596
-25.123156	142.523422	271.498596	-0.141593	-55.441280	134.399704	271.498596
-55.441280	134.399704	271.498596	0.058407	-100.523712	67.122871	271.498596
-100.523712	67.122871	271.498596	0.458407	-64.801476	-5.558078	271.498596
-64.801476	-5.558078	271.498596	0.858407	-38.526043	-25.573252	266.385376
-38.526043	-25.573252	266.385376	0.458407	-31.185986	-35.956955	259.679321
-31.185986	-35.956955	259.679321	1.458407	-19.728168	-39.288364	255.718597
-19.728168	-39.288364	255.718597	1.658407	-9.909413	-35.527538	255.564514
-9.909413	-35.527538	255.564514	0.000000	59.542770	-4.122258	256.683990
59.542770	-4.122258	256.683990	3.058407	78.573532	82.654106	261.022827
78.573532	82.654106	261.022827	3.058407	0.000000	0.000000	0.000000
17.406164	142.523422	267.777771	-0.541593	-25.123156	142.523422	271.498596
-25.123156	142.523422	271.498596	-0.141593	-25.123156	142.523422	271.498596
-25.123156	142.523422	271.498596	-0.141593	-55.441280	134.399704	271.498596
-55.441280	134.399704	271.498596	0.058407	-100.523712	67.122871	271.498596
-100.523712	67.122871	271.498596	0.458407	-64.801476	-5.558078	271.498596
-64.801476	-5.558078	271.498596	0.858407	-38.526043	-25.573252	266.385376
-38.526043	-25.573252	266.385376	0.458407	-31.185986	-35.956955	259.679321
-31.185986	-35.956955	259.679321	1.458407	-19.728168	-39.288364	255.718597
-19.728168	-39.288364	255.718597	1.658407	-9.909413	-35.527538	255.564514
-9.909413	-35.527538	255.564514	0.000000	59.542770	-4.122258	256.683990
59.542770	-4.122258	256.683990	3.058407	78.573532	82.654106	261.022827
78.573532	82.654106	261.022827	3.058407	0.000000	0.000000	0.000000
17.406164	142.523422	267.777771	-0.541593	-25.123156	142.523422	271.498596
-25.123156	142.523422	271.498596	-0.141593	-25.123156	142.523422	271.498596
-25.123156	142.523422	271.498596	-0.141593	-55.441280	134.399704	271.498596
-55.441280	134.399704	271.498596	0.058407	-100.523712	67.122871	271.498596
-100.523712	67.122871	271.498596	0.458407	-64.801476	-5.558078	271.498596
-64.801476	-5.558078	271.498596	0.858407	-38.526043	-25.573252	266.385376
-38.526043	-25.573252	266.385376	0.458407	-31.185986	-35.956955	259.679321
-31.185986	-35.956955	259.679321	1.458407	-19.728168	-39.288364	255.718597
-19.728168	-39.288364	255.718597	1.658407	-9.909413	-35.527538	255.564514
-9.909413	-35.527538	255.564514	0.000000	59.542770	-4.122258	256.683990
59.542770	-4.122258	256.683990	3.058407	78.573532	82.654106	261.022827
78.573532	82.654106	261.022827	3.058407	0.000000	0.000000	0.000000
17.406164	142.523422	267.777771	-0.541593	-25.123156	142.523422	271.498596
-25.123156	142.523422	271.498596	-0.141593	-25.123156	142.523422	271.498596
-25.123156	142.523422	271.498596	-0.141593	-55.441280	134.399704	271.498596
-55.441280	134.399704	271.498596	0.058407	-100.523712	67.122871	271.498596
-100.523712	67.122871	271.498596	0.458407	-64.801476	-5.558078	271.498596
-64.801476	-5.558078	271.498596	0.858407	-38.526043	-25.573252	266.385376
-38.526043	-25.573252	266.385376	0.458407	-31.185986	-35.956955	259.679321
-31.185986	-35.956955	259.679321	1.458407	-19.728168	-39.288364	255.718597
-19.728168	-39.288364	255.718597	1.658407	-9.909413	-35.527538	255.564514
-9.909413	-35.527538	255.564514	0.000000	59.542770	-4.122258	256.683990
59.542770	-4.122258	256.683990	3.058407	78.573532	82.654106	261.022827
78.573532	82.654106	261.022827	3.058407	0.000000	0.000000	0.000000
17.406164	142.523422	267.777771	-0.541593	-25.123156	142.523422	271.498596
-25.123156	142.523422	271.498596	-0.141593	-25.123156	142.523422	271.498596
-25.123156	142.523422	271.498596	-0.141593	-55.441280	134.399704	271.498596
-55.441280	134.399704	271.498596	0.058407	-100.523712	67.122871	271.498596
-100.523712	67.122871	271.498596	0.458407	-64.801476	-5.558078	271.498596
-64.801476	-5.558078	271.498596	0.858407	-38.526043	-25.573252	266.385376
-38.526043	-25.573252	266.385376	0.458407	-31.185986	-35.956955	259.679321
-31.185986	-35.956955	259.679321	1.458407	-19.728168	-39.288364	255.718597
-19.728168	-39.288364	255.718597	1.658407	-9.909413	-35.527538	255.564514
-9.909413	-35.527538	255.564514	0.000000	59.542770	-4.122258	256.683990
59.542770	-4.122258	256.683990	3.058407	78.573532	82.654106	261.022827
78.573532	82.654106	261.022827	3.058407	0.000000	0.000000	0.000000
17.406164	142.523422	267.777771	-0.541593	-25.123156	142.523422	271.498596
-25.123156	142.523422	271.498596	-0.141593	-25.123156	142.523422	271.498596
-25.123156	142.523422	271.498596	-0.141593	-55.441280	134.399704	271.498596
-55.441280	134.399704	271.498596	0.058407	-100.523712	67.122871	271.498596
-100.523712	67.122871	271.498596	0.458407	-64.801476	-5.558078	271.498596
-64.801476	-5.558078	271.498596	0.858407	-38.526043	-25.573252	266.385376
-38.526043	-25.573252	266.385376	0.458407	-31.185986	-35.956955	259.679321
-31.185986	-35.956955	259.679321	1.458407	-19.728168	-39.288364	255.718597
-19.728168	-39.288364	255.718597	1.658407	-9.909413	-35.527538	255.564514
-9.909413	-35.527538	255.564514	0.000000	59.542770	-4.122258	256.683990
59.542770	-4.122258	256.683990	3.058407	78.573532	82.654106	261.022827
78.573532	82.654106	261.022827	3.058407	0.000000	0.000000	0.000000
17.406164	142.523422	267.777771	-0.541593	-25.123156	142.523422	271.498596
-25.123156	142.523422	271.498596	-0.141593	-25.123156	142.523422	271.498596
-25.123156	142.523422	271.498596	-0.141593	-55.441280	134.399704	271.498596
-55.441280	134.399704	271.498596	0.058407	-100.523712	67.122871	271.498596
-100.523712	67.122871	271.498596	0.458407	-64.801476	-5.558078	271.498596
-64.801476	-5.558078	271.498596	0.858407	-38.526043	-25.573252	266.385376
-38.526043	-25.573252	266.385376	0.458407	-31.185986	-35.956955	259.679321
-31.185986	-35.956955	259.679321	1.458407	-19.728168	-39.288364	255.718597
-19.728168	-39.288364	255.718597	1.658407	-9.909413	-35.527538	255.564514
-9.909413	-35.527538	255.564514	0.000000	59.542770	-4.122258	256.683990
59.542770	-4.122258	256.683990	3.058407	78.573532	82.654106	261.022827
78.573532	82.654106	261.022827	3.058407	0.000000	0.000000	0.000000
17.406164	142.523422	267.777771	-0.541593	-25.123156	142.523422	271.498596
-25.123156	142.523422	271.498596	-0.141593	-25.123156	142.523422	271.498596
-25.123156	142.523422	271.498596	-0.141593	-55.441280	134.399704	271.498596
-55.441280	134.399704	271.498596	0.058407	-100.523712	67.122871	271.498596
-100.523712	67.122871	271.498596	0.458407	-64.801476	-5.558078	271.498596
-64.801476	-5.558078	271.498596	0.858407	-38.526043	-25.573252	266.385376
-38.526043	-25.573252	266.385376	0.458407	-31.185986	-35.956955	259.679321
-31.185986	-35.956955	259.679321	1.458407	-19.728168	-39.288364	255.718597
-19.728168	-39.288364	255.718597	1.658407	-9.909413	-35.527538	255.564514
-9.909413	-35.527538	255.564514	0.000000	59.542770	-4.122258	256.683990
59.542770	-4.122258	256.683990	3.058407	78.573532	82.654106	261.022827
78.573532	82.654106	261.022827	3.058407	0.000000	0.000000	0.000000
17.406164	142.523422	267.777771	-0.541593	-25.123156	142.523422	271.498596
-25.123156	142.523422	271.498596	-0.141593	-25.123156	142.523422	271.498596
-25.123156	142.523422	271.498596	-0.141593	-55.441280	134.399704	271.498596
-55.441280	134.399704	271.498596	0.058407	-100.523712	67.122871	271.498596
-100.523712	67.122871	271.498596	0.458407	-64.801476	-5.558078	271.498596
-64.801476	-5.558078	271.498596	0.858407	-38.526043	-25.573252	266.385376
-38.526043	-25.573252	266.385376	0.458407	-31.185986	-35.956955	259.679321
-31.185986	-35.956955	259.679321	1.458407	-19.728168	-39.288364	255.718597
-19.728168	-39.288364	255.718597	1.658407	-9.909413	-35.527538	255.564514
-9.909413	-35.527538	255.564514	0.000000	59.542770	-4.122258	256.683990
59.542770	-4.122258	256.683990	3.058407	78.573532	82.654106	261.022827
78.573532	82.654106	261.022827	3.058407	0.000000	0.000000	0.000000
17.406164	142.523422	267.777771	-0.541593	-25.123156	142.523422	271.498596
-25.123156	142.523422	271.498596	-0.141593	-25.123156	142.523422	271.498596
-25.123156	142.523422	271.498596	-0.141593	-55.441280	134.399704	271.498596
-55.441280	134.399704	271.498596	0.058407	-100.523712	67.122871	271.498596
-100.523712	67.122871	271.498596	0.458407	-64.801476	-5.558078	271.498596
-64.801476	-5.558078	271.498596	0.858407	-38.526043	-25.573252	266.385376
-38.526043	-25.573252	266.385376	0.458407	-31.185986	-35.956955	259.679321
-31.185986	-35.956955	259.679321	1.458407	-19.728168	-39.288364	255.718597
-19.728168	-39.288364	255.718597	1.658407	-9.909413	-35.527538	255.564514
-9.909413	-35.527538	255.564514	0.000000	59.542770	-4.122258	256.683990
59.542770	-4.122258	256.683990	3.058407	78.573532	82.654106	261.022827
78.573532	82.654106	261.022827	3.058407	0.000000	0.000000	0.000000
17.406164	142.523422	267.777771	-0.541593	-25.123156	142.523422	271.498596
-25.123156	142.523422	271.498596	-0.141593	-25.123156	142.523422	271.498596
-25.123156	142.523422	271.498596	-0.141593	-55.441280	134.399704	271.498596
-55.441280	134.399704	271.498596	0.058407	-100.523712	67.122871	271.498596
-100.523712	67.122871	271.498596	0.458407	-64.801476	-5.558078	271.498596
-64.801476	-5.558078	271.498596	0.858407	-38.526043	-25.573252	266.385376
-38.526043	-25.573252	266.385376	0.458407	-31.185986	-35.956955	259.679321
-31.185986	-35.956955	259.679321	1.458407	-19.728168	-39.288364	255.718597
-19.728168	-39.288364	255.718597	1.658407	-9.909413	-35.527538	255.564514
-9.909413	-35.527538	255.564514	0.000000	59.542770	-4.122258	256.683990
59.542770	-4.122258	256.683990	3.058407	78.573532	82.654106	261.022827
78.573532	82.654106	261.022827	3.058407	0.000000	0.000000	0.000000
17.406164	142.523422	267.777771	-0.541593	-25.123156	142.523422	271.498596
-25.123156	142.523422	271.498596	-0.141593	-25.123156	142.523422	271.498596
-25.123156	142.523422	271.498596	-0.141593	-55.441280	134.399704	271.498596
-55.441280	134.399704	271.498596	0.058407	-100.523712	67.122871	271.498596
-100.523712	67.122871	271.498596	0.458407	-64.801476	-5.558078	271.498596
-64.801476	-5.558078	271.498596	0.858407	-38.526043	-25.573252	266.385376
-38.526043	-25.573252	266.385376	0.458407	-31.185986	-35.956955	259.679321
-31.185986	-35.956955	259.679321	1.458407	-19.728168	-39.288364	255.718597
-19.728168	-39.288364	255.718597	1.658407	-9.909413	-35.527538	255.564514
-9.909413	-35.527538	255.564514	0.000000	59.542770	-4.122258	256.683990
59.542770	-4.122258	256.683990	3.058407	78.573532	82.654106	261.022827
78.573532	82.654106	261.022827	3.058407	0.000000	0.000000	0.000000
17.406164	142.523422	267.777771	-0.541593	-25.123156	142.523422	271.498596
-25.123156	142.523422	271.498596	-0.141593	-25.123156	142.523422	271.498596
-25.123156	142.523422	271.498596	-0.141593	-55.441280	134.399704	271.498596
-55.441280	134.399704	271.498596	0.058407	-100.523712	67.122871	271.498596
-100.523712	67.122871	271.498596	0.458407	-64.801476	-5.558078	271.498596
-64.801476	-5.558078	271.498596	0.858407	-38.526043	-25.573252	266.385376
-38.526043	-25.573252	266.385376	0.458407	-31.185986	-35.956955	259.679321
-31.185986	-35.956955	259.679321	1.458407	-19.728168	-39.288364	255.718597
-19.728168	-39.288364	255.718597	1.658407	-9.909413	-35.527538	255.564514
-9.909413	-35.527538	255.564514	0.000000	59.542770	-4.122258	256.683990
59.542770	-4.122258	256.683990	3.058407	78.573532	82.654106	261.022827
78.573532	82.654106	261.022827	3.058407	0.000000	0.000000	0.000000
17.406164	142.523422	267.777771	-0.541593	-25.123156	142.523422	271.498596
-25.123156	142.523422	271.498596	-0.141593	-25.123156	142.523422	271.498596
-25.123156	142.523422	271.498596	-0.141593	-55.441280	134.399704	271.498596
-55.441280	134.399704	271.498596	0.058407	-100.523712	67.122871	271.498596
-100.523712	67.122871	271.498596	0.458407	-64.801476	-5.558078	271.498596
-64.801476	-5.558078	271.498596	0.858407	-38.526043	-25.573252	266.385376
-38.526043	-25.573252	266.385376	0.458407	-31.185986	-35.956955	259.679321
-31.185986	-35.956955	259.679321	1.458407	-19.728168	-39.288364	255.718597
-19.728168	-39.288364	255.718597	1.658407	-9.909413	-35.527538	255.564514
-9.909413	-35.527538	255.564514	0.000000	59.542770	-4.122258	256.683990
59.542770	-4.122258	256.683990	3.058407	78.573532	82.654106	261.022827
78.573532	82.654106	261.022827	3.058407	0.000000	0.000000	0.000000
17.406164	142.523422	267.777771	-0.541593	-25.123156	142.523422	271.498596
-25.123156	142.523422	271.498596	-0.141593	-25.123156	142.523422	271.498596
-25.123156	142.523422	271.498596	-0.141593	-55.441280	134.399704	271.498596
-55.441280	134.399704	271.498596	0.058407	-100.523712	67.122871	271.498596
-100.523712	67.122871	271.498596	0.458407	-64.801476	-5.558078	271.498596
-64.801476	-5.558078	271.498596	0.858407	-38.526043	-25.573252	266.385376
-38.526043	-25.573252	266.385376	0.458407	-31.185986	-35.956955	259.679321
-31.185986	-35.956955	259.679321	1.458407	-19.728168	-39.288364	255.718597
-19.728168	-39.288364	255.718597	1.658407	-9.909413	-35.527538	255.564514
-9.909413	-35.527538	255.564514	0.000000	59.542770	-4.122258	256.683990
59.542770	-4.122258	256.683990	3.058407	78.573532	82.654106	261.022827
78.573532	82.654106	261.022827	3.058407	0.000000	0.000000	0.000000
17.406164	142.523422	267.777771	-0.541593	-25.123156	142.523422	271.498596
-25.123156	142.523422	271.498596	-0.141593	-25.123156	142.523422	271.498596
-25.123156	142.523422	271.498596	-0.141593	-55.441280	134.399704	271.498596
-55.441280	134.399704	271.498596	0.058407	-100.523712	67.122871	271.498596
-100.523712	67.122871	271.498596	0.458407	-64.801476	-5.558078	271.498596
-64.801476	-5.558078	271.498596	0.858407	-38.526043	-25.573252	266.385376
-38.526043	-25.573252	266.385376	0.458407	-31.185986	-35.956955	259.679321
-31.185986	-35.956955	259.679321	1.458407	-19.728168	-39.288364	255.718597
-19.728168	-39.288364	255.718597	1.658407	-9.909413	-35.527538	255.564514
-9.909413	-35.527538	255.564514	0.000000	59.542770	-4.122258	256.683990
59.542770	-4.122258	256.683990	3.058407	78.573532	82.654106	261.022827
78.573532	82.654106	261.022827	3.058407	0.000000	0.000000	0.000000
