13.143233	-14.510345	82.243134	0	0	0.73739371	0.67546319
13.175477	-15.297051	82.375847	0	0	-0.92106097	0.38941839
13.135023	-15.352265	82.256409	0	0	0.94222235	0.33498812
13.562298	-12.946373	82.243134	0	0	0.73739371	0.67546319
13.765118	-13.000719	82.256409	0	0	0.97095818	0.23924928
13.789059	-13.007133	82.375847	0	0	-0.87758258	0.4794255
13.895467	-13.035645	81.994469	0	0	0.97095818	0.23924928
13.837927	-13.020227	81.890038	0	0	-0.87758258	0.4794255
13.754597	-12.997899	81.795158	0	0	-0.87758258	0.4794255
13.632806	-12.965266	81.694740	0	0	0.97095818	0.23924928
13.555703	-12.944606	81.557869	0	0	-0.87758258	0.4794255
13.519832	-12.934995	81.348099	0	0	-0.87758258	0.4794255
13.447223	-12.915539	81.160408	0	0	-0.87758258	0.4794255
13.323563	-12.882404	81.009743	0	0	0.97095818	0.23924928
13.209844	-12.851933	80.794327	0	0	0.97095818	0.23924928
13.001280	-12.796049	80.605843	0	0	-0.87758258	0.4794255
12.592389	-16.848156	81.694740	0	0	0.90407214	0.42737988
12.779952	-16.968641	81.890038	0	0	-0.92106097	0.38941839
12.500862	-16.881327	81.557869	0	0	-0.92106097	0.38941839
12.817463	-17.058807	81.994469	0	0	0.90407214	0.42737988
12.838792	-12.752510	80.373520	0	0	0.98999249	0.14112005
12.673770	-17.031597	81.795158	0	0	-0.92106097	0.38941839
12.437243	-16.975269	81.348099	0	0	-0.92106097	0.38941839
12.340672	-17.045246	81.160408	0	0	-0.92106097	0.38941839
12.201610	-17.069592	81.009743	0	0	0.94222235	0.33498812
12.217946	-12.586155	80.070648	0	0	0.80114363	0.59847213
11.597267	-12.419845	80.544830	0	0	0.99913515	0.041580682
12.053196	-17.168602	80.794327	0	0	0.94222235	0.33498812
11.684737	-12.443282	80.236153	0	0	0.85688874	0.51550139
11.844084	-17.114763	80.605843	0	0	-0.95533648	0.29552023
11.234741	-16.255527	80.070648	0	0	0.73739371	0.67546319
11.793399	-12.472398	79.908089	0	0	0.99913515	0.041580682
11.929067	-12.508750	79.551262	0	0	0.85688874	0.51550139
12.093469	-12.552802	79.169594	0	0	0.85688874	0.51550139
11.531782	-17.630337	80.373520	0	0	0.94222235	0.33498812
12.324823	-12.614793	78.714218	0	0	0.90407214	0.42737988
12.526809	-12.668915	78.350243	0	0	0.90407214	0.42737988
12.665927	-12.706191	78.136475	0	0	0.99913515	0.041580682
13.014192	-12.799509	78.001556	0	0	0.98999249	0.14112005
12.818235	-12.747003	78.021095	0	0	0.99913515	0.041580682
13.544180	-12.941519	76.771324	0	0	-0.99500417	0.099833397
9.605679	-19.852554	80.544830	0	0	0.85688874	0.51550139
9.671550	-19.956598	80.236153	0	0	-0.95533648	0.29552023
9.760289	-20.060066	79.908089	0	0	0.85688874	0.51550139
9.876359	-20.169559	79.551262	0	0	-0.95533648	0.29552023
10.022592	-20.281420	79.169594	0	0	-0.95533648	0.29552023
11.054394	-20.113571	78.001556	0	0	0.90407214	0.42737988
10.232792	-20.422361	78.714218	0	0	-0.95533648	0.29552023
10.605658	-20.395220	78.136475	0	0	0.85688874	0.51550139
10.431213	-20.489780	78.350243	0	0	-0.95533648	0.29552023
10.760999	-20.424711	78.021095	0	0	0.90407214	0.42737988
14.128551	-13.098101	73.643089	0	0	0.90407214	0.42737988
12.688933	-18.470829	73.643089	0	0	0.90407214	0.42737988
11.014074	-22.384003	76.771324	0	0	-0.95533648	0.29552023
7.894514	-23.601393	81.324730	0	0	0.98999249	0.14112005
8.249557	-23.814138	81.401558	0	0	0.97095818	0.23924928
8.251063	-23.826387	81.514191	0	0	0.50484609	0.86320938
8.508754	-23.921219	80.980194	0	0	0.97095818	0.23924928
8.460131	-23.880077	80.850838	0	0	0.50484609	0.86320938
8.644414	-24.010647	81.090111	0	0	0.50484609	0.86320938
8.461772	-23.860987	80.652481	0	0	0.50484609	0.86320938
8.693080	-24.047312	81.174927	0	0	0.50484609	0.86320938
8.755498	-24.094339	81.283714	0	0	0.97095818	0.23924928
8.427379	-23.823267	80.475670	0	0	0.50484609	0.86320938
8.339820	-23.758406	80.334015	0	0	0.97095818	0.23924928
7.604031	-23.319511	80.194588	0	0	0.94222235	0.33498812
8.280127	-23.703749	80.134125	0	0	0.97095818	0.23924928
8.107944	-23.585949	79.952103	0	0	0.50484609	0.86320938
7.711669	-23.351212	79.893219	0	0	0.50484609	0.86320938
8.104763	-23.566109	79.773872	0	0	0.97095818	0.23924928
7.837096	-23.391134	79.571579	0	0	0.94222235	0.33498812
7.303779	-23.064154	79.382820	0	-0	-1	-4.371139e-08
7.986912	-23.442179	79.220650	0	0	0.50484609	0.86320938
8.161502	-23.504921	78.843948	0	0	0.50484609	0.86320938
8.399885	-23.597048	78.393501	0	0	0.50484609	0.86320938
8.593852	-23.672184	78.028740	0	0	0.50484609	0.86320938
8.693661	-23.706896	77.801918	0	0	0.94222235	0.33498812
8.828144	-23.772514	77.682892	0	0	0.94222235	0.33498812
8.915892	-23.817566	77.627373	0	0	0.98999249	0.14112005
9.914639	-24.288279	76.578949	0	0	-0.98006658	0.19866933
10.026100	-2.877045	82.243134	0	-0	-1	-4.371139e-08
9.859508	-2.921683	82.375847	0	0	0.98999249	0.14112005
9.807960	-2.935496	82.256409	0	0	-0.95533648	0.29552023
9.085036	-3.129202	81.994469	0	0	-0.95533648	0.29552023
9.072580	-3.132540	81.890038	0	0	0.98999249	0.14112005
8.957772	-3.163303	81.795158	0	0	0.97095818	0.23924928
8.927703	-3.171360	81.694740	0	0	-0.95533648	0.29552023
8.834014	-3.196464	81.557869	0	0	0.98999249	0.14112005
8.751171	-3.218661	81.348099	0	0	0.98999249	0.14112005
8.643574	-3.247492	81.160408	0	0	0.98999249	0.14112005
8.507741	-3.283888	81.009743	0	0	-0.95533648	0.29552023
8.344517	-3.327624	80.794327	0	0	-0.95533648	0.29552023
8.162872	-3.376295	80.605843	0	0	0.98999249	0.14112005
7.742597	-3.488908	80.373520	0	0	-0.95533648	0.29552023
7.809157	-3.471073	80.070648	0	0	-0.99500417	0.099833397
5.389964	-4.119294	80.544830	0	0	-0.95533648	0.29552023
5.425412	-4.109796	80.236153	0	0	0.98999249	0.14112005
5.482340	-4.094542	79.908089	0	0	-0.95533648	0.29552023
5.563261	-4.072859	79.551262	0	0	0.98999249	0.14112005
5.671733	-4.043794	79.169594	0	0	0.99913515	0.041580682
6.676380	-3.774600	78.001556	0	0	-0.95533648	0.29552023
5.832617	-4.000685	78.714218	0	0	0.99913515	0.041580682
6.324853	-3.868791	78.021095	0	0	-0.95533648	0.29552023
6.000892	-3.955596	78.350243	0	0	0.99913515	0.041580682
6.187291	-3.905651	78.136475	0	0	-0.95533648	0.29552023
9.628185	-23.772200	73.107529	0	0	0.94222235	0.33498812
7.640598	-11.359658	70.243355	0	0	0.97095818	0.23924928
6.071153	-3.936770	76.771324	0	0	-0.98006658	0.19866933
8.612112	-3.255922	73.643089	0	0	0.94222235	0.33498812
5.579722	-20.013096	70.243355	0	0	0.97095818	0.23924928
5.227553	-20.365265	70.243355	0	0	0.97095818	0.23924928
4.979653	-20.794640	70.199974	0	0	0.97095818	0.23924928
13.391004	-12.900476	63.703949	0	0	-0.87758258	0.4794255
-0.462294	-0.904818	82.243134	0	0	-0.95533648	0.29552023
-0.839525	-1.282049	82.375847	0	0	-0.98006658	0.19866933
-0.887359	-1.329883	82.256409	0	0	-0.82533563	0.56464246
1.176939	-5.248170	70.243355	0	0	0.99913515	0.041580682
-1.873082	-2.315607	81.890038	0	0	-0.98006658	0.19866933
-1.899410	-2.341935	81.994469	0	0	-0.82533563	0.56464246
-1.906621	-2.349145	81.694740	0	0	-0.82533563	0.56464246
-1.957651	-2.400176	81.795158	0	0	-0.95533648	0.29552023
-1.968970	-2.411495	81.557869	0	0	-0.95533648	0.29552023
-2.047750	-2.490275	81.348099	0	0	-0.95533648	0.29552023
-2.131025	-2.573549	81.160408	0	0	-0.95533648	0.29552023
-2.205207	-2.647731	81.008781	0	0	-0.87758258	0.4794255
-2.219897	-2.662422	80.779404	0	0	-0.87758258	0.4794255
-2.232503	-2.675027	80.582581	0	0	-0.95533648	0.29552023
-2.250629	-2.693153	80.299561	0	0	-0.87758258	0.4794255
-2.256624	-2.699149	80.205956	0	0	-0.87758258	0.4794255
-2.265484	-2.708009	80.067619	0	0	-0.95533648	0.29552023
-2.276388	-2.718913	79.897362	0	0	-0.95533648	0.29552023
-2.297288	-2.739813	79.571037	0	0	-0.87758258	0.4794255
-2.319929	-2.762454	79.217529	0	0	-0.95533648	0.29552023
-2.344035	-2.786559	78.841156	0	0	-0.95533648	0.29552023
-2.372681	-2.815205	78.393883	0	0	-0.95533648	0.29552023
-2.395269	-2.837794	78.041183	0	0	-0.95533648	0.29552023
-2.407754	-2.850279	77.846252	0	0	-0.87758258	0.4794255
-2.413353	-2.855878	77.758827	0	0	-0.87758258	0.4794255
-2.414572	-2.857096	77.739799	0	0	-0.87758258	0.4794255
-2.500906	-2.943430	76.391815	0	0	-0.92106097	0.38941839
10.750763	-22.753986	63.703949	0	0	-0.95533648	0.29552023
10.442928	-23.287172	63.650085	0	0	-0.95533648	0.29552023
-2.669685	-3.112210	73.643089	0	0	-0.95533648	0.29552023
7.477187	-11.315873	61.532394	0	0	-0.87758258	0.4794255
5.732984	-4.027382	63.703949	0	0	-0.76484218	0.64421769
5.247566	-19.636932	61.532394	0	0	0.58850112	0.8084964
-5.326262	-1.208553	81.512352	0	0	0	1
-5.327671	-1.213810	81.452263	0	0	0	1
-5.324759	-1.202944	81.576469	0	0	0	1
-5.337406	-1.250142	81.036987	0	0	0	1
-5.339672	-1.258596	80.940361	0	0	0	1
-5.342063	-1.267524	80.838318	0	0	0	1
-5.344069	-1.275011	80.752739	0	0	0	1
-5.347370	-1.287326	80.611984	0	0	0	1
-5.352473	-1.306371	80.394287	0	0	0	1
-5.357032	-1.323386	80.199799	0	0	0	1
-5.360661	-1.336928	80.045013	0	0	0	1
-5.365952	-1.356675	79.819313	0	0	0	1
-5.370339	-1.373048	79.632164	0	0	0	1
-5.376960	-1.397757	79.349739	0	0	0	1
-5.378547	-1.403681	79.282028	0	0	0	1
-5.381367	-1.414206	79.161728	0	0	0	1
-5.385900	-1.431123	78.968369	0	0	0	1
5.059880	-19.962013	61.499554	0	0	0.50484609	0.86320938
-5.393690	-1.460196	78.636063	0	0	0	1
-5.402146	-1.491756	78.275330	0	0	0	1
-5.411169	-1.525427	77.890465	0	0	0	1
-5.421929	-1.565586	77.431450	0	0	0	1
-5.430421	-1.597279	77.069199	0	0	0	1
-2.930924	-3.373449	69.677612	0	0	-0.95533648	0.29552023
-5.435104	-1.614756	76.869438	0	0	0	1
-5.437424	-1.623412	76.770493	0	0	0	1
-5.437762	-1.624676	76.756042	0	0	0	1
-5.470669	-1.747487	75.352310	0	0	0	1
18.941490	-15.524231	58.758171	0	0	-0.87758258	0.4794255
19.225616	-14.463855	58.758171	0	0	-0.87758258	0.4794255
-5.534533	-1.985829	72.628044	0	0	0	1
1.377695	-5.194378	61.532394	0	0	0.97095818	0.23924928
-5.621504	-2.310409	68.918083	0	0	0	1
-8.856795	-0.491214	80.500885	0	0	-0.69670669	0.71735611
-8.855396	-0.496438	80.441177	0	0	-0.69670669	0.71735611
-8.858264	-0.485736	80.563499	0	0	-0.69670669	0.71735611
-8.846007	-0.531478	80.040665	0	0	-0.69670669	0.71735611
-8.843782	-0.539779	79.945786	0	0	-0.69670669	0.71735611
-8.841506	-0.548275	79.848679	0	0	-0.69670669	0.71735611
-8.839589	-0.555431	79.766891	0	0	-0.69670669	0.71735611
-8.836389	-0.567373	79.630386	0	0	-0.69670669	0.71735611
-8.831355	-0.586160	79.415649	0	0	-0.69670669	0.71735611
-8.826901	-0.602782	79.225655	0	0	-0.69670669	0.71735611
-8.823424	-0.615759	79.077339	0	0	-0.69670669	0.71735611
-8.818295	-0.634901	78.858536	0	0	-0.69670669	0.71735611
-8.814136	-0.650424	78.681114	0	0	-0.69670669	0.71735611
-8.808368	-0.671950	78.435074	0	0	-0.69670669	0.71735611
-8.807856	-0.673862	78.413208	0	0	-0.69670669	0.71735611
-8.803772	-0.689103	78.239014	0	0	-0.69670669	0.71735611
-8.800943	-0.699659	78.118347	0	0	-0.69670669	0.71735611
-8.793056	-0.729094	77.781914	0	0	-0.69670669	0.71735611
-8.784473	-0.761126	77.415787	0	0	-0.69670669	0.71735611
-8.775291	-0.795392	77.024117	0	0	-0.69670669	0.71735611
13.709439	-24.586411	57.842682	0	0	0.50484609	0.86320938
-8.764302	-0.836406	76.555328	0	0	-0.69670669	0.71735611
-8.755593	-0.868906	76.183846	0	0	-0.69670669	0.71735611
-8.750720	-0.887093	75.975975	0	0	-0.69670669	0.71735611
-8.747911	-0.897575	75.856163	0	0	-0.69670669	0.71735611
-8.747893	-0.897645	75.855362	0	0	-0.69670669	0.71735611
-8.714710	-1.021486	74.439857	0	0	-0.69670669	0.71735611
15.182476	-1.495398	58.758171	0	0	-0.69670669	0.71735611
-3.333587	-3.776111	63.390537	0	0	-0.95533648	0.29552023
-8.649020	-1.266642	71.637703	0	0	-0.69670669	0.71735611
-1.686643	-12.746729	58.872047	0	0	0.97095818	0.23924928
-14.174228	-9.361504	83.579620	0	0	0.32328956	0.94630009
-14.174228	-9.361504	83.579620	0	0	0.22720209	0.97384763
-14.174228	-9.361504	83.579620	0	0	0.1288445	0.99166481
-14.174228	-9.361504	83.579620	0	0	0.029199523	0.9995736
-3.204956	-15.009480	59.709591	0	0	0	1
-12.372521	-2.060851	79.811607	0	0	-0.45359611	0.89120736
-12.369972	-2.063400	79.771812	0	0	-0.45359611	0.89120736
-12.377620	-2.055753	79.891220	0	0	-0.45359611	0.89120736
-12.347682	-2.085691	79.423767	0	0	-0.45359611	0.89120736
-12.341567	-2.091805	79.328300	0	0	-0.45359611	0.89120736
-12.335715	-2.097657	79.236931	0	0	-0.45359611	0.89120736
-12.330414	-2.102959	79.154152	0	0	-0.45359611	0.89120736
-12.321957	-2.111416	79.022110	0	0	-0.45359611	0.89120736
-12.308508	-2.124865	78.812119	0	0	-0.45359611	0.89120736
-12.296693	-2.136680	78.627640	0	0	-0.45359611	0.89120736
-12.287588	-2.145784	78.485489	0	0	-0.45359611	0.89120736
-12.274105	-2.159267	78.274971	0	0	-0.45359611	0.89120736
-12.263202	-2.170171	78.104721	0	0	-0.45359611	0.89120736
-12.257294	-2.176079	78.012482	0	0	-0.26749883	0.96355818
-12.247617	-2.185756	77.861374	0	0	-0.45359611	0.89120736
-12.236994	-2.196379	77.695518	0	0	-0.45359611	0.89120736
-12.235179	-2.198194	77.667175	0	0	-0.45359611	0.89120736
-12.215372	-2.218001	77.357918	0	0	-0.26749883	0.96355818
-12.191787	-2.241586	76.989662	0	0	-0.45359611	0.89120736
-12.166492	-2.266881	76.594711	0	0	-0.45359611	0.89120736
-4.556663	-13.972001	59.672306	0	0	0	1
-12.136135	-2.297238	76.120735	0	0	-0.45359611	0.89120736
-12.111932	-2.321441	75.742828	0	0	-0.45359611	0.89120736
-12.098027	-2.335346	75.525726	0	0	-0.45359611	0.89120736
-12.089946	-2.343427	75.399544	0	0	-0.45359611	0.89120736
-12.088777	-2.344596	75.381294	0	0	-0.45359611	0.89120736
-8.570184	-1.560865	68.274727	0	0	-0.69670669	0.71735611
-3.481243	-3.923768	61.085072	0	0	-0.95533648	0.29552023
-2.308934	-8.693689	58.495972	0	0	0.97095818	0.23924928
-14.311091	-5.477721	79.629448	0	0	0.1288445	0.99166481
-14.310593	-5.477855	79.623741	0	0	0.1288445	0.99166481
-14.320763	-5.475130	79.739990	0	0	0.1288445	0.99166481
-14.286801	-5.484230	79.351814	0	0	0.1288445	0.99166481
-14.278208	-5.486532	79.253586	0	0	0.1288445	0.99166481
-14.270652	-5.488557	79.167229	0	0	0.1288445	0.99166481
-14.262929	-5.490626	79.078949	0	0	0.1288445	0.99166481
-14.251679	-5.493640	78.950371	0	0	0.1288445	0.99166481
-14.233768	-5.498440	78.745644	0	0	0.1288445	0.99166481
-14.218072	-5.502645	78.566231	0	0	0.1288445	0.99166481
-14.206004	-5.505879	78.428291	0	0	0.1288445	0.99166481
-14.188236	-5.510640	78.225212	0	0	0.1288445	0.99166481
-14.173577	-5.514568	78.057655	0	0	0.1288445	0.99166481
-14.154739	-5.519616	77.842339	0	0	0.1288445	0.99166481
-12.001553	-2.431820	74.019402	0	0	-0.45359611	0.89120736
-14.133509	-5.525304	77.599670	0	0	0.1288445	0.99166481
-14.441675	-5.968808	78.115486	0	0	0.22720209	0.97384763
-14.446332	-6.032132	77.799690	0	0	0.22720209	0.97384763
-14.443437	-6.086037	77.462952	0	0	0.22720209	0.97384763
-14.433980	-6.133979	77.095352	0	0	0.22720209	0.97384763
-14.415959	-6.171815	76.700737	0	0	0.22720209	0.97384763
-13.992175	-5.652927	75.471275	0	0	0.1288445	0.99166481
-14.388536	-6.207230	76.226898	0	0	0.22720209	0.97384763
-14.238091	-6.051674	75.626678	0	0	0.22720209	0.97384763
-14.339404	-6.188457	75.847832	0	0	0.22720209	0.97384763
-14.202368	-6.012104	75.499214	0	0	0.22720209	0.97384763
-5.775405	-2.884776	62.353035	0	0	0	1
-11.811938	-2.621434	71.058815	0	0	-0.26749883	0.96355818
-14.885639	-7.430797	74.154854	0	0	0.32328956	0.94630009
-2.304637	-6.181056	57.861954	0	0	-0.95533648	0.29552023
-13.560200	-5.678922	71.046715	0	0	0.1288445	0.99166481
1.929892	1.487368	58.758171	0	0	-0.95533648	0.29552023
23.155333	-15.516819	53.253834	0	0	-0.87758258	0.4794255
22.056726	-19.616877	53.253834	0	0	-0.87758258	0.4794255
-11.618619	-2.814753	68.040375	0	0	-0.45359611	0.89120736
-5.822556	-3.060747	60.341675	0	0	0	1
11.140372	-11.696200	50.978653	0	0	0.97095818	0.23924928
-14.330129	-7.491576	68.308655	0	0	-0.16996714	0.98544973
11.140372	-7.891991	51.311478	0	0	0.97095818	0.23924928
-3.717189	-4.159714	57.401070	0	0	-0.87758258	0.4794255
17.065868	-0.990745	53.253834	0	0	-0.98006658	0.19866933
-8.410261	-2.157704	61.452827	0	0	-0.69670669	0.71735611
18.049442	-26.557695	52.552650	0	0	-0.95533648	0.29552023
-5.871232	-3.242405	58.265324	0	0	0	1
9.811995	-2.934414	51.311478	0	0	0.98999249	0.14112005
4.887310	-18.722614	50.217335	0	0	0.94222235	0.33498812
-5.895342	-3.332387	57.236816	0	0	0	1
-8.369109	-2.311285	59.697388	0	0	-0.69670669	0.71735611
2.407331	-11.972222	50.535080	0	0	0.73739371	0.67546319
23.655741	-15.650903	50.348984	0	0	0.85688874	0.51550139
2.911035	-10.092376	50.535080	0	0	-0.92106097	0.38941839
-11.171014	-3.262359	61.051582	0	0	-0.26749883	0.96355818
14.454671	-1.690413	50.348984	0	0	-0.82533563	0.56464246
-13.515821	-7.309312	61.289707	0	0	0.32328956	0.94630009
0.108021	-15.954745	50.132751	0	0	0.50484609	0.86320938
20.925556	-25.840086	50.348984	0	0	0.66627604	0.74570519
1.441187	0.998662	53.253834	0	0	-0.92106097	0.38941839
-11.068137	-3.365235	59.445297	0	0	-0.26749883	0.96355818
-8.305506	-2.548656	56.984219	0	0	0	1
19.999283	-27.444441	50.186905	0	0	0.66627604	0.74570519
0.643898	-5.390998	50.535080	0	0	-0.82533563	0.56464246
-13.331177	-7.267983	59.698162	0	0	0.32328956	0.94630009
-13.231679	-7.245713	58.840534	0	0	-0.070737201	0.99749499
-9.892147	-2.524543	57.259834	0	0	-0.36235775	0.93203909
1.845453	1.402929	51.311478	0	0	-0.76484218	0.64421769
-6.005845	-3.744787	52.523064	0	0	0	1
-10.852923	-3.580449	56.085003	0	0	-0.45359611	0.89120736
-2.236003	-2.678527	50.348984	0	0	-0.76484218	0.64421769
-4.160219	-4.602744	50.483719	0	0	-0.87758258	0.4794255
-12.227059	-6.036136	55.808853	0	0	-0.16996714	0.98544973
-5.894066	-3.327626	51.311478	0	0	-0.76484218	0.64421769
-15.000372	-5.788964	57.926315	0	0	-0.070737201	0.99749499
-6.064219	-3.962646	50.032925	0	0	0	1
-8.167497	-3.063713	51.097088	0	0	0	1
-6.086664	-4.046409	49.075516	0	0	0	1
-8.152135	-3.121043	50.441811	0	0	0	1
-8.130543	-3.201628	49.520718	0	0	0	1
4.705949	-10.989666	42.458546	0	0	-0.99500417	0.099833397
4.810035	-10.601212	42.458546	0	0	-0.99500417	0.099833397
-10.473935	-3.959438	50.167572	0	0	-0.45359611	0.89120736
-10.442663	-3.990709	49.679306	0	0	-0.45359611	0.89120736
-11.717434	-6.172689	49.983810	0	0	-0.16996714	0.98544973
1.764741	-16.083988	41.943901	0	0	-0.99500417	0.099833397
-10.412272	-4.021100	49.204792	0	0	-0.26749883	0.96355818
-8.087911	-3.360732	47.702145	0	0	0	1
-11.655611	-6.189255	49.277172	0	0	0.22720209	0.97384763
-11.646238	-6.191766	49.170044	0	0	0.22720209	0.97384763
3.034177	-4.750525	42.458546	0	0	-0.98006658	0.19866933
-10.268687	-4.164686	46.962887	0	0	-0.26749883	0.96355818
-11.849716	-6.917273	47.037918	0	0	0.32328956	0.94630009
-2.920596	-3.363121	42.458546	0	0	-0.92106097	0.38941839
-6.248761	-4.651366	42.160824	0	0	0	1
-17.151846	-10.159354	117.613960	0	0	0.32328956	0.94630009
-7.943495	-3.899700	41.541721	0	0	-0.76484218	0.64421769
-9.893856	-4.539516	41.110378	0	0	-0.45359611	0.89120736
-10.947979	-6.378864	41.188896	0	0	-0.070737201	0.99749499
-10.947979	-6.378864	41.188896	0	0	0.1288445	0.99166481
-10.947979	-6.378864	41.188896	0	0	-0.16996714	0.98544973
-10.947979	-6.378864	41.188896	0	0	0.22720209	0.97384763
-10.947979	-6.378864	41.188896	0	0	0.029199523	0.9995736
4.758284	-10.229519	34.214401	0	0	0.99913515	0.041580682
8.825233	-1.640747	34.870480	0	0	-0.99500417	0.099833397
-1.333929	-13.494872	34.023949	0	0	0	1
-15.137402	0.704029	43.201584	0	0	0	1
-1.289328	-13.458767	33.411659	0	0	0	1
-9.670753	-4.762619	37.626911	0	0	-0.26749883	0.96355818
-9.670753	-4.762619	37.626911	0	0	-0.36235775	0.93203909
-9.670753	-4.762619	37.626911	0	0	-0.45359611	0.89120736
6.634076	-17.829342	31.392277	0	0	0.98999249	0.14112005
4.758284	5.403415	35.582104	0	0	0.99913515	0.041580682
-11.516424	-2.916949	38.623943	0	0	0.1288445	0.99166481
-14.155353	-0.278020	40.049492	0	0	-0.82533563	0.56464246
-14.155353	-0.278020	40.049492	0	0	0.22720209	0.97384763
-18.124996	-4.455788	123.222588	0	0	0.029199523	0.9995736
-2.732171	-10.057400	32.247074	0	0	0.94222235	0.33498812
-2.997734	7.481634	35.582104	0	-0	-1	-4.371139e-08
-9.418416	1.604780	35.582104	0	0	-0.16996714	0.98544973
-1.460502	-9.870649	30.112507	0	0	0	1
-2.852976	-7.922799	30.313459	0	0	0	1
-8.534160	-1.695308	32.840176	0	0	-0.36235775	0.93203909
-8.542066	-1.665802	32.823006	0	0	-0.16996714	0.98544973
4.466939	-16.161860	27.271578	0	0	0	1
4.950528	-16.388948	26.755745	0	0	0	1
-3.584880	-5.800003	29.328251	0	0	0	1
-0.030435	-9.660638	27.712061	0	0	0	1
-6.583917	-2.466656	30.616497	0	0	-0.45359611	0.89120736
-8.962487	-0.096770	31.910017	0	0	0	1
6.019085	-16.890732	25.615938	0	0	0	1
-4.821081	-3.659929	29.098871	0	0	0	1
5.142495	-2.899052	26.279150	0	0	0.94222235	0.33498812
-9.510357	1.947908	30.720261	0	0	0	1
10.384033	0.309710	24.472046	0	0	-0.92106097	0.38941839
-15.745893	1.312520	132.482544	0	0	-0.26749883	0.96355818
3.801869	7.397333	27.024456	0	0	-0.54030229	0.84147099
9.304778	-18.433664	22.111164	0	0	0.73739371	0.67546319
20.321245	-9.173096	22.139431	0	0	0.85688874	0.51550139
11.232742	-19.339020	20.054647	0	0	0	1
-3.104124	11.384510	27.722122	0	0	-0.36235775	0.93203909
-11.279901	8.551934	28.611279	0	0	-0.070737201	0.99749499
-10.923582	7.222136	27.651295	0	0	0	1
5.083888	-8.909576	19.127390	0	0	0	1
-16.263062	27.149345	42.036762	0	0	-0.92106097	0.38941839
-4.101566	3.362075	21.026041	0	0	0	1
-4.077877	3.450484	20.901978	0	0	0	1
2.533685	-3.539128	17.705664	0	0	0	1
1.855589	-2.547478	17.760740	0	0	0	1
15.879218	-8.629857	15.930187	0	0	0.98999249	0.14112005
15.099384	-21.154760	15.930187	0	0	0	1
8.246633	-8.629857	15.930187	0	0	-0.99500417	0.099833397
6.988624	-8.629857	15.930187	0	0	0.90407214	0.42737988
6.988624	-8.629857	15.930187	0	0	-0.92106097	0.38941839
0.197788	-0.244737	18.016123	0	0	0	1
6.923193	-7.782521	15.189422	0	0	0	1
20.409382	-10.285172	14.771124	0	0	0.90407214	0.42737988
3.292254	-2.921804	15.930187	0	0	0	1
13.257903	23.989119	25.804562	0	0	-0.92106097	0.38941839
4.981017	-4.228871	14.639052	0	0	0.97095818	0.23924928
0.952916	0.510391	16.109138	0	0	0	1
15.959583	4.391682	15.930187	0	0	-0.95533648	0.29552023
18.559353	5.892659	15.930187	0	0	0.98999249	0.14112005
1.284476	4.104803	15.610919	0	0	-0.87758258	0.4794255
-19.528141	39.334793	50.833439	0	0	0	1
67.089111	-10.165268	33.480015	0	0	-0.87758258	0.4794255
-2.783053	8.282832	14.120750	0	0	0	1
8.554744	17.573015	15.917520	0	0	-0.99500417	0.099833397
8.246633	17.750904	15.885348	0	0	-0.99500417	0.099833397
20.409382	-5.869141	8.464378	0	0	0.94222235	0.33498812
15.879218	10.534788	11.259114	0	0	0.99913515	0.041580682
18.965811	-0.481657	8.464378	0	0	0.97095818	0.23924928
-0.323218	8.745403	11.539070	0	0	-0.87758258	0.4794255
46.260090	21.052694	24.175774	0	0	0.97095818	0.23924928
0.322813	19.874084	15.885348	0	0	-0.98006658	0.19866933
13.428265	12.985741	11.259114	0	0	0.99913515	0.041580682
7.491383	7.048859	8.464378	0	-0	-1	-4.371139e-08
-22.545826	50.596939	58.963593	0	0	0	1
-4.940612	38.317669	27.732622	0	0	-0.92106097	0.38941839
-0.969929	15.049503	11.259114	0	0	-0.62160997	0.7833269
-11.559873	38.317669	28.311733	0	0	-0.92106097	0.38941839
-0.603583	12.727766	6.368089	0	0	-0.87758258	0.4794255
-1.381365	13.514004	6.779855	0	0	0	1
76.214821	-66.907936	119.551529	0	0	0.99913515	0.041580682
33.327290	58.471046	27.400570	0	0	-0.54030229	0.84147099
20.321245	65.980087	28.714483	0	0	-0.45359611	0.89120736
13.188956	67.891182	28.714483	0	0	-0.45359611	0.89120736
-24.812447	59.056084	137.840912	0	0	0.029199523	0.9995736
90.982254	45.497715	37.789780	0	0	0.97095818	0.23924928
21.547247	99.084755	41.970535	0	0	-0.98006658	0.19866933
67.089111	86.881844	41.970535	0	0	0.99913515	0.041580682
180.739120	-18.282120	126.256050	0	0	0.99913515	0.041580682
35.973259	152.923355	137.840912	0	0	-0.36235775	0.93203909
192.308167	94.095284	135.816589	0	0	0.99913515	0.041580682
147.657547	147.215027	137.840912	0	0	0.99913515	0.041580682
180.739120	114.133461	137.840912	0	0	0.99913515	0.041580682
