174.165253	-154.042450	0.918011	0.000000	0.000000	3.058407
117.848724	-265.916931	0.918011	0.000000	0.000000	2.658407
41.955181	-286.252533	0.918011	0.000000	0.000000	2.258407
41.955181	-286.252533	0.918011	0.000000	0.000000	2.258407
34.498234	-286.252533	11.567636	0.000000	0.000000	2.258407
-62.520046	-225.933731	21.671982	0.000000	0.000000	1.858407
-71.897629	-103.357567	24.554974	0.000000	0.000000	0.000000
174.165253	-154.042450	0.918011	0.000000	0.000000	3.058407
117.848724	-265.916931	0.918011	0.000000	0.000000	2.658407
41.955181	-286.252533	0.918011	0.000000	0.000000	2.258407
41.955181	-286.252533	0.918011	0.000000	0.000000	2.258407
34.498234	-286.252533	11.567636	0.000000	0.000000	2.258407
-62.520046	-225.933731	21.671982	0.000000	0.000000	1.858407
-71.897629	-103.357567	24.554974	0.000000	0.000000	0.000000
174.165253	-154.042450	0.918011	0.000000	0.000000	3.058407
117.848724	-265.916931	0.918011	0.000000	0.000000	2.658407
41.955181	-286.252533	0.918011	0.000000	0.000000	2.258407
41.955181	-286.252533	0.918011	0.000000	0.000000	2.258407
34.498234	-286.252533	11.567636	0.000000	0.000000	2.258407
-62.520046	-225.933731	21.671982	0.000000	0.000000	1.858407
-71.897629	-103.357567	24.554974	0.000000	0.000000	0.000000
174.165253	-154.042450	0.918011	0.000000	0.000000	3.058407
117.848724	-265.916931	0.918011	0.000000	0.000000	2.658407
41.955181	-286.252533	0.918011	0.000000	0.000000	2.258407
41.955181	-286.252533	0.918011	0.000000	0.000000	2.258407
34.498234	-286.252533	11.567636	0.000000	0.000000	2.258407
-62.520046	-225.933731	21.671982	0.000000	0.000000	1.858407
-71.897629	-103.357567	24.554974	0.000000	0.000000	0.000000
174.165253	-154.042450	0.918011	0.000000	0.000000	3.058407
117.848724	-265.916931	0.918011	0.000000	0.000000	2.658407
41.955181	-286.252533	0.918011	0.000000	0.000000	2.258407
41.955181	-286.252533	0.918011	0.000000	0.000000	2.258407
34.498234	-286.252533	11.567636	0.000000	0.000000	2.258407
-62.520046	-225.933731	21.671982	0.000000	0.000000	1.858407
-71.897629	-103.357567	24.554974	0.000000	0.000000	0.000000
174.165253	-154.042450	0.918011	0.000000	0.000000	3.058407
117.848724	-265.916931	0.918011	0.000000	0.000000	2.658407
41.955181	-286.252533	0.918011	0.000000	0.000000	2.258407
41.955181	-286.252533	0.918011	0.000000	0.000000	2.258407
34.498234	-286.252533	11.567636	0.000000	0.000000	2.258407
-62.520046	-225.933731	21.671982	0.000000	0.000000	1.858407
-71.897629	-103.357567	24.554974	0.000000	0.000000	0.000000
174.165253	-154.042450	0.918011	0.000000	0.000000	3.058407
117.848724	-265.916931	0.918011	0.000000	0.000000	2.658407
41.955181	-286.252533	0.918011	0.000000	0.000000	2.258407
41.955181	-286.252533	0.918011	0.000000	0.000000	2.258407
34.498234	-286.252533	11.567636	0.000000	0.000000	2.258407
-62.520046	-225.933731	21.671982	0.000000	0.000000	1.858407
-71.897629	-103.357567	24.554974	0.000000	0.000000	0.000000
174.165253	-154.042450	0.918011	0.000000	0.000000	3.058407
117.848724	-265.916931	0.918011	0.000000	0.000000	2.658407
41.955181	-286.252533	0.918011	0.000000	0.000000	2.258407
41.955181	-286.252533	0.918011	0.000000	0.000000	2.258407
34.498234	-286.252533	11.567636	0.000000	0.000000	2.258407
-62.520046	-225.933731	21.671982	0.000000	0.000000	1.858407
-71.897629	-103.357567	24.554974	0.000000	0.000000	0.000000
174.165253	-154.042450	0.918011	0.000000	0.000000	3.058407
117.848724	-265.916931	0.918011	0.000000	0.000000	2.658407
41.955181	-286.252533	0.918011	0.000000	0.000000	2.258407
41.955181	-286.252533	0.918011	0.000000	0.000000	2.258407
34.498234	-286.252533	11.567636	0.000000	0.000000	2.258407
-62.520046	-225.933731	21.671982	0.000000	0.000000	1.858407
-71.897629	-103.357567	24.554974	0.000000	0.000000	0.000000
174.165253	-154.042450	0.918011	0.000000	0.000000	3.058407
117.848724	-265.916931	0.918011	0.000000	0.000000	2.658407
41.955181	-286.252533	0.918011	0.000000	0.000000	2.258407
41.955181	-286.252533	0.918011	0.000000	0.000000	2.258407
34.498234	-286.252533	11.567636	0.000000	0.000000	2.258407
-62.520046	-225.933731	21.671982	0.000000	0.000000	1.858407
-71.897629	-103.357567	24.554974	0.000000	0.000000	0.000000
174.165253	-154.042450	0.918011	0.000000	0.000000	3.058407
117.848724	-265.916931	0.918011	0.000000	0.000000	2.658407
41.955181	-286.252533	0.918011	0.000000	0.000000	2.258407
41.955181	-286.252533	0.918011	0.000000	0.000000	2.258407
34.498234	-286.252533	11.567636	0.000000	0.000000	2.258407
-62.520046	-225.933731	21.671982	0.000000	0.000000	1.858407
-71.897629	-103.357567	24.554974	0.000000	0.000000	0.000000
174.165253	-154.042450	0.918011	0.000000	0.000000	3.058407
117.848724	-265.916931	0.918011	0.000000	0.000000	2.658407
41.955181	-286.252533	0.918011	0.000000	0.000000	2.258407
41.955181	-286.252533	0.918011	0.000000	0.000000	2.258407
34.498234	-286.252533	11.567636	0.000000	0.000000	2.258407
-62.520046	-225.933731	21.671982	0.000000	0.000000	1.858407
-71.897629	-103.357567	24.554974	0.000000	0.000000	0.000000
174.165253	-154.042450	0.918011	0.000000	0.000000	3.058407
117.848724	-265.916931	0.918011	0.000000	0.000000	2.658407
41.955181	-286.252533	0.918011	0.000000	0.000000	2.258407
41.955181	-286.252533	0.918011	0.000000	0.000000	2.258407
34.498234	-286.252533	11.567636	0.000000	0.000000	2.258407
-62.520046	-225.933731	21.671982	0.000000	0.000000	1.858407
-71.897629	-103.357567	24.554974	0.000000	0.000000	0.000000
174.165253	-154.042450	0.918011	0.000000	0.000000	3.058407
117.848724	-265.916931	0.918011	0.000000	0.000000	2.658407
41.955181	-286.252533	0.918011	0.000000	0.000000	2.258407
41.955181	-286.252533	0.918011	0.000000	0.000000	2.258407
34.498234	-286.252533	11.567636	0.000000	0.000000	2.258407
-62.520046	-225.933731	21.671982	0.000000	0.000000	1.858407
-71.897629	-103.357567	24.554974	0.000000	0.000000	0.000000
174.165253	-154.042450	0.918011	0.000000	0.000000	3.058407
117.848724	-265.916931	0.918011	0.000000	0.000000	2.658407
41.955181	-286.252533	0.918011	0.000000	0.000000	2.258407
41.955181	-286.252533	0.918011	0.000000	0.000000	2.258407
34.498234	-286.252533	11.567636	0.000000	0.000000	2.258407
-62.520046	-225.933731	21.671982	0.000000	0.000000	1.858407
-71.897629	-103.357567	24.554974	0.000000	0.000000	0.000000
174.165253	-154.042450	0.918011	0.000000	0.000000	3.058407
117.848724	-265.916931	0.918011	0.000000	0.000000	2.658407
41.955181	-286.252533	0.918011	0.000000	0.000000	2.258407
41.955181	-286.252533	0.918011	0.000000	0.000000	2.258407
34.498234	-286.252533	11.567636	0.000000	0.000000	2.258407
-62.520046	-225.933731	21.671982	0.000000	0.000000	1.858407
-71.897629	-103.357567	24.554974	0.000000	0.000000	0.000000
174.165253	-154.042450	0.918011	0.000000	0.000000	3.058407
117.848724	-265.916931	0.918011	0.000000	0.000000	2.658407
41.955181	-286.252533	0.918011	0.000000	0.000000	2.258407
41.955181	-286.252533	0.918011	0.000000	0.000000	2.258407
34.498234	-286.252533	11.567636	0.000000	0.000000	2.258407
-62.520046	-225.933731	21.671982	0.000000	0.000000	1.858407
-71.897629	-103.357567	24.554974	0.000000	0.000000	0.000000
174.165253	-154.042450	0.918011	0.000000	0.000000	3.058407
117.848724	-265.916931	0.918011	0.000000	0.000000	2.658407
41.955181	-286.252533	0.918011	0.000000	0.000000	2.258407
41.955181	-286.252533	0.918011	0.000000	0.000000	2.258407
34.498234	-286.252533	11.567636	0.000000	0.000000	2.258407
-62.520046	-225.933731	21.671982	0.000000	0.000000	1.858407
-71.897629	-103.357567	24.554974	0.000000	0.000000	0.000000
174.165253	-154.042450	0.918011	0.000000	0.000000	3.058407
117.848724	-265.916931	0.918011	0.000000	0.000000	2.658407
41.955181	-286.252533	0.918011	0.000000	0.000000	2.258407
41.955181	-286.252533	0.918011	0.000000	0.000000	2.258407
34.498234	-286.252533	11.567636	0.000000	0.000000	2.258407
-62.520046	-225.933731	21.671982	0.000000	0.000000	1.858407
-71.897629	-103.357567	24.554974	0.000000	0.000000	0.000000
174.165253	-154.042450	0.918011	0.000000	0.000000	3.058407
117.848724	-265.916931	0.918011	0.000000	0.000000	2.658407
41.955181	-286.252533	0.918011	0.000000	0.000000	2.258407
41.955181	-286.252533	0.918011	0.000000	0.000000	2.258407
34.498234	-286.252533	11.567636	0.000000	0.000000	2.258407
-62.520046	-225.933731	21.671982	0.000000	0.000000	1.858407
-71.897629	-103.357567	24.554974	0.000000	0.000000	0.000000
