14.360723	23.991707	159.211807	0	0	-0.54030229	0.84147099
14.353052	23.982502	159.172501	0	0	0.98999249	0.14112005
14.369096	24.002638	159.251129	0	0	-0.54030229	0.84147099
14.346066	23.974903	159.133224	0	0	0.98999249	0.14112005
14.377022	24.014526	159.290497	0	0	0.98999249	0.14112005
14.339859	23.968811	159.094009	0	0	0.98999249	0.14112005
14.385232	24.027731	159.330048	0	0	0.98999249	0.14112005
14.388255	24.043936	159.370163	0	0	0.98999249	0.14112005
14.400050	24.059782	159.413437	0	0	0.98999249	0.14112005
14.357123	24.106758	159.466934	0	0	0.98999249	0.14112005
14.573947	24.060333	159.479553	0	0	0.98999249	0.14112005
14.335340	24.237915	159.943069	0	0	0.98999249	0.14112005
13.392958	22.928520	161.667206	0	0	-0.62160997	0.7833269
12.451878	27.086081	163.870163	0	0	0.99913515	0.041580682
21.547480	19.842430	158.485779	0	0	-0.87758258	0.4794255
21.538609	19.833920	158.446594	0	0	-0.82533563	0.56464246
21.557276	19.852541	158.524948	0	0	-0.87758258	0.4794255
21.530603	19.826908	158.407425	0	0	-0.82533563	0.56464246
21.567371	19.863176	158.564102	0	0	-0.82533563	0.56464246
21.523449	19.821363	158.368301	0	0	-0.82533563	0.56464246
21.578117	19.874916	158.603394	0	0	-0.82533563	0.56464246
21.588873	19.886658	158.642731	0	0	-0.82533563	0.56464246
21.601952	19.901762	158.685883	0	0	-0.82533563	0.56464246
21.615185	19.916315	158.733704	0	0	-0.82533563	0.56464246
21.651623	19.974033	158.764542	0	0	-0.62160997	0.7833269
21.701777	19.984900	159.198883	0	0	-0.69670669	0.71735611
21.027777	18.520555	160.895920	0	0	-0.76484218	0.64421769
16.413038	27.806738	167.183182	0	0	-0.54030229	0.84147099
22.739389	21.146582	162.830887	0	0	-0.76484218	0.64421769
24.311043	23.246822	166.385300	0	0	-0.92106097	0.38941839
14.281467	26.208942	174.298691	0	0	-0.54030229	0.84147099
-0.794014	28.052406	159.211807	0	0	-0.82533563	0.56464246
-0.796829	28.041901	159.172501	0	0	-0.76484218	0.64421769
-0.790720	28.064699	159.251129	0	0	-0.82533563	0.56464246
-0.799196	28.033064	159.133224	0	0	-0.76484218	0.64421769
-0.787217	28.077772	159.290497	0	0	-0.76484218	0.64421769
-0.801135	28.025829	159.094009	0	0	-0.76484218	0.64421769
-0.783366	28.092144	159.330048	0	0	-0.76484218	0.64421769
-0.779112	28.108021	159.370163	0	0	-0.76484218	0.64421769
-0.774361	28.125753	159.413437	0	0	-0.76484218	0.64421769
-0.765492	28.158852	159.466934	0	0	-0.76484218	0.64421769
-0.762574	28.169741	159.479553	0	0	-0.69670669	0.71735611
-0.734162	28.275776	159.943069	0	0	-0.69670669	0.71735611
-1.124638	26.818499	161.667206	0	0	-0.87758258	0.4794255
-0.148289	30.462284	163.870163	0	0	-0.69670669	0.71735611
23.614424	20.820557	173.355835	0	0	-0.92106097	0.38941839
0.297223	32.124958	167.183182	0	0	-0.82533563	0.56464246
-0.245014	30.101301	174.298691	0	0	-0.76484218	0.64421769
27.831964	0.658831	156.854645	0	0	-0.98006658	0.19866933
27.820536	0.656137	156.815994	0	0	-0.95533648	0.29552023
27.844666	0.662268	156.893204	0	0	-0.98006658	0.19866933
27.810312	0.654145	156.777298	0	0	-0.95533648	0.29552023
27.857443	0.665754	156.931732	0	0	-0.95533648	0.29552023
27.801325	0.652869	156.738556	0	0	-0.95533648	0.29552023
27.871006	0.669684	156.970337	0	0	-0.95533648	0.29552023
27.881985	0.672111	157.009064	0	0	-0.95533648	0.29552023
27.899542	0.677977	157.051331	0	0	-0.95533648	0.29552023
27.889774	0.667519	157.099030	0	0	-0.95533648	0.29552023
28.033401	0.747874	157.124451	0	0	-0.92106097	0.38941839
27.950426	0.655893	157.560745	0	0	-0.95533648	0.29552023
26.754021	-0.213520	159.329330	0	0	-0.99500417	0.099833397
27.928659	0.279508	161.162079	0	0	-0.92106097	0.38941839
9.893027	21.234615	186.309540	0	0	0.99913515	0.041580682
31.360561	1.916870	164.567703	0	-0	-1	-4.371139e-08
21.257847	14.673134	185.161423	0	0	-0.76484218	0.64421769
-14.341464	16.300978	159.211807	0	0	-0.62160997	0.7833269
-14.339677	16.294310	159.172501	0	0	-0.62160997	0.7833269
-14.343636	16.309084	159.251129	0	0	-0.62160997	0.7833269
-14.338244	16.288965	159.133224	0	0	-0.62160997	0.7833269
-14.346077	16.318195	159.290497	0	0	-0.62160997	0.7833269
-14.337137	16.284834	159.094009	0	0	-0.62160997	0.7833269
-14.348827	16.328463	159.330048	0	0	-0.62160997	0.7833269
-14.352676	16.342827	159.370163	0	0	-0.62160997	0.7833269
-14.355848	16.354662	159.413437	0	0	-0.62160997	0.7833269
-14.344337	16.311703	159.479553	0	0	-0.62160997	0.7833269
-14.370468	16.409224	159.466934	0	0	-0.62160997	0.7833269
-14.404716	16.537039	159.943069	0	0	-0.54030229	0.84147099
-14.140495	15.550955	161.667206	0	0	-0.62160997	0.7833269
-15.242926	19.665281	163.870163	0	0	-0.62160997	0.7833269
29.380123	0.057304	171.656769	0	0	0.99913515	0.041580682
-15.157743	19.347374	167.183182	0	0	-0.62160997	0.7833269
-1.782565	24.363081	186.309540	0	0	-0.98006658	0.19866933
-14.901082	18.389503	174.298691	0	0	-0.62160997	0.7833269
22.703220	28.742159	192.788925	0	0	0.98999249	0.14112005
-1.155581	26.703018	192.788925	0	0	-0.62160997	0.7833269
-19.536888	7.291563	158.110382	0	0	-0.45359611	0.89120736
-19.534384	7.289059	158.071289	0	0	-0.45359611	0.89120736
-19.539396	7.294070	158.149536	0	0	-0.45359611	0.89120736
-19.531887	7.286562	158.032303	0	0	-0.45359611	0.89120736
-19.541914	7.296588	158.188843	0	0	-0.45359611	0.89120736
-19.529396	7.284071	157.993408	0	0	-0.45359611	0.89120736
-19.544445	7.299120	158.228378	0	0	-0.45359611	0.89120736
-19.547049	7.301723	158.269012	0	0	-0.45359611	0.89120736
-19.549814	7.304488	158.312195	0	0	-0.45359611	0.89120736
-19.553308	7.307982	158.366745	0	0	-0.45359611	0.89120736
-19.553577	7.308252	158.370972	0	0	-0.45359611	0.89120736
-19.584446	7.339121	158.852936	0	0	-0.45359611	0.89120736
-19.692478	7.447154	160.539734	0	0	-0.45359611	0.89120736
-19.853165	7.607840	163.048645	0	0	-0.45359611	0.89120736
24.464291	-4.003551	183.759903	0	0	-0.87758258	0.4794255
-20.050440	7.805115	166.128860	0	0	-0.45359611	0.89120736
34.221668	17.223713	192.788925	0	0	0.94222235	0.33498812
-13.951469	14.845502	186.309540	0	0	-0.54030229	0.84147099
-20.504625	8.259300	173.220383	0	0	-0.45359611	0.89120736
14.360723	-17.763090	155.558731	0	-0	-1	-4.371139e-08
14.353052	-17.759747	155.520523	0	-0	-1	-4.371139e-08
14.369096	-17.766420	155.596802	0	-0	-1	-4.371139e-08
14.377022	-17.769749	155.634842	0	-0	-1	-4.371139e-08
14.346066	-17.756395	155.482208	0	-0	-1	-4.371139e-08
14.385232	-17.773081	155.672943	0	-0	-1	-4.371139e-08
14.339859	-17.753036	155.443817	0	-0	-1	-4.371139e-08
14.388255	-17.776442	155.711349	0	-0	-1	-4.371139e-08
14.400050	-17.780079	155.752930	0	-0	-1	-4.371139e-08
14.357123	-17.784367	155.801941	0	-0	-1	-4.371139e-08
14.573947	-17.785814	155.818481	0	-0	-1	-4.371139e-08
14.335340	-17.824711	156.263062	0	-0	-1	-4.371139e-08
13.392958	-17.984354	158.087799	0	0	0.98999249	0.14112005
12.451878	-18.144041	159.913040	0	0	-0.99500417	0.099833397
16.413038	-18.426216	163.138321	0	0	0.98999249	0.14112005
-13.895861	14.637964	191.887161	0	0	-0.62160997	0.7833269
14.281467	-19.056152	170.338501	0	0	0.97095818	0.23924928
-23.579723	0.765348	156.436935	0	0	-0.16996714	0.98544973
-23.583094	0.766251	156.475464	0	0	-0.16996714	0.98544973
-23.576353	0.764445	156.398392	0	0	-0.16996714	0.98544973
-23.572983	0.763542	156.359879	0	0	-0.16996714	0.98544973
-23.586475	0.767157	156.514099	0	0	-0.16996714	0.98544973
-23.589870	0.768067	156.552917	0	0	-0.16996714	0.98544973
-23.569614	0.762639	156.321365	0	0	-0.16996714	0.98544973
-23.593363	0.769003	156.592819	0	0	-0.16996714	0.98544973
-23.597061	0.769993	156.635086	0	0	-0.16996714	0.98544973
-23.601479	0.771177	156.685593	0	0	-0.16996714	0.98544973
-23.602125	0.771350	156.692978	0	0	-0.16996714	0.98544973
-23.643873	0.782537	157.170166	0	0	-0.16996714	0.98544973
-23.797981	0.823830	158.931610	0	0	-0.16996714	0.98544973
-24.004747	0.879233	161.294968	0	0	-0.16996714	0.98544973
-24.263634	0.948601	164.254059	0	0	-0.16996714	0.98544973
41.314674	4.938262	191.547821	0	0	0.90407214	0.42737988
-21.265230	9.019906	185.096283	0	0	-0.45359611	0.89120736
-24.894026	1.117514	171.459488	0	0	-0.16996714	0.98544973
-10.022549	-18.241356	154.945282	0	0	0.73739371	0.67546319
-10.022657	-18.245117	154.983124	0	0	0.73739371	0.67546319
-10.022655	-18.237459	154.907303	0	0	0.73739371	0.67546319
-10.022937	-18.233446	154.869202	0	0	0.73739371	0.67546319
-10.023516	-18.248444	155.020950	0	0	0.73739371	0.67546319
-10.024734	-18.251568	155.058853	0	0	0.73739371	0.67546319
-10.023284	-18.229387	154.831009	0	0	0.73739371	0.67546319
-10.031166	-18.251740	155.097321	0	0	0.73739371	0.67546319
-10.030985	-18.256012	155.138565	0	0	0.73739371	0.67546319
-10.085772	-18.229576	155.189987	0	0	0.73739371	0.67546319
-9.903339	-18.335569	155.196579	0	0	0.73739371	0.67546319
-10.179181	-18.222479	155.653580	0	0	0.73739371	0.67546319
-10.399929	-18.281965	157.503998	0	0	0.73739371	0.67546319
-12.877700	-17.044523	159.415436	0	0	0.50484609	0.86320938
-23.703335	-7.004856	155.154999	0	0	0.029199523	0.9995736
-23.700001	-7.003963	155.116882	0	0	0.029199523	0.9995736
-23.706661	-7.005747	155.193008	0	0	0.029199523	0.9995736
-23.709993	-7.006640	155.231094	0	0	0.029199523	0.9995736
-23.696663	-7.003068	155.078720	0	0	0.029199523	0.9995736
-23.693317	-7.002172	155.040497	0	0	0.029199523	0.9995736
-23.713337	-7.007536	155.269302	0	0	0.029199523	0.9995736
-23.716763	-7.008453	155.308456	0	0	0.029199523	0.9995736
-23.720396	-7.009427	155.349991	0	0	0.029199523	0.9995736
-23.724812	-7.010610	155.400467	0	0	0.029199523	0.9995736
-23.725267	-7.010733	155.405685	0	0	0.029199523	0.9995736
-23.766483	-7.021777	155.876785	0	0	0.029199523	0.9995736
-23.925917	-7.064497	157.699127	0	0	0.029199523	0.9995736
-21.561533	9.316209	189.722672	0	0	-0.45359611	0.89120736
-24.115768	-7.115367	159.869141	0	0	0.029199523	0.9995736
-10.464877	-18.747175	162.480148	0	0	0.73739371	0.67546319
-24.371723	-7.183950	162.794708	0	0	0.029199523	0.9995736
9.893027	-20.136768	182.690018	0	-0	-1	-4.371139e-08
-19.527498	-13.488561	154.640930	0	0	0.50484609	0.86320938
-19.525070	-13.486133	154.603012	0	0	0.50484609	0.86320938
-19.529919	-13.490980	154.678696	0	0	0.50484609	0.86320938
-19.522635	-13.483697	154.564987	0	0	0.50484609	0.86320938
-19.532339	-13.493401	154.716492	0	0	0.50484609	0.86320938
-19.534763	-13.495826	154.754364	0	0	0.50484609	0.86320938
-19.520193	-13.481256	154.526871	0	0	0.50484609	0.86320938
-19.537233	-13.498296	154.792938	0	0	0.50484609	0.86320938
-19.539871	-13.500933	154.834091	0	0	0.50484609	0.86320938
-19.543253	-13.504314	154.886902	0	0	0.50484609	0.86320938
-19.543360	-13.504422	154.888596	0	0	0.50484609	0.86320938
-19.573053	-13.534116	155.352219	0	0	0.50484609	0.86320938
-19.691742	-13.652803	157.205368	0	0	0.32328956	0.94630009
-19.818598	-13.779659	159.186066	0	0	0.50484609	0.86320938
-11.689892	-18.774769	169.754288	0	0	0.66627604	0.74570519
-20.010008	-13.971070	162.174713	0	0	0.32328956	0.94630009
-25.008617	-7.354605	170.074432	0	0	0.029199523	0.9995736
-25.959488	1.403004	183.637756	0	0	-0.16996714	0.98544973
-20.477194	-14.438256	169.469238	0	0	0.32328956	0.94630009
-26.328886	1.501984	187.860001	0	0	-0.070737201	0.99749499
-13.373385	-19.063993	182.238449	0	0	0.58850112	0.8084964
-26.094316	-7.645517	182.484039	0	0	0.029199523	0.9995736
34.221668	-20.729803	189.468430	0	0	0.98999249	0.14112005
-21.278276	-15.239339	181.977127	0	0	0.32328956	0.94630009
-26.480034	-7.748870	186.892807	0	0	0.22720209	0.97384763
-21.607216	-15.568278	187.113098	0	0	0.50484609	0.86320938
6.361590	-31.031355	187.914047	0	0	0.97095818	0.23924928
2.583447	40.657261	226.300308	0	0	-0.92106097	0.38941839
31.447947	37.486885	226.300308	0	0	-0.62160997	0.7833269
37.682274	31.252558	226.300308	0	0	-0.62160997	0.7833269
-14.701711	17.645441	226.262772	0	0	-0.69670669	0.71735611
-23.733341	11.488016	223.632721	0	0	-0.45359611	0.89120736
51.400024	7.492719	223.900009	0	0	-0.76484218	0.64421769
-29.239161	2.281790	221.124588	0	0	-0.16996714	0.98544973
-29.333231	-8.513382	219.505005	0	0	0.029199523	0.9995736
37.682274	-23.532833	221.507202	0	0	-0.99500417	0.099833397
-23.664871	-17.625933	219.240784	0	0	0.32328956	0.94630009
1.480295	-31.451107	219.965790	0	0	0.97095818	0.23924928
1.251763	23.219330	248.770844	0	0	-0.62160997	0.7833269
12.897210	2.802231	248.230621	0	0	-0.98006658	0.19866933
13.867086	-9.268495	248.829437	0	0	0.99913515	0.041580682
8.023651	-20.268976	250.808029	0	0	0.97095818	0.23924928
-36.854885	39.284939	250.182480	0	0	0.029199523	0.9995736
-2.914840	-26.343760	253.636230	0	0	0.80114363	0.59847213
-16.884775	-31.999136	255.950882	0	0	0.80114363	0.59847213
-69.821434	19.953724	252.646561	0	0	0.32328956	0.94630009
-46.837585	-40.798649	255.950882	0	0	0.80114363	0.59847213
-69.821434	-17.814800	255.950882	0	0	0.58850112	0.8084964
-72.382042	-13.379703	255.502838	0	0	0.58850112	0.8084964
-69.434593	-19.258511	255.950882	0	0	0.58850112	0.8084964
