-94.417572	-40.043530	-7.308212	0	0	0.50484609	0.86320938
-94.446930	-40.249897	-7.246000	0	0	-0.26749883	0.96355818
-95.364799	-40.914867	-6.958698	0	0	-0.26749883	0.96355818
-95.688705	-41.253780	-6.823679	0	0	-0.26749883	0.96355818
-88.781227	-36.293911	-1.354273	0	0	0.50484609	0.86320938
-86.619621	-35.714714	-5.780582	0	0	-0.16996714	0.98544973
-86.408623	-35.658176	-9.380271	0	0	0.029199523	0.9995736
-86.213280	-35.605831	-9.349440	0	0	0.22720209	0.97384763
-85.885597	-35.518032	-9.647781	0	0	0.22720209	0.97384763
-97.289024	-35.070026	0.893509	0	0	-0.16996714	0.98544973
-97.330750	-35.254971	0.991051	0	0	0.41614682	0.90929743
-98.200363	-36.003525	1.140518	0	0	0.41614682	0.90929743
-98.514191	-36.359894	1.246747	0	0	0.41614682	0.90929743
-85.151573	-35.321350	-8.928852	0	0	0.22720209	0.97384763
-85.205894	-35.335907	-9.719653	0	0	0.1288445	0.99166481
-84.623329	-35.179810	-7.968834	0	0	0.22720209	0.97384763
-82.228973	-34.538242	-5.729469	0	0	0.22720209	0.97384763
-88.856453	-36.314068	5.749160	0	0	0.41614682	0.90929743
-77.518089	-33.275963	-0.348428	0	0	0.22720209	0.97384763
-106.494843	-41.040260	13.877766	0	0	0.50484609	0.86320938
-92.574936	-14.884044	-8.506516	0	0	0	1
-92.473953	-14.800134	-8.350577	0	0	-0.36235775	0.93203909
-92.384491	-14.769832	-8.279511	0	0	0.029199523	0.9995736
-92.223396	-14.398954	-7.669701	0	0	-0.16996714	0.98544973
-92.317139	-13.856386	-6.869302	0	0	-0.16996714	0.98544973
-92.015167	-13.197549	-5.781617	0	0	-0.36235775	0.93203909
-106.146812	-40.947006	17.008524	0	0	-0.26749883	0.96355818
-98.702072	-38.952194	19.477987	0	0	0.50484609	0.86320938
-95.377518	-10.634136	-2.812874	0	0	0	1
-93.412025	-8.807582	0.516749	0	0	-0.16996714	0.98544973
-98.130157	-7.588793	1.059747	0	0	0	1
-97.105965	-5.526458	5.749160	0	0	0.32328956	0.94630009
-94.417572	-12.660609	17.892477	0	0	-0.070737201	0.99749499
-94.446930	-12.660609	17.892477	0	0	0.029199523	0.9995736
-95.364799	-12.660609	17.892477	0	0	0.029199523	0.9995736
-95.688705	-12.660609	17.892477	0	0	0.029199523	0.9995736
-92.103348	-2.370271	10.687104	0	0	0.22720209	0.97384763
-92.321587	-2.342945	10.667970	0	0	0.22720209	0.97384763
-92.411003	-2.331749	10.660131	0	0	0.22720209	0.97384763
-92.485863	-2.322375	10.653566	0	0	0.1288445	0.99166481
-92.575668	-2.311131	10.645694	0	0	0.1288445	0.99166481
-92.677437	-2.298387	10.636770	0	0	0.029199523	0.9995736
-93.465836	-2.199669	10.567647	0	0	-0.45359611	0.89120736
-93.367813	-2.192561	10.605767	0	0	0.22720209	0.97384763
-97.105965	-2.168030	10.545493	0	0	0.32328956	0.94630009
-95.448235	-1.951448	10.393841	0	0	0.32328956	0.94630009
-98.178856	-1.609538	10.154433	0	0	-0.45359611	0.89120736
-64.418877	-70.042229	-7.308212	0	0	0.41614682	0.90929743
-64.536736	-70.160095	-7.246000	0	0	0.41614682	0.90929743
-65.328156	-70.951508	-6.958698	0	0	0.41614682	0.90929743
-65.659561	-71.282921	-6.823679	0	0	0.41614682	0.90929743
-50.130680	-55.754036	-9.380271	0	0	0.32328956	0.94630009
-49.925529	-55.548885	-9.349440	0	0	0.41614682	0.90929743
-49.532864	-55.156219	-9.647781	0	0	0.41614682	0.90929743
-48.652779	-54.276134	-9.719653	0	0	0.41614682	0.90929743
-48.419716	-54.043076	-8.928852	0	0	0.41614682	0.90929743
-115.945229	-4.378822	17.008524	0	0	-0.45359611	0.89120736
-47.824299	-53.447659	-7.968834	0	0	0.41614682	0.90929743
-47.520660	-53.144016	-5.780582	0	0	0.32328956	0.94630009
-47.873104	-53.496460	-1.354273	0	0	0.58850112	0.8084964
-108.767555	-1.387321	19.477987	0	0	0.41614682	0.90929743
-48.504536	-54.127892	5.749160	0	0	0.32328956	0.94630009
-53.437195	-59.060551	13.877766	0	0	0.58850112	0.8084964
-57.350349	-62.973705	17.008524	0	0	0.73739371	0.67546319
-42.671154	-48.294510	-5.729469	0	0	0.41614682	0.90929743
-52.265759	-57.889114	19.477987	0	0	0.22720209	0.97384763
-119.584396	5.371789	14.829557	0	0	-0.54030229	0.84147099
-35.100311	-40.723667	-0.348428	0	0	0.41614682	0.90929743
-91.138405	-36.925518	62.042549	0	0	-0.36235775	0.93203909
-21.350533	-59.621784	-7.308212	0	0	0.58850112	0.8084964
-21.404091	-59.821667	-7.246000	0	0	0.58850112	0.8084964
-21.631819	-60.671562	-6.958698	0	0	0.58850112	0.8084964
-21.738245	-61.068745	-6.823679	0	0	0.58850112	0.8084964
-16.085386	-39.971989	-0.827359	0	0	0.58850112	0.8084964
-16.028357	-39.759155	-0.678330	0	0	0.58850112	0.8084964
-15.953629	-39.480263	-0.483048	0	0	0.58850112	0.8084964
-15.704394	-38.550110	0.168253	0	0	0.58850112	0.8084964
-15.518022	-37.854561	0.655283	0	0	0.58850112	0.8084964
-15.240831	-36.820068	1.379640	0	0	0.58850112	0.8084964
-14.478908	-33.976532	3.370707	0	0	0.58850112	0.8084964
-13.703174	-31.081451	5.397863	0	0	0.58850112	0.8084964
-13.170498	-29.093479	6.789857	0	0	0.58850112	0.8084964
-13.110826	-28.870779	6.945793	0	0	0.58850112	0.8084964
-13.876435	-31.728073	17.008524	0	0	0.66627604	0.74570519
-12.647747	-27.142546	19.477987	0	0	0.58850112	0.8084964
-11.302341	-22.121426	13.877766	0	0	0.66627604	0.74570519
-10.097037	-17.623169	14.821454	0	0	0.58850112	0.8084964
-6.598395	-25.481802	11.063869	0	0	0.73739371	0.67546319
-6.564009	-25.610134	11.001218	0	0	0.73739371	0.67546319
-6.506996	-25.822910	10.897339	0	0	0.73739371	0.67546319
-6.468914	-25.965034	10.827953	0	0	0.73739371	0.67546319
-8.800563	-17.263201	15.076237	0	0	0.66627604	0.74570519
-8.800563	-17.263201	15.076237	0	0	0.66627604	0.74570519
-8.800563	-17.263201	15.076237	0	0	0.66627604	0.74570519
-8.800563	-17.263201	15.076237	0	0	0.66627604	0.74570519
-8.800563	-17.263201	15.076237	0	0	0.66627604	0.74570519
-8.800563	-17.263201	15.076237	0	0	0.66627604	0.74570519
-8.800563	-17.263201	15.076237	0	0	0.58850112	0.8084964
-8.800563	-17.263201	15.076237	0	0	0.66627604	0.74570519
-8.800563	-17.263201	15.076237	0	0	0.66627604	0.74570519
-8.800563	-17.263201	15.076237	0	0	0.66627604	0.74570519
-8.800563	-17.263201	15.076237	0	0	0.66627604	0.74570519
-8.800563	-17.263201	15.076237	0	0	0.66627604	0.74570519
-8.800563	-17.263201	15.076237	0	0	0.66627604	0.74570519
-8.785000	-17.321281	15.740104	0	0	0.66627604	0.74570519
-121.314758	14.963387	62.042549	0	0	0.41614682	0.90929743
-31.113121	-36.736477	62.042549	0	0	-0.26749883	0.96355818
-7.303759	-22.849350	38.251625	0	0	0.41614682	0.90929743
-11.676710	-23.518587	54.703552	0	0	0.22720209	0.97384763
-114.862938	38.128540	66.042671	0	0	0	1
-162.018967	-7.362687	78.448006	0	0	0.50484609	0.86320938
-206.515381	-119.164330	87.186272	0	0	0.66627604	0.74570519
25.678545	-145.940979	94.972137	0	0	0.98999249	0.14112005
-162.018967	-196.234375	94.972137	0	0	0.80114363	0.59847213
-64.926682	-222.250168	94.972137	0	0	0.90407214	0.42737988
