-242.325287	-140.560394	66.850800	0.000000	-133.411392	-201.987762	65.964333
-133.411392	-201.987762	65.964333	1.858407	-30.397680	-271.966644	63.684017
-30.397680	-271.966644	63.684017	2.458407	-12.204409	-271.966644	37.701332
-12.204409	-271.966644	37.701332	2.458407	-12.204409	-271.966644	37.701332
-12.204409	-271.966644	37.701332	2.458407	49.797722	-255.353226	37.701332
49.797722	-255.353226	37.701332	2.658407	113.385300	-146.376938	37.701332
113.385300	-146.376938	37.701332	3.058407	31.286160	-60.087063	164.901199
-242.325287	-140.560394	66.850800	0.000000	-133.411392	-201.987762	65.964333
-133.411392	-201.987762	65.964333	1.858407	-30.397680	-271.966644	63.684017
-30.397680	-271.966644	63.684017	2.458407	-12.204409	-271.966644	37.701332
-12.204409	-271.966644	37.701332	2.458407	-12.204409	-271.966644	37.701332
-12.204409	-271.966644	37.701332	2.458407	49.797722	-255.353226	37.701332
49.797722	-255.353226	37.701332	2.658407	113.385300	-146.376938	37.701332
113.385300	-146.376938	37.701332	3.058407	31.286160	-60.087063	164.901199
-242.325287	-140.560394	66.850800	0.000000	-133.411392	-201.987762	65.964333
-133.411392	-201.987762	65.964333	1.858407	-30.397680	-271.966644	63.684017
-30.397680	-271.966644	63.684017	2.458407	-12.204409	-271.966644	37.701332
-12.204409	-271.966644	37.701332	2.458407	-12.204409	-271.966644	37.701332
-12.204409	-271.966644	37.701332	2.458407	49.797722	-255.353226	37.701332
49.797722	-255.353226	37.701332	2.658407	113.385300	-146.376938	37.701332
113.385300	-146.376938	37.701332	3.058407	31.286160	-60.087063	164.901199
-242.325287	-140.560394	66.850800	0.000000	-133.411392	-201.987762	65.964333
-133.411392	-201.987762	65.964333	1.858407	-30.397680	-271.966644	63.684017
-30.397680	-271.966644	63.684017	2.458407	-12.204409	-271.966644	37.701332
-12.204409	-271.966644	37.701332	2.458407	-12.204409	-271.966644	37.701332
-12.204409	-271.966644	37.701332	2.458407	49.797722	-255.353226	37.701332
49.797722	-255.353226	37.701332	2.658407	113.385300	-146.376938	37.701332
113.385300	-146.376938	37.701332	3.058407	31.286160	-60.087063	164.901199
-242.325287	-140.560394	66.850800	0.000000	-133.411392	-201.987762	65.964333
-133.411392	-201.987762	65.964333	1.858407	-30.397680	-271.966644	63.684017
-30.397680	-271.966644	63.684017	2.458407	-12.204409	-271.966644	37.701332
-12.204409	-271.966644	37.701332	2.458407	-12.204409	-271.966644	37.701332
-12.204409	-271.966644	37.701332	2.458407	49.797722	-255.353226	37.701332
49.797722	-255.353226	37.701332	2.658407	113.385300	-146.376938	37.701332
113.385300	-146.376938	37.701332	3.058407	31.286160	-60.087063	164.901199
-242.325287	-140.560394	66.850800	0.000000	-133.411392	-201.987762	65.964333
-133.411392	-201.987762	65.964333	1.858407	-30.397680	-271.966644	63.684017
-30.397680	-271.966644	63.684017	2.458407	-12.204409	-271.966644	37.701332
-12.204409	-271.966644	37.701332	2.458407	-12.204409	-271.966644	37.701332
-12.204409	-271.966644	37.701332	2.458407	49.797722	-255.353226	37.701332
49.797722	-255.353226	37.701332	2.658407	113.385300	-146.376938	37.701332
113.385300	-146.376938	37.701332	3.058407	31.286160	-60.087063	164.901199
-242.325287	-140.560394	66.850800	0.000000	-133.411392	-201.987762	65.964333
-133.411392	-201.987762	65.964333	1.858407	-30.397680	-271.966644	63.684017
-30.397680	-271.966644	63.684017	2.458407	-12.204409	-271.966644	37.701332
-12.204409	-271.966644	37.701332	2.458407	-12.204409	-271.966644	37.701332
-12.204409	-271.966644	37.701332	2.458407	49.797722	-255.353226	37.701332
49.797722	-255.353226	37.701332	2.658407	113.385300	-146.376938	37.701332
113.385300	-146.376938	37.701332	3.058407	31.286160	-60.087063	164.901199
-242.325287	-140.560394	66.850800	0.000000	-133.411392	-201.987762	65.964333
-133.411392	-201.987762	65.964333	1.858407	-30.397680	-271.966644	63.684017
-30.397680	-271.966644	63.684017	2.458407	-12.204409	-271.966644	37.701332
-12.204409	-271.966644	37.701332	2.458407	-12.204409	-271.966644	37.701332
-12.204409	-271.966644	37.701332	2.458407	49.797722	-255.353226	37.701332
49.797722	-255.353226	37.701332	2.658407	113.385300	-146.376938	37.701332
113.385300	-146.376938	37.701332	3.058407	31.286160	-60.087063	164.901199
-242.325287	-140.560394	66.850800	0.000000	-133.411392	-201.987762	65.964333
-133.411392	-201.987762	65.964333	1.858407	-30.397680	-271.966644	63.684017
-30.397680	-271.966644	63.684017	2.458407	-12.204409	-271.966644	37.701332
-12.204409	-271.966644	37.701332	2.458407	-12.204409	-271.966644	37.701332
-12.204409	-271.966644	37.701332	2.458407	49.797722	-255.353226	37.701332
49.797722	-255.353226	37.701332	2.658407	113.385300	-146.376938	37.701332
113.385300	-146.376938	37.701332	3.058407	31.286160	-60.087063	164.901199
-242.325287	-140.560394	66.850800	0.000000	-133.411392	-201.987762	65.964333
-133.411392	-201.987762	65.964333	1.858407	-30.397680	-271.966644	63.684017
-30.397680	-271.966644	63.684017	2.458407	-12.204409	-271.966644	37.701332
-12.204409	-271.966644	37.701332	2.458407	-12.204409	-271.966644	37.701332
-12.204409	-271.966644	37.701332	2.458407	49.797722	-255.353226	37.701332
49.797722	-255.353226	37.701332	2.658407	113.385300	-146.376938	37.701332
113.385300	-146.376938	37.701332	3.058407	31.286160	-60.087063	164.901199
-242.325287	-140.560394	66.850800	0.000000	-133.411392	-201.987762	65.964333
-133.411392	-201.987762	65.964333	1.858407	-30.397680	-271.966644	63.684017
-30.397680	-271.966644	63.684017	2.458407	-12.204409	-271.966644	37.701332
-12.204409	-271.966644	37.701332	2.458407	-12.204409	-271.966644	37.701332
-12.204409	-271.966644	37.701332	2.458407	49.797722	-255.353226	37.701332
49.797722	-255.353226	37.701332	2.658407	113.385300	-146.376938	37.701332
113.385300	-146.376938	37.701332	3.058407	31.286160	-60.087063	164.901199
-242.325287	-140.560394	66.850800	0.000000	-133.411392	-201.987762	65.964333
-133.411392	-201.987762	65.964333	1.858407	-30.397680	-271.966644	63.684017
-30.397680	-271.966644	63.684017	2.458407	-12.204409	-271.966644	37.701332
-12.204409	-271.966644	37.701332	2.458407	-12.204409	-271.966644	37.701332
-12.204409	-271.966644	37.701332	2.458407	49.797722	-255.353226	37.701332
49.797722	-255.353226	37.701332	2.658407	113.385300	-146.376938	37.701332
113.385300	-146.376938	37.701332	3.058407	31.286160	-60.087063	164.901199
-242.325287	-140.560394	66.850800	0.000000	-133.411392	-201.987762	65.964333
-133.411392	-201.987762	65.964333	1.858407	-30.397680	-271.966644	63.684017
-30.397680	-271.966644	63.684017	2.458407	-12.204409	-271.966644	37.701332
-12.204409	-271.966644	37.701332	2.458407	-12.204409	-271.966644	37.701332
-12.204409	-271.966644	37.701332	2.458407	49.797722	-255.353226	37.701332
49.797722	-255.353226	37.701332	2.658407	113.385300	-146.376938	37.701332
113.385300	-146.376938	37.701332	3.058407	31.286160	-60.087063	164.901199
-242.325287	-140.560394	66.850800	0.000000	-133.411392	-201.987762	65.964333
-133.411392	-201.987762	65.964333	1.858407	-30.397680	-271.966644	63.684017
-30.397680	-271.966644	63.684017	2.458407	-12.204409	-271.966644	37.701332
-12.204409	-271.966644	37.701332	2.458407	-12.204409	-271.966644	37.701332
-12.204409	-271.966644	37.701332	2.458407	49.797722	-255.353226	37.701332
49.797722	-255.353226	37.701332	2.658407	113.385300	-146.376938	37.701332
113.385300	-146.376938	37.701332	3.058407	31.286160	-60.087063	164.901199
-242.325287	-140.560394	66.850800	0.000000	-133.411392	-201.987762	65.964333
-133.411392	-201.987762	65.964333	1.858407	-30.397680	-271.966644	63.684017
-30.397680	-271.966644	63.684017	2.458407	-12.204409	-271.966644	37.701332
-12.204409	-271.966644	37.701332	2.458407	-12.204409	-271.966644	37.701332
-12.204409	-271.966644	37.701332	2.458407	49.797722	-255.353226	37.701332
49.797722	-255.353226	37.701332	2.658407	113.385300	-146.376938	37.701332
113.385300	-146.376938	37.701332	3.058407	31.286160	-60.087063	164.901199
-242.325287	-140.560394	66.850800	0.000000	-133.411392	-201.987762	65.964333
-133.411392	-201.987762	65.964333	1.858407	-30.397680	-271.966644	63.684017
-30.397680	-271.966644	63.684017	2.458407	-12.204409	-271.966644	37.701332
-12.204409	-271.966644	37.701332	2.458407	-12.204409	-271.966644	37.701332
-12.204409	-271.966644	37.701332	2.458407	49.797722	-255.353226	37.701332
49.797722	-255.353226	37.701332	2.658407	113.385300	-146.376938	37.701332
113.385300	-146.376938	37.701332	3.058407	31.286160	-60.087063	164.901199
-242.325287	-140.560394	66.850800	0.000000	-133.411392	-201.987762	65.964333
-133.411392	-201.987762	65.964333	1.858407	-30.397680	-271.966644	63.684017
-30.397680	-271.966644	63.684017	2.458407	-12.204409	-271.966644	37.701332
-12.204409	-271.966644	37.701332	2.458407	-12.204409	-271.966644	37.701332
-12.204409	-271.966644	37.701332	2.458407	49.797722	-255.353226	37.701332
49.797722	-255.353226	37.701332	2.658407	113.385300	-146.376938	37.701332
113.385300	-146.376938	37.701332	3.058407	31.286160	-60.087063	164.901199
-242.325287	-140.560394	66.850800	0.000000	-133.411392	-201.987762	65.964333
-133.411392	-201.987762	65.964333	1.858407	-30.397680	-271.966644	63.684017
-30.397680	-271.966644	63.684017	2.458407	-12.204409	-271.966644	37.701332
-12.204409	-271.966644	37.701332	2.458407	-12.204409	-271.966644	37.701332
-12.204409	-271.966644	37.701332	2.458407	49.797722	-255.353226	37.701332
49.797722	-255.353226	37.701332	2.658407	113.385300	-146.376938	37.701332
113.385300	-146.376938	37.701332	3.058407	31.286160	-60.087063	164.901199
-242.325287	-140.560394	66.850800	0.000000	-133.411392	-201.987762	65.964333
-133.411392	-201.987762	65.964333	1.858407	-30.397680	-271.966644	63.684017
-30.397680	-271.966644	63.684017	2.458407	-12.204409	-271.966644	37.701332
-12.204409	-271.966644	37.701332	2.458407	-12.204409	-271.966644	37.701332
-12.204409	-271.966644	37.701332	2.458407	49.797722	-255.353226	37.701332
49.797722	-255.353226	37.701332	2.658407	113.385300	-146.376938	37.701332
113.385300	-146.376938	37.701332	3.058407	31.286160	-60.087063	164.901199
-242.325287	-140.560394	66.850800	0.000000	-133.411392	-201.987762	65.964333
-133.411392	-201.987762	65.964333	1.858407	-30.397680	-271.966644	63.684017
-30.397680	-271.966644	63.684017	2.458407	-12.204409	-271.966644	37.701332
-12.204409	-271.966644	37.701332	2.458407	-12.204409	-271.966644	37.701332
-12.204409	-271.966644	37.701332	2.458407	49.797722	-255.353226	37.701332
49.797722	-255.353226	37.701332	2.658407	113.385300	-146.376938	37.701332
113.385300	-146.376938	37.701332	3.058407	31.286160	-60.087063	164.901199
