-18.021240	-34.059212	23.313730	0	0	0.50484609	0.86320938
-18.020649	-34.163567	23.346722	0	0	-0.36235775	0.93203909
-18.023666	-33.952477	23.279034	0	0	-0.36235775	0.93203909
-17.999058	-34.251675	23.370613	0	0	0.50484609	0.86320938
-18.065075	-33.819225	23.259884	0	0	0.50484609	0.86320938
-18.094316	-33.765244	23.223417	0	0	0.50484609	0.86320938
-18.124283	-33.706043	23.186325	0	0	-0.36235775	0.93203909
-18.155909	-33.639385	23.149426	0	0	0.50484609	0.86320938
-18.191046	-33.568161	23.112652	0	0	0.50484609	0.86320938
-18.238747	-33.489063	23.079044	0	0	0.50484609	0.86320938
-18.280994	-33.388115	23.048960	0	0	-0.36235775	0.93203909
-18.329166	-33.228001	23.026110	0	0	-0.36235775	0.93203909
-18.371925	-33.140896	22.994781	0	0	0.50484609	0.86320938
-18.416891	-33.104485	22.946211	0	0	-0.36235775	0.93203909
-18.469278	-32.670544	23.016626	0	0	0.50484609	0.86320938
-18.511662	-32.570213	22.988413	0	0	-0.36235775	0.93203909
-18.554646	-32.469276	22.961864	0	0	0.50484609	0.86320938
-18.595074	-32.361637	22.938494	0	0	-0.36235775	0.93203909
-18.634241	-32.252254	22.919487	0	0	0.50484609	0.86320938
-18.674276	-32.135860	22.904013	0	0	0.50484609	0.86320938
-18.699141	-32.012146	22.905272	0	0	0.50484609	0.86320938
-18.762070	-31.892792	22.892536	0	0	0.50484609	0.86320938
-18.653803	-31.717276	23.005585	0	0	-0.36235775	0.93203909
-19.021507	-31.717340	22.846222	0	0	-0.36235775	0.93203909
-19.799871	-32.101467	22.919067	0	0	0.32328956	0.94630009
-19.020054	-31.534222	22.752411	0	0	-0.36235775	0.93203909
-19.581345	-30.690687	23.027391	0	0	0.50484609	0.86320938
-16.863501	-38.379951	23.313730	0	0	0.029199523	0.9995736
-16.889038	-38.386795	23.346722	0	0	0.32328956	0.94630009
-16.839081	-38.373409	23.279034	0	0	0.32328956	0.94630009
-16.844402	-38.374836	23.259884	0	0	0.029199523	0.9995736
-16.890921	-38.387299	23.370613	0	0	0.029199523	0.9995736
-16.858191	-38.378529	23.223417	0	0	0.029199523	0.9995736
-16.871347	-38.382057	23.186325	0	0	0.32328956	0.94630009
-16.884193	-38.385498	23.149426	0	0	0.029199523	0.9995736
-16.899170	-38.389511	23.112652	0	0	0.029199523	0.9995736
-16.923901	-38.396137	23.079044	0	0	0.029199523	0.9995736
-16.938082	-38.399937	23.048960	0	0	0.32328956	0.94630009
-16.942997	-38.401253	23.026110	0	0	0.22720209	0.97384763
-16.934361	-38.398941	23.016626	0	0	0.029199523	0.9995736
-16.868206	-38.381214	23.005585	0	0	0.22720209	0.97384763
-16.961117	-38.406109	22.994781	0	0	0.029199523	0.9995736
-16.948822	-38.402813	22.988413	0	0	0.22720209	0.97384763
-16.963692	-38.406799	22.961864	0	0	0.029199523	0.9995736
-16.993967	-38.414909	22.946211	0	0	0.32328956	0.94630009
-16.974501	-38.409695	22.938494	0	0	0.22720209	0.97384763
-16.983700	-38.412159	22.919487	0	0	0.029199523	0.9995736
-16.984224	-38.412300	22.905272	0	0	0.029199523	0.9995736
-16.991955	-38.414371	22.904013	0	0	0.029199523	0.9995736
-17.013098	-38.420036	22.892536	0	0	0.029199523	0.9995736
-17.211296	-38.473145	22.846222	0	0	0.22720209	0.97384763
-17.164158	-38.460514	22.752411	0	0	0.1288445	0.99166481
-17.476967	-38.544331	23.027391	0	0	0.22720209	0.97384763
-17.390137	-38.521065	24.367863	0	0	0.22720209	0.97384763
-18.033550	-38.693466	22.919067	0	0	0.1288445	0.99166481
-14.680784	-30.354841	22.653885	0	0	-0.26749883	0.96355818
-14.105496	-37.640949	20.406498	0	0	-0.070737201	0.99749499
-12.820721	-37.296692	22.653885	0	0	0.1288445	0.99166481
-18.623650	-38.851585	27.922993	0	0	-0.16996714	0.98544973
-13.260198	-37.414452	18.566111	0	0	-0.26749883	0.96355818
-22.978781	-40.018536	22.460819	0	0	-0.26749883	0.96355818
-20.544800	-26.747698	24.367863	0	0	-0.45359611	0.89120736
-15.898768	-27.567173	18.566111	0	0	-0.36235775	0.93203909
-15.147388	-37.920120	30.855694	0	0	0.58850112	0.8084964
-9.808529	-36.489578	25.990688	0	0	-0.36235775	0.93203909
-21.444796	-39.607506	15.985721	0	0	-0.26749883	0.96355818
-23.851727	-35.563503	15.527974	0	0	-0.36235775	0.93203909
-22.018816	-26.180656	27.922993	0	0	-0.45359611	0.89120736
-24.892492	-40.531315	27.393019	0	0	0.1288445	0.99166481
-12.822808	-25.240137	25.990688	0	0	0.50484609	0.86320938
-17.802221	-23.844584	20.406498	0	0	0.50484609	0.86320938
-25.959276	-40.817158	27.629759	0	0	0.029199523	0.9995736
-25.446846	-40.679852	30.249098	0	0	0.41614682	0.90929743
-18.725365	-24.566933	30.855694	0	0	0.50484609	0.86320938
-28.256399	-41.432671	22.061663	0	0	0.029199523	0.9995736
-12.123976	-37.110001	34.603249	0	0	0.58850112	0.8084964
-31.226812	-38.741314	16.982182	0	0	0.50484609	0.86320938
-18.021240	-18.521736	21.954378	0	0	-0.070737201	0.99749499
-18.020649	-18.519665	21.978058	0	0	0.029199523	0.9995736
-18.023666	-18.523937	21.929211	0	0	0.029199523	0.9995736
-17.999058	-18.518259	21.994118	0	0	-0.070737201	0.99749499
-18.065075	-18.524588	21.921776	0	0	-0.070737201	0.99749499
-18.094316	-18.527344	21.890274	0	0	-0.070737201	0.99749499
-18.124283	-18.530115	21.858604	0	0	0.029199523	0.9995736
-18.155909	-18.532812	21.827772	0	0	-0.070737201	0.99749499
-18.191046	-18.535465	21.797462	0	0	-0.070737201	0.99749499
-18.238747	-18.537783	21.770977	0	0	-0.070737201	0.99749499
-18.280994	-18.539627	21.749886	0	0	0.029199523	0.9995736
-18.329166	-18.540396	21.741110	0	0	0.029199523	0.9995736
-18.371925	-18.542454	21.717583	0	0	-0.070737201	0.99749499
-18.469278	-18.536983	21.780100	0	0	-0.070737201	0.99749499
-18.416891	-18.546394	21.672543	0	0	0.029199523	0.9995736
-18.511662	-18.538671	21.760813	0	0	0.029199523	0.9995736
-18.554646	-18.540209	21.743229	0	0	-0.070737201	0.99749499
-18.595074	-18.541422	21.729382	0	0	0.029199523	0.9995736
-18.653803	-18.530701	21.851910	0	0	0.029199523	0.9995736
-18.634241	-18.542240	21.720016	0	0	-0.070737201	0.99749499
-18.674276	-18.542700	21.714766	0	0	-0.070737201	0.99749499
-18.699141	-18.541651	21.726755	0	0	-0.070737201	0.99749499
-18.762070	-18.541849	21.724482	0	0	-0.070737201	0.99749499
-17.712303	-18.594532	21.122320	0	0	0.41614682	0.90929743
-19.021507	-18.544538	21.693752	0	0	0.029199523	0.9995736
-19.020054	-18.551292	21.616550	0	0	0.029199523	0.9995736
-19.581345	-18.521009	21.962683	0	0	-0.26749883	0.96355818
-19.799871	-18.541132	21.732693	0	0	-0.070737201	0.99749499
-30.279848	-41.974854	17.463657	0	0	0	1
-15.655246	-18.608303	20.964920	0	0	-0.54030229	0.84147099
-4.491591	-31.512241	15.537085	0	0	0.1288445	0.99166481
-20.544800	-18.374674	23.635319	0	0	0.22720209	0.97384763
-14.680784	-18.550888	21.621172	0	0	0.1288445	0.99166481
-24.197905	-18.551115	21.618576	0	0	-0.45359611	0.89120736
-12.822808	-18.222321	25.376709	0	0	0.029199523	0.9995736
-22.018816	-18.061695	27.212675	0	0	0.41614682	0.90929743
-3.578533	-34.820255	14.290087	0	0	0.029199523	0.9995736
-2.637086	-34.567997	15.435554	0	0	0.1288445	0.99166481
-0.916557	-34.106983	25.955345	0	0	-0.36235775	0.93203909
-18.725365	-17.794807	30.263210	0	0	0.41614682	0.90929743
-31.023602	-21.916838	27.629759	0	0	0.50484609	0.86320938
-33.181248	-43.404961	18.068768	0	0	-0.26749883	0.96355818
-29.042610	-41.643333	36.944538	0	0	0.41614682	0.90929743
-33.461014	-22.008783	22.061663	0	0	-0.45359611	0.89120736
-30.820192	-18.506783	22.125292	0	0	-0.45359611	0.89120736
-31.023602	-18.054766	27.291870	0	0	0.41614682	0.90929743
-4.058306	-18.685936	20.077560	0	0	0.1288445	0.99166481
-29.397758	-16.323624	22.808163	0	0	-0.54030229	0.84147099
-33.203541	-18.490828	22.307657	0	0	0	1
-31.167091	-17.114189	27.393019	0	0	0.41614682	0.90929743
-33.417381	-18.489397	22.324020	0	0	-0.45359611	0.89120736
-5.868525	-15.625986	25.955345	0	0	-0.54030229	0.84147099
-31.911026	-16.555204	30.249098	0	0	0.41614682	0.90929743
-14.505811	-9.681168	28.934261	0	0	0.22720209	0.97384763
-13.011198	-7.659089	31.147333	0	0	0.22720209	0.97384763
2.403877	-14.212105	21.654106	0	0	0	1
3.241524	-13.078843	22.894409	0	0	-0.54030229	0.84147099
10.910910	-30.937822	14.600076	0	0	0.50484609	0.86320938
4.751122	-56.831573	23.313730	0	0	0.41614682	0.90929743
4.699240	-56.883453	23.346722	0	0	0.41614682	0.90929743
4.803275	-56.779419	23.279034	0	0	0.41614682	0.90929743
4.665981	-56.916714	23.370613	0	0	0.41614682	0.90929743
4.849196	-56.733498	23.259884	0	0	0.41614682	0.90929743
4.861567	-56.721127	23.223417	0	0	0.41614682	0.90929743
4.876185	-56.706509	23.186325	0	0	0.41614682	0.90929743
4.893699	-56.688995	23.149426	0	0	0.41614682	0.90929743
4.911743	-56.670952	23.112652	0	0	0.41614682	0.90929743
4.927442	-56.655251	23.079044	0	0	0.41614682	0.90929743
4.956793	-56.625900	23.048960	0	0	0.41614682	0.90929743
4.840679	-56.742016	22.919067	0	0	0.41614682	0.90929743
5.012764	-56.569931	23.026110	0	0	0.41614682	0.90929743
5.034936	-56.547760	22.994781	0	0	0.41614682	0.90929743
5.030660	-56.552032	22.946211	0	0	0.41614682	0.90929743
5.221437	-56.361259	23.016626	0	0	0.41614682	0.90929743
5.250409	-56.332287	22.988413	0	0	0.41614682	0.90929743
5.279386	-56.303310	22.961864	0	0	0.41614682	0.90929743
5.312992	-56.269703	22.938494	0	0	0.41614682	0.90929743
5.348100	-56.234596	22.919487	0	0	0.41614682	0.90929743
5.386279	-56.196415	22.904013	0	0	0.41614682	0.90929743
5.435703	-56.146992	22.905272	0	0	0.41614682	0.90929743
5.421923	-56.160770	22.846222	0	0	0.41614682	0.90929743
5.463917	-56.118778	22.892536	0	0	0.41614682	0.90929743
5.514210	-56.068485	22.752411	0	0	0.41614682	0.90929743
5.605808	-55.976887	23.005585	0	0	0.41614682	0.90929743
5.655331	-55.927364	23.027391	0	0	0.32328956	0.94630009
3.056448	-58.526245	22.061663	0	0	0.32328956	0.94630009
7.145098	-54.437595	24.367863	0	0	0.32328956	0.94630009
4.321127	-57.261566	27.629759	0	0	0.32328956	0.94630009
8.115541	-53.467152	22.460819	0	0	0.32328956	0.94630009
6.650707	-54.931988	27.393019	0	0	0.32328956	0.94630009
8.273535	-53.309158	22.653885	0	0	0.41614682	0.90929743
6.691611	-54.891083	27.922993	0	0	0.41614682	0.90929743
3.164407	-58.418285	16.530634	0	0	0.66627604	0.74570519
6.558232	-55.024464	30.249098	0	0	0.41614682	0.90929743
9.058376	-52.524319	18.566111	0	0	0.32328956	0.94630009
9.967945	-51.614750	20.406498	0	0	0.22720209	0.97384763
9.145199	-52.437496	30.855694	0	0	0.029199523	0.9995736
11.759874	-49.822819	25.990688	0	0	0.22720209	0.97384763
-3.937781	-65.520477	18.672697	0	0	0.50484609	0.86320938
14.010352	-47.572342	13.259430	0	0	0.32328956	0.94630009
11.514739	-50.067955	36.944538	0	0	0.50484609	0.86320938
-7.259597	-68.842293	19.674578	0	0	0.66627604	0.74570519
-35.132706	-4.154208	37.814789	0	0	0	1
18.687151	-42.895542	25.781530	0	0	0.50484609	0.86320938
18.209572	-43.373123	33.238327	0	0	0.32328956	0.94630009
19.426825	-42.155869	14.232449	0	0	0.41614682	0.90929743
19.597061	-41.985634	11.574444	0	0	0	1
-40.711052	-2.659494	40.216446	0	0	-0.54030229	0.84147099
-40.371502	-2.200109	40.719219	0	0	0	1
-26.984520	6.869573	49.879810	0	0	0	1
31.538008	-47.338570	23.313730	0	0	0.58850112	0.8084964
31.511959	-47.435787	23.346722	0	0	0.58850112	0.8084964
31.564529	-47.239594	23.279034	0	0	0.58850112	0.8084964
31.491379	-47.512596	23.370613	0	0	0.58850112	0.8084964
31.595068	-47.125622	23.259884	0	0	0.58850112	0.8084964
31.606606	-47.082565	23.223417	0	0	0.58850112	0.8084964
31.619398	-47.034821	23.186325	0	0	0.58850112	0.8084964
31.633944	-46.980537	23.149426	0	0	0.58850112	0.8084964
31.649395	-46.922867	23.112652	0	0	0.58850112	0.8084964
31.665976	-46.860992	23.079044	0	0	0.58850112	0.8084964
31.688381	-46.777367	23.048960	0	0	0.58850112	0.8084964
31.725183	-46.640022	23.026110	0	0	0.58850112	0.8084964
31.744095	-46.569443	22.994781	0	0	0.58850112	0.8084964
31.750187	-46.546711	22.946211	0	0	0.58850112	0.8084964
31.855162	-46.154938	23.016626	0	0	0.58850112	0.8084964
31.877405	-46.071926	22.988413	0	0	0.58850112	0.8084964
31.899759	-45.988495	22.961864	0	0	0.58850112	0.8084964
31.908298	-45.956627	22.919067	0	0	0.58850112	0.8084964
31.923962	-45.898170	22.938494	0	0	0.58850112	0.8084964
31.948685	-45.805908	22.919487	0	0	0.58850112	0.8084964
31.975101	-45.707321	22.904013	0	0	0.58850112	0.8084964
32.004364	-45.598110	22.905272	0	0	0.58850112	0.8084964
32.029987	-45.502483	22.892536	0	0	0.58850112	0.8084964
32.056469	-45.403645	22.846222	0	0	0.58850112	0.8084964
32.081120	-45.311657	23.005585	0	0	0.58850112	0.8084964
32.102348	-45.232426	22.752411	0	0	0.58850112	0.8084964
32.275631	-44.585724	23.027391	0	0	0.58850112	0.8084964
32.687870	-43.047234	22.653885	0	0	0.66627604	0.74570519
33.097832	-41.517235	24.333214	0	0	0.58850112	0.8084964
33.091545	-41.540699	24.601423	0	0	0.58850112	0.8084964
33.067371	-41.630901	25.632463	0	0	0.58850112	0.8084964
33.154053	-41.307407	21.934877	0	0	0.66627604	0.74570519
33.159363	-41.287586	21.708353	0	0	0.66627604	0.74570519
33.041298	-41.728218	26.744776	0	0	0.58850112	0.8084964
33.026100	-41.784931	27.393011	0	0	0.58850112	0.8084964
33.197342	-41.145859	20.088390	0	0	0.66627604	0.74570519
33.015518	-41.824429	27.844482	0	0	0.66627604	0.74570519
33.233597	-41.010548	18.541754	0	0	0.66627604	0.74570519
32.975620	-41.973328	29.546406	0	0	0.58850112	0.8084964
32.960407	-42.030109	30.195414	0	0	0.58850112	0.8084964
32.952404	-42.059967	30.536709	0	0	0.58850112	0.8084964
31.246403	-48.426857	11.380397	0	0	0	1
32.853348	-42.429653	34.762218	0	0	0.50484609	0.86320938
29.319841	-55.616882	13.950934	0	0	0.66627604	0.74570519
33.385166	-40.444881	12.076162	0	0	0	1
33.414173	-40.336632	10.838861	0	0	0	1
27.967890	-60.662434	14.012762	0	0	0.73739371	0.67546319
39.219097	-28.757029	22.435753	0	0	0	1
39.220078	-28.760685	22.477545	0	0	0	1
39.218075	-28.753202	22.392019	0	0	0	1
39.220825	-28.763472	22.509392	0	0	0	1
39.217335	-28.750446	22.360500	0	0	0	1
39.216362	-28.746811	22.318966	0	0	0	1
39.215363	-28.743082	22.276342	0	0	0	1
39.214352	-28.739309	22.233223	0	0	0	1
39.213333	-28.735506	22.189753	0	0	0	1
39.212364	-28.731894	22.148445	0	0	0	1
39.211433	-28.728430	22.108862	0	0	0	1
39.227360	-28.787861	22.788162	0	0	0	1
39.210552	-28.725134	22.071182	0	0	0	1
39.209621	-28.721666	22.031557	0	0	0	1
39.209122	-28.719793	22.010145	0	0	0	1
39.208397	-28.717085	21.979177	0	0	0	1
39.208237	-28.716497	21.972471	0	0	0	1
39.207394	-28.713339	21.936380	0	0	0	1
39.206825	-28.711224	21.912182	0	0	0	1
39.206608	-28.710413	21.902918	0	0	0	1
39.205921	-28.707853	21.873663	0	0	0	1
39.205303	-28.705545	21.847284	0	0	0	1
39.205067	-28.704664	21.837217	0	0	0	1
39.204971	-28.704300	21.833059	0	0	0	1
39.204739	-28.703434	21.823160	0	0	0	1
39.204494	-28.702524	21.812767	0	0	0	1
39.202919	-28.696646	21.745571	0	0	0	1
39.200367	-28.687119	21.636667	0	0	0	1
39.198040	-28.678442	21.537495	0	0	0	1
39.249645	-28.871037	23.738869	0	0	0	1
39.266235	-28.932947	24.446512	0	0	0	1
39.272312	-28.955627	24.705750	0	0	0	1
39.157055	-28.525484	19.789175	0	0	0	1
39.156132	-28.522036	19.749756	0	0	0	1
39.287666	-29.012926	25.360659	0	0	0	1
39.130840	-28.427645	18.670877	0	0	0	1
39.308067	-29.089060	26.230885	0	0	0	1
39.337177	-29.197712	27.472784	0	0	0	1
39.096657	-28.300076	17.212759	0	0	0	1
39.355858	-29.267416	28.269493	0	0	0	1
39.374767	-29.337999	29.076267	0	0	0	1
39.011284	-27.981459	13.570938	0	0	0	1
39.449757	-29.617855	32.275043	0	0	0	1
39.255177	-28.891670	13.228367	0	0	0	1
39.479137	-29.727514	12.913784	0	0	0	1
29.135267	7.799577	44.546192	0	0	-0.45359611	0.89120736
29.116499	7.812124	44.563137	0	0	0	1
29.153202	7.787586	44.529999	0	0	-0.36235775	0.93203909
29.179247	7.770173	44.506481	0	0	-0.45359611	0.89120736
29.066458	7.845580	44.608322	0	0	0	1
29.052134	7.855157	44.621254	0	0	0	1
29.036196	7.865812	44.635647	0	0	0	1
29.017244	7.878483	44.652756	0	0	0	1
28.995340	7.893127	44.672535	0	0	-0.45359611	0.89120736
28.964293	7.913885	44.700569	0	0	-0.45359611	0.89120736
28.927790	7.938289	44.733528	0	0	-0.36235775	0.93203909
28.868298	7.978064	44.787243	0	0	0	1
28.836159	7.999550	44.816261	0	0	0	1
28.824907	8.007073	44.826424	0	0	-0.36235775	0.93203909
28.645401	8.127085	44.988503	0	0	-0.45359611	0.89120736
28.608276	8.151905	45.022022	0	0	-0.36235775	0.93203909
28.570042	8.177467	45.056545	0	0	-0.45359611	0.89120736
28.529688	8.204447	45.092979	0	0	-0.36235775	0.93203909
29.780479	7.368210	43.963619	0	0	-0.45359611	0.89120736
28.487633	8.232563	45.130951	0	0	-0.45359611	0.89120736
28.441713	8.263263	45.172413	0	0	0	1
28.424633	8.274683	45.187836	0	0	-0.54030229	0.84147099
28.393660	8.295390	45.215801	0	0	0	1
28.335651	8.334172	45.268177	0	0	-0.45359611	0.89120736
28.286520	8.367021	45.312542	0	0	-0.36235775	0.93203909
30.049768	7.188172	43.720474	0	0	-0.36235775	0.93203909
28.187603	8.433152	45.401855	0	0	-0.45359611	0.89120736
28.171572	8.443871	45.416328	0	0	0	1
28.005295	8.555037	45.566463	0	0	0	1
27.927984	8.606726	45.636269	0	0	0	1
27.758413	8.720094	45.789375	0	0	0	1
27.564415	8.849795	45.964542	0	0	0	1
27.373674	8.977317	46.136765	0	0	0	1
32.391033	5.622881	41.606506	0	0	-0.45359611	0.89120736
32.501232	5.549208	41.507008	0	0	0	1
25.438231	10.271290	47.884308	0	0	0	1
23.200134	11.767604	49.905125	0	0	0	1
23.008547	11.895693	50.078110	0	0	0	1
20.421215	13.625495	52.414257	0	0	0	1
38.865417	1.294330	35.760674	0	0	0	1
19.248707	14.409393	53.472935	0	0	0	1
19.066730	14.531057	53.637245	0	0	0	1
18.076599	15.193025	54.531250	0	0	-0.54030229	0.84147099
41.037109	-0.157589	33.799816	0	0	-0.54030229	0.84147099
16.688320	16.121180	55.784752	0	0	-0.69670669	0.71735611
15.054339	17.213604	57.260101	0	0	-0.76484218	0.64421769
4.359442	-32.693283	89.483696	0	0	0.58850112	0.8084964
53.404167	-39.250851	18.406704	0	0	0	1
53.406689	-39.253372	18.446093	0	0	0	1
53.401520	-39.248203	18.365355	0	0	0	1
53.408653	-39.255337	18.476759	0	0	0	1
53.399593	-39.246277	18.335266	0	0	0	1
53.396938	-39.243622	18.293808	0	0	0	1
53.394218	-39.240902	18.251354	0	0	0	1
53.391476	-39.238159	18.208511	0	0	0	1
53.388706	-39.235390	18.165281	0	0	0	1
53.386055	-39.232738	18.123892	0	0	0	1
53.383560	-39.230244	18.084955	0	0	0	1
53.381260	-39.227943	18.049059	0	0	0	1
53.378742	-39.225426	18.009737	0	0	0	1
53.377823	-39.224506	17.995340	0	0	0	1
53.431118	-39.277802	18.827486	0	0	0	1
53.375450	-39.222134	17.958292	0	0	0	1
53.375328	-39.222012	17.956392	0	0	0	1
53.373177	-39.219860	17.922817	0	0	0	1
53.372490	-39.219173	17.912111	0	0	0	1
53.371090	-39.217773	17.890228	0	0	0	1
53.369278	-39.215961	17.861940	0	0	0	1
53.367657	-39.214340	17.836655	0	0	0	1
53.367134	-39.213818	17.828465	0	0	0	1
53.365925	-39.212608	17.809605	0	0	0	1
53.365582	-39.212265	17.804255	0	0	0	1
53.363895	-39.210579	17.777899	0	0	0	1
53.360870	-39.207554	17.730690	0	0	0	1
53.360771	-39.207455	17.729109	0	0	0	1
53.354172	-39.200855	17.626101	0	0	0	1
53.540878	-39.387562	20.541275	0	0	0.80114363	0.59847213
53.546425	-39.393108	20.627853	0	0	0.80114363	0.59847213
53.559490	-39.406174	20.831879	0	0	0.80114363	0.59847213
53.576042	-39.422726	21.090292	0	0	0.80114363	0.59847213
53.229713	-39.076397	15.682840	0	0	0	1
53.212784	-39.059467	15.418509	0	0	0	1
53.178818	-39.025501	14.888157	0	0	0	1
53.648651	-39.495335	22.224030	0	0	0.80114363	0.59847213
53.147781	-38.994465	14.403574	0	0	0	1
14.827665	-46.755028	86.042542	0	0	0.73739371	0.67546319
53.717010	-39.563694	23.291348	0	0	0.80114363	0.59847213
53.837936	-39.684620	25.179476	0	0	0.80114363	0.59847213
53.841785	-39.688469	25.239571	0	0	0.80114363	0.59847213
54.029644	-39.876328	28.172729	0	0	0.73739371	0.67546319
2.893181	25.344139	68.240616	0	0	0	1
2.474149	25.624290	68.618965	0	0	0	1
9.228780	-16.040833	94.054459	0	0	-0.54030229	0.84147099
31.683783	-46.794537	84.653053	0	0	0.80114363	0.59847213
40.701881	-34.290844	85.687546	0	0	0	1
-7.478529	21.631845	94.425400	0	0	-0.76484218	0.64421769
64.541298	2.958604	34.781143	0	0	-0.95533648	0.29552023
64.541298	2.958604	34.781143	0	0	-0.69670669	0.71735611
64.541298	2.958604	34.781143	0	0	-0.76484218	0.64421769
64.270157	3.557176	35.518013	0	0	0	1
73.128517	-33.162716	17.487463	0	0	0.85688874	0.51550139
73.163635	-33.172127	17.888824	0	0	0.85688874	0.51550139
64.134201	3.857302	35.887482	0	0	-0.69670669	0.71735611
73.195038	-33.180538	18.247759	0	0	0.85688874	0.51550139
73.197746	-33.181263	18.278706	0	0	0.85688874	0.51550139
73.227913	-33.189350	18.623573	0	0	0.85688874	0.51550139
73.297523	-33.208000	19.419155	0	0	0.85688874	0.51550139
63.913940	4.343540	36.486065	0	0	0	1
73.404694	-33.236717	20.644110	0	0	0.85688874	0.51550139
63.648762	4.928944	37.206726	0	0	0	1
73.573730	-33.282009	22.576265	0	0	0.85688874	0.51550139
73.722343	-33.321831	24.274933	0	0	0.94222235	0.33498812
63.120823	6.094405	38.641468	0	0	-0.69670669	0.71735611
62.941193	6.490957	39.129642	0	0	-0.62160997	0.7833269
73.879929	-33.364056	26.076094	0	0	0.85688874	0.51550139
62.179264	8.172967	41.200279	0	0	-0.69670669	0.71735611
61.444687	9.794604	43.196594	0	0	-0.69670669	0.71735611
61.204842	10.324080	43.848404	0	0	0	1
76.196030	-27.841494	17.440952	0	0	0.94222235	0.33498812
56.270481	21.217052	57.258186	0	0	-0.62160997	0.7833269
78.046127	-12.948996	16.040356	0	0	0	1
78.193657	-12.909465	17.726624	0	0	-0.82533563	0.56464246
78.194702	-12.909184	17.738621	0	0	-0.82533563	0.56464246
78.205513	-12.906286	17.862219	0	0	-0.82533563	0.56464246
78.263992	-12.890618	18.530579	0	0	-0.82533563	0.56464246
78.290649	-12.883474	18.835333	0	0	-0.82533563	0.56464246
78.436981	-12.844265	20.507904	0	0	-0.82533563	0.56464246
78.573433	-12.807704	22.067488	0	0	-0.82533563	0.56464246
78.104630	-11.049799	16.709101	0	0	0	1
78.575447	-6.440235	22.090504	0	0	-0.95533648	0.29552023
53.892448	26.466740	63.720810	0	0	-0.76484218	0.64421769
79.171013	-0.609214	28.897886	0	0	-0.76484218	0.64421769
80.080414	8.294415	39.292362	0	0	-0.76484218	0.64421769
17.255186	53.213409	99.456940	0	0	0	1
87.194412	-26.497742	85.279449	0	0	-0.98006658	0.19866933
35.676735	56.299938	100.985657	0	0	0	1
39.913406	57.326519	101.710709	0	0	0	1
110.913445	20.163521	86.748810	0	0	-0.92106097	0.38941839
85.050713	56.957016	96.103157	0	0	0	1
-0.821600	-11.358267	234.266205	0	0	-0.45359611	0.89120736
-30.197105	-59.583347	235.473450	0	0	0.73739371	0.67546319
31.505032	0.032256	234.027481	0	0	0	1
48.437881	15.732616	233.388046	0	0	-0.54030229	0.84147099
-8.679339	-109.135826	238.517654	0	0	0.85688874	0.51550139
77.348763	15.766066	234.753540	0	0	-0.62160997	0.7833269
40.179333	-118.056450	242.583099	0	0	0.94222235	0.33498812
55.630302	-109.135826	244.144012	0	0	0.94222235	0.33498812
97.474373	-7.743212	238.106232	0	0	-0.82533563	0.56464246
60.413139	-107.854271	244.144012	0	0	0.97095818	0.23924928
92.818748	-38.438698	242.547760	0	0	0.94222235	0.33498812
89.459724	-75.306404	244.144012	0	0	0.98999249	0.14112005
