153.200729	179.080841	51.039997	0.000000	0.000000	3.058407
195.129807	106.457558	43.703362	0.000000	0.000000	3.058407
153.200729	-7.814815	34.688747	0.000000	0.000000	3.058407
-41.113705	127.014442	51.039997	0.000000	0.000000	-0.141593
49.690125	206.816422	51.039997	0.000000	0.000000	-0.741593
153.200729	179.080841	51.039997	0.000000	0.000000	3.058407
153.200729	179.080841	51.039997	0.000000	0.000000	3.058407
153.200729	179.080841	51.039997	0.000000	0.000000	3.058407
195.129807	106.457558	43.703362	0.000000	0.000000	3.058407
153.200729	-7.814815	34.688747	0.000000	0.000000	3.058407
-41.113705	127.014442	51.039997	0.000000	0.000000	-0.141593
49.690125	206.816422	51.039997	0.000000	0.000000	-0.741593
153.200729	179.080841	51.039997	0.000000	0.000000	3.058407
153.200729	179.080841	51.039997	0.000000	0.000000	3.058407
153.200729	179.080841	51.039997	0.000000	0.000000	3.058407
195.129807	106.457558	43.703362	0.000000	0.000000	3.058407
153.200729	-7.814815	34.688747	0.000000	0.000000	3.058407
-41.113705	127.014442	51.039997	0.000000	0.000000	-0.141593
49.690125	206.816422	51.039997	0.000000	0.000000	-0.741593
153.200729	179.080841	51.039997	0.000000	0.000000	3.058407
153.200729	179.080841	51.039997	0.000000	0.000000	3.058407
153.200729	179.080841	51.039997	0.000000	0.000000	3.058407
195.129807	106.457558	43.703362	0.000000	0.000000	3.058407
153.200729	-7.814815	34.688747	0.000000	0.000000	3.058407
-41.113705	127.014442	51.039997	0.000000	0.000000	-0.141593
49.690125	206.816422	51.039997	0.000000	0.000000	-0.741593
153.200729	179.080841	51.039997	0.000000	0.000000	3.058407
153.200729	179.080841	51.039997	0.000000	0.000000	3.058407
153.200729	179.080841	51.039997	0.000000	0.000000	3.058407
195.129807	106.457558	43.703362	0.000000	0.000000	3.058407
153.200729	-7.814815	34.688747	0.000000	0.000000	3.058407
-41.113705	127.014442	51.039997	0.000000	0.000000	-0.141593
49.690125	206.816422	51.039997	0.000000	0.000000	-0.741593
153.200729	179.080841	51.039997	0.000000	0.000000	3.058407
153.200729	179.080841	51.039997	0.000000	0.000000	3.058407
153.200729	179.080841	51.039997	0.000000	0.000000	3.058407
195.129807	106.457558	43.703362	0.000000	0.000000	3.058407
153.200729	-7.814815	34.688747	0.000000	0.000000	3.058407
-41.113705	127.014442	51.039997	0.000000	0.000000	-0.141593
49.690125	206.816422	51.039997	0.000000	0.000000	-0.741593
153.200729	179.080841	51.039997	0.000000	0.000000	3.058407
153.200729	179.080841	51.039997	0.000000	0.000000	3.058407
153.200729	179.080841	51.039997	0.000000	0.000000	3.058407
195.129807	106.457558	43.703362	0.000000	0.000000	3.058407
153.200729	-7.814815	34.688747	0.000000	0.000000	3.058407
-41.113705	127.014442	51.039997	0.000000	0.000000	-0.141593
49.690125	206.816422	51.039997	0.000000	0.000000	-0.741593
153.200729	179.080841	51.039997	0.000000	0.000000	3.058407
153.200729	179.080841	51.039997	0.000000	0.000000	3.058407
153.200729	179.080841	51.039997	0.000000	0.000000	3.058407
195.129807	106.457558	43.703362	0.000000	0.000000	3.058407
153.200729	-7.814815	34.688747	0.000000	0.000000	3.058407
-41.113705	127.014442	51.039997	0.000000	0.000000	-0.141593
49.690125	206.816422	51.039997	0.000000	0.000000	-0.741593
153.200729	179.080841	51.039997	0.000000	0.000000	3.058407
153.200729	179.080841	51.039997	0.000000	0.000000	3.058407
153.200729	179.080841	51.039997	0.000000	0.000000	3.058407
195.129807	106.457558	43.703362	0.000000	0.000000	3.058407
153.200729	-7.814815	34.688747	0.000000	0.000000	3.058407
-41.113705	127.014442	51.039997	0.000000	0.000000	-0.141593
49.690125	206.816422	51.039997	0.000000	0.000000	-0.741593
153.200729	179.080841	51.039997	0.000000	0.000000	3.058407
153.200729	179.080841	51.039997	0.000000	0.000000	3.058407
153.200729	179.080841	51.039997	0.000000	0.000000	3.058407
195.129807	106.457558	43.703362	0.000000	0.000000	3.058407
153.200729	-7.814815	34.688747	0.000000	0.000000	3.058407
-41.113705	127.014442	51.039997	0.000000	0.000000	-0.141593
49.690125	206.816422	51.039997	0.000000	0.000000	-0.741593
153.200729	179.080841	51.039997	0.000000	0.000000	3.058407
153.200729	179.080841	51.039997	0.000000	0.000000	3.058407
153.200729	179.080841	51.039997	0.000000	0.000000	3.058407
195.129807	106.457558	43.703362	0.000000	0.000000	3.058407
153.200729	-7.814815	34.688747	0.000000	0.000000	3.058407
-41.113705	127.014442	51.039997	0.000000	0.000000	-0.141593
49.690125	206.816422	51.039997	0.000000	0.000000	-0.741593
153.200729	179.080841	51.039997	0.000000	0.000000	3.058407
153.200729	179.080841	51.039997	0.000000	0.000000	3.058407
153.200729	179.080841	51.039997	0.000000	0.000000	3.058407
195.129807	106.457558	43.703362	0.000000	0.000000	3.058407
153.200729	-7.814815	34.688747	0.000000	0.000000	3.058407
-41.113705	127.014442	51.039997	0.000000	0.000000	-0.141593
49.690125	206.816422	51.039997	0.000000	0.000000	-0.741593
153.200729	179.080841	51.039997	0.000000	0.000000	3.058407
153.200729	179.080841	51.039997	0.000000	0.000000	3.058407
153.200729	179.080841	51.039997	0.000000	0.000000	3.058407
195.129807	106.457558	43.703362	0.000000	0.000000	3.058407
153.200729	-7.814815	34.688747	0.000000	0.000000	3.058407
-41.113705	127.014442	51.039997	0.000000	0.000000	-0.141593
49.690125	206.816422	51.039997	0.000000	0.000000	-0.741593
153.200729	179.080841	51.039997	0.000000	0.000000	3.058407
153.200729	179.080841	51.039997	0.000000	0.000000	3.058407
153.200729	179.080841	51.039997	0.000000	0.000000	3.058407
195.129807	106.457558	43.703362	0.000000	0.000000	3.058407
153.200729	-7.814815	34.688747	0.000000	0.000000	3.058407
-41.113705	127.014442	51.039997	0.000000	0.000000	-0.141593
49.690125	206.816422	51.039997	0.000000	0.000000	-0.741593
153.200729	179.080841	51.039997	0.000000	0.000000	3.058407
153.200729	179.080841	51.039997	0.000000	0.000000	3.058407
153.200729	179.080841	51.039997	0.000000	0.000000	3.058407
195.129807	106.457558	43.703362	0.000000	0.000000	3.058407
153.200729	-7.814815	34.688747	0.000000	0.000000	3.058407
-41.113705	127.014442	51.039997	0.000000	0.000000	-0.141593
49.690125	206.816422	51.039997	0.000000	0.000000	-0.741593
153.200729	179.080841	51.039997	0.000000	0.000000	3.058407
153.200729	179.080841	51.039997	0.000000	0.000000	3.058407
153.200729	179.080841	51.039997	0.000000	0.000000	3.058407
195.129807	106.457558	43.703362	0.000000	0.000000	3.058407
153.200729	-7.814815	34.688747	0.000000	0.000000	3.058407
-41.113705	127.014442	51.039997	0.000000	0.000000	-0.141593
49.690125	206.816422	51.039997	0.000000	0.000000	-0.741593
153.200729	179.080841	51.039997	0.000000	0.000000	3.058407
153.200729	179.080841	51.039997	0.000000	0.000000	3.058407
153.200729	179.080841	51.039997	0.000000	0.000000	3.058407
195.129807	106.457558	43.703362	0.000000	0.000000	3.058407
153.200729	-7.814815	34.688747	0.000000	0.000000	3.058407
-41.113705	127.014442	51.039997	0.000000	0.000000	-0.141593
49.690125	206.816422	51.039997	0.000000	0.000000	-0.741593
153.200729	179.080841	51.039997	0.000000	0.000000	3.058407
153.200729	179.080841	51.039997	0.000000	0.000000	3.058407
153.200729	179.080841	51.039997	0.000000	0.000000	3.058407
195.129807	106.457558	43.703362	0.000000	0.000000	3.058407
153.200729	-7.814815	34.688747	0.000000	0.000000	3.058407
-41.113705	127.014442	51.039997	0.000000	0.000000	-0.141593
49.690125	206.816422	51.039997	0.000000	0.000000	-0.741593
153.200729	179.080841	51.039997	0.000000	0.000000	3.058407
153.200729	179.080841	51.039997	0.000000	0.000000	3.058407
153.200729	179.080841	51.039997	0.000000	0.000000	3.058407
195.129807	106.457558	43.703362	0.000000	0.000000	3.058407
153.200729	-7.814815	34.688747	0.000000	0.000000	3.058407
-41.113705	127.014442	51.039997	0.000000	0.000000	-0.141593
49.690125	206.816422	51.039997	0.000000	0.000000	-0.741593
153.200729	179.080841	51.039997	0.000000	0.000000	3.058407
153.200729	179.080841	51.039997	0.000000	0.000000	3.058407
153.200729	179.080841	51.039997	0.000000	0.000000	3.058407
195.129807	106.457558	43.703362	0.000000	0.000000	3.058407
153.200729	-7.814815	34.688747	0.000000	0.000000	3.058407
-41.113705	127.014442	51.039997	0.000000	0.000000	-0.141593
49.690125	206.816422	51.039997	0.000000	0.000000	-0.741593
153.200729	179.080841	51.039997	0.000000	0.000000	3.058407
153.200729	179.080841	51.039997	0.000000	0.000000	3.058407
