10.131734	37.889111	189.376190	-0.941593	-41.171963	93.248306	192.566925
-41.171963	93.248306	192.566925	0.058407	-112.286430	80.792824	197.919250
-112.286430	80.792824	197.919250	0.658407	-137.056900	37.889111	202.253525
-137.056900	37.889111	202.253525	1.058407	-137.056900	37.889111	202.253525
-137.056900	37.889111	202.253525	1.058407	-138.688644	31.799376	202.253525
-138.688644	31.799376	202.253525	1.058407	-118.280678	-32.184711	202.253525
-118.280678	-32.184711	202.253525	1.458407	-52.664848	-46.502941	202.253525
-52.664848	-46.502941	202.253525	1.858407	-14.424679	-22.840860	199.815155
-14.424679	-22.840860	199.815155	1.458407	-3.759708	-22.814985	193.817780
-3.759708	-22.814985	193.817780	2.058407	5.178528	-17.194073	189.616028
5.178528	-17.194073	189.616028	2.658407	9.735950	-7.970875	188.335739
9.735950	-7.970875	188.335739	3.058407	0.000000	0.000000	0.000000
10.131734	37.889111	189.376190	-0.941593	-41.171963	93.248306	192.566925
-41.171963	93.248306	192.566925	0.058407	-112.286430	80.792824	197.919250
-112.286430	80.792824	197.919250	0.658407	-137.056900	37.889111	202.253525
-137.056900	37.889111	202.253525	1.058407	-137.056900	37.889111	202.253525
-137.056900	37.889111	202.253525	1.058407	-138.688644	31.799376	202.253525
-138.688644	31.799376	202.253525	1.058407	-118.280678	-32.184711	202.253525
-118.280678	-32.184711	202.253525	1.458407	-52.664848	-46.502941	202.253525
-52.664848	-46.502941	202.253525	1.858407	-14.424679	-22.840860	199.815155
-14.424679	-22.840860	199.815155	1.458407	-3.759708	-22.814985	193.817780
-3.759708	-22.814985	193.817780	2.058407	5.178528	-17.194073	189.616028
5.178528	-17.194073	189.616028	2.658407	9.735950	-7.970875	188.335739
9.735950	-7.970875	188.335739	3.058407	0.000000	0.000000	0.000000
10.131734	37.889111	189.376190	-0.941593	-41.171963	93.248306	192.566925
-41.171963	93.248306	192.566925	0.058407	-112.286430	80.792824	197.919250
-112.286430	80.792824	197.919250	0.658407	-137.056900	37.889111	202.253525
-137.056900	37.889111	202.253525	1.058407	-137.056900	37.889111	202.253525
-137.056900	37.889111	202.253525	1.058407	-138.688644	31.799376	202.253525
-138.688644	31.799376	202.253525	1.058407	-118.280678	-32.184711	202.253525
-118.280678	-32.184711	202.253525	1.458407	-52.664848	-46.502941	202.253525
-52.664848	-46.502941	202.253525	1.858407	-14.424679	-22.840860	199.815155
-14.424679	-22.840860	199.815155	1.458407	-3.759708	-22.814985	193.817780
-3.759708	-22.814985	193.817780	2.058407	5.178528	-17.194073	189.616028
5.178528	-17.194073	189.616028	2.658407	9.735950	-7.970875	188.335739
9.735950	-7.970875	188.335739	3.058407	0.000000	0.000000	0.000000
10.131734	37.889111	189.376190	-0.941593	-41.171963	93.248306	192.566925
-41.171963	93.248306	192.566925	0.058407	-112.286430	80.792824	197.919250
-112.286430	80.792824	197.919250	0.658407	-137.056900	37.889111	202.253525
-137.056900	37.889111	202.253525	1.058407	-137.056900	37.889111	202.253525
-137.056900	37.889111	202.253525	1.058407	-138.688644	31.799376	202.253525
-138.688644	31.799376	202.253525	1.058407	-118.280678	-32.184711	202.253525
-118.280678	-32.184711	202.253525	1.458407	-52.664848	-46.502941	202.253525
-52.664848	-46.502941	202.253525	1.858407	-14.424679	-22.840860	199.815155
-14.424679	-22.840860	199.815155	1.458407	-3.759708	-22.814985	193.817780
-3.759708	-22.814985	193.817780	2.058407	5.178528	-17.194073	189.616028
5.178528	-17.194073	189.616028	2.658407	9.735950	-7.970875	188.335739
9.735950	-7.970875	188.335739	3.058407	0.000000	0.000000	0.000000
10.131734	37.889111	189.376190	-0.941593	-41.171963	93.248306	192.566925
-41.171963	93.248306	192.566925	0.058407	-112.286430	80.792824	197.919250
-112.286430	80.792824	197.919250	0.658407	-137.056900	37.889111	202.253525
-137.056900	37.889111	202.253525	1.058407	-137.056900	37.889111	202.253525
-137.056900	37.889111	202.253525	1.058407	-138.688644	31.799376	202.253525
-138.688644	31.799376	202.253525	1.058407	-118.280678	-32.184711	202.253525
-118.280678	-32.184711	202.253525	1.458407	-52.664848	-46.502941	202.253525
-52.664848	-46.502941	202.253525	1.858407	-14.424679	-22.840860	199.815155
-14.424679	-22.840860	199.815155	1.458407	-3.759708	-22.814985	193.817780
-3.759708	-22.814985	193.817780	2.058407	5.178528	-17.194073	189.616028
5.178528	-17.194073	189.616028	2.658407	9.735950	-7.970875	188.335739
9.735950	-7.970875	188.335739	3.058407	0.000000	0.000000	0.000000
10.131734	37.889111	189.376190	-0.941593	-41.171963	93.248306	192.566925
-41.171963	93.248306	192.566925	0.058407	-112.286430	80.792824	197.919250
-112.286430	80.792824	197.919250	0.658407	-137.056900	37.889111	202.253525
-137.056900	37.889111	202.253525	1.058407	-137.056900	37.889111	202.253525
-137.056900	37.889111	202.253525	1.058407	-138.688644	31.799376	202.253525
-138.688644	31.799376	202.253525	1.058407	-118.280678	-32.184711	202.253525
-118.280678	-32.184711	202.253525	1.458407	-52.664848	-46.502941	202.253525
-52.664848	-46.502941	202.253525	1.858407	-14.424679	-22.840860	199.815155
-14.424679	-22.840860	199.815155	1.458407	-3.759708	-22.814985	193.817780
-3.759708	-22.814985	193.817780	2.058407	5.178528	-17.194073	189.616028
5.178528	-17.194073	189.616028	2.658407	9.735950	-7.970875	188.335739
9.735950	-7.970875	188.335739	3.058407	0.000000	0.000000	0.000000
10.131734	37.889111	189.376190	-0.941593	-41.171963	93.248306	192.566925
-41.171963	93.248306	192.566925	0.058407	-112.286430	80.792824	197.919250
-112.286430	80.792824	197.919250	0.658407	-137.056900	37.889111	202.253525
-137.056900	37.889111	202.253525	1.058407	-137.056900	37.889111	202.253525
-137.056900	37.889111	202.253525	1.058407	-138.688644	31.799376	202.253525
-138.688644	31.799376	202.253525	1.058407	-118.280678	-32.184711	202.253525
-118.280678	-32.184711	202.253525	1.458407	-52.664848	-46.502941	202.253525
-52.664848	-46.502941	202.253525	1.858407	-14.424679	-22.840860	199.815155
-14.424679	-22.840860	199.815155	1.458407	-3.759708	-22.814985	193.817780
-3.759708	-22.814985	193.817780	2.058407	5.178528	-17.194073	189.616028
5.178528	-17.194073	189.616028	2.658407	9.735950	-7.970875	188.335739
9.735950	-7.970875	188.335739	3.058407	0.000000	0.000000	0.000000
10.131734	37.889111	189.376190	-0.941593	-41.171963	93.248306	192.566925
-41.171963	93.248306	192.566925	0.058407	-112.286430	80.792824	197.919250
-112.286430	80.792824	197.919250	0.658407	-137.056900	37.889111	202.253525
-137.056900	37.889111	202.253525	1.058407	-137.056900	37.889111	202.253525
-137.056900	37.889111	202.253525	1.058407	-138.688644	31.799376	202.253525
-138.688644	31.799376	202.253525	1.058407	-118.280678	-32.184711	202.253525
-118.280678	-32.184711	202.253525	1.458407	-52.664848	-46.502941	202.253525
-52.664848	-46.502941	202.253525	1.858407	-14.424679	-22.840860	199.815155
-14.424679	-22.840860	199.815155	1.458407	-3.759708	-22.814985	193.817780
-3.759708	-22.814985	193.817780	2.058407	5.178528	-17.194073	189.616028
5.178528	-17.194073	189.616028	2.658407	9.735950	-7.970875	188.335739
9.735950	-7.970875	188.335739	3.058407	0.000000	0.000000	0.000000
10.131734	37.889111	189.376190	-0.941593	-41.171963	93.248306	192.566925
-41.171963	93.248306	192.566925	0.058407	-112.286430	80.792824	197.919250
-112.286430	80.792824	197.919250	0.658407	-137.056900	37.889111	202.253525
-137.056900	37.889111	202.253525	1.058407	-137.056900	37.889111	202.253525
-137.056900	37.889111	202.253525	1.058407	-138.688644	31.799376	202.253525
-138.688644	31.799376	202.253525	1.058407	-118.280678	-32.184711	202.253525
-118.280678	-32.184711	202.253525	1.458407	-52.664848	-46.502941	202.253525
-52.664848	-46.502941	202.253525	1.858407	-14.424679	-22.840860	199.815155
-14.424679	-22.840860	199.815155	1.458407	-3.759708	-22.814985	193.817780
-3.759708	-22.814985	193.817780	2.058407	5.178528	-17.194073	189.616028
5.178528	-17.194073	189.616028	2.658407	9.735950	-7.970875	188.335739
9.735950	-7.970875	188.335739	3.058407	0.000000	0.000000	0.000000
10.131734	37.889111	189.376190	-0.941593	-41.171963	93.248306	192.566925
-41.171963	93.248306	192.566925	0.058407	-112.286430	80.792824	197.919250
-112.286430	80.792824	197.919250	0.658407	-137.056900	37.889111	202.253525
-137.056900	37.889111	202.253525	1.058407	-137.056900	37.889111	202.253525
-137.056900	37.889111	202.253525	1.058407	-138.688644	31.799376	202.253525
-138.688644	31.799376	202.253525	1.058407	-118.280678	-32.184711	202.253525
-118.280678	-32.184711	202.253525	1.458407	-52.664848	-46.502941	202.253525
-52.664848	-46.502941	202.253525	1.858407	-14.424679	-22.840860	199.815155
-14.424679	-22.840860	199.815155	1.458407	-3.759708	-22.814985	193.817780
-3.759708	-22.814985	193.817780	2.058407	5.178528	-17.194073	189.616028
5.178528	-17.194073	189.616028	2.658407	9.735950	-7.970875	188.335739
9.735950	-7.970875	188.335739	3.058407	0.000000	0.000000	0.000000
10.131734	37.889111	189.376190	-0.941593	-41.171963	93.248306	192.566925
-41.171963	93.248306	192.566925	0.058407	-112.286430	80.792824	197.919250
-112.286430	80.792824	197.919250	0.658407	-137.056900	37.889111	202.253525
-137.056900	37.889111	202.253525	1.058407	-137.056900	37.889111	202.253525
-137.056900	37.889111	202.253525	1.058407	-138.688644	31.799376	202.253525
-138.688644	31.799376	202.253525	1.058407	-118.280678	-32.184711	202.253525
-118.280678	-32.184711	202.253525	1.458407	-52.664848	-46.502941	202.253525
-52.664848	-46.502941	202.253525	1.858407	-14.424679	-22.840860	199.815155
-14.424679	-22.840860	199.815155	1.458407	-3.759708	-22.814985	193.817780
-3.759708	-22.814985	193.817780	2.058407	5.178528	-17.194073	189.616028
5.178528	-17.194073	189.616028	2.658407	9.735950	-7.970875	188.335739
9.735950	-7.970875	188.335739	3.058407	0.000000	0.000000	0.000000
10.131734	37.889111	189.376190	-0.941593	-41.171963	93.248306	192.566925
-41.171963	93.248306	192.566925	0.058407	-112.286430	80.792824	197.919250
-112.286430	80.792824	197.919250	0.658407	-137.056900	37.889111	202.253525
-137.056900	37.889111	202.253525	1.058407	-137.056900	37.889111	202.253525
-137.056900	37.889111	202.253525	1.058407	-138.688644	31.799376	202.253525
-138.688644	31.799376	202.253525	1.058407	-118.280678	-32.184711	202.253525
-118.280678	-32.184711	202.253525	1.458407	-52.664848	-46.502941	202.253525
-52.664848	-46.502941	202.253525	1.858407	-14.424679	-22.840860	199.815155
-14.424679	-22.840860	199.815155	1.458407	-3.759708	-22.814985	193.817780
-3.759708	-22.814985	193.817780	2.058407	5.178528	-17.194073	189.616028
5.178528	-17.194073	189.616028	2.658407	9.735950	-7.970875	188.335739
9.735950	-7.970875	188.335739	3.058407	0.000000	0.000000	0.000000
10.131734	37.889111	189.376190	-0.941593	-41.171963	93.248306	192.566925
-41.171963	93.248306	192.566925	0.058407	-112.286430	80.792824	197.919250
-112.286430	80.792824	197.919250	0.658407	-137.056900	37.889111	202.253525
-137.056900	37.889111	202.253525	1.058407	-137.056900	37.889111	202.253525
-137.056900	37.889111	202.253525	1.058407	-138.688644	31.799376	202.253525
-138.688644	31.799376	202.253525	1.058407	-118.280678	-32.184711	202.253525
-118.280678	-32.184711	202.253525	1.458407	-52.664848	-46.502941	202.253525
-52.664848	-46.502941	202.253525	1.858407	-14.424679	-22.840860	199.815155
-14.424679	-22.840860	199.815155	1.458407	-3.759708	-22.814985	193.817780
-3.759708	-22.814985	193.817780	2.058407	5.178528	-17.194073	189.616028
5.178528	-17.194073	189.616028	2.658407	9.735950	-7.970875	188.335739
9.735950	-7.970875	188.335739	3.058407	0.000000	0.000000	0.000000
10.131734	37.889111	189.376190	-0.941593	-41.171963	93.248306	192.566925
-41.171963	93.248306	192.566925	0.058407	-112.286430	80.792824	197.919250
-112.286430	80.792824	197.919250	0.658407	-137.056900	37.889111	202.253525
-137.056900	37.889111	202.253525	1.058407	-137.056900	37.889111	202.253525
-137.056900	37.889111	202.253525	1.058407	-138.688644	31.799376	202.253525
-138.688644	31.799376	202.253525	1.058407	-118.280678	-32.184711	202.253525
-118.280678	-32.184711	202.253525	1.458407	-52.664848	-46.502941	202.253525
-52.664848	-46.502941	202.253525	1.858407	-14.424679	-22.840860	199.815155
-14.424679	-22.840860	199.815155	1.458407	-3.759708	-22.814985	193.817780
-3.759708	-22.814985	193.817780	2.058407	5.178528	-17.194073	189.616028
5.178528	-17.194073	189.616028	2.658407	9.735950	-7.970875	188.335739
9.735950	-7.970875	188.335739	3.058407	0.000000	0.000000	0.000000
10.131734	37.889111	189.376190	-0.941593	-41.171963	93.248306	192.566925
-41.171963	93.248306	192.566925	0.058407	-112.286430	80.792824	197.919250
-112.286430	80.792824	197.919250	0.658407	-137.056900	37.889111	202.253525
-137.056900	37.889111	202.253525	1.058407	-137.056900	37.889111	202.253525
-137.056900	37.889111	202.253525	1.058407	-138.688644	31.799376	202.253525
-138.688644	31.799376	202.253525	1.058407	-118.280678	-32.184711	202.253525
-118.280678	-32.184711	202.253525	1.458407	-52.664848	-46.502941	202.253525
-52.664848	-46.502941	202.253525	1.858407	-14.424679	-22.840860	199.815155
-14.424679	-22.840860	199.815155	1.458407	-3.759708	-22.814985	193.817780
-3.759708	-22.814985	193.817780	2.058407	5.178528	-17.194073	189.616028
5.178528	-17.194073	189.616028	2.658407	9.735950	-7.970875	188.335739
9.735950	-7.970875	188.335739	3.058407	0.000000	0.000000	0.000000
10.131734	37.889111	189.376190	-0.941593	-41.171963	93.248306	192.566925
-41.171963	93.248306	192.566925	0.058407	-112.286430	80.792824	197.919250
-112.286430	80.792824	197.919250	0.658407	-137.056900	37.889111	202.253525
-137.056900	37.889111	202.253525	1.058407	-137.056900	37.889111	202.253525
-137.056900	37.889111	202.253525	1.058407	-138.688644	31.799376	202.253525
-138.688644	31.799376	202.253525	1.058407	-118.280678	-32.184711	202.253525
-118.280678	-32.184711	202.253525	1.458407	-52.664848	-46.502941	202.253525
-52.664848	-46.502941	202.253525	1.858407	-14.424679	-22.840860	199.815155
-14.424679	-22.840860	199.815155	1.458407	-3.759708	-22.814985	193.817780
-3.759708	-22.814985	193.817780	2.058407	5.178528	-17.194073	189.616028
5.178528	-17.194073	189.616028	2.658407	9.735950	-7.970875	188.335739
9.735950	-7.970875	188.335739	3.058407	0.000000	0.000000	0.000000
10.131734	37.889111	189.376190	-0.941593	-41.171963	93.248306	192.566925
-41.171963	93.248306	192.566925	0.058407	-112.286430	80.792824	197.919250
-112.286430	80.792824	197.919250	0.658407	-137.056900	37.889111	202.253525
-137.056900	37.889111	202.253525	1.058407	-137.056900	37.889111	202.253525
-137.056900	37.889111	202.253525	1.058407	-138.688644	31.799376	202.253525
-138.688644	31.799376	202.253525	1.058407	-118.280678	-32.184711	202.253525
-118.280678	-32.184711	202.253525	1.458407	-52.664848	-46.502941	202.253525
-52.664848	-46.502941	202.253525	1.858407	-14.424679	-22.840860	199.815155
-14.424679	-22.840860	199.815155	1.458407	-3.759708	-22.814985	193.817780
-3.759708	-22.814985	193.817780	2.058407	5.178528	-17.194073	189.616028
5.178528	-17.194073	189.616028	2.658407	9.735950	-7.970875	188.335739
9.735950	-7.970875	188.335739	3.058407	0.000000	0.000000	0.000000
10.131734	37.889111	189.376190	-0.941593	-41.171963	93.248306	192.566925
-41.171963	93.248306	192.566925	0.058407	-112.286430	80.792824	197.919250
-112.286430	80.792824	197.919250	0.658407	-137.056900	37.889111	202.253525
-137.056900	37.889111	202.253525	1.058407	-137.056900	37.889111	202.253525
-137.056900	37.889111	202.253525	1.058407	-138.688644	31.799376	202.253525
-138.688644	31.799376	202.253525	1.058407	-118.280678	-32.184711	202.253525
-118.280678	-32.184711	202.253525	1.458407	-52.664848	-46.502941	202.253525
-52.664848	-46.502941	202.253525	1.858407	-14.424679	-22.840860	199.815155
-14.424679	-22.840860	199.815155	1.458407	-3.759708	-22.814985	193.817780
-3.759708	-22.814985	193.817780	2.058407	5.178528	-17.194073	189.616028
5.178528	-17.194073	189.616028	2.658407	9.735950	-7.970875	188.335739
9.735950	-7.970875	188.335739	3.058407	0.000000	0.000000	0.000000
10.131734	37.889111	189.376190	-0.941593	-41.171963	93.248306	192.566925
-41.171963	93.248306	192.566925	0.058407	-112.286430	80.792824	197.919250
-112.286430	80.792824	197.919250	0.658407	-137.056900	37.889111	202.253525
-137.056900	37.889111	202.253525	1.058407	-137.056900	37.889111	202.253525
-137.056900	37.889111	202.253525	1.058407	-138.688644	31.799376	202.253525
-138.688644	31.799376	202.253525	1.058407	-118.280678	-32.184711	202.253525
-118.280678	-32.184711	202.253525	1.458407	-52.664848	-46.502941	202.253525
-52.664848	-46.502941	202.253525	1.858407	-14.424679	-22.840860	199.815155
-14.424679	-22.840860	199.815155	1.458407	-3.759708	-22.814985	193.817780
-3.759708	-22.814985	193.817780	2.058407	5.178528	-17.194073	189.616028
5.178528	-17.194073	189.616028	2.658407	9.735950	-7.970875	188.335739
9.735950	-7.970875	188.335739	3.058407	0.000000	0.000000	0.000000
10.131734	37.889111	189.376190	-0.941593	-41.171963	93.248306	192.566925
-41.171963	93.248306	192.566925	0.058407	-112.286430	80.792824	197.919250
-112.286430	80.792824	197.919250	0.658407	-137.056900	37.889111	202.253525
-137.056900	37.889111	202.253525	1.058407	-137.056900	37.889111	202.253525
-137.056900	37.889111	202.253525	1.058407	-138.688644	31.799376	202.253525
-138.688644	31.799376	202.253525	1.058407	-118.280678	-32.184711	202.253525
-118.280678	-32.184711	202.253525	1.458407	-52.664848	-46.502941	202.253525
-52.664848	-46.502941	202.253525	1.858407	-14.424679	-22.840860	199.815155
-14.424679	-22.840860	199.815155	1.458407	-3.759708	-22.814985	193.817780
-3.759708	-22.814985	193.817780	2.058407	5.178528	-17.194073	189.616028
5.178528	-17.194073	189.616028	2.658407	9.735950	-7.970875	188.335739
9.735950	-7.970875	188.335739	3.058407	0.000000	0.000000	0.000000
