36.269722	-33.825958	21.929163	0	0	0.58850112	0.8084964
36.195133	-33.718613	21.839077	0	0	-0.45359611	0.89120736
36.226410	-33.667015	21.947479	0	0	-0.45359611	0.89120736
36.216808	-34.016293	21.892763	0	0	0.58850112	0.8084964
36.219513	-34.008648	21.817101	0	0	0.58850112	0.8084964
36.176785	-33.694447	21.763260	0	0	0.58850112	0.8084964
36.191750	-33.725132	21.720638	0	0	-0.45359611	0.89120736
36.169823	-33.603088	21.958908	0	0	0.58850112	0.8084964
36.155651	-33.614994	21.866987	0	0	0.58850112	0.8084964
36.195442	-33.957611	21.731369	0	0	-0.45359611	0.89120736
36.161884	-33.606323	21.788824	0	0	0.58850112	0.8084964
36.193439	-33.854900	21.601412	0	0	0.58850112	0.8084964
36.162560	-33.584473	21.703190	0	0	0.58850112	0.8084964
36.183765	-33.924385	21.604280	0	0	0.58850112	0.8084964
36.168606	-33.674339	21.628687	0	0	-0.45359611	0.89120736
36.365879	-34.184822	21.929163	0	0	0.58850112	0.8084964
36.365204	-34.185001	21.947479	0	0	-0.45359611	0.89120736
36.328388	-34.194866	21.958908	0	0	0.58850112	0.8084964
36.312191	-34.199207	21.866987	0	0	0.58850112	0.8084964
36.138016	-33.586685	21.663012	0	0	0.58850112	0.8084964
36.323124	-34.196278	21.839077	0	0	-0.45359611	0.89120736
36.268925	-34.210800	21.892763	0	0	0.58850112	0.8084964
36.110001	-33.554569	21.695066	0	0	-0.45359611	0.89120736
36.273361	-34.209610	21.817101	0	0	0.58850112	0.8084964
36.320175	-34.197067	21.788824	0	0	0.58850112	0.8084964
36.312046	-34.199245	21.763260	0	0	0.58850112	0.8084964
36.174698	-33.635128	21.568899	0	0	0.58850112	0.8084964
36.318336	-34.197559	21.720638	0	0	-0.45359611	0.89120736
36.263664	-34.212208	21.731369	0	0	-0.45359611	0.89120736
36.326267	-34.195435	21.703190	0	0	0.58850112	0.8084964
36.269993	-34.271324	21.916548	0	0	-0.45359611	0.89120736
36.284706	-34.206570	21.695066	0	0	-0.45359611	0.89120736
36.407158	-34.173759	22.193937	0	0	-0.45359611	0.89120736
36.302814	-34.201717	21.663012	0	0	0.58850112	0.8084964
36.144043	-33.558441	21.553104	0	0	0.58850112	0.8084964
36.309441	-34.199944	21.628687	0	0	-0.45359611	0.89120736
36.116566	-33.531303	21.554981	0	0	-0.45359611	0.89120736
36.287468	-34.205830	21.601412	0	0	0.58850112	0.8084964
36.079773	-33.519318	21.579409	0	0	-0.45359611	0.89120736
36.095474	-33.521965	21.568142	0	0	0.58850112	0.8084964
36.261070	-34.212902	21.604280	0	0	0.58850112	0.8084964
36.324928	-34.195793	21.568899	0	0	0.58850112	0.8084964
36.265316	-34.211765	21.579409	0	0	-0.45359611	0.89120736
36.279301	-34.208019	21.568142	0	0	0.58850112	0.8084964
36.315498	-34.198318	21.553104	0	0	0.58850112	0.8084964
36.296646	-34.203373	21.554981	0	0	-0.45359611	0.89120736
36.160259	-33.222481	22.220913	0	0	0	1
36.675373	-33.124290	21.866949	0	0	0	1
36.735474	-34.085789	21.200394	0	0	-0.45359611	0.89120736
37.423897	-33.901325	25.953377	0	0	0.1288445	0.99166481
37.273960	-31.854046	27.298525	0	0	0	1
35.646198	-34.377659	28.591267	0	0	-0.45359611	0.89120736
35.209488	-32.168907	29.114717	0	0	-0.45359611	0.89120736
42.995941	-32.408298	29.757311	0	0	0.66627604	0.74570519
42.350830	-29.646025	30.078005	0	0	0	1
21.315002	-37.766148	23.760355	0	0	0.32328956	0.94630009
47.504135	-45.060371	21.929163	0	0	0.32328956	0.94630009
47.561951	-45.002556	21.947479	0	0	0.66627604	0.74570519
47.565617	-44.998886	21.958908	0	0	0.32328956	0.94630009
47.552582	-45.011925	21.866987	0	0	0.32328956	0.94630009
47.520512	-45.043991	21.839077	0	0	0.66627604	0.74570519
47.560032	-45.004471	21.788824	0	0	0.32328956	0.94630009
47.523422	-45.041084	21.763260	0	0	0.32328956	0.94630009
47.382511	-45.181995	21.892763	0	0	0.32328956	0.94630009
47.387684	-45.176819	21.817101	0	0	0.32328956	0.94630009
47.515560	-45.048943	21.720638	0	0	0.66627604	0.74570519
47.571297	-44.993210	21.703190	0	0	0.32328956	0.94630009
47.401169	-45.163334	21.731369	0	0	0.58850112	0.8084964
47.559967	-45.004536	21.695066	0	0	0.66627604	0.74570519
47.557915	-45.006588	21.663012	0	0	0.32328956	0.94630009
47.529388	-45.035118	21.628687	0	0	0.66627604	0.74570519
47.281590	-45.282917	21.916548	0	0	0.58850112	0.8084964
47.451523	-45.112984	21.601412	0	0	0.32328956	0.94630009
47.411942	-45.152565	21.604280	0	0	0.32328956	0.94630009
47.562481	-45.002026	21.579409	0	0	0.66627604	0.74570519
47.552036	-45.012466	21.568899	0	0	0.32328956	0.94630009
47.569008	-44.995499	21.568142	0	0	0.32328956	0.94630009
47.574883	-44.989620	21.554981	0	0	0.66627604	0.74570519
47.575054	-44.989449	21.553104	0	0	0.32328956	0.94630009
47.797043	-44.767464	22.193937	0	0	0.66627604	0.74570519
49.192032	-43.372471	21.200394	0	0	0.73739371	0.67546319
20.836161	-38.345997	21.620253	0	0	0.32328956	0.94630009
51.281170	-41.283333	25.953377	0	0	0.32328956	0.94630009
48.693272	-43.871235	28.591267	0	0	0.029199523	0.9995736
19.624006	-38.017250	25.282328	0	0	0	1
52.054996	-40.509510	16.485323	0	0	0.32328956	0.94630009
18.930956	-38.856495	22.184853	0	0	0.1288445	0.99166481
53.180363	-39.384140	29.757311	0	0	0.80114363	0.59847213
20.370174	-40.443367	11.789680	0	0	0	1
16.471840	-39.064941	25.190187	0	0	0.58850112	0.8084964
16.541311	-39.496796	25.034142	0	0	0.58850112	0.8084964
55.518726	-37.045776	12.199986	0	0	0.32328956	0.94630009
15.625859	-38.924927	27.294092	0	0	0.41614682	0.90929743
15.726908	-39.715015	26.920692	0	0	0.41614682	0.90929743
37.638271	-54.926231	32.431820	0	0	0.32328956	0.94630009
37.959785	-54.604717	10.782341	0	0	0.73739371	0.67546319
35.251236	-57.313267	25.034142	0	0	0.22720209	0.97384763
35.268112	-57.296391	26.920692	0	0	0.41614682	0.90929743
15.071576	-39.890610	32.431820	0	0	0.1288445	0.99166481
14.990456	-37.795086	34.052803	0	0	0	1
14.175838	-43.949059	27.563786	0	0	-0.36235775	0.93203909
15.997085	-42.446045	8.886369	0	0	0	1
10.599081	-41.661495	21.760769	0	0	-0.070737201	0.99749499
32.151569	-60.412937	20.937727	0	0	0.32328956	0.94630009
62.491776	-40.852135	21.929163	0	0	0.58850112	0.8084964
62.513615	-40.770626	21.839077	0	0	0.58850112	0.8084964
62.528610	-40.714668	21.947479	0	0	0.58850112	0.8084964
62.536877	-40.683823	21.866987	0	0	0.58850112	0.8084964
62.540802	-40.669170	21.958908	0	0	0.58850112	0.8084964
62.518429	-40.752670	21.763260	0	0	0.58850112	0.8084964
62.440647	-41.042950	21.892763	0	0	0.58850112	0.8084964
62.442741	-41.035141	21.817101	0	0	0.58850112	0.8084964
62.511761	-40.777557	21.720638	0	0	0.58850112	0.8084964
62.539459	-40.674175	21.788824	0	0	0.58850112	0.8084964
62.453888	-40.993538	21.731369	0	0	0.58850112	0.8084964
62.544968	-40.653618	21.703190	0	0	0.58850112	0.8084964
62.548923	-40.638859	21.695066	0	0	0.58850112	0.8084964
62.522907	-40.735950	21.628687	0	0	0.58850112	0.8084964
62.542770	-40.661819	21.663012	0	0	0.58850112	0.8084964
62.479431	-40.898212	21.601412	0	0	0.58850112	0.8084964
62.461411	-40.965462	21.604280	0	0	0.58850112	0.8084964
62.533119	-40.697845	21.568899	0	0	0.58850112	0.8084964
62.555710	-40.613525	21.579409	0	0	0.58850112	0.8084964
62.380451	-41.267597	21.916548	0	0	0.58850112	0.8084964
62.556103	-40.612068	21.568142	0	0	0.58850112	0.8084964
62.550236	-40.633957	21.553104	0	0	0.58850112	0.8084964
62.555180	-40.615509	21.554981	0	0	0.58850112	0.8084964
62.666412	-40.200390	22.193937	0	0	0.66627604	0.74570519
63.462830	-37.228119	21.200394	0	0	0.66627604	0.74570519
63.402706	-37.452503	25.533390	0	0	0.50484609	0.86320938
61.678024	-43.889099	15.446656	0	0	0.66627604	0.74570519
63.331894	-37.716770	28.553961	0	0	0.50484609	0.86320938
63.311905	-37.791370	29.406677	0	0	0.85688874	0.51550139
31.395643	-61.168861	27.563786	0	0	0.41614682	0.90929743
33.927071	-58.637432	8.375510	0	0	0.50484609	0.86320938
63.670601	-36.452698	14.105549	0	0	0.58850112	0.8084964
60.264645	-49.163902	26.920692	0	0	0.66627604	0.74570519
60.035728	-50.018234	25.034142	0	0	0.50484609	0.86320938
59.762157	-51.039211	20.937727	0	0	0.58850112	0.8084964
61.942860	-42.900715	32.431820	0	0	0.50484609	0.86320938
14.222663	-43.726555	5.343647	0	0	-0.16996714	0.98544973
59.873417	-50.623981	15.646496	0	0	0.50484609	0.86320938
36.262753	-56.301754	2.235564	0	0	0.1288445	0.99166481
61.448044	-44.747395	9.991973	0	0	0.58850112	0.8084964
60.933701	-46.666950	10.782341	0	0	0.85688874	0.51550139
62.484295	-40.880054	35.242718	0	0	0.58850112	0.8084964
63.790016	-36.007034	9.011624	0	0	0.66627604	0.74570519
67.442581	-29.878948	21.547108	0	0	0.73739371	0.67546319
67.442505	-29.878654	21.543739	0	0	0.80114363	0.59847213
67.442688	-29.879339	21.551579	0	0	0.80114363	0.59847213
67.442017	-29.876833	21.522923	0	0	0.80114363	0.59847213
67.443115	-29.880941	21.569880	0	0	0.73739371	0.67546319
67.440567	-29.871426	21.461111	0	0	0.80114363	0.59847213
67.440239	-29.870214	21.447273	0	0	0.80114363	0.59847213
67.440147	-29.869869	21.443336	0	0	0.73739371	0.67546319
67.438736	-29.864590	21.382975	0	0	0.80114363	0.59847213
67.438324	-29.863070	21.365612	0	0	0.80114363	0.59847213
67.438133	-29.862339	21.357252	0	0	0.73739371	0.67546319
67.447067	-29.895700	21.738581	0	0	0.73739371	0.67546319
67.437408	-29.859634	21.326349	0	0	0.73739371	0.67546319
67.436699	-29.856993	21.296156	0	0	0.80114363	0.59847213
67.436417	-29.855955	21.284285	0	0	0.73739371	0.67546319
67.435753	-29.853474	21.255926	0	0	0.80114363	0.59847213
67.435150	-29.851223	21.230200	0	0	0.73739371	0.67546319
67.435104	-29.851034	21.228043	0	0	0.80114363	0.59847213
67.434898	-29.850277	21.219393	0	0	0.80114363	0.59847213
67.433685	-29.845749	21.167637	0	0	0.80114363	0.59847213
67.433640	-29.845589	21.165806	0	0	0.73739371	0.67546319
67.433395	-29.844664	21.155224	0	0	0.80114363	0.59847213
67.433144	-29.843735	21.144604	0	0	0.80114363	0.59847213
67.433121	-29.843636	21.143471	0	0	0.73739371	0.67546319
67.416901	-29.783098	20.451544	0	0	0.73739371	0.67546319
67.412193	-29.765545	20.250893	0	0	0.73739371	0.67546319
67.512817	-30.141083	24.543314	0	0	0.73739371	0.67546319
67.517570	-30.158808	24.745903	0	0	0.73739371	0.67546319
58.480991	-55.820587	27.563786	0	0	0.58850112	0.8084964
67.553513	-30.292938	26.279032	0	0	0.80114363	0.59847213
67.582069	-30.399517	27.497242	0	0	0.73739371	0.67546319
67.587608	-30.420191	27.733538	0	0	0.73739371	0.67546319
67.615746	-30.525211	28.933914	0	0	0.80114363	0.59847213
59.567707	-51.764912	8.375509	0	0	0.58850112	0.8084964
67.240974	-29.126547	12.947107	0	0	0	1
67.318535	-29.416006	12.585748	0	0	0	1
67.665062	-30.709249	31.037489	0	0	0.73739371	0.67546319
67.494446	-30.072523	11.766156	0	0	0	1
67.689369	-30.799963	32.074348	0	0	0.73739371	0.67546319
58.722404	-54.919628	9.344271	0	0	0.66627604	0.74570519
61.720150	-43.731884	2.235564	0	0	0.58850112	0.8084964
70.090363	-29.780273	20.022192	0	0	0.80114363	0.59847213
70.090706	-29.780613	20.027512	0	0	0.73739371	0.67546319
70.090942	-29.780849	20.031191	0	0	0.80114363	0.59847213
70.091377	-29.781284	20.037989	0	0	0.73739371	0.67546319
70.088608	-29.778519	19.994818	0	0	0.80114363	0.59847213
70.085091	-29.775002	19.939875	0	0	0.80114363	0.59847213
70.083900	-29.773809	19.921282	0	0	0.73739371	0.67546319
70.083786	-29.773693	19.919456	0	0	0.80114363	0.59847213
70.080116	-29.770025	19.862192	0	0	0.80114363	0.59847213
70.078911	-29.768820	19.843380	0	0	0.80114363	0.59847213
70.078033	-29.767941	19.829653	0	0	0.73739371	0.67546319
70.103546	-29.793457	20.228035	0	0	0.73739371	0.67546319
70.076393	-29.766298	19.804007	0	0	0.73739371	0.67546319
70.074593	-29.764500	19.775909	0	0	0.80114363	0.59847213
70.073738	-29.763647	19.762615	0	0	0.73739371	0.67546319
70.071945	-29.761856	19.734638	0	0	0.80114363	0.59847213
70.070244	-29.760157	19.708105	0	0	0.73739371	0.67546319
70.069778	-29.759686	19.700745	0	0	0.80114363	0.59847213
70.069351	-29.759260	19.694099	0	0	0.80114363	0.59847213
70.066315	-29.756224	19.646700	0	0	0.80114363	0.59847213
70.066124	-29.756035	19.643738	0	0	0.73739371	0.67546319
70.065483	-29.755394	19.633728	0	0	0.80114363	0.59847213
70.064873	-29.754784	19.624214	0	0	0.80114363	0.59847213
70.064774	-29.754681	19.622608	0	0	0.73739371	0.67546319
70.024681	-29.714592	18.996668	0	0	0.80114363	0.59847213
70.224121	-29.914026	22.110592	0	0	0.73739371	0.67546319
69.932373	-29.622280	17.555323	0	0	0.80114363	0.59847213
70.305374	-29.995283	23.379305	0	0	0.73739371	0.67546319
70.334023	-30.023930	23.826588	0	0	0.80114363	0.59847213
70.399597	-30.089508	24.850521	0	0	0.73739371	0.67546319
65.069183	-21.021317	36.168705	0	0	0	1
59.569778	-51.757179	3.591105	0	0	0.58850112	0.8084964
70.488243	-30.178150	26.234537	0	0	0.73739371	0.67546319
64.818153	-20.956337	36.911430	0	0	0	1
64.793518	-20.949961	36.984318	0	0	0	1
64.447693	-20.860443	38.007500	0	0	0	1
64.407455	-20.850027	38.126553	0	0	0	1
69.596786	-29.286695	12.315597	0	0	0	1
70.586632	-30.276543	27.770832	0	0	0.85688874	0.51550139
64.292763	-20.820339	38.465897	0	0	0	1
64.169434	-20.788414	38.830791	0	0	0	1
70.639244	-30.329151	28.592251	0	0	0.73739371	0.67546319
70.642906	-30.332811	28.649401	0	0	0.73739371	0.67546319
63.903839	-20.719666	39.616604	0	0	0	1
63.180172	-20.532343	41.757710	0	0	0	1
58.616055	-55.316521	3.608927	0	0	0.50484609	0.86320938
63.083698	-20.507370	42.043144	0	0	0	1
58.060101	-57.391373	5.443243	0	0	0.66627604	0.74570519
26.417080	-66.147423	35.242718	0	0	0.41614682	0.90929743
68.843605	-35.107643	5.480350	0	0	0.80114363	0.59847213
61.915188	-20.204899	45.500416	0	0	-0.69670669	0.71735611
69.247787	-36.616074	3.597235	0	0	0	1
24.650356	-67.914146	9.991973	0	0	0.50484609	0.86320938
26.495018	-66.069489	3.591105	0	0	0.32328956	0.94630009
61.049522	-19.980820	48.061642	0	0	0	1
24.218988	-68.345520	9.344271	0	0	0.50484609	0.86320938
22.723562	-69.840942	15.446656	0	0	0.41614682	0.90929743
60.752407	-19.903912	48.940712	0	0	0	1
75.846107	-28.648291	18.588057	0	0	0.80114363	0.59847213
75.847046	-28.648542	18.598768	0	0	0.80114363	0.59847213
75.845924	-28.648241	18.585922	0	0	0.80114363	0.59847213
75.847481	-28.648659	18.603706	0	0	0.80114363	0.59847213
75.842934	-28.647440	18.551786	0	0	0.80114363	0.59847213
75.839417	-28.646498	18.511581	0	0	0.80114363	0.59847213
75.837509	-28.645987	18.489735	0	0	0.80114363	0.59847213
75.836372	-28.645683	18.476795	0	0	0.80114363	0.59847213
75.832664	-28.644690	18.434393	0	0	0.80114363	0.59847213
75.830742	-28.644173	18.412380	0	0	0.80114363	0.59847213
75.828651	-28.643612	18.388487	0	0	0.80114363	0.59847213
75.827217	-28.643229	18.372116	0	0	0.80114363	0.59847213
75.866409	-28.653730	18.820112	0	0	0.80114363	0.59847213
75.825195	-28.642687	18.349007	0	0	0.80114363	0.59847213
75.824028	-28.642374	18.335693	0	0	0.80114363	0.59847213
75.821526	-28.641705	18.307076	0	0	0.80114363	0.59847213
75.818962	-28.641016	18.277723	0	0	0.80114363	0.59847213
75.817467	-28.640615	18.260645	0	0	0.80114363	0.59847213
75.817146	-28.640532	18.257025	0	0	0.80114363	0.59847213
75.813736	-28.639616	18.218040	0	0	0.80114363	0.59847213
75.813690	-28.639605	18.217535	0	0	0.80114363	0.59847213
75.812843	-28.639376	18.207783	0	0	0.80114363	0.59847213
75.811981	-28.639145	18.197929	0	0	0.80114363	0.59847213
75.811874	-28.639118	18.196777	0	0	0.80114363	0.59847213
75.769318	-28.627714	17.710306	0	0	0.80114363	0.59847213
75.972343	-28.682116	20.030901	0	0	0.80114363	0.59847213
76.124382	-28.722855	21.768763	0	0	0.80114363	0.59847213
75.562347	-28.572258	15.344665	0	0	0.85688874	0.51550139
76.168243	-28.734608	22.270092	0	0	0.80114363	0.59847213
76.187920	-28.739880	22.494974	0	0	0.80114363	0.59847213
76.400864	-28.796938	24.928934	0	0	0.80114363	0.59847213
75.287086	-28.498501	12.198366	0	0	0	1
76.533028	-28.832350	26.439552	0	0	0.80114363	0.59847213
76.555763	-28.838442	26.699396	0	0	0.94222235	0.33498812
76.567039	-28.841465	26.828348	0	0	0.80114363	0.59847213
24.180056	-68.384445	3.608927	0	0	0.32328956	0.94630009
52.466625	-40.097881	59.854717	0	0	0.32328956	0.94630009
-0.604045	-48.369099	6.352752	0	0	0.1288445	0.99166481
-3.213584	-48.205414	11.487043	0	0	0	1
78.242012	-22.964146	18.279324	0	-0	-1	-4.371139e-08
78.242012	-22.964146	18.279324	0	0	-0.82533563	0.56464246
78.242012	-22.964146	18.279324	0	0	-0.87758258	0.4794255
62.690346	-40.111053	55.920784	0	0	0.50484609	0.86320938
78.326111	-22.941610	19.240576	0	0	-0.82533563	0.56464246
78.483192	-22.899521	21.036032	0	0	-0.87758258	0.4794255
78.518608	-22.890032	21.440847	0	0	-0.87758258	0.4794255
78.575798	-22.874706	22.094561	0	0	-0.87758258	0.4794255
78.325539	-22.154438	19.234085	0	0	0	1
78.790237	-22.817247	24.545647	0	0	-0.87758258	0.4794255
78.951233	-22.774109	26.385780	0	0	-0.92106097	0.38941839
78.956093	-22.772806	26.441364	0	0	-0.87758258	0.4794255
20.496456	-72.068047	5.443243	0	0	0.41614682	0.90929743
-2.617086	-49.130867	5.825478	0	0	0.32328956	0.94630009
78.995346	-20.779182	26.889971	0	0	0	1
45.739655	-31.673124	66.713104	0	0	0.029199523	0.9995736
55.801994	-65.818741	-5.130229	0	0	0.50484609	0.86320938
68.249435	-32.890160	55.965393	0	0	0.73739371	0.67546319
56.485355	-18.799376	61.565605	0	0	0	1
14.768458	-77.796043	15.646496	0	0	0.22720209	0.97384763
-9.189759	-50.860115	7.934446	0	0	0	1
54.575226	-70.397095	-8.075262	0	0	0.73739371	0.67546319
-11.533173	-50.147537	15.403482	0	0	0	1
-13.498712	-47.545998	35.242718	0	0	0.50484609	0.86320938
-12.469680	-45.469116	40.592972	0	0	0	1
-16.994345	-50.724739	21.500128	0	0	0	1
13.637284	-78.927223	-5.130229	0	0	0.41614682	0.90929743
77.633698	-14.930808	62.140610	0	0	0	1
41.916946	-19.556999	81.781990	0	0	0.029199523	0.9995736
-16.563684	-55.416237	-2.920535	0	0	0	1
8.030946	-84.533562	-8.075262	0	0	0.58850112	0.8084964
-28.924234	-54.588150	21.665617	0	0	-0.070737201	0.99749499
-25.107317	-58.660286	-5.213959	0	0	0.58850112	0.8084964
70.257286	-11.870852	84.847633	0	0	-0.69670669	0.71735611
70.257286	-11.870852	84.847633	0	0	-0.62160997	0.7833269
70.257286	-11.870852	84.847633	0	0	-0.82533563	0.56464246
70.257286	-11.870852	84.847633	0	0	-0.76484218	0.64421769
53.608921	-13.298831	94.111794	0	0	0	1
62.319447	-10.759152	96.461075	0	0	0	1
69.131248	-9.988169	96.635330	0	0	0	1
77.724388	-9.083063	96.458397	0	0	0	1
84.953491	-8.545766	94.991959	0	0	0	1
94.963104	-8.170803	90.792381	0	0	0	1
113.992180	-9.539998	70.569496	0	0	0	1
62.538750	-11.577600	144.110886	0	0	-0.62160997	0.7833269
-4.230136	-45.702862	145.531235	0	0	0.73739371	0.67546319
71.668900	-6.602638	145.063599	0	0	-0.62160997	0.7833269
83.294159	-9.270347	150.521591	0	0	-0.69670669	0.71735611
90.555435	-19.664774	159.022400	0	0	-0.95533648	0.29552023
143.280792	-46.717358	163.193008	0	0	0.99913515	0.041580682
-31.826626	-146.322601	150.208099	0	0	0.85688874	0.51550139
178.774597	-138.464508	163.193008	0	0	0.99913515	0.041580682
37.750031	-220.531738	158.034912	0	0	0.97095818	0.23924928
96.707367	-220.531738	163.193008	0	0	0.98999249	0.14112005
117.066147	-215.076614	163.193008	0	0	0.99913515	0.041580682
