51.866604	110.511078	-68.729858	-1.341593	17.138943	156.518768	-100.720284
17.138943	156.518768	-100.720284	-1.141593	-26.494158	172.959381	-129.149399
-26.494158	172.959381	-129.149399	-1.141593	-81.294418	167.947189	-142.931152
-81.294418	167.947189	-142.931152	-1.141593	-158.246994	109.555977	-133.080032
-158.246994	109.555977	-133.080032	-0.741593	-172.271881	20.715477	-109.793098
-172.271881	20.715477	-109.793098	-0.141593	-128.463043	-42.848663	-79.310066
-128.463043	-42.848663	-79.310066	0.458407	32.722652	81.082031	-16.483002
32.722652	81.082031	-16.483002	-1.341593	132.083893	-137.306778	-121.947456
51.866604	110.511078	-68.729858	-1.341593	17.138943	156.518768	-100.720284
17.138943	156.518768	-100.720284	-1.141593	-26.494158	172.959381	-129.149399
-26.494158	172.959381	-129.149399	-1.141593	-81.294418	167.947189	-142.931152
-81.294418	167.947189	-142.931152	-1.141593	-158.246994	109.555977	-133.080032
-158.246994	109.555977	-133.080032	-0.741593	-172.271881	20.715477	-109.793098
-172.271881	20.715477	-109.793098	-0.141593	-128.463043	-42.848663	-79.310066
-128.463043	-42.848663	-79.310066	0.458407	32.722652	81.082031	-16.483002
32.722652	81.082031	-16.483002	-1.341593	132.083893	-137.306778	-121.947456
51.866604	110.511078	-68.729858	-1.341593	17.138943	156.518768	-100.720284
17.138943	156.518768	-100.720284	-1.141593	-26.494158	172.959381	-129.149399
-26.494158	172.959381	-129.149399	-1.141593	-81.294418	167.947189	-142.931152
-81.294418	167.947189	-142.931152	-1.141593	-158.246994	109.555977	-133.080032
-158.246994	109.555977	-133.080032	-0.741593	-172.271881	20.715477	-109.793098
-172.271881	20.715477	-109.793098	-0.141593	-128.463043	-42.848663	-79.310066
-128.463043	-42.848663	-79.310066	0.458407	32.722652	81.082031	-16.483002
32.722652	81.082031	-16.483002	-1.341593	132.083893	-137.306778	-121.947456
51.866604	110.511078	-68.729858	-1.341593	17.138943	156.518768	-100.720284
17.138943	156.518768	-100.720284	-1.141593	-26.494158	172.959381	-129.149399
-26.494158	172.959381	-129.149399	-1.141593	-81.294418	167.947189	-142.931152
-81.294418	167.947189	-142.931152	-1.141593	-158.246994	109.555977	-133.080032
-158.246994	109.555977	-133.080032	-0.741593	-172.271881	20.715477	-109.793098
-172.271881	20.715477	-109.793098	-0.141593	-128.463043	-42.848663	-79.310066
-128.463043	-42.848663	-79.310066	0.458407	32.722652	81.082031	-16.483002
32.722652	81.082031	-16.483002	-1.341593	132.083893	-137.306778	-121.947456
51.866604	110.511078	-68.729858	-1.341593	17.138943	156.518768	-100.720284
17.138943	156.518768	-100.720284	-1.141593	-26.494158	172.959381	-129.149399
-26.494158	172.959381	-129.149399	-1.141593	-81.294418	167.947189	-142.931152
-81.294418	167.947189	-142.931152	-1.141593	-158.246994	109.555977	-133.080032
-158.246994	109.555977	-133.080032	-0.741593	-172.271881	20.715477	-109.793098
-172.271881	20.715477	-109.793098	-0.141593	-128.463043	-42.848663	-79.310066
-128.463043	-42.848663	-79.310066	0.458407	32.722652	81.082031	-16.483002
32.722652	81.082031	-16.483002	-1.341593	132.083893	-137.306778	-121.947456
51.866604	110.511078	-68.729858	-1.341593	17.138943	156.518768	-100.720284
17.138943	156.518768	-100.720284	-1.141593	-26.494158	172.959381	-129.149399
-26.494158	172.959381	-129.149399	-1.141593	-81.294418	167.947189	-142.931152
-81.294418	167.947189	-142.931152	-1.141593	-158.246994	109.555977	-133.080032
-158.246994	109.555977	-133.080032	-0.741593	-172.271881	20.715477	-109.793098
-172.271881	20.715477	-109.793098	-0.141593	-128.463043	-42.848663	-79.310066
-128.463043	-42.848663	-79.310066	0.458407	32.722652	81.082031	-16.483002
32.722652	81.082031	-16.483002	-1.341593	132.083893	-137.306778	-121.947456
51.866604	110.511078	-68.729858	-1.341593	17.138943	156.518768	-100.720284
17.138943	156.518768	-100.720284	-1.141593	-26.494158	172.959381	-129.149399
-26.494158	172.959381	-129.149399	-1.141593	-81.294418	167.947189	-142.931152
-81.294418	167.947189	-142.931152	-1.141593	-158.246994	109.555977	-133.080032
-158.246994	109.555977	-133.080032	-0.741593	-172.271881	20.715477	-109.793098
-172.271881	20.715477	-109.793098	-0.141593	-128.463043	-42.848663	-79.310066
-128.463043	-42.848663	-79.310066	0.458407	32.722652	81.082031	-16.483002
32.722652	81.082031	-16.483002	-1.341593	132.083893	-137.306778	-121.947456
51.866604	110.511078	-68.729858	-1.341593	17.138943	156.518768	-100.720284
17.138943	156.518768	-100.720284	-1.141593	-26.494158	172.959381	-129.149399
-26.494158	172.959381	-129.149399	-1.141593	-81.294418	167.947189	-142.931152
-81.294418	167.947189	-142.931152	-1.141593	-158.246994	109.555977	-133.080032
-158.246994	109.555977	-133.080032	-0.741593	-172.271881	20.715477	-109.793098
-172.271881	20.715477	-109.793098	-0.141593	-128.463043	-42.848663	-79.310066
-128.463043	-42.848663	-79.310066	0.458407	32.722652	81.082031	-16.483002
32.722652	81.082031	-16.483002	-1.341593	132.083893	-137.306778	-121.947456
51.866604	110.511078	-68.729858	-1.341593	17.138943	156.518768	-100.720284
17.138943	156.518768	-100.720284	-1.141593	-26.494158	172.959381	-129.149399
-26.494158	172.959381	-129.149399	-1.141593	-81.294418	167.947189	-142.931152
-81.294418	167.947189	-142.931152	-1.141593	-158.246994	109.555977	-133.080032
-158.246994	109.555977	-133.080032	-0.741593	-172.271881	20.715477	-109.793098
-172.271881	20.715477	-109.793098	-0.141593	-128.463043	-42.848663	-79.310066
-128.463043	-42.848663	-79.310066	0.458407	32.722652	81.082031	-16.483002
32.722652	81.082031	-16.483002	-1.341593	132.083893	-137.306778	-121.947456
51.866604	110.511078	-68.729858	-1.341593	17.138943	156.518768	-100.720284
17.138943	156.518768	-100.720284	-1.141593	-26.494158	172.959381	-129.149399
-26.494158	172.959381	-129.149399	-1.141593	-81.294418	167.947189	-142.931152
-81.294418	167.947189	-142.931152	-1.141593	-158.246994	109.555977	-133.080032
-158.246994	109.555977	-133.080032	-0.741593	-172.271881	20.715477	-109.793098
-172.271881	20.715477	-109.793098	-0.141593	-128.463043	-42.848663	-79.310066
-128.463043	-42.848663	-79.310066	0.458407	32.722652	81.082031	-16.483002
32.722652	81.082031	-16.483002	-1.341593	132.083893	-137.306778	-121.947456
51.866604	110.511078	-68.729858	-1.341593	17.138943	156.518768	-100.720284
17.138943	156.518768	-100.720284	-1.141593	-26.494158	172.959381	-129.149399
-26.494158	172.959381	-129.149399	-1.141593	-81.294418	167.947189	-142.931152
-81.294418	167.947189	-142.931152	-1.141593	-158.246994	109.555977	-133.080032
-158.246994	109.555977	-133.080032	-0.741593	-172.271881	20.715477	-109.793098
-172.271881	20.715477	-109.793098	-0.141593	-128.463043	-42.848663	-79.310066
-128.463043	-42.848663	-79.310066	0.458407	32.722652	81.082031	-16.483002
32.722652	81.082031	-16.483002	-1.341593	132.083893	-137.306778	-121.947456
51.866604	110.511078	-68.729858	-1.341593	17.138943	156.518768	-100.720284
17.138943	156.518768	-100.720284	-1.141593	-26.494158	172.959381	-129.149399
-26.494158	172.959381	-129.149399	-1.141593	-81.294418	167.947189	-142.931152
-81.294418	167.947189	-142.931152	-1.141593	-158.246994	109.555977	-133.080032
-158.246994	109.555977	-133.080032	-0.741593	-172.271881	20.715477	-109.793098
-172.271881	20.715477	-109.793098	-0.141593	-128.463043	-42.848663	-79.310066
-128.463043	-42.848663	-79.310066	0.458407	32.722652	81.082031	-16.483002
32.722652	81.082031	-16.483002	-1.341593	132.083893	-137.306778	-121.947456
51.866604	110.511078	-68.729858	-1.341593	17.138943	156.518768	-100.720284
17.138943	156.518768	-100.720284	-1.141593	-26.494158	172.959381	-129.149399
-26.494158	172.959381	-129.149399	-1.141593	-81.294418	167.947189	-142.931152
-81.294418	167.947189	-142.931152	-1.141593	-158.246994	109.555977	-133.080032
-158.246994	109.555977	-133.080032	-0.741593	-172.271881	20.715477	-109.793098
-172.271881	20.715477	-109.793098	-0.141593	-128.463043	-42.848663	-79.310066
-128.463043	-42.848663	-79.310066	0.458407	32.722652	81.082031	-16.483002
32.722652	81.082031	-16.483002	-1.341593	132.083893	-137.306778	-121.947456
51.866604	110.511078	-68.729858	-1.341593	17.138943	156.518768	-100.720284
17.138943	156.518768	-100.720284	-1.141593	-26.494158	172.959381	-129.149399
-26.494158	172.959381	-129.149399	-1.141593	-81.294418	167.947189	-142.931152
-81.294418	167.947189	-142.931152	-1.141593	-158.246994	109.555977	-133.080032
-158.246994	109.555977	-133.080032	-0.741593	-172.271881	20.715477	-109.793098
-172.271881	20.715477	-109.793098	-0.141593	-128.463043	-42.848663	-79.310066
-128.463043	-42.848663	-79.310066	0.458407	32.722652	81.082031	-16.483002
32.722652	81.082031	-16.483002	-1.341593	132.083893	-137.306778	-121.947456
51.866604	110.511078	-68.729858	-1.341593	17.138943	156.518768	-100.720284
17.138943	156.518768	-100.720284	-1.141593	-26.494158	172.959381	-129.149399
-26.494158	172.959381	-129.149399	-1.141593	-81.294418	167.947189	-142.931152
-81.294418	167.947189	-142.931152	-1.141593	-158.246994	109.555977	-133.080032
-158.246994	109.555977	-133.080032	-0.741593	-172.271881	20.715477	-109.793098
-172.271881	20.715477	-109.793098	-0.141593	-128.463043	-42.848663	-79.310066
-128.463043	-42.848663	-79.310066	0.458407	32.722652	81.082031	-16.483002
32.722652	81.082031	-16.483002	-1.341593	132.083893	-137.306778	-121.947456
51.866604	110.511078	-68.729858	-1.341593	17.138943	156.518768	-100.720284
17.138943	156.518768	-100.720284	-1.141593	-26.494158	172.959381	-129.149399
-26.494158	172.959381	-129.149399	-1.141593	-81.294418	167.947189	-142.931152
-81.294418	167.947189	-142.931152	-1.141593	-158.246994	109.555977	-133.080032
-158.246994	109.555977	-133.080032	-0.741593	-172.271881	20.715477	-109.793098
-172.271881	20.715477	-109.793098	-0.141593	-128.463043	-42.848663	-79.310066
-128.463043	-42.848663	-79.310066	0.458407	32.722652	81.082031	-16.483002
32.722652	81.082031	-16.483002	-1.341593	132.083893	-137.306778	-121.947456
51.866604	110.511078	-68.729858	-1.341593	17.138943	156.518768	-100.720284
17.138943	156.518768	-100.720284	-1.141593	-26.494158	172.959381	-129.149399
-26.494158	172.959381	-129.149399	-1.141593	-81.294418	167.947189	-142.931152
-81.294418	167.947189	-142.931152	-1.141593	-158.246994	109.555977	-133.080032
-158.246994	109.555977	-133.080032	-0.741593	-172.271881	20.715477	-109.793098
-172.271881	20.715477	-109.793098	-0.141593	-128.463043	-42.848663	-79.310066
-128.463043	-42.848663	-79.310066	0.458407	32.722652	81.082031	-16.483002
32.722652	81.082031	-16.483002	-1.341593	132.083893	-137.306778	-121.947456
51.866604	110.511078	-68.729858	-1.341593	17.138943	156.518768	-100.720284
17.138943	156.518768	-100.720284	-1.141593	-26.494158	172.959381	-129.149399
-26.494158	172.959381	-129.149399	-1.141593	-81.294418	167.947189	-142.931152
-81.294418	167.947189	-142.931152	-1.141593	-158.246994	109.555977	-133.080032
-158.246994	109.555977	-133.080032	-0.741593	-172.271881	20.715477	-109.793098
-172.271881	20.715477	-109.793098	-0.141593	-128.463043	-42.848663	-79.310066
-128.463043	-42.848663	-79.310066	0.458407	32.722652	81.082031	-16.483002
32.722652	81.082031	-16.483002	-1.341593	132.083893	-137.306778	-121.947456
51.866604	110.511078	-68.729858	-1.341593	17.138943	156.518768	-100.720284
17.138943	156.518768	-100.720284	-1.141593	-26.494158	172.959381	-129.149399
-26.494158	172.959381	-129.149399	-1.141593	-81.294418	167.947189	-142.931152
-81.294418	167.947189	-142.931152	-1.141593	-158.246994	109.555977	-133.080032
-158.246994	109.555977	-133.080032	-0.741593	-172.271881	20.715477	-109.793098
-172.271881	20.715477	-109.793098	-0.141593	-128.463043	-42.848663	-79.310066
-128.463043	-42.848663	-79.310066	0.458407	32.722652	81.082031	-16.483002
32.722652	81.082031	-16.483002	-1.341593	132.083893	-137.306778	-121.947456
51.866604	110.511078	-68.729858	-1.341593	17.138943	156.518768	-100.720284
17.138943	156.518768	-100.720284	-1.141593	-26.494158	172.959381	-129.149399
-26.494158	172.959381	-129.149399	-1.141593	-81.294418	167.947189	-142.931152
-81.294418	167.947189	-142.931152	-1.141593	-158.246994	109.555977	-133.080032
-158.246994	109.555977	-133.080032	-0.741593	-172.271881	20.715477	-109.793098
-172.271881	20.715477	-109.793098	-0.141593	-128.463043	-42.848663	-79.310066
-128.463043	-42.848663	-79.310066	0.458407	32.722652	81.082031	-16.483002
32.722652	81.082031	-16.483002	-1.341593	132.083893	-137.306778	-121.947456
