29.361637	91.202568	149.093475	0.000000	0.000000	3.058407
-6.631553	-5.498857	145.205353	0.000000	0.000000	3.058407
-61.966904	-32.120743	144.173431	0.000000	0.000000	1.858407
-71.546898	-36.749775	145.719666	0.000000	0.000000	1.858407
-83.064575	-33.486603	151.550034	0.000000	0.000000	1.658407
-90.546700	-23.099386	160.023956	0.000000	0.000000	0.458407
-152.365448	6.546158	163.007980	0.000000	0.000000	1.058407
-180.896912	98.201431	163.007980	0.000000	0.000000	0.458407
-115.786858	168.738052	163.007980	0.000000	0.000000	-0.141593
-108.374046	170.724304	163.007980	0.000000	0.000000	-0.141593
-108.374046	170.724304	163.007980	0.000000	0.000000	-0.141593
-32.697994	170.724304	156.387177	0.000000	0.000000	-0.541593
29.361637	91.202568	149.093475	0.000000	0.000000	3.058407
-6.631553	-5.498857	145.205353	0.000000	0.000000	3.058407
-61.966904	-32.120743	144.173431	0.000000	0.000000	1.858407
-71.546898	-36.749775	145.719666	0.000000	0.000000	1.858407
-83.064575	-33.486603	151.550034	0.000000	0.000000	1.658407
-90.546700	-23.099386	160.023956	0.000000	0.000000	0.458407
-152.365448	6.546158	163.007980	0.000000	0.000000	1.058407
-180.896912	98.201431	163.007980	0.000000	0.000000	0.458407
-115.786858	168.738052	163.007980	0.000000	0.000000	-0.141593
-108.374046	170.724304	163.007980	0.000000	0.000000	-0.141593
-108.374046	170.724304	163.007980	0.000000	0.000000	-0.141593
-32.697994	170.724304	156.387177	0.000000	0.000000	-0.541593
29.361637	91.202568	149.093475	0.000000	0.000000	3.058407
-6.631553	-5.498857	145.205353	0.000000	0.000000	3.058407
-61.966904	-32.120743	144.173431	0.000000	0.000000	1.858407
-71.546898	-36.749775	145.719666	0.000000	0.000000	1.858407
-83.064575	-33.486603	151.550034	0.000000	0.000000	1.658407
-90.546700	-23.099386	160.023956	0.000000	0.000000	0.458407
-152.365448	6.546158	163.007980	0.000000	0.000000	1.058407
-180.896912	98.201431	163.007980	0.000000	0.000000	0.458407
-115.786858	168.738052	163.007980	0.000000	0.000000	-0.141593
-108.374046	170.724304	163.007980	0.000000	0.000000	-0.141593
-108.374046	170.724304	163.007980	0.000000	0.000000	-0.141593
-32.697994	170.724304	156.387177	0.000000	0.000000	-0.541593
29.361637	91.202568	149.093475	0.000000	0.000000	3.058407
-6.631553	-5.498857	145.205353	0.000000	0.000000	3.058407
-61.966904	-32.120743	144.173431	0.000000	0.000000	1.858407
-71.546898	-36.749775	145.719666	0.000000	0.000000	1.858407
-83.064575	-33.486603	151.550034	0.000000	0.000000	1.658407
-90.546700	-23.099386	160.023956	0.000000	0.000000	0.458407
-152.365448	6.546158	163.007980	0.000000	0.000000	1.058407
-180.896912	98.201431	163.007980	0.000000	0.000000	0.458407
-115.786858	168.738052	163.007980	0.000000	0.000000	-0.141593
-108.374046	170.724304	163.007980	0.000000	0.000000	-0.141593
-108.374046	170.724304	163.007980	0.000000	0.000000	-0.141593
-32.697994	170.724304	156.387177	0.000000	0.000000	-0.541593
29.361637	91.202568	149.093475	0.000000	0.000000	3.058407
-6.631553	-5.498857	145.205353	0.000000	0.000000	3.058407
-61.966904	-32.120743	144.173431	0.000000	0.000000	1.858407
-71.546898	-36.749775	145.719666	0.000000	0.000000	1.858407
-83.064575	-33.486603	151.550034	0.000000	0.000000	1.658407
-90.546700	-23.099386	160.023956	0.000000	0.000000	0.458407
-152.365448	6.546158	163.007980	0.000000	0.000000	1.058407
-180.896912	98.201431	163.007980	0.000000	0.000000	0.458407
-115.786858	168.738052	163.007980	0.000000	0.000000	-0.141593
-108.374046	170.724304	163.007980	0.000000	0.000000	-0.141593
-108.374046	170.724304	163.007980	0.000000	0.000000	-0.141593
-32.697994	170.724304	156.387177	0.000000	0.000000	-0.541593
29.361637	91.202568	149.093475	0.000000	0.000000	3.058407
-6.631553	-5.498857	145.205353	0.000000	0.000000	3.058407
-61.966904	-32.120743	144.173431	0.000000	0.000000	1.858407
-71.546898	-36.749775	145.719666	0.000000	0.000000	1.858407
-83.064575	-33.486603	151.550034	0.000000	0.000000	1.658407
-90.546700	-23.099386	160.023956	0.000000	0.000000	0.458407
-152.365448	6.546158	163.007980	0.000000	0.000000	1.058407
-180.896912	98.201431	163.007980	0.000000	0.000000	0.458407
-115.786858	168.738052	163.007980	0.000000	0.000000	-0.141593
-108.374046	170.724304	163.007980	0.000000	0.000000	-0.141593
-108.374046	170.724304	163.007980	0.000000	0.000000	-0.141593
-32.697994	170.724304	156.387177	0.000000	0.000000	-0.541593
29.361637	91.202568	149.093475	0.000000	0.000000	3.058407
-6.631553	-5.498857	145.205353	0.000000	0.000000	3.058407
-61.966904	-32.120743	144.173431	0.000000	0.000000	1.858407
-71.546898	-36.749775	145.719666	0.000000	0.000000	1.858407
-83.064575	-33.486603	151.550034	0.000000	0.000000	1.658407
-90.546700	-23.099386	160.023956	0.000000	0.000000	0.458407
-152.365448	6.546158	163.007980	0.000000	0.000000	1.058407
-180.896912	98.201431	163.007980	0.000000	0.000000	0.458407
-115.786858	168.738052	163.007980	0.000000	0.000000	-0.141593
-108.374046	170.724304	163.007980	0.000000	0.000000	-0.141593
-108.374046	170.724304	163.007980	0.000000	0.000000	-0.141593
-32.697994	170.724304	156.387177	0.000000	0.000000	-0.541593
29.361637	91.202568	149.093475	0.000000	0.000000	3.058407
-6.631553	-5.498857	145.205353	0.000000	0.000000	3.058407
-61.966904	-32.120743	144.173431	0.000000	0.000000	1.858407
-71.546898	-36.749775	145.719666	0.000000	0.000000	1.858407
-83.064575	-33.486603	151.550034	0.000000	0.000000	1.658407
-90.546700	-23.099386	160.023956	0.000000	0.000000	0.458407
-152.365448	6.546158	163.007980	0.000000	0.000000	1.058407
-180.896912	98.201431	163.007980	0.000000	0.000000	0.458407
-115.786858	168.738052	163.007980	0.000000	0.000000	-0.141593
-108.374046	170.724304	163.007980	0.000000	0.000000	-0.141593
-108.374046	170.724304	163.007980	0.000000	0.000000	-0.141593
-32.697994	170.724304	156.387177	0.000000	0.000000	-0.541593
29.361637	91.202568	149.093475	0.000000	0.000000	3.058407
-6.631553	-5.498857	145.205353	0.000000	0.000000	3.058407
-61.966904	-32.120743	144.173431	0.000000	0.000000	1.858407
-71.546898	-36.749775	145.719666	0.000000	0.000000	1.858407
-83.064575	-33.486603	151.550034	0.000000	0.000000	1.658407
-90.546700	-23.099386	160.023956	0.000000	0.000000	0.458407
-152.365448	6.546158	163.007980	0.000000	0.000000	1.058407
-180.896912	98.201431	163.007980	0.000000	0.000000	0.458407
-115.786858	168.738052	163.007980	0.000000	0.000000	-0.141593
-108.374046	170.724304	163.007980	0.000000	0.000000	-0.141593
-108.374046	170.724304	163.007980	0.000000	0.000000	-0.141593
-32.697994	170.724304	156.387177	0.000000	0.000000	-0.541593
29.361637	91.202568	149.093475	0.000000	0.000000	3.058407
-6.631553	-5.498857	145.205353	0.000000	0.000000	3.058407
-61.966904	-32.120743	144.173431	0.000000	0.000000	1.858407
-71.546898	-36.749775	145.719666	0.000000	0.000000	1.858407
-83.064575	-33.486603	151.550034	0.000000	0.000000	1.658407
-90.546700	-23.099386	160.023956	0.000000	0.000000	0.458407
-152.365448	6.546158	163.007980	0.000000	0.000000	1.058407
-180.896912	98.201431	163.007980	0.000000	0.000000	0.458407
-115.786858	168.738052	163.007980	0.000000	0.000000	-0.141593
-108.374046	170.724304	163.007980	0.000000	0.000000	-0.141593
-108.374046	170.724304	163.007980	0.000000	0.000000	-0.141593
-32.697994	170.724304	156.387177	0.000000	0.000000	-0.541593
29.361637	91.202568	149.093475	0.000000	0.000000	3.058407
-6.631553	-5.498857	145.205353	0.000000	0.000000	3.058407
-61.966904	-32.120743	144.173431	0.000000	0.000000	1.858407
-71.546898	-36.749775	145.719666	0.000000	0.000000	1.858407
-83.064575	-33.486603	151.550034	0.000000	0.000000	1.658407
-90.546700	-23.099386	160.023956	0.000000	0.000000	0.458407
-152.365448	6.546158	163.007980	0.000000	0.000000	1.058407
-180.896912	98.201431	163.007980	0.000000	0.000000	0.458407
-115.786858	168.738052	163.007980	0.000000	0.000000	-0.141593
-108.374046	170.724304	163.007980	0.000000	0.000000	-0.141593
-108.374046	170.724304	163.007980	0.000000	0.000000	-0.141593
-32.697994	170.724304	156.387177	0.000000	0.000000	-0.541593
29.361637	91.202568	149.093475	0.000000	0.000000	3.058407
-6.631553	-5.498857	145.205353	0.000000	0.000000	3.058407
-61.966904	-32.120743	144.173431	0.000000	0.000000	1.858407
-71.546898	-36.749775	145.719666	0.000000	0.000000	1.858407
-83.064575	-33.486603	151.550034	0.000000	0.000000	1.658407
-90.546700	-23.099386	160.023956	0.000000	0.000000	0.458407
-152.365448	6.546158	163.007980	0.000000	0.000000	1.058407
-180.896912	98.201431	163.007980	0.000000	0.000000	0.458407
-115.786858	168.738052	163.007980	0.000000	0.000000	-0.141593
-108.374046	170.724304	163.007980	0.000000	0.000000	-0.141593
-108.374046	170.724304	163.007980	0.000000	0.000000	-0.141593
-32.697994	170.724304	156.387177	0.000000	0.000000	-0.541593
29.361637	91.202568	149.093475	0.000000	0.000000	3.058407
-6.631553	-5.498857	145.205353	0.000000	0.000000	3.058407
-61.966904	-32.120743	144.173431	0.000000	0.000000	1.858407
-71.546898	-36.749775	145.719666	0.000000	0.000000	1.858407
-83.064575	-33.486603	151.550034	0.000000	0.000000	1.658407
-90.546700	-23.099386	160.023956	0.000000	0.000000	0.458407
-152.365448	6.546158	163.007980	0.000000	0.000000	1.058407
-180.896912	98.201431	163.007980	0.000000	0.000000	0.458407
-115.786858	168.738052	163.007980	0.000000	0.000000	-0.141593
-108.374046	170.724304	163.007980	0.000000	0.000000	-0.141593
-108.374046	170.724304	163.007980	0.000000	0.000000	-0.141593
-32.697994	170.724304	156.387177	0.000000	0.000000	-0.541593
29.361637	91.202568	149.093475	0.000000	0.000000	3.058407
-6.631553	-5.498857	145.205353	0.000000	0.000000	3.058407
-61.966904	-32.120743	144.173431	0.000000	0.000000	1.858407
-71.546898	-36.749775	145.719666	0.000000	0.000000	1.858407
-83.064575	-33.486603	151.550034	0.000000	0.000000	1.658407
-90.546700	-23.099386	160.023956	0.000000	0.000000	0.458407
-152.365448	6.546158	163.007980	0.000000	0.000000	1.058407
-180.896912	98.201431	163.007980	0.000000	0.000000	0.458407
-115.786858	168.738052	163.007980	0.000000	0.000000	-0.141593
-108.374046	170.724304	163.007980	0.000000	0.000000	-0.141593
-108.374046	170.724304	163.007980	0.000000	0.000000	-0.141593
-32.697994	170.724304	156.387177	0.000000	0.000000	-0.541593
29.361637	91.202568	149.093475	0.000000	0.000000	3.058407
-6.631553	-5.498857	145.205353	0.000000	0.000000	3.058407
-61.966904	-32.120743	144.173431	0.000000	0.000000	1.858407
-71.546898	-36.749775	145.719666	0.000000	0.000000	1.858407
-83.064575	-33.486603	151.550034	0.000000	0.000000	1.658407
-90.546700	-23.099386	160.023956	0.000000	0.000000	0.458407
-152.365448	6.546158	163.007980	0.000000	0.000000	1.058407
-180.896912	98.201431	163.007980	0.000000	0.000000	0.458407
-115.786858	168.738052	163.007980	0.000000	0.000000	-0.141593
-108.374046	170.724304	163.007980	0.000000	0.000000	-0.141593
-108.374046	170.724304	163.007980	0.000000	0.000000	-0.141593
-32.697994	170.724304	156.387177	0.000000	0.000000	-0.541593
29.361637	91.202568	149.093475	0.000000	0.000000	3.058407
-6.631553	-5.498857	145.205353	0.000000	0.000000	3.058407
-61.966904	-32.120743	144.173431	0.000000	0.000000	1.858407
-71.546898	-36.749775	145.719666	0.000000	0.000000	1.858407
-83.064575	-33.486603	151.550034	0.000000	0.000000	1.658407
-90.546700	-23.099386	160.023956	0.000000	0.000000	0.458407
-152.365448	6.546158	163.007980	0.000000	0.000000	1.058407
-180.896912	98.201431	163.007980	0.000000	0.000000	0.458407
-115.786858	168.738052	163.007980	0.000000	0.000000	-0.141593
-108.374046	170.724304	163.007980	0.000000	0.000000	-0.141593
-108.374046	170.724304	163.007980	0.000000	0.000000	-0.141593
-32.697994	170.724304	156.387177	0.000000	0.000000	-0.541593
29.361637	91.202568	149.093475	0.000000	0.000000	3.058407
-6.631553	-5.498857	145.205353	0.000000	0.000000	3.058407
-61.966904	-32.120743	144.173431	0.000000	0.000000	1.858407
-71.546898	-36.749775	145.719666	0.000000	0.000000	1.858407
-83.064575	-33.486603	151.550034	0.000000	0.000000	1.658407
-90.546700	-23.099386	160.023956	0.000000	0.000000	0.458407
-152.365448	6.546158	163.007980	0.000000	0.000000	1.058407
-180.896912	98.201431	163.007980	0.000000	0.000000	0.458407
-115.786858	168.738052	163.007980	0.000000	0.000000	-0.141593
-108.374046	170.724304	163.007980	0.000000	0.000000	-0.141593
-108.374046	170.724304	163.007980	0.000000	0.000000	-0.141593
-32.697994	170.724304	156.387177	0.000000	0.000000	-0.541593
29.361637	91.202568	149.093475	0.000000	0.000000	3.058407
-6.631553	-5.498857	145.205353	0.000000	0.000000	3.058407
-61.966904	-32.120743	144.173431	0.000000	0.000000	1.858407
-71.546898	-36.749775	145.719666	0.000000	0.000000	1.858407
-83.064575	-33.486603	151.550034	0.000000	0.000000	1.658407
-90.546700	-23.099386	160.023956	0.000000	0.000000	0.458407
-152.365448	6.546158	163.007980	0.000000	0.000000	1.058407
-180.896912	98.201431	163.007980	0.000000	0.000000	0.458407
-115.786858	168.738052	163.007980	0.000000	0.000000	-0.141593
-108.374046	170.724304	163.007980	0.000000	0.000000	-0.141593
-108.374046	170.724304	163.007980	0.000000	0.000000	-0.141593
-32.697994	170.724304	156.387177	0.000000	0.000000	-0.541593
29.361637	91.202568	149.093475	0.000000	0.000000	3.058407
-6.631553	-5.498857	145.205353	0.000000	0.000000	3.058407
-61.966904	-32.120743	144.173431	0.000000	0.000000	1.858407
-71.546898	-36.749775	145.719666	0.000000	0.000000	1.858407
-83.064575	-33.486603	151.550034	0.000000	0.000000	1.658407
-90.546700	-23.099386	160.023956	0.000000	0.000000	0.458407
-152.365448	6.546158	163.007980	0.000000	0.000000	1.058407
-180.896912	98.201431	163.007980	0.000000	0.000000	0.458407
-115.786858	168.738052	163.007980	0.000000	0.000000	-0.141593
-108.374046	170.724304	163.007980	0.000000	0.000000	-0.141593
-108.374046	170.724304	163.007980	0.000000	0.000000	-0.141593
-32.697994	170.724304	156.387177	0.000000	0.000000	-0.541593
29.361637	91.202568	149.093475	0.000000	0.000000	3.058407
-6.631553	-5.498857	145.205353	0.000000	0.000000	3.058407
-61.966904	-32.120743	144.173431	0.000000	0.000000	1.858407
-71.546898	-36.749775	145.719666	0.000000	0.000000	1.858407
-83.064575	-33.486603	151.550034	0.000000	0.000000	1.658407
-90.546700	-23.099386	160.023956	0.000000	0.000000	0.458407
-152.365448	6.546158	163.007980	0.000000	0.000000	1.058407
-180.896912	98.201431	163.007980	0.000000	0.000000	0.458407
-115.786858	168.738052	163.007980	0.000000	0.000000	-0.141593
-108.374046	170.724304	163.007980	0.000000	0.000000	-0.141593
-108.374046	170.724304	163.007980	0.000000	0.000000	-0.141593
-32.697994	170.724304	156.387177	0.000000	0.000000	-0.541593
