13.162224	14.491777	221.134872	-1.941593	-11.504269	47.813808	222.511765
-11.504269	47.813808	222.511765	-0.541593	-49.852249	48.037216	224.953491
-49.852249	48.037216	224.953491	0.258407	-69.219719	20.624569	227.805817
-69.219719	20.624569	227.805817	0.658407	-69.219719	14.491777	228.342361
-69.219719	14.491777	228.342361	0.858407	-69.563477	13.208860	228.342361
-69.563477	13.208860	228.342361	0.858407	-60.822502	-16.847063	228.342361
-60.822502	-16.847063	228.342361	1.258407	-30.422821	-24.305120	228.342361
-30.422821	-24.305120	228.342361	1.458407	-15.222373	-25.809803	226.082260
-15.222373	-25.809803	226.082260	1.458407	-2.895222	-26.176096	223.229568
-2.895222	-26.176096	223.229568	2.058407	7.743937	-19.841980	221.214188
7.743937	-19.841980	221.214188	2.658407	13.258442	-8.983206	220.576141
13.258442	-8.983206	220.576141	3.058407	0.000000	0.000000	0.000000
13.162224	14.491777	221.134872	-1.941593	-11.504269	47.813808	222.511765
-11.504269	47.813808	222.511765	-0.541593	-49.852249	48.037216	224.953491
-49.852249	48.037216	224.953491	0.258407	-69.219719	20.624569	227.805817
-69.219719	20.624569	227.805817	0.658407	-69.219719	14.491777	228.342361
-69.219719	14.491777	228.342361	0.858407	-69.563477	13.208860	228.342361
-69.563477	13.208860	228.342361	0.858407	-60.822502	-16.847063	228.342361
-60.822502	-16.847063	228.342361	1.258407	-30.422821	-24.305120	228.342361
-30.422821	-24.305120	228.342361	1.458407	-15.222373	-25.809803	226.082260
-15.222373	-25.809803	226.082260	1.458407	-2.895222	-26.176096	223.229568
-2.895222	-26.176096	223.229568	2.058407	7.743937	-19.841980	221.214188
7.743937	-19.841980	221.214188	2.658407	13.258442	-8.983206	220.576141
13.258442	-8.983206	220.576141	3.058407	0.000000	0.000000	0.000000
13.162224	14.491777	221.134872	-1.941593	-11.504269	47.813808	222.511765
-11.504269	47.813808	222.511765	-0.541593	-49.852249	48.037216	224.953491
-49.852249	48.037216	224.953491	0.258407	-69.219719	20.624569	227.805817
-69.219719	20.624569	227.805817	0.658407	-69.219719	14.491777	228.342361
-69.219719	14.491777	228.342361	0.858407	-69.563477	13.208860	228.342361
-69.563477	13.208860	228.342361	0.858407	-60.822502	-16.847063	228.342361
-60.822502	-16.847063	228.342361	1.258407	-30.422821	-24.305120	228.342361
-30.422821	-24.305120	228.342361	1.458407	-15.222373	-25.809803	226.082260
-15.222373	-25.809803	226.082260	1.458407	-2.895222	-26.176096	223.229568
-2.895222	-26.176096	223.229568	2.058407	7.743937	-19.841980	221.214188
7.743937	-19.841980	221.214188	2.658407	13.258442	-8.983206	220.576141
13.258442	-8.983206	220.576141	3.058407	0.000000	0.000000	0.000000
13.162224	14.491777	221.134872	-1.941593	-11.504269	47.813808	222.511765
-11.504269	47.813808	222.511765	-0.541593	-49.852249	48.037216	224.953491
-49.852249	48.037216	224.953491	0.258407	-69.219719	20.624569	227.805817
-69.219719	20.624569	227.805817	0.658407	-69.219719	14.491777	228.342361
-69.219719	14.491777	228.342361	0.858407	-69.563477	13.208860	228.342361
-69.563477	13.208860	228.342361	0.858407	-60.822502	-16.847063	228.342361
-60.822502	-16.847063	228.342361	1.258407	-30.422821	-24.305120	228.342361
-30.422821	-24.305120	228.342361	1.458407	-15.222373	-25.809803	226.082260
-15.222373	-25.809803	226.082260	1.458407	-2.895222	-26.176096	223.229568
-2.895222	-26.176096	223.229568	2.058407	7.743937	-19.841980	221.214188
7.743937	-19.841980	221.214188	2.658407	13.258442	-8.983206	220.576141
13.258442	-8.983206	220.576141	3.058407	0.000000	0.000000	0.000000
13.162224	14.491777	221.134872	-1.941593	-11.504269	47.813808	222.511765
-11.504269	47.813808	222.511765	-0.541593	-49.852249	48.037216	224.953491
-49.852249	48.037216	224.953491	0.258407	-69.219719	20.624569	227.805817
-69.219719	20.624569	227.805817	0.658407	-69.219719	14.491777	228.342361
-69.219719	14.491777	228.342361	0.858407	-69.563477	13.208860	228.342361
-69.563477	13.208860	228.342361	0.858407	-60.822502	-16.847063	228.342361
-60.822502	-16.847063	228.342361	1.258407	-30.422821	-24.305120	228.342361
-30.422821	-24.305120	228.342361	1.458407	-15.222373	-25.809803	226.082260
-15.222373	-25.809803	226.082260	1.458407	-2.895222	-26.176096	223.229568
-2.895222	-26.176096	223.229568	2.058407	7.743937	-19.841980	221.214188
7.743937	-19.841980	221.214188	2.658407	13.258442	-8.983206	220.576141
13.258442	-8.983206	220.576141	3.058407	0.000000	0.000000	0.000000
13.162224	14.491777	221.134872	-1.941593	-11.504269	47.813808	222.511765
-11.504269	47.813808	222.511765	-0.541593	-49.852249	48.037216	224.953491
-49.852249	48.037216	224.953491	0.258407	-69.219719	20.624569	227.805817
-69.219719	20.624569	227.805817	0.658407	-69.219719	14.491777	228.342361
-69.219719	14.491777	228.342361	0.858407	-69.563477	13.208860	228.342361
-69.563477	13.208860	228.342361	0.858407	-60.822502	-16.847063	228.342361
-60.822502	-16.847063	228.342361	1.258407	-30.422821	-24.305120	228.342361
-30.422821	-24.305120	228.342361	1.458407	-15.222373	-25.809803	226.082260
-15.222373	-25.809803	226.082260	1.458407	-2.895222	-26.176096	223.229568
-2.895222	-26.176096	223.229568	2.058407	7.743937	-19.841980	221.214188
7.743937	-19.841980	221.214188	2.658407	13.258442	-8.983206	220.576141
13.258442	-8.983206	220.576141	3.058407	0.000000	0.000000	0.000000
13.162224	14.491777	221.134872	-1.941593	-11.504269	47.813808	222.511765
-11.504269	47.813808	222.511765	-0.541593	-49.852249	48.037216	224.953491
-49.852249	48.037216	224.953491	0.258407	-69.219719	20.624569	227.805817
-69.219719	20.624569	227.805817	0.658407	-69.219719	14.491777	228.342361
-69.219719	14.491777	228.342361	0.858407	-69.563477	13.208860	228.342361
-69.563477	13.208860	228.342361	0.858407	-60.822502	-16.847063	228.342361
-60.822502	-16.847063	228.342361	1.258407	-30.422821	-24.305120	228.342361
-30.422821	-24.305120	228.342361	1.458407	-15.222373	-25.809803	226.082260
-15.222373	-25.809803	226.082260	1.458407	-2.895222	-26.176096	223.229568
-2.895222	-26.176096	223.229568	2.058407	7.743937	-19.841980	221.214188
7.743937	-19.841980	221.214188	2.658407	13.258442	-8.983206	220.576141
13.258442	-8.983206	220.576141	3.058407	0.000000	0.000000	0.000000
13.162224	14.491777	221.134872	-1.941593	-11.504269	47.813808	222.511765
-11.504269	47.813808	222.511765	-0.541593	-49.852249	48.037216	224.953491
-49.852249	48.037216	224.953491	0.258407	-69.219719	20.624569	227.805817
-69.219719	20.624569	227.805817	0.658407	-69.219719	14.491777	228.342361
-69.219719	14.491777	228.342361	0.858407	-69.563477	13.208860	228.342361
-69.563477	13.208860	228.342361	0.858407	-60.822502	-16.847063	228.342361
-60.822502	-16.847063	228.342361	1.258407	-30.422821	-24.305120	228.342361
-30.422821	-24.305120	228.342361	1.458407	-15.222373	-25.809803	226.082260
-15.222373	-25.809803	226.082260	1.458407	-2.895222	-26.176096	223.229568
-2.895222	-26.176096	223.229568	2.058407	7.743937	-19.841980	221.214188
7.743937	-19.841980	221.214188	2.658407	13.258442	-8.983206	220.576141
13.258442	-8.983206	220.576141	3.058407	0.000000	0.000000	0.000000
13.162224	14.491777	221.134872	-1.941593	-11.504269	47.813808	222.511765
-11.504269	47.813808	222.511765	-0.541593	-49.852249	48.037216	224.953491
-49.852249	48.037216	224.953491	0.258407	-69.219719	20.624569	227.805817
-69.219719	20.624569	227.805817	0.658407	-69.219719	14.491777	228.342361
-69.219719	14.491777	228.342361	0.858407	-69.563477	13.208860	228.342361
-69.563477	13.208860	228.342361	0.858407	-60.822502	-16.847063	228.342361
-60.822502	-16.847063	228.342361	1.258407	-30.422821	-24.305120	228.342361
-30.422821	-24.305120	228.342361	1.458407	-15.222373	-25.809803	226.082260
-15.222373	-25.809803	226.082260	1.458407	-2.895222	-26.176096	223.229568
-2.895222	-26.176096	223.229568	2.058407	7.743937	-19.841980	221.214188
7.743937	-19.841980	221.214188	2.658407	13.258442	-8.983206	220.576141
13.258442	-8.983206	220.576141	3.058407	0.000000	0.000000	0.000000
13.162224	14.491777	221.134872	-1.941593	-11.504269	47.813808	222.511765
-11.504269	47.813808	222.511765	-0.541593	-49.852249	48.037216	224.953491
-49.852249	48.037216	224.953491	0.258407	-69.219719	20.624569	227.805817
-69.219719	20.624569	227.805817	0.658407	-69.219719	14.491777	228.342361
-69.219719	14.491777	228.342361	0.858407	-69.563477	13.208860	228.342361
-69.563477	13.208860	228.342361	0.858407	-60.822502	-16.847063	228.342361
-60.822502	-16.847063	228.342361	1.258407	-30.422821	-24.305120	228.342361
-30.422821	-24.305120	228.342361	1.458407	-15.222373	-25.809803	226.082260
-15.222373	-25.809803	226.082260	1.458407	-2.895222	-26.176096	223.229568
-2.895222	-26.176096	223.229568	2.058407	7.743937	-19.841980	221.214188
7.743937	-19.841980	221.214188	2.658407	13.258442	-8.983206	220.576141
13.258442	-8.983206	220.576141	3.058407	0.000000	0.000000	0.000000
13.162224	14.491777	221.134872	-1.941593	-11.504269	47.813808	222.511765
-11.504269	47.813808	222.511765	-0.541593	-49.852249	48.037216	224.953491
-49.852249	48.037216	224.953491	0.258407	-69.219719	20.624569	227.805817
-69.219719	20.624569	227.805817	0.658407	-69.219719	14.491777	228.342361
-69.219719	14.491777	228.342361	0.858407	-69.563477	13.208860	228.342361
-69.563477	13.208860	228.342361	0.858407	-60.822502	-16.847063	228.342361
-60.822502	-16.847063	228.342361	1.258407	-30.422821	-24.305120	228.342361
-30.422821	-24.305120	228.342361	1.458407	-15.222373	-25.809803	226.082260
-15.222373	-25.809803	226.082260	1.458407	-2.895222	-26.176096	223.229568
-2.895222	-26.176096	223.229568	2.058407	7.743937	-19.841980	221.214188
7.743937	-19.841980	221.214188	2.658407	13.258442	-8.983206	220.576141
13.258442	-8.983206	220.576141	3.058407	0.000000	0.000000	0.000000
13.162224	14.491777	221.134872	-1.941593	-11.504269	47.813808	222.511765
-11.504269	47.813808	222.511765	-0.541593	-49.852249	48.037216	224.953491
-49.852249	48.037216	224.953491	0.258407	-69.219719	20.624569	227.805817
-69.219719	20.624569	227.805817	0.658407	-69.219719	14.491777	228.342361
-69.219719	14.491777	228.342361	0.858407	-69.563477	13.208860	228.342361
-69.563477	13.208860	228.342361	0.858407	-60.822502	-16.847063	228.342361
-60.822502	-16.847063	228.342361	1.258407	-30.422821	-24.305120	228.342361
-30.422821	-24.305120	228.342361	1.458407	-15.222373	-25.809803	226.082260
-15.222373	-25.809803	226.082260	1.458407	-2.895222	-26.176096	223.229568
-2.895222	-26.176096	223.229568	2.058407	7.743937	-19.841980	221.214188
7.743937	-19.841980	221.214188	2.658407	13.258442	-8.983206	220.576141
13.258442	-8.983206	220.576141	3.058407	0.000000	0.000000	0.000000
13.162224	14.491777	221.134872	-1.941593	-11.504269	47.813808	222.511765
-11.504269	47.813808	222.511765	-0.541593	-49.852249	48.037216	224.953491
-49.852249	48.037216	224.953491	0.258407	-69.219719	20.624569	227.805817
-69.219719	20.624569	227.805817	0.658407	-69.219719	14.491777	228.342361
-69.219719	14.491777	228.342361	0.858407	-69.563477	13.208860	228.342361
-69.563477	13.208860	228.342361	0.858407	-60.822502	-16.847063	228.342361
-60.822502	-16.847063	228.342361	1.258407	-30.422821	-24.305120	228.342361
-30.422821	-24.305120	228.342361	1.458407	-15.222373	-25.809803	226.082260
-15.222373	-25.809803	226.082260	1.458407	-2.895222	-26.176096	223.229568
-2.895222	-26.176096	223.229568	2.058407	7.743937	-19.841980	221.214188
7.743937	-19.841980	221.214188	2.658407	13.258442	-8.983206	220.576141
13.258442	-8.983206	220.576141	3.058407	0.000000	0.000000	0.000000
13.162224	14.491777	221.134872	-1.941593	-11.504269	47.813808	222.511765
-11.504269	47.813808	222.511765	-0.541593	-49.852249	48.037216	224.953491
-49.852249	48.037216	224.953491	0.258407	-69.219719	20.624569	227.805817
-69.219719	20.624569	227.805817	0.658407	-69.219719	14.491777	228.342361
-69.219719	14.491777	228.342361	0.858407	-69.563477	13.208860	228.342361
-69.563477	13.208860	228.342361	0.858407	-60.822502	-16.847063	228.342361
-60.822502	-16.847063	228.342361	1.258407	-30.422821	-24.305120	228.342361
-30.422821	-24.305120	228.342361	1.458407	-15.222373	-25.809803	226.082260
-15.222373	-25.809803	226.082260	1.458407	-2.895222	-26.176096	223.229568
-2.895222	-26.176096	223.229568	2.058407	7.743937	-19.841980	221.214188
7.743937	-19.841980	221.214188	2.658407	13.258442	-8.983206	220.576141
13.258442	-8.983206	220.576141	3.058407	0.000000	0.000000	0.000000
13.162224	14.491777	221.134872	-1.941593	-11.504269	47.813808	222.511765
-11.504269	47.813808	222.511765	-0.541593	-49.852249	48.037216	224.953491
-49.852249	48.037216	224.953491	0.258407	-69.219719	20.624569	227.805817
-69.219719	20.624569	227.805817	0.658407	-69.219719	14.491777	228.342361
-69.219719	14.491777	228.342361	0.858407	-69.563477	13.208860	228.342361
-69.563477	13.208860	228.342361	0.858407	-60.822502	-16.847063	228.342361
-60.822502	-16.847063	228.342361	1.258407	-30.422821	-24.305120	228.342361
-30.422821	-24.305120	228.342361	1.458407	-15.222373	-25.809803	226.082260
-15.222373	-25.809803	226.082260	1.458407	-2.895222	-26.176096	223.229568
-2.895222	-26.176096	223.229568	2.058407	7.743937	-19.841980	221.214188
7.743937	-19.841980	221.214188	2.658407	13.258442	-8.983206	220.576141
13.258442	-8.983206	220.576141	3.058407	0.000000	0.000000	0.000000
13.162224	14.491777	221.134872	-1.941593	-11.504269	47.813808	222.511765
-11.504269	47.813808	222.511765	-0.541593	-49.852249	48.037216	224.953491
-49.852249	48.037216	224.953491	0.258407	-69.219719	20.624569	227.805817
-69.219719	20.624569	227.805817	0.658407	-69.219719	14.491777	228.342361
-69.219719	14.491777	228.342361	0.858407	-69.563477	13.208860	228.342361
-69.563477	13.208860	228.342361	0.858407	-60.822502	-16.847063	228.342361
-60.822502	-16.847063	228.342361	1.258407	-30.422821	-24.305120	228.342361
-30.422821	-24.305120	228.342361	1.458407	-15.222373	-25.809803	226.082260
-15.222373	-25.809803	226.082260	1.458407	-2.895222	-26.176096	223.229568
-2.895222	-26.176096	223.229568	2.058407	7.743937	-19.841980	221.214188
7.743937	-19.841980	221.214188	2.658407	13.258442	-8.983206	220.576141
13.258442	-8.983206	220.576141	3.058407	0.000000	0.000000	0.000000
13.162224	14.491777	221.134872	-1.941593	-11.504269	47.813808	222.511765
-11.504269	47.813808	222.511765	-0.541593	-49.852249	48.037216	224.953491
-49.852249	48.037216	224.953491	0.258407	-69.219719	20.624569	227.805817
-69.219719	20.624569	227.805817	0.658407	-69.219719	14.491777	228.342361
-69.219719	14.491777	228.342361	0.858407	-69.563477	13.208860	228.342361
-69.563477	13.208860	228.342361	0.858407	-60.822502	-16.847063	228.342361
-60.822502	-16.847063	228.342361	1.258407	-30.422821	-24.305120	228.342361
-30.422821	-24.305120	228.342361	1.458407	-15.222373	-25.809803	226.082260
-15.222373	-25.809803	226.082260	1.458407	-2.895222	-26.176096	223.229568
-2.895222	-26.176096	223.229568	2.058407	7.743937	-19.841980	221.214188
7.743937	-19.841980	221.214188	2.658407	13.258442	-8.983206	220.576141
13.258442	-8.983206	220.576141	3.058407	0.000000	0.000000	0.000000
13.162224	14.491777	221.134872	-1.941593	-11.504269	47.813808	222.511765
-11.504269	47.813808	222.511765	-0.541593	-49.852249	48.037216	224.953491
-49.852249	48.037216	224.953491	0.258407	-69.219719	20.624569	227.805817
-69.219719	20.624569	227.805817	0.658407	-69.219719	14.491777	228.342361
-69.219719	14.491777	228.342361	0.858407	-69.563477	13.208860	228.342361
-69.563477	13.208860	228.342361	0.858407	-60.822502	-16.847063	228.342361
-60.822502	-16.847063	228.342361	1.258407	-30.422821	-24.305120	228.342361
-30.422821	-24.305120	228.342361	1.458407	-15.222373	-25.809803	226.082260
-15.222373	-25.809803	226.082260	1.458407	-2.895222	-26.176096	223.229568
-2.895222	-26.176096	223.229568	2.058407	7.743937	-19.841980	221.214188
7.743937	-19.841980	221.214188	2.658407	13.258442	-8.983206	220.576141
13.258442	-8.983206	220.576141	3.058407	0.000000	0.000000	0.000000
13.162224	14.491777	221.134872	-1.941593	-11.504269	47.813808	222.511765
-11.504269	47.813808	222.511765	-0.541593	-49.852249	48.037216	224.953491
-49.852249	48.037216	224.953491	0.258407	-69.219719	20.624569	227.805817
-69.219719	20.624569	227.805817	0.658407	-69.219719	14.491777	228.342361
-69.219719	14.491777	228.342361	0.858407	-69.563477	13.208860	228.342361
-69.563477	13.208860	228.342361	0.858407	-60.822502	-16.847063	228.342361
-60.822502	-16.847063	228.342361	1.258407	-30.422821	-24.305120	228.342361
-30.422821	-24.305120	228.342361	1.458407	-15.222373	-25.809803	226.082260
-15.222373	-25.809803	226.082260	1.458407	-2.895222	-26.176096	223.229568
-2.895222	-26.176096	223.229568	2.058407	7.743937	-19.841980	221.214188
7.743937	-19.841980	221.214188	2.658407	13.258442	-8.983206	220.576141
13.258442	-8.983206	220.576141	3.058407	0.000000	0.000000	0.000000
13.162224	14.491777	221.134872	-1.941593	-11.504269	47.813808	222.511765
-11.504269	47.813808	222.511765	-0.541593	-49.852249	48.037216	224.953491
-49.852249	48.037216	224.953491	0.258407	-69.219719	20.624569	227.805817
-69.219719	20.624569	227.805817	0.658407	-69.219719	14.491777	228.342361
-69.219719	14.491777	228.342361	0.858407	-69.563477	13.208860	228.342361
-69.563477	13.208860	228.342361	0.858407	-60.822502	-16.847063	228.342361
-60.822502	-16.847063	228.342361	1.258407	-30.422821	-24.305120	228.342361
-30.422821	-24.305120	228.342361	1.458407	-15.222373	-25.809803	226.082260
-15.222373	-25.809803	226.082260	1.458407	-2.895222	-26.176096	223.229568
-2.895222	-26.176096	223.229568	2.058407	7.743937	-19.841980	221.214188
7.743937	-19.841980	221.214188	2.658407	13.258442	-8.983206	220.576141
13.258442	-8.983206	220.576141	3.058407	0.000000	0.000000	0.000000
