-93.710205	38.543392	17.537466	0	0	-0.16996714	0.98544973
-93.656898	38.667866	17.480650	0	0	-0.16996714	0.98544973
-93.569595	38.504848	17.610067	0	0	-0.45359611	0.89120736
-93.473839	38.466171	17.667046	0	0	-0.45359611	0.89120736
-93.369652	38.438309	17.720417	0	0	-0.45359611	0.89120736
-93.878845	39.038227	17.545267	0	0	-0.45359611	0.89120736
-93.940674	39.045948	17.624619	0	0	-0.45359611	0.89120736
-92.367004	38.366814	18.114803	0	0	-0.45359611	0.89120736
-95.083481	39.409779	17.750618	0	0	-0.45359611	0.89120736
-92.168373	38.216583	18.275444	0	0	-0.45359611	0.89120736
-91.969910	38.182728	18.365459	0	0	-0.45359611	0.89120736
-93.083504	40.399986	16.631044	0	0	-0.45359611	0.89120736
-96.516701	33.967533	19.329695	0	0	-0.16996714	0.98544973
-98.940201	41.933372	15.742006	0	0	-0.16996714	0.98544973
-98.136337	32.620289	19.579617	0	0	-0.45359611	0.89120736
-99.901100	33.456429	18.454735	0	0	-0.45359611	0.89120736
-104.625008	39.732166	12.995285	0	0	-0.45359611	0.89120736
-102.730629	27.848127	20.864962	0	0	-0.45359611	0.89120736
-93.700493	47.751427	30.684183	0	0	-0.070737201	0.99749499
-93.544113	47.694286	30.724192	0	0	-0.070737201	0.99749499
-93.592064	47.871555	30.600069	0	0	-0.070737201	0.99749499
-93.445084	47.642151	30.760698	0	0	-0.070737201	0.99749499
-93.339264	47.598675	30.791142	0	0	-0.070737201	0.99749499
-93.940674	48.045952	30.477955	0	0	-0.070737201	0.99749499
-93.878845	48.078053	30.455477	0	0	-0.070737201	0.99749499
-95.083481	48.230885	30.348463	0	0	-0.69670669	0.71735611
-92.276443	47.376213	30.946909	0	0	-0.070737201	0.99749499
-91.998337	47.214222	31.060337	0	0	-0.070737201	0.99749499
-91.708336	47.165668	31.094336	0	0	-0.070737201	0.99749499
-90.864998	49.820229	29.235592	0	0	-0.070737201	0.99749499
-95.476410	44.700844	32.820225	0	0	0.029199523	0.9995736
-95.231194	44.068287	33.263145	0	0	0.029199523	0.9995736
-95.549995	43.280735	33.814594	0	0	-0.62160997	0.7833269
-98.940201	50.867981	28.501947	0	0	0.029199523	0.9995736
-101.402809	51.260826	28.226875	0	0	-0.62160997	0.7833269
-100.120445	39.478939	36.476639	0	0	-0.45359611	0.89120736
-105.012695	2.587783	19.912489	0	0	-0.16996714	0.98544973
-105.044304	2.596251	19.890362	0	0	-0.16996714	0.98544973
-104.888939	2.554621	19.999147	0	0	-0.16996714	0.98544973
-105.198708	2.637624	19.782246	0	0	-0.16996714	0.98544973
-105.204041	2.639053	19.778509	0	0	-0.16996714	0.98544973
-104.796585	2.529876	20.063812	0	0	-0.16996714	0.98544973
-104.701744	2.504463	20.130220	0	0	-0.16996714	0.98544973
-105.658730	2.760886	19.460135	0	0	-0.16996714	0.98544973
-105.941559	2.836671	19.262093	0	0	-0.16996714	0.98544973
-106.094032	2.877525	19.155333	0	0	-0.16996714	0.98544973
-103.891472	2.287352	20.697578	0	0	-0.070737201	0.99749499
-103.693810	2.234387	20.835987	0	0	-0.16996714	0.98544973
-103.552002	2.196390	20.935282	0	0	-0.16996714	0.98544973
-106.798721	3.066345	18.661903	0	0	-0.16996714	0.98544973
-108.353287	3.482891	17.573383	0	0	-0.16996714	0.98544973
-109.206787	3.711586	16.975754	0	0	-0.16996714	0.98544973
-109.743752	3.855465	16.599768	0	0	-0.16996714	0.98544973
-115.342056	5.355527	12.679792	0	0	-0.16996714	0.98544973
-81.905556	58.956013	51.199574	0	0	-0.26749883	0.96355818
-81.759125	58.872913	51.198700	0	0	-0.26749883	0.96355818
-81.759842	59.049591	51.091812	0	0	-0.26749883	0.96355818
-81.673103	58.806019	51.209148	0	0	-0.26749883	0.96355818
-81.583061	58.748009	51.212803	0	0	-0.26749883	0.96355818
-82.150475	59.352364	51.044971	0	0	-0.26749883	0.96355818
-82.226959	59.334702	51.082462	0	0	-0.16996714	0.98544973
-80.634903	58.373699	51.107830	0	0	-0.16996714	0.98544973
-83.357201	59.720291	51.244343	0	0	-0.26749883	0.96355818
-80.323067	58.144234	51.137798	0	0	-0.26749883	0.96355818
-79.989235	58.027752	51.091557	0	0	-0.26749883	0.96355818
-78.545540	59.418041	49.743046	0	0	-0.070737201	0.99749499
-85.128387	62.339279	50.276299	0	0	-0.76484218	0.64421769
-81.908661	54.816265	53.710995	0	0	-0.45359611	0.89120736
-78.974365	54.375027	52.951252	0	0	-0.070737201	0.99749499
-80.874184	53.559856	54.110703	0	0	-0.62160997	0.7833269
-86.784348	62.987923	50.462715	0	0	-0.070737201	0.99749499
-84.668976	50.089878	57.543461	0	0	-0.45359611	0.89120736
-138.074875	51.145580	44.240524	0	0	0.1288445	0.99166481
-147.999573	14.106081	44.240524	0	0	0.22720209	0.97384763
-130.707596	63.906075	65.283646	0	0	0.1288445	0.99166481
-85.060081	-36.840233	34.010632	0	0	0.029199523	0.9995736
-85.070557	-36.843040	34.003296	0	0	0.029199523	0.9995736
-85.073242	-36.843761	34.001415	0	0	0.029199523	0.9995736
-85.081734	-36.846035	33.995472	0	0	0.029199523	0.9995736
-84.958916	-36.813126	34.081470	0	0	0.029199523	0.9995736
-84.881775	-36.792458	34.135483	0	0	0.029199523	0.9995736
-84.797462	-36.769867	34.194519	0	0	0.029199523	0.9995736
-85.685944	-37.007931	33.572399	0	0	0.029199523	0.9995736
-84.047478	-36.568905	34.719666	0	0	0.029199523	0.9995736
-83.948570	-36.542404	34.788918	0	0	0.029199523	0.9995736
-83.872772	-36.522095	34.841995	0	0	0.029199523	0.9995736
-86.816956	-37.310986	32.780453	0	0	0.029199523	0.9995736
-88.034019	-37.637096	31.928259	0	0	0.029199523	0.9995736
-88.622383	-37.794746	31.516283	0	0	0.029199523	0.9995736
-90.409164	-38.273518	30.265163	0	0	0.029199523	0.9995736
-93.615067	-39.132534	28.020365	0	0	0.029199523	0.9995736
-93.622742	-39.134590	28.014990	0	0	0.029199523	0.9995736
-96.890495	-40.010181	25.726887	0	0	0.22720209	0.97384763
-112.527100	-44.199997	44.240524	0	0	-0.26749883	0.96355818
-165.692184	65.920959	76.310059	0	0	0.22720209	0.97384763
-46.267906	-44.604565	54.831734	0	0	0.32328956	0.94630009
-46.227806	-44.564468	54.870087	0	0	0.32328956	0.94630009
-46.291065	-44.627724	54.809582	0	0	0.32328956	0.94630009
-46.193424	-44.530083	54.902977	0	0	0.32328956	0.94630009
-46.360317	-44.696976	54.743343	0	0	0.32328956	0.94630009
-46.151665	-44.488323	54.942921	0	0	0.32328956	0.94630009
-46.141899	-44.478558	54.952263	0	0	0.32328956	0.94630009
-46.134422	-44.471081	54.959412	0	0	0.32328956	0.94630009
-45.822212	-44.158875	55.258038	0	0	0.32328956	0.94630009
-45.799442	-44.136101	55.279819	0	0	0.32328956	0.94630009
-45.774307	-44.110966	55.303864	0	0	0.32328956	0.94630009
-47.476776	-45.813435	53.675449	0	0	0.32328956	0.94630009
-48.338364	-46.675026	52.851337	0	0	0.32328956	0.94630009
-48.390564	-46.727222	52.801411	0	0	0.32328956	0.94630009
-49.728603	-48.065262	51.521572	0	0	0.32328956	0.94630009
-52.210358	-50.547016	49.147770	0	0	0.50484609	0.86320938
-54.912815	-53.249477	46.562866	0	0	0.41614682	0.90929743
-55.030231	-53.366890	46.450558	0	0	0.32328956	0.94630009
-55.082771	-53.419434	46.400303	0	0	0.32328956	0.94630009
-22.497311	-23.660561	75.754738	0	0	0	1
-22.497311	-23.660561	75.754738	0	0	0	1
-22.497311	-23.660561	75.754738	0	0	0	1
-22.497311	-23.660561	75.754738	0	0	0	1
-22.497311	-23.660561	75.754738	0	0	0	1
-22.497311	-23.660561	75.754738	0	0	0	1
-22.497311	-23.660561	75.754738	0	0	0	1
-22.497311	-23.660561	75.754738	0	0	0	1
-22.497311	-23.660561	75.754738	0	0	0	1
-22.497311	-23.660561	75.754738	0	0	0	1
-22.497311	-23.660561	75.754738	0	0	0	1
-22.497311	-23.660561	75.754738	0	0	0	1
-22.497311	-23.660561	75.754738	0	0	0	1
-23.172625	-26.180866	73.990005	0	0	0.50484609	0.86320938
-23.555275	-27.608938	72.990059	0	0	0.50484609	0.86320938
-24.603762	-31.521940	70.250145	0	0	0.73739371	0.67546319
-24.850739	-32.443668	69.604744	0	0	0.50484609	0.86320938
-25.493296	-34.841732	67.925598	0	0	0.50484609	0.86320938
-25.768913	-35.870346	67.205353	0	0	0.50484609	0.86320938
-247.837296	-14.246757	74.095779	0	0	0.41614682	0.90929743
-52.747299	-136.555054	-3.294830	0	0	0.66627604	0.74570519
-259.081268	-56.883438	17.507029	0	0	0.41614682	0.90929743
-247.837296	-76.358543	-14.609045	0	0	0.50484609	0.86320938
-246.812866	-80.181763	-14.609045	0	0	0.50484609	0.86320938
-162.929596	-161.266251	-14.609045	0	0	0.66627604	0.74570519
