93.046310	-25.137123	251.074677	0.000000	86.892807	-9.800302	250.334503
86.892807	-9.800302	250.334503	-2.141593	72.105927	-1.594361	249.573318
72.105927	-1.594361	249.573318	-1.541593	56.033985	-4.430595	248.995087
56.033985	-4.430595	248.995087	-1.341593	40.317654	-9.630809	248.006439
40.317654	-9.630809	248.006439	0.000000	29.123604	-23.741100	247.435593
29.123604	-23.741100	247.435593	0.058407	29.912043	-42.053902	247.623535
29.912043	-42.053902	247.623535	0.858407	43.465446	-57.506767	248.447052
43.465446	-57.506767	248.447052	1.058407	63.504383	-66.942413	249.126144
63.504383	-66.942413	249.126144	1.458407	81.695358	-66.515472	249.589951
81.695358	-66.515472	249.589951	2.458407	93.355972	-55.631489	250.268814
93.355972	-55.631489	250.268814	3.058407	95.677994	-41.574295	250.941910
95.677994	-41.574295	250.941910	3.058407	0.000000	0.000000	0.000000
93.046310	-25.137123	251.074677	0.000000	86.892807	-9.800302	250.334503
86.892807	-9.800302	250.334503	-2.141593	72.105927	-1.594361	249.573318
72.105927	-1.594361	249.573318	-1.541593	56.033985	-4.430595	248.995087
56.033985	-4.430595	248.995087	-1.341593	40.317654	-9.630809	248.006439
40.317654	-9.630809	248.006439	0.000000	29.123604	-23.741100	247.435593
29.123604	-23.741100	247.435593	0.058407	29.912043	-42.053902	247.623535
29.912043	-42.053902	247.623535	0.858407	43.465446	-57.506767	248.447052
43.465446	-57.506767	248.447052	1.058407	63.504383	-66.942413	249.126144
63.504383	-66.942413	249.126144	1.458407	81.695358	-66.515472	249.589951
81.695358	-66.515472	249.589951	2.458407	93.355972	-55.631489	250.268814
93.355972	-55.631489	250.268814	3.058407	95.677994	-41.574295	250.941910
95.677994	-41.574295	250.941910	3.058407	0.000000	0.000000	0.000000
93.046310	-25.137123	251.074677	0.000000	86.892807	-9.800302	250.334503
86.892807	-9.800302	250.334503	-2.141593	72.105927	-1.594361	249.573318
72.105927	-1.594361	249.573318	-1.541593	56.033985	-4.430595	248.995087
56.033985	-4.430595	248.995087	-1.341593	40.317654	-9.630809	248.006439
40.317654	-9.630809	248.006439	0.000000	29.123604	-23.741100	247.435593
29.123604	-23.741100	247.435593	0.058407	29.912043	-42.053902	247.623535
29.912043	-42.053902	247.623535	0.858407	43.465446	-57.506767	248.447052
43.465446	-57.506767	248.447052	1.058407	63.504383	-66.942413	249.126144
63.504383	-66.942413	249.126144	1.458407	81.695358	-66.515472	249.589951
81.695358	-66.515472	249.589951	2.458407	93.355972	-55.631489	250.268814
93.355972	-55.631489	250.268814	3.058407	95.677994	-41.574295	250.941910
95.677994	-41.574295	250.941910	3.058407	0.000000	0.000000	0.000000
93.046310	-25.137123	251.074677	0.000000	86.892807	-9.800302	250.334503
86.892807	-9.800302	250.334503	-2.141593	72.105927	-1.594361	249.573318
72.105927	-1.594361	249.573318	-1.541593	56.033985	-4.430595	248.995087
56.033985	-4.430595	248.995087	-1.341593	40.317654	-9.630809	248.006439
40.317654	-9.630809	248.006439	0.000000	29.123604	-23.741100	247.435593
29.123604	-23.741100	247.435593	0.058407	29.912043	-42.053902	247.623535
29.912043	-42.053902	247.623535	0.858407	43.465446	-57.506767	248.447052
43.465446	-57.506767	248.447052	1.058407	63.504383	-66.942413	249.126144
63.504383	-66.942413	249.126144	1.458407	81.695358	-66.515472	249.589951
81.695358	-66.515472	249.589951	2.458407	93.355972	-55.631489	250.268814
93.355972	-55.631489	250.268814	3.058407	95.677994	-41.574295	250.941910
95.677994	-41.574295	250.941910	3.058407	0.000000	0.000000	0.000000
93.046310	-25.137123	251.074677	0.000000	86.892807	-9.800302	250.334503
86.892807	-9.800302	250.334503	-2.141593	72.105927	-1.594361	249.573318
72.105927	-1.594361	249.573318	-1.541593	56.033985	-4.430595	248.995087
56.033985	-4.430595	248.995087	-1.341593	40.317654	-9.630809	248.006439
40.317654	-9.630809	248.006439	0.000000	29.123604	-23.741100	247.435593
29.123604	-23.741100	247.435593	0.058407	29.912043	-42.053902	247.623535
29.912043	-42.053902	247.623535	0.858407	43.465446	-57.506767	248.447052
43.465446	-57.506767	248.447052	1.058407	63.504383	-66.942413	249.126144
63.504383	-66.942413	249.126144	1.458407	81.695358	-66.515472	249.589951
81.695358	-66.515472	249.589951	2.458407	93.355972	-55.631489	250.268814
93.355972	-55.631489	250.268814	3.058407	95.677994	-41.574295	250.941910
95.677994	-41.574295	250.941910	3.058407	0.000000	0.000000	0.000000
93.046310	-25.137123	251.074677	0.000000	86.892807	-9.800302	250.334503
86.892807	-9.800302	250.334503	-2.141593	72.105927	-1.594361	249.573318
72.105927	-1.594361	249.573318	-1.541593	56.033985	-4.430595	248.995087
56.033985	-4.430595	248.995087	-1.341593	40.317654	-9.630809	248.006439
40.317654	-9.630809	248.006439	0.000000	29.123604	-23.741100	247.435593
29.123604	-23.741100	247.435593	0.058407	29.912043	-42.053902	247.623535
29.912043	-42.053902	247.623535	0.858407	43.465446	-57.506767	248.447052
43.465446	-57.506767	248.447052	1.058407	63.504383	-66.942413	249.126144
63.504383	-66.942413	249.126144	1.458407	81.695358	-66.515472	249.589951
81.695358	-66.515472	249.589951	2.458407	93.355972	-55.631489	250.268814
93.355972	-55.631489	250.268814	3.058407	95.677994	-41.574295	250.941910
95.677994	-41.574295	250.941910	3.058407	0.000000	0.000000	0.000000
93.046310	-25.137123	251.074677	0.000000	86.892807	-9.800302	250.334503
86.892807	-9.800302	250.334503	-2.141593	72.105927	-1.594361	249.573318
72.105927	-1.594361	249.573318	-1.541593	56.033985	-4.430595	248.995087
56.033985	-4.430595	248.995087	-1.341593	40.317654	-9.630809	248.006439
40.317654	-9.630809	248.006439	0.000000	29.123604	-23.741100	247.435593
29.123604	-23.741100	247.435593	0.058407	29.912043	-42.053902	247.623535
29.912043	-42.053902	247.623535	0.858407	43.465446	-57.506767	248.447052
43.465446	-57.506767	248.447052	1.058407	63.504383	-66.942413	249.126144
63.504383	-66.942413	249.126144	1.458407	81.695358	-66.515472	249.589951
81.695358	-66.515472	249.589951	2.458407	93.355972	-55.631489	250.268814
93.355972	-55.631489	250.268814	3.058407	95.677994	-41.574295	250.941910
95.677994	-41.574295	250.941910	3.058407	0.000000	0.000000	0.000000
93.046310	-25.137123	251.074677	0.000000	86.892807	-9.800302	250.334503
86.892807	-9.800302	250.334503	-2.141593	72.105927	-1.594361	249.573318
72.105927	-1.594361	249.573318	-1.541593	56.033985	-4.430595	248.995087
56.033985	-4.430595	248.995087	-1.341593	40.317654	-9.630809	248.006439
40.317654	-9.630809	248.006439	0.000000	29.123604	-23.741100	247.435593
29.123604	-23.741100	247.435593	0.058407	29.912043	-42.053902	247.623535
29.912043	-42.053902	247.623535	0.858407	43.465446	-57.506767	248.447052
43.465446	-57.506767	248.447052	1.058407	63.504383	-66.942413	249.126144
63.504383	-66.942413	249.126144	1.458407	81.695358	-66.515472	249.589951
81.695358	-66.515472	249.589951	2.458407	93.355972	-55.631489	250.268814
93.355972	-55.631489	250.268814	3.058407	95.677994	-41.574295	250.941910
95.677994	-41.574295	250.941910	3.058407	0.000000	0.000000	0.000000
93.046310	-25.137123	251.074677	0.000000	86.892807	-9.800302	250.334503
86.892807	-9.800302	250.334503	-2.141593	72.105927	-1.594361	249.573318
72.105927	-1.594361	249.573318	-1.541593	56.033985	-4.430595	248.995087
56.033985	-4.430595	248.995087	-1.341593	40.317654	-9.630809	248.006439
40.317654	-9.630809	248.006439	0.000000	29.123604	-23.741100	247.435593
29.123604	-23.741100	247.435593	0.058407	29.912043	-42.053902	247.623535
29.912043	-42.053902	247.623535	0.858407	43.465446	-57.506767	248.447052
43.465446	-57.506767	248.447052	1.058407	63.504383	-66.942413	249.126144
63.504383	-66.942413	249.126144	1.458407	81.695358	-66.515472	249.589951
81.695358	-66.515472	249.589951	2.458407	93.355972	-55.631489	250.268814
93.355972	-55.631489	250.268814	3.058407	95.677994	-41.574295	250.941910
95.677994	-41.574295	250.941910	3.058407	0.000000	0.000000	0.000000
93.046310	-25.137123	251.074677	0.000000	86.892807	-9.800302	250.334503
86.892807	-9.800302	250.334503	-2.141593	72.105927	-1.594361	249.573318
72.105927	-1.594361	249.573318	-1.541593	56.033985	-4.430595	248.995087
56.033985	-4.430595	248.995087	-1.341593	40.317654	-9.630809	248.006439
40.317654	-9.630809	248.006439	0.000000	29.123604	-23.741100	247.435593
29.123604	-23.741100	247.435593	0.058407	29.912043	-42.053902	247.623535
29.912043	-42.053902	247.623535	0.858407	43.465446	-57.506767	248.447052
43.465446	-57.506767	248.447052	1.058407	63.504383	-66.942413	249.126144
63.504383	-66.942413	249.126144	1.458407	81.695358	-66.515472	249.589951
81.695358	-66.515472	249.589951	2.458407	93.355972	-55.631489	250.268814
93.355972	-55.631489	250.268814	3.058407	95.677994	-41.574295	250.941910
95.677994	-41.574295	250.941910	3.058407	0.000000	0.000000	0.000000
93.046310	-25.137123	251.074677	0.000000	86.892807	-9.800302	250.334503
86.892807	-9.800302	250.334503	-2.141593	72.105927	-1.594361	249.573318
72.105927	-1.594361	249.573318	-1.541593	56.033985	-4.430595	248.995087
56.033985	-4.430595	248.995087	-1.341593	40.317654	-9.630809	248.006439
40.317654	-9.630809	248.006439	0.000000	29.123604	-23.741100	247.435593
29.123604	-23.741100	247.435593	0.058407	29.912043	-42.053902	247.623535
29.912043	-42.053902	247.623535	0.858407	43.465446	-57.506767	248.447052
43.465446	-57.506767	248.447052	1.058407	63.504383	-66.942413	249.126144
63.504383	-66.942413	249.126144	1.458407	81.695358	-66.515472	249.589951
81.695358	-66.515472	249.589951	2.458407	93.355972	-55.631489	250.268814
93.355972	-55.631489	250.268814	3.058407	95.677994	-41.574295	250.941910
95.677994	-41.574295	250.941910	3.058407	0.000000	0.000000	0.000000
93.046310	-25.137123	251.074677	0.000000	86.892807	-9.800302	250.334503
86.892807	-9.800302	250.334503	-2.141593	72.105927	-1.594361	249.573318
72.105927	-1.594361	249.573318	-1.541593	56.033985	-4.430595	248.995087
56.033985	-4.430595	248.995087	-1.341593	40.317654	-9.630809	248.006439
40.317654	-9.630809	248.006439	0.000000	29.123604	-23.741100	247.435593
29.123604	-23.741100	247.435593	0.058407	29.912043	-42.053902	247.623535
29.912043	-42.053902	247.623535	0.858407	43.465446	-57.506767	248.447052
43.465446	-57.506767	248.447052	1.058407	63.504383	-66.942413	249.126144
63.504383	-66.942413	249.126144	1.458407	81.695358	-66.515472	249.589951
81.695358	-66.515472	249.589951	2.458407	93.355972	-55.631489	250.268814
93.355972	-55.631489	250.268814	3.058407	95.677994	-41.574295	250.941910
95.677994	-41.574295	250.941910	3.058407	0.000000	0.000000	0.000000
93.046310	-25.137123	251.074677	0.000000	86.892807	-9.800302	250.334503
86.892807	-9.800302	250.334503	-2.141593	72.105927	-1.594361	249.573318
72.105927	-1.594361	249.573318	-1.541593	56.033985	-4.430595	248.995087
56.033985	-4.430595	248.995087	-1.341593	40.317654	-9.630809	248.006439
40.317654	-9.630809	248.006439	0.000000	29.123604	-23.741100	247.435593
29.123604	-23.741100	247.435593	0.058407	29.912043	-42.053902	247.623535
29.912043	-42.053902	247.623535	0.858407	43.465446	-57.506767	248.447052
43.465446	-57.506767	248.447052	1.058407	63.504383	-66.942413	249.126144
63.504383	-66.942413	249.126144	1.458407	81.695358	-66.515472	249.589951
81.695358	-66.515472	249.589951	2.458407	93.355972	-55.631489	250.268814
93.355972	-55.631489	250.268814	3.058407	95.677994	-41.574295	250.941910
95.677994	-41.574295	250.941910	3.058407	0.000000	0.000000	0.000000
93.046310	-25.137123	251.074677	0.000000	86.892807	-9.800302	250.334503
86.892807	-9.800302	250.334503	-2.141593	72.105927	-1.594361	249.573318
72.105927	-1.594361	249.573318	-1.541593	56.033985	-4.430595	248.995087
56.033985	-4.430595	248.995087	-1.341593	40.317654	-9.630809	248.006439
40.317654	-9.630809	248.006439	0.000000	29.123604	-23.741100	247.435593
29.123604	-23.741100	247.435593	0.058407	29.912043	-42.053902	247.623535
29.912043	-42.053902	247.623535	0.858407	43.465446	-57.506767	248.447052
43.465446	-57.506767	248.447052	1.058407	63.504383	-66.942413	249.126144
63.504383	-66.942413	249.126144	1.458407	81.695358	-66.515472	249.589951
81.695358	-66.515472	249.589951	2.458407	93.355972	-55.631489	250.268814
93.355972	-55.631489	250.268814	3.058407	95.677994	-41.574295	250.941910
95.677994	-41.574295	250.941910	3.058407	0.000000	0.000000	0.000000
93.046310	-25.137123	251.074677	0.000000	86.892807	-9.800302	250.334503
86.892807	-9.800302	250.334503	-2.141593	72.105927	-1.594361	249.573318
72.105927	-1.594361	249.573318	-1.541593	56.033985	-4.430595	248.995087
56.033985	-4.430595	248.995087	-1.341593	40.317654	-9.630809	248.006439
40.317654	-9.630809	248.006439	0.000000	29.123604	-23.741100	247.435593
29.123604	-23.741100	247.435593	0.058407	29.912043	-42.053902	247.623535
29.912043	-42.053902	247.623535	0.858407	43.465446	-57.506767	248.447052
43.465446	-57.506767	248.447052	1.058407	63.504383	-66.942413	249.126144
63.504383	-66.942413	249.126144	1.458407	81.695358	-66.515472	249.589951
81.695358	-66.515472	249.589951	2.458407	93.355972	-55.631489	250.268814
93.355972	-55.631489	250.268814	3.058407	95.677994	-41.574295	250.941910
95.677994	-41.574295	250.941910	3.058407	0.000000	0.000000	0.000000
93.046310	-25.137123	251.074677	0.000000	86.892807	-9.800302	250.334503
86.892807	-9.800302	250.334503	-2.141593	72.105927	-1.594361	249.573318
72.105927	-1.594361	249.573318	-1.541593	56.033985	-4.430595	248.995087
56.033985	-4.430595	248.995087	-1.341593	40.317654	-9.630809	248.006439
40.317654	-9.630809	248.006439	0.000000	29.123604	-23.741100	247.435593
29.123604	-23.741100	247.435593	0.058407	29.912043	-42.053902	247.623535
29.912043	-42.053902	247.623535	0.858407	43.465446	-57.506767	248.447052
43.465446	-57.506767	248.447052	1.058407	63.504383	-66.942413	249.126144
63.504383	-66.942413	249.126144	1.458407	81.695358	-66.515472	249.589951
81.695358	-66.515472	249.589951	2.458407	93.355972	-55.631489	250.268814
93.355972	-55.631489	250.268814	3.058407	95.677994	-41.574295	250.941910
95.677994	-41.574295	250.941910	3.058407	0.000000	0.000000	0.000000
93.046310	-25.137123	251.074677	0.000000	86.892807	-9.800302	250.334503
86.892807	-9.800302	250.334503	-2.141593	72.105927	-1.594361	249.573318
72.105927	-1.594361	249.573318	-1.541593	56.033985	-4.430595	248.995087
56.033985	-4.430595	248.995087	-1.341593	40.317654	-9.630809	248.006439
40.317654	-9.630809	248.006439	0.000000	29.123604	-23.741100	247.435593
29.123604	-23.741100	247.435593	0.058407	29.912043	-42.053902	247.623535
29.912043	-42.053902	247.623535	0.858407	43.465446	-57.506767	248.447052
43.465446	-57.506767	248.447052	1.058407	63.504383	-66.942413	249.126144
63.504383	-66.942413	249.126144	1.458407	81.695358	-66.515472	249.589951
81.695358	-66.515472	249.589951	2.458407	93.355972	-55.631489	250.268814
93.355972	-55.631489	250.268814	3.058407	95.677994	-41.574295	250.941910
95.677994	-41.574295	250.941910	3.058407	0.000000	0.000000	0.000000
93.046310	-25.137123	251.074677	0.000000	86.892807	-9.800302	250.334503
86.892807	-9.800302	250.334503	-2.141593	72.105927	-1.594361	249.573318
72.105927	-1.594361	249.573318	-1.541593	56.033985	-4.430595	248.995087
56.033985	-4.430595	248.995087	-1.341593	40.317654	-9.630809	248.006439
40.317654	-9.630809	248.006439	0.000000	29.123604	-23.741100	247.435593
29.123604	-23.741100	247.435593	0.058407	29.912043	-42.053902	247.623535
29.912043	-42.053902	247.623535	0.858407	43.465446	-57.506767	248.447052
43.465446	-57.506767	248.447052	1.058407	63.504383	-66.942413	249.126144
63.504383	-66.942413	249.126144	1.458407	81.695358	-66.515472	249.589951
81.695358	-66.515472	249.589951	2.458407	93.355972	-55.631489	250.268814
93.355972	-55.631489	250.268814	3.058407	95.677994	-41.574295	250.941910
95.677994	-41.574295	250.941910	3.058407	0.000000	0.000000	0.000000
93.046310	-25.137123	251.074677	0.000000	86.892807	-9.800302	250.334503
86.892807	-9.800302	250.334503	-2.141593	72.105927	-1.594361	249.573318
72.105927	-1.594361	249.573318	-1.541593	56.033985	-4.430595	248.995087
56.033985	-4.430595	248.995087	-1.341593	40.317654	-9.630809	248.006439
40.317654	-9.630809	248.006439	0.000000	29.123604	-23.741100	247.435593
29.123604	-23.741100	247.435593	0.058407	29.912043	-42.053902	247.623535
29.912043	-42.053902	247.623535	0.858407	43.465446	-57.506767	248.447052
43.465446	-57.506767	248.447052	1.058407	63.504383	-66.942413	249.126144
63.504383	-66.942413	249.126144	1.458407	81.695358	-66.515472	249.589951
81.695358	-66.515472	249.589951	2.458407	93.355972	-55.631489	250.268814
93.355972	-55.631489	250.268814	3.058407	95.677994	-41.574295	250.941910
95.677994	-41.574295	250.941910	3.058407	0.000000	0.000000	0.000000
93.046310	-25.137123	251.074677	0.000000	86.892807	-9.800302	250.334503
86.892807	-9.800302	250.334503	-2.141593	72.105927	-1.594361	249.573318
72.105927	-1.594361	249.573318	-1.541593	56.033985	-4.430595	248.995087
56.033985	-4.430595	248.995087	-1.341593	40.317654	-9.630809	248.006439
40.317654	-9.630809	248.006439	0.000000	29.123604	-23.741100	247.435593
29.123604	-23.741100	247.435593	0.058407	29.912043	-42.053902	247.623535
29.912043	-42.053902	247.623535	0.858407	43.465446	-57.506767	248.447052
43.465446	-57.506767	248.447052	1.058407	63.504383	-66.942413	249.126144
63.504383	-66.942413	249.126144	1.458407	81.695358	-66.515472	249.589951
81.695358	-66.515472	249.589951	2.458407	93.355972	-55.631489	250.268814
93.355972	-55.631489	250.268814	3.058407	95.677994	-41.574295	250.941910
95.677994	-41.574295	250.941910	3.058407	0.000000	0.000000	0.000000
