-246.290268	-132.203171	3.072765	1.458407	-185.575119	-241.851791	13.983909
-185.575119	-241.851791	13.983909	1.858407	-181.689362	-244.095230	14.376460
-181.689362	-244.095230	14.376460	1.858407	-181.689362	-244.095230	14.376460
-181.689362	-244.095230	14.376460	1.858407	-116.147728	-261.657043	14.376460
-116.147728	-261.657043	14.376460	2.258407	-7.644356	-197.460007	14.376460
-7.644356	-197.460007	14.376460	2.658407	-8.747696	-71.636055	0.775724
-8.747696	-71.636055	0.775724	0.000000	81.843025	168.155273	4.033390
-246.290268	-132.203171	3.072765	1.458407	-185.575119	-241.851791	13.983909
-185.575119	-241.851791	13.983909	1.858407	-181.689362	-244.095230	14.376460
-181.689362	-244.095230	14.376460	1.858407	-181.689362	-244.095230	14.376460
-181.689362	-244.095230	14.376460	1.858407	-116.147728	-261.657043	14.376460
-116.147728	-261.657043	14.376460	2.258407	-7.644356	-197.460007	14.376460
-7.644356	-197.460007	14.376460	2.658407	-8.747696	-71.636055	0.775724
-8.747696	-71.636055	0.775724	0.000000	81.843025	168.155273	4.033390
-246.290268	-132.203171	3.072765	1.458407	-185.575119	-241.851791	13.983909
-185.575119	-241.851791	13.983909	1.858407	-181.689362	-244.095230	14.376460
-181.689362	-244.095230	14.376460	1.858407	-181.689362	-244.095230	14.376460
-181.689362	-244.095230	14.376460	1.858407	-116.147728	-261.657043	14.376460
-116.147728	-261.657043	14.376460	2.258407	-7.644356	-197.460007	14.376460
-7.644356	-197.460007	14.376460	2.658407	-8.747696	-71.636055	0.775724
-8.747696	-71.636055	0.775724	0.000000	81.843025	168.155273	4.033390
-246.290268	-132.203171	3.072765	1.458407	-185.575119	-241.851791	13.983909
-185.575119	-241.851791	13.983909	1.858407	-181.689362	-244.095230	14.376460
-181.689362	-244.095230	14.376460	1.858407	-181.689362	-244.095230	14.376460
-181.689362	-244.095230	14.376460	1.858407	-116.147728	-261.657043	14.376460
-116.147728	-261.657043	14.376460	2.258407	-7.644356	-197.460007	14.376460
-7.644356	-197.460007	14.376460	2.658407	-8.747696	-71.636055	0.775724
-8.747696	-71.636055	0.775724	0.000000	81.843025	168.155273	4.033390
-246.290268	-132.203171	3.072765	1.458407	-185.575119	-241.851791	13.983909
-185.575119	-241.851791	13.983909	1.858407	-181.689362	-244.095230	14.376460
-181.689362	-244.095230	14.376460	1.858407	-181.689362	-244.095230	14.376460
-181.689362	-244.095230	14.376460	1.858407	-116.147728	-261.657043	14.376460
-116.147728	-261.657043	14.376460	2.258407	-7.644356	-197.460007	14.376460
-7.644356	-197.460007	14.376460	2.658407	-8.747696	-71.636055	0.775724
-8.747696	-71.636055	0.775724	0.000000	81.843025	168.155273	4.033390
-246.290268	-132.203171	3.072765	1.458407	-185.575119	-241.851791	13.983909
-185.575119	-241.851791	13.983909	1.858407	-181.689362	-244.095230	14.376460
-181.689362	-244.095230	14.376460	1.858407	-181.689362	-244.095230	14.376460
-181.689362	-244.095230	14.376460	1.858407	-116.147728	-261.657043	14.376460
-116.147728	-261.657043	14.376460	2.258407	-7.644356	-197.460007	14.376460
-7.644356	-197.460007	14.376460	2.658407	-8.747696	-71.636055	0.775724
-8.747696	-71.636055	0.775724	0.000000	81.843025	168.155273	4.033390
-246.290268	-132.203171	3.072765	1.458407	-185.575119	-241.851791	13.983909
-185.575119	-241.851791	13.983909	1.858407	-181.689362	-244.095230	14.376460
-181.689362	-244.095230	14.376460	1.858407	-181.689362	-244.095230	14.376460
-181.689362	-244.095230	14.376460	1.858407	-116.147728	-261.657043	14.376460
-116.147728	-261.657043	14.376460	2.258407	-7.644356	-197.460007	14.376460
-7.644356	-197.460007	14.376460	2.658407	-8.747696	-71.636055	0.775724
-8.747696	-71.636055	0.775724	0.000000	81.843025	168.155273	4.033390
-246.290268	-132.203171	3.072765	1.458407	-185.575119	-241.851791	13.983909
-185.575119	-241.851791	13.983909	1.858407	-181.689362	-244.095230	14.376460
-181.689362	-244.095230	14.376460	1.858407	-181.689362	-244.095230	14.376460
-181.689362	-244.095230	14.376460	1.858407	-116.147728	-261.657043	14.376460
-116.147728	-261.657043	14.376460	2.258407	-7.644356	-197.460007	14.376460
-7.644356	-197.460007	14.376460	2.658407	-8.747696	-71.636055	0.775724
-8.747696	-71.636055	0.775724	0.000000	81.843025	168.155273	4.033390
-246.290268	-132.203171	3.072765	1.458407	-185.575119	-241.851791	13.983909
-185.575119	-241.851791	13.983909	1.858407	-181.689362	-244.095230	14.376460
-181.689362	-244.095230	14.376460	1.858407	-181.689362	-244.095230	14.376460
-181.689362	-244.095230	14.376460	1.858407	-116.147728	-261.657043	14.376460
-116.147728	-261.657043	14.376460	2.258407	-7.644356	-197.460007	14.376460
-7.644356	-197.460007	14.376460	2.658407	-8.747696	-71.636055	0.775724
-8.747696	-71.636055	0.775724	0.000000	81.843025	168.155273	4.033390
-246.290268	-132.203171	3.072765	1.458407	-185.575119	-241.851791	13.983909
-185.575119	-241.851791	13.983909	1.858407	-181.689362	-244.095230	14.376460
-181.689362	-244.095230	14.376460	1.858407	-181.689362	-244.095230	14.376460
-181.689362	-244.095230	14.376460	1.858407	-116.147728	-261.657043	14.376460
-116.147728	-261.657043	14.376460	2.258407	-7.644356	-197.460007	14.376460
-7.644356	-197.460007	14.376460	2.658407	-8.747696	-71.636055	0.775724
-8.747696	-71.636055	0.775724	0.000000	81.843025	168.155273	4.033390
-246.290268	-132.203171	3.072765	1.458407	-185.575119	-241.851791	13.983909
-185.575119	-241.851791	13.983909	1.858407	-181.689362	-244.095230	14.376460
-181.689362	-244.095230	14.376460	1.858407	-181.689362	-244.095230	14.376460
-181.689362	-244.095230	14.376460	1.858407	-116.147728	-261.657043	14.376460
-116.147728	-261.657043	14.376460	2.258407	-7.644356	-197.460007	14.376460
-7.644356	-197.460007	14.376460	2.658407	-8.747696	-71.636055	0.775724
-8.747696	-71.636055	0.775724	0.000000	81.843025	168.155273	4.033390
-246.290268	-132.203171	3.072765	1.458407	-185.575119	-241.851791	13.983909
-185.575119	-241.851791	13.983909	1.858407	-181.689362	-244.095230	14.376460
-181.689362	-244.095230	14.376460	1.858407	-181.689362	-244.095230	14.376460
-181.689362	-244.095230	14.376460	1.858407	-116.147728	-261.657043	14.376460
-116.147728	-261.657043	14.376460	2.258407	-7.644356	-197.460007	14.376460
-7.644356	-197.460007	14.376460	2.658407	-8.747696	-71.636055	0.775724
-8.747696	-71.636055	0.775724	0.000000	81.843025	168.155273	4.033390
-246.290268	-132.203171	3.072765	1.458407	-185.575119	-241.851791	13.983909
-185.575119	-241.851791	13.983909	1.858407	-181.689362	-244.095230	14.376460
-181.689362	-244.095230	14.376460	1.858407	-181.689362	-244.095230	14.376460
-181.689362	-244.095230	14.376460	1.858407	-116.147728	-261.657043	14.376460
-116.147728	-261.657043	14.376460	2.258407	-7.644356	-197.460007	14.376460
-7.644356	-197.460007	14.376460	2.658407	-8.747696	-71.636055	0.775724
-8.747696	-71.636055	0.775724	0.000000	81.843025	168.155273	4.033390
-246.290268	-132.203171	3.072765	1.458407	-185.575119	-241.851791	13.983909
-185.575119	-241.851791	13.983909	1.858407	-181.689362	-244.095230	14.376460
-181.689362	-244.095230	14.376460	1.858407	-181.689362	-244.095230	14.376460
-181.689362	-244.095230	14.376460	1.858407	-116.147728	-261.657043	14.376460
-116.147728	-261.657043	14.376460	2.258407	-7.644356	-197.460007	14.376460
-7.644356	-197.460007	14.376460	2.658407	-8.747696	-71.636055	0.775724
-8.747696	-71.636055	0.775724	0.000000	81.843025	168.155273	4.033390
-246.290268	-132.203171	3.072765	1.458407	-185.575119	-241.851791	13.983909
-185.575119	-241.851791	13.983909	1.858407	-181.689362	-244.095230	14.376460
-181.689362	-244.095230	14.376460	1.858407	-181.689362	-244.095230	14.376460
-181.689362	-244.095230	14.376460	1.858407	-116.147728	-261.657043	14.376460
-116.147728	-261.657043	14.376460	2.258407	-7.644356	-197.460007	14.376460
-7.644356	-197.460007	14.376460	2.658407	-8.747696	-71.636055	0.775724
-8.747696	-71.636055	0.775724	0.000000	81.843025	168.155273	4.033390
-246.290268	-132.203171	3.072765	1.458407	-185.575119	-241.851791	13.983909
-185.575119	-241.851791	13.983909	1.858407	-181.689362	-244.095230	14.376460
-181.689362	-244.095230	14.376460	1.858407	-181.689362	-244.095230	14.376460
-181.689362	-244.095230	14.376460	1.858407	-116.147728	-261.657043	14.376460
-116.147728	-261.657043	14.376460	2.258407	-7.644356	-197.460007	14.376460
-7.644356	-197.460007	14.376460	2.658407	-8.747696	-71.636055	0.775724
-8.747696	-71.636055	0.775724	0.000000	81.843025	168.155273	4.033390
-246.290268	-132.203171	3.072765	1.458407	-185.575119	-241.851791	13.983909
-185.575119	-241.851791	13.983909	1.858407	-181.689362	-244.095230	14.376460
-181.689362	-244.095230	14.376460	1.858407	-181.689362	-244.095230	14.376460
-181.689362	-244.095230	14.376460	1.858407	-116.147728	-261.657043	14.376460
-116.147728	-261.657043	14.376460	2.258407	-7.644356	-197.460007	14.376460
-7.644356	-197.460007	14.376460	2.658407	-8.747696	-71.636055	0.775724
-8.747696	-71.636055	0.775724	0.000000	81.843025	168.155273	4.033390
-246.290268	-132.203171	3.072765	1.458407	-185.575119	-241.851791	13.983909
-185.575119	-241.851791	13.983909	1.858407	-181.689362	-244.095230	14.376460
-181.689362	-244.095230	14.376460	1.858407	-181.689362	-244.095230	14.376460
-181.689362	-244.095230	14.376460	1.858407	-116.147728	-261.657043	14.376460
-116.147728	-261.657043	14.376460	2.258407	-7.644356	-197.460007	14.376460
-7.644356	-197.460007	14.376460	2.658407	-8.747696	-71.636055	0.775724
-8.747696	-71.636055	0.775724	0.000000	81.843025	168.155273	4.033390
-246.290268	-132.203171	3.072765	1.458407	-185.575119	-241.851791	13.983909
-185.575119	-241.851791	13.983909	1.858407	-181.689362	-244.095230	14.376460
-181.689362	-244.095230	14.376460	1.858407	-181.689362	-244.095230	14.376460
-181.689362	-244.095230	14.376460	1.858407	-116.147728	-261.657043	14.376460
-116.147728	-261.657043	14.376460	2.258407	-7.644356	-197.460007	14.376460
-7.644356	-197.460007	14.376460	2.658407	-8.747696	-71.636055	0.775724
-8.747696	-71.636055	0.775724	0.000000	81.843025	168.155273	4.033390
-246.290268	-132.203171	3.072765	1.458407	-185.575119	-241.851791	13.983909
-185.575119	-241.851791	13.983909	1.858407	-181.689362	-244.095230	14.376460
-181.689362	-244.095230	14.376460	1.858407	-181.689362	-244.095230	14.376460
-181.689362	-244.095230	14.376460	1.858407	-116.147728	-261.657043	14.376460
-116.147728	-261.657043	14.376460	2.258407	-7.644356	-197.460007	14.376460
-7.644356	-197.460007	14.376460	2.658407	-8.747696	-71.636055	0.775724
-8.747696	-71.636055	0.775724	0.000000	81.843025	168.155273	4.033390
