120.880623	161.396057	-45.920006	0.000000	0.000000	3.058407
135.613510	107.366325	3.292755	0.000000	0.000000	3.058407
96.188835	-2.690717	3.292755	0.000000	0.000000	3.058407
-93.355774	35.058670	-23.674728	0.000000	0.000000	-0.141593
-90.966675	126.132607	-85.740646	0.000000	0.000000	-1.141593
-2.213367	202.018661	-86.638817	0.000000	0.000000	-1.141593
96.188835	175.651871	-86.638817	0.000000	0.000000	-1.541593
96.188835	175.651871	-86.638817	0.000000	0.000000	-1.541593
120.880623	161.396057	-45.920006	0.000000	0.000000	3.058407
135.613510	107.366325	3.292755	0.000000	0.000000	3.058407
96.188835	-2.690717	3.292755	0.000000	0.000000	3.058407
-93.355774	35.058670	-23.674728	0.000000	0.000000	-0.141593
-90.966675	126.132607	-85.740646	0.000000	0.000000	-1.141593
-2.213367	202.018661	-86.638817	0.000000	0.000000	-1.141593
96.188835	175.651871	-86.638817	0.000000	0.000000	-1.541593
96.188835	175.651871	-86.638817	0.000000	0.000000	-1.541593
120.880623	161.396057	-45.920006	0.000000	0.000000	3.058407
135.613510	107.366325	3.292755	0.000000	0.000000	3.058407
96.188835	-2.690717	3.292755	0.000000	0.000000	3.058407
-93.355774	35.058670	-23.674728	0.000000	0.000000	-0.141593
-90.966675	126.132607	-85.740646	0.000000	0.000000	-1.141593
-2.213367	202.018661	-86.638817	0.000000	0.000000	-1.141593
96.188835	175.651871	-86.638817	0.000000	0.000000	-1.541593
96.188835	175.651871	-86.638817	0.000000	0.000000	-1.541593
120.880623	161.396057	-45.920006	0.000000	0.000000	3.058407
135.613510	107.366325	3.292755	0.000000	0.000000	3.058407
96.188835	-2.690717	3.292755	0.000000	0.000000	3.058407
-93.355774	35.058670	-23.674728	0.000000	0.000000	-0.141593
-90.966675	126.132607	-85.740646	0.000000	0.000000	-1.141593
-2.213367	202.018661	-86.638817	0.000000	0.000000	-1.141593
96.188835	175.651871	-86.638817	0.000000	0.000000	-1.541593
96.188835	175.651871	-86.638817	0.000000	0.000000	-1.541593
120.880623	161.396057	-45.920006	0.000000	0.000000	3.058407
135.613510	107.366325	3.292755	0.000000	0.000000	3.058407
96.188835	-2.690717	3.292755	0.000000	0.000000	3.058407
-93.355774	35.058670	-23.674728	0.000000	0.000000	-0.141593
-90.966675	126.132607	-85.740646	0.000000	0.000000	-1.141593
-2.213367	202.018661	-86.638817	0.000000	0.000000	-1.141593
96.188835	175.651871	-86.638817	0.000000	0.000000	-1.541593
96.188835	175.651871	-86.638817	0.000000	0.000000	-1.541593
120.880623	161.396057	-45.920006	0.000000	0.000000	3.058407
135.613510	107.366325	3.292755	0.000000	0.000000	3.058407
96.188835	-2.690717	3.292755	0.000000	0.000000	3.058407
-93.355774	35.058670	-23.674728	0.000000	0.000000	-0.141593
-90.966675	126.132607	-85.740646	0.000000	0.000000	-1.141593
-2.213367	202.018661	-86.638817	0.000000	0.000000	-1.141593
96.188835	175.651871	-86.638817	0.000000	0.000000	-1.541593
96.188835	175.651871	-86.638817	0.000000	0.000000	-1.541593
120.880623	161.396057	-45.920006	0.000000	0.000000	3.058407
135.613510	107.366325	3.292755	0.000000	0.000000	3.058407
96.188835	-2.690717	3.292755	0.000000	0.000000	3.058407
-93.355774	35.058670	-23.674728	0.000000	0.000000	-0.141593
-90.966675	126.132607	-85.740646	0.000000	0.000000	-1.141593
-2.213367	202.018661	-86.638817	0.000000	0.000000	-1.141593
96.188835	175.651871	-86.638817	0.000000	0.000000	-1.541593
96.188835	175.651871	-86.638817	0.000000	0.000000	-1.541593
120.880623	161.396057	-45.920006	0.000000	0.000000	3.058407
135.613510	107.366325	3.292755	0.000000	0.000000	3.058407
96.188835	-2.690717	3.292755	0.000000	0.000000	3.058407
-93.355774	35.058670	-23.674728	0.000000	0.000000	-0.141593
-90.966675	126.132607	-85.740646	0.000000	0.000000	-1.141593
-2.213367	202.018661	-86.638817	0.000000	0.000000	-1.141593
96.188835	175.651871	-86.638817	0.000000	0.000000	-1.541593
96.188835	175.651871	-86.638817	0.000000	0.000000	-1.541593
120.880623	161.396057	-45.920006	0.000000	0.000000	3.058407
135.613510	107.366325	3.292755	0.000000	0.000000	3.058407
96.188835	-2.690717	3.292755	0.000000	0.000000	3.058407
-93.355774	35.058670	-23.674728	0.000000	0.000000	-0.141593
-90.966675	126.132607	-85.740646	0.000000	0.000000	-1.141593
-2.213367	202.018661	-86.638817	0.000000	0.000000	-1.141593
96.188835	175.651871	-86.638817	0.000000	0.000000	-1.541593
96.188835	175.651871	-86.638817	0.000000	0.000000	-1.541593
120.880623	161.396057	-45.920006	0.000000	0.000000	3.058407
135.613510	107.366325	3.292755	0.000000	0.000000	3.058407
96.188835	-2.690717	3.292755	0.000000	0.000000	3.058407
-93.355774	35.058670	-23.674728	0.000000	0.000000	-0.141593
-90.966675	126.132607	-85.740646	0.000000	0.000000	-1.141593
-2.213367	202.018661	-86.638817	0.000000	0.000000	-1.141593
96.188835	175.651871	-86.638817	0.000000	0.000000	-1.541593
96.188835	175.651871	-86.638817	0.000000	0.000000	-1.541593
120.880623	161.396057	-45.920006	0.000000	0.000000	3.058407
135.613510	107.366325	3.292755	0.000000	0.000000	3.058407
96.188835	-2.690717	3.292755	0.000000	0.000000	3.058407
-93.355774	35.058670	-23.674728	0.000000	0.000000	-0.141593
-90.966675	126.132607	-85.740646	0.000000	0.000000	-1.141593
-2.213367	202.018661	-86.638817	0.000000	0.000000	-1.141593
96.188835	175.651871	-86.638817	0.000000	0.000000	-1.541593
96.188835	175.651871	-86.638817	0.000000	0.000000	-1.541593
120.880623	161.396057	-45.920006	0.000000	0.000000	3.058407
135.613510	107.366325	3.292755	0.000000	0.000000	3.058407
96.188835	-2.690717	3.292755	0.000000	0.000000	3.058407
-93.355774	35.058670	-23.674728	0.000000	0.000000	-0.141593
-90.966675	126.132607	-85.740646	0.000000	0.000000	-1.141593
-2.213367	202.018661	-86.638817	0.000000	0.000000	-1.141593
96.188835	175.651871	-86.638817	0.000000	0.000000	-1.541593
96.188835	175.651871	-86.638817	0.000000	0.000000	-1.541593
120.880623	161.396057	-45.920006	0.000000	0.000000	3.058407
135.613510	107.366325	3.292755	0.000000	0.000000	3.058407
96.188835	-2.690717	3.292755	0.000000	0.000000	3.058407
-93.355774	35.058670	-23.674728	0.000000	0.000000	-0.141593
-90.966675	126.132607	-85.740646	0.000000	0.000000	-1.141593
-2.213367	202.018661	-86.638817	0.000000	0.000000	-1.141593
96.188835	175.651871	-86.638817	0.000000	0.000000	-1.541593
96.188835	175.651871	-86.638817	0.000000	0.000000	-1.541593
120.880623	161.396057	-45.920006	0.000000	0.000000	3.058407
135.613510	107.366325	3.292755	0.000000	0.000000	3.058407
96.188835	-2.690717	3.292755	0.000000	0.000000	3.058407
-93.355774	35.058670	-23.674728	0.000000	0.000000	-0.141593
-90.966675	126.132607	-85.740646	0.000000	0.000000	-1.141593
-2.213367	202.018661	-86.638817	0.000000	0.000000	-1.141593
96.188835	175.651871	-86.638817	0.000000	0.000000	-1.541593
96.188835	175.651871	-86.638817	0.000000	0.000000	-1.541593
120.880623	161.396057	-45.920006	0.000000	0.000000	3.058407
135.613510	107.366325	3.292755	0.000000	0.000000	3.058407
96.188835	-2.690717	3.292755	0.000000	0.000000	3.058407
-93.355774	35.058670	-23.674728	0.000000	0.000000	-0.141593
-90.966675	126.132607	-85.740646	0.000000	0.000000	-1.141593
-2.213367	202.018661	-86.638817	0.000000	0.000000	-1.141593
96.188835	175.651871	-86.638817	0.000000	0.000000	-1.541593
96.188835	175.651871	-86.638817	0.000000	0.000000	-1.541593
120.880623	161.396057	-45.920006	0.000000	0.000000	3.058407
135.613510	107.366325	3.292755	0.000000	0.000000	3.058407
96.188835	-2.690717	3.292755	0.000000	0.000000	3.058407
-93.355774	35.058670	-23.674728	0.000000	0.000000	-0.141593
-90.966675	126.132607	-85.740646	0.000000	0.000000	-1.141593
-2.213367	202.018661	-86.638817	0.000000	0.000000	-1.141593
96.188835	175.651871	-86.638817	0.000000	0.000000	-1.541593
96.188835	175.651871	-86.638817	0.000000	0.000000	-1.541593
120.880623	161.396057	-45.920006	0.000000	0.000000	3.058407
135.613510	107.366325	3.292755	0.000000	0.000000	3.058407
96.188835	-2.690717	3.292755	0.000000	0.000000	3.058407
-93.355774	35.058670	-23.674728	0.000000	0.000000	-0.141593
-90.966675	126.132607	-85.740646	0.000000	0.000000	-1.141593
-2.213367	202.018661	-86.638817	0.000000	0.000000	-1.141593
96.188835	175.651871	-86.638817	0.000000	0.000000	-1.541593
96.188835	175.651871	-86.638817	0.000000	0.000000	-1.541593
120.880623	161.396057	-45.920006	0.000000	0.000000	3.058407
135.613510	107.366325	3.292755	0.000000	0.000000	3.058407
96.188835	-2.690717	3.292755	0.000000	0.000000	3.058407
-93.355774	35.058670	-23.674728	0.000000	0.000000	-0.141593
-90.966675	126.132607	-85.740646	0.000000	0.000000	-1.141593
-2.213367	202.018661	-86.638817	0.000000	0.000000	-1.141593
96.188835	175.651871	-86.638817	0.000000	0.000000	-1.541593
96.188835	175.651871	-86.638817	0.000000	0.000000	-1.541593
120.880623	161.396057	-45.920006	0.000000	0.000000	3.058407
135.613510	107.366325	3.292755	0.000000	0.000000	3.058407
96.188835	-2.690717	3.292755	0.000000	0.000000	3.058407
-93.355774	35.058670	-23.674728	0.000000	0.000000	-0.141593
-90.966675	126.132607	-85.740646	0.000000	0.000000	-1.141593
-2.213367	202.018661	-86.638817	0.000000	0.000000	-1.141593
96.188835	175.651871	-86.638817	0.000000	0.000000	-1.541593
96.188835	175.651871	-86.638817	0.000000	0.000000	-1.541593
120.880623	161.396057	-45.920006	0.000000	0.000000	3.058407
135.613510	107.366325	3.292755	0.000000	0.000000	3.058407
96.188835	-2.690717	3.292755	0.000000	0.000000	3.058407
-93.355774	35.058670	-23.674728	0.000000	0.000000	-0.141593
-90.966675	126.132607	-85.740646	0.000000	0.000000	-1.141593
-2.213367	202.018661	-86.638817	0.000000	0.000000	-1.141593
96.188835	175.651871	-86.638817	0.000000	0.000000	-1.541593
96.188835	175.651871	-86.638817	0.000000	0.000000	-1.541593
