35.323849	173.767700	8.017473	0	0	-0.45359611	0.89120736
35.310902	173.801437	8.019894	0	0	-0.45359611	0.89120736
35.336433	173.733353	8.014030	0	0	-0.98006658	0.19866933
35.297733	173.834351	8.021019	0	0	-0.98006658	0.19866933
35.348953	173.698471	8.009958	0	0	-0.98006658	0.19866933
35.282833	173.866653	8.019642	0	0	-0.98006658	0.19866933
35.361465	173.663193	8.005470	0	0	-0.98006658	0.19866933
35.270042	173.898483	8.018148	0	0	-0.98006658	0.19866933
35.252083	173.928879	8.008033	0	0	-0.98006658	0.19866933
35.284672	173.969376	8.049633	0	0	-0.98006658	0.19866933
35.207253	173.962494	7.894615	0	0	-0.98006658	0.19866933
35.328030	174.614197	8.212086	0	0	-0.98006658	0.19866933
34.506599	175.472427	8.326190	0	0	-0.45359611	0.89120736
33.916710	177.150681	7.920226	0	0	-0.98006658	0.19866933
33.400997	179.656479	10.165653	0	0	-0.45359611	0.89120736
29.389498	184.411133	8.289466	0	0	-0.36235775	0.93203909
24.697414	190.062866	1.264102	0	0	-0.98006658	0.19866933
28.051359	200.618332	7.443380	0	0	-0.36235775	0.93203909
87.605453	143.582901	2.735818	0	0	-0.87758258	0.4794255
87.593651	143.562637	2.734838	0	0	-0.87758258	0.4794255
87.616821	143.602600	2.735782	0	0	-0.87758258	0.4794255
87.627678	143.621643	2.734479	0	0	-0.87758258	0.4794255
87.581551	143.541962	2.733254	0	0	-0.87758258	0.4794255
87.637650	143.639587	2.730591	0	0	-0.87758258	0.4794255
87.569252	143.521011	2.731272	0	0	-0.87758258	0.4794255
87.647942	143.658081	2.726765	0	0	-0.87758258	0.4794255
87.655647	143.673660	2.714056	0	0	-0.87758258	0.4794255
87.684517	143.716309	2.756032	0	0	-0.87758258	0.4794255
87.650108	143.684601	2.596669	0	0	-0.82533563	0.56464246
87.984909	144.212723	2.892519	0	0	-0.82533563	0.56464246
88.152252	144.500092	2.906734	0	0	-0.92106097	0.38941839
88.692085	145.526108	2.386642	0	0	-0.76484218	0.64421769
89.805847	147.091110	4.467453	0	0	-0.95533648	0.29552023
90.682236	149.023758	2.097477	0	0	-0.95533648	0.29552023
91.382919	151.561966	-5.472681	0	0	-0.62160997	0.7833269
97.241074	160.671631	0.453614	0	0	-0.69670669	0.71735611
3.121743	229.612305	30.966799	0	0	-0.95533648	0.29552023
105.094803	170.738129	20.665154	0	0	-0.76484218	0.64421769
-52.796246	150.155991	8.017473	0	0	-0.62160997	0.7833269
-52.786816	150.120804	8.014030	0	0	-0.62160997	0.7833269
-52.805550	150.190704	8.019894	0	0	-0.62160997	0.7833269
-52.814659	150.224716	8.021019	0	0	-0.62160997	0.7833269
-52.777256	150.085129	8.009958	0	0	-0.62160997	0.7833269
-52.823730	150.258575	8.019642	0	0	-0.62160997	0.7833269
-52.767597	150.049072	8.005470	0	0	-0.62160997	0.7833269
-52.832546	150.291458	8.018148	0	0	-0.62160997	0.7833269
-52.841347	150.324310	8.008033	0	0	-0.62160997	0.7833269
-52.849289	150.353958	8.049633	0	0	-0.62160997	0.7833269
-52.852757	150.366898	7.894615	0	0	-0.62160997	0.7833269
-53.007587	150.944733	8.212086	0	0	-0.54030229	0.84147099
-53.277172	151.950836	8.326190	0	0	-0.62160997	0.7833269
-53.736252	153.664139	7.920226	0	0	-0.54030229	0.84147099
-54.397247	156.131012	10.165653	0	0	-0.69670669	0.71735611
-55.854630	161.570038	8.289466	0	0	-0.69670669	0.71735611
-57.581875	168.016205	1.264102	0	0	-0.54030229	0.84147099
2.931227	213.854630	87.872871	0	0	-0.26749883	0.96355818
-59.996067	177.026093	7.443380	0	0	-0.62160997	0.7833269
98.851799	149.895859	77.981552	0	0	0.99913515	0.041580682
-11.928049	213.854630	89.172890	0	0	-0.26749883	0.96355818
-68.914528	210.310242	30.966799	0	0	-0.16996714	0.98544973
-65.983253	199.370575	89.172890	0	0	-0.070737201	0.99749499
104.382545	44.667011	21.086048	0	0	-0.95533648	0.29552023
104.375488	44.663086	21.084564	0	0	-0.98006658	0.19866933
104.370819	44.660488	21.083580	0	0	-0.98006658	0.19866933
104.379456	44.665291	21.085398	0	0	-0.95533648	0.29552023
104.365463	44.657509	21.082455	0	0	-0.95533648	0.29552023
104.345612	44.646469	21.078276	0	0	-0.95533648	0.29552023
104.353806	44.651024	21.080000	0	0	0	1
104.381508	44.666428	21.085829	0	0	0	1
104.384903	44.668316	21.086544	0	0	0	1
104.359756	44.654331	21.081253	0	0	0	1
104.401581	44.677593	21.090054	0	0	-0.99500417	0.099833397
104.429733	44.693249	21.095976	0	0	-0.95533648	0.29552023
104.515404	44.740887	21.113998	0	0	0	1
104.705994	44.846874	21.154099	0	0	-0.95533648	0.29552023
104.751945	44.872429	21.163767	0	0	-0.95533648	0.29552023
105.703522	45.401600	21.363972	0	0	-0.98006658	0.19866933
102.164978	43.433826	20.619488	0	0	-0.92106097	0.38941839
107.090569	46.172928	21.655796	0	0	-0.95533648	0.29552023
109.940231	47.757614	22.255342	0	0	-0.92106097	0.38941839
-80.871658	57.572197	8.017473	0	0	-0.36235775	0.93203909
-80.848190	57.548729	8.014030	0	0	-0.36235775	0.93203909
-80.895004	57.595539	8.019894	0	0	-0.36235775	0.93203909
-80.918045	57.618580	8.021019	0	0	-0.36235775	0.93203909
-80.824493	57.525028	8.009958	0	0	-0.36235775	0.93203909
-80.800591	57.501129	8.005470	0	0	-0.36235775	0.93203909
-80.941643	57.642178	8.019642	0	0	-0.36235775	0.93203909
-80.963951	57.664490	8.018148	0	0	-0.36235775	0.93203909
-80.988129	57.688667	8.008033	0	0	-0.36235775	0.93203909
-80.992088	57.692623	8.049633	0	0	-0.36235775	0.93203909
-81.027359	57.727890	7.894615	0	0	-0.36235775	0.93203909
-81.292816	57.993347	8.212086	0	0	-0.36235775	0.93203909
-82.132645	58.833183	8.326190	0	0	-0.36235775	0.93203909
-83.266724	59.967255	7.920226	0	0	-0.36235775	0.93203909
-84.777473	61.478008	10.165653	0	0	-0.45359611	0.89120736
92.588409	32.826820	70.884880	0	0	0.99913515	0.041580682
-89.160545	65.861084	8.289466	0	0	-0.36235775	0.93203909
-94.332458	71.032997	1.264102	0	0	-0.45359611	0.89120736
-97.933212	74.633751	7.443380	0	0	-0.54030229	0.84147099
-124.895012	101.595551	30.966799	0	0	-0.26749883	0.96355818
-14.729443	-13.033726	8.017473	0	0	-0.16996714	0.98544973
-14.709116	-13.039172	8.014030	0	0	-0.16996714	0.98544973
-14.749958	-13.028229	8.019894	0	0	-0.16996714	0.98544973
-14.688713	-13.044640	8.009958	0	0	-0.16996714	0.98544973
-14.770474	-13.022732	8.021019	0	0	-0.16996714	0.98544973
-14.668220	-13.050131	8.005470	0	0	-0.16996714	0.98544973
-14.792449	-13.016844	8.019642	0	0	-0.16996714	0.98544973
-14.812341	-13.011514	8.018148	0	0	-0.16996714	0.98544973
-14.816415	-13.010422	8.049633	0	0	-0.16996714	0.98544973
-14.836695	-13.004988	8.008033	0	0	-0.16996714	0.98544973
-14.886929	-12.991528	7.894615	0	0	-0.16996714	0.98544973
-14.937164	-12.978067	8.212086	0	0	-0.16996714	0.98544973
-15.918128	-12.715219	8.326190	0	0	-0.070737201	0.99749499
-124.541069	101.241608	89.172890	0	0	0.1288445	0.99166481
-16.888069	-12.455324	7.920226	0	0	-0.16996714	0.98544973
-17.995682	-12.158540	10.165653	0	0	-0.16996714	0.98544973
-20.335695	-11.531535	7.748574	0	0	-0.16996714	0.98544973
-21.514744	-11.215611	9.382093	0	0	-0.070737201	0.99749499
-23.021999	-10.811742	11.470328	0	0	-0.26749883	0.96355818
0.218733	-17.475052	9.270867	0	0	0.98999249	0.14112005
0.219380	-17.475163	9.272130	0	0	0.99913515	0.041580682
0.221625	-17.475546	9.276510	0	0	0.98999249	0.14112005
0.224050	-17.475960	9.281241	0	0	0.99913515	0.041580682
0.215302	-17.474466	9.264174	0	0	0.99913515	0.041580682
0.226228	-17.476332	9.285490	0	0	0.99913515	0.041580682
0.228250	-17.476677	9.289435	0	0	0.99913515	0.041580682
0.210526	-17.473652	9.254854	0	0	0	1
0.206155	-17.472906	9.246325	0	0	0.99913515	0.041580682
0.197288	-17.471392	9.229024	0	0	0	1
0.271128	-17.483997	9.373096	0	0	0	1
0.141071	-17.461796	9.119339	0	0	0	1
0.117015	-17.457689	9.072402	0	0	0.98999249	0.14112005
0.482852	-17.520138	9.786200	0	0	0.98999249	0.14112005
-0.227989	-17.398796	8.399251	0	0	0	1
0.850723	-17.582935	10.503965	0	0	0	1
-1.271428	-17.220678	6.363359	0	0	0.98999249	0.14112005
-2.461561	-17.017521	4.041246	0	0	0	1
-5.275563	-16.537163	-1.449256	0	0	0	1
-12.381951	-15.672377	10.276781	0	0	0.029199523	0.9995736
-12.381951	-15.672377	10.276781	0	0	0.029199523	0.9995736
-12.381951	-15.672377	10.276781	0	0	0.029199523	0.9995736
-12.381951	-15.672377	10.276781	0	0	0.029199523	0.9995736
-12.381951	-15.672377	10.276781	0	0	0.029199523	0.9995736
-12.381951	-15.672377	10.276781	0	0	0.029199523	0.9995736
-12.381951	-15.672377	10.276781	0	0	0.029199523	0.9995736
-12.381951	-15.672377	10.276781	0	0	0.029199523	0.9995736
-12.381951	-15.672377	10.276781	0	0	0.029199523	0.9995736
-12.381951	-15.672377	10.276781	0	0	0.029199523	0.9995736
-12.381951	-15.672377	10.276781	0	0	0.029199523	0.9995736
-12.381951	-15.672377	10.276781	0	0	0.029199523	0.9995736
-12.381951	-15.672377	10.276781	0	0	0.029199523	0.9995736
-12.381951	-15.672377	10.276781	0	0	0.029199523	0.9995736
-12.381951	-15.672377	10.276781	0	0	0.029199523	0.9995736
-12.381951	-15.672377	10.276781	0	0	0.029199523	0.9995736
-12.381951	-15.672377	10.276781	0	0	0.029199523	0.9995736
-12.381951	-15.672377	10.276781	0	0	0.029199523	0.9995736
-13.560686	-15.988217	23.749781	0	0	0.029199523	0.9995736
-44.848473	-4.963356	41.709938	0	0	-0.070737201	0.99749499
-12.954636	-18.990282	34.471951	0	0	0	1
-12.954636	-18.990282	34.471951	0	0	0	1
-12.954636	-18.990282	34.471951	0	0	0	1
-12.954636	-18.990282	34.471951	0	0	0	1
-12.954636	-18.990282	34.471951	0	0	0	1
-12.954636	-18.990282	34.471951	0	0	0	1
-12.954636	-18.990282	34.471951	0	0	0	1
-12.954636	-18.990282	34.471951	0	0	0	1
-12.954636	-18.990282	34.471951	0	0	0	1
-12.954636	-18.990282	34.471951	0	0	0	1
-12.954636	-18.990282	34.471951	0	0	0	1
-12.954636	-18.990282	34.471951	0	0	0	1
-12.954636	-18.990282	34.471951	0	0	0	1
-12.954636	-18.990282	34.471951	0	0	0	1
-12.954636	-18.990282	34.471951	0	0	0	1
-12.954636	-18.990282	34.471951	0	0	0	1
-12.954636	-18.990282	34.471951	0	0	0	1
-12.954636	-18.990282	34.471951	0	0	0	1
-12.954636	-18.990282	34.471951	0	0	0	1
-10.172958	-20.418829	35.223766	0	0	0	1
-10.172958	-20.418829	35.223766	0	0	0	1
-10.172958	-20.418829	35.223766	0	0	0	1
-10.172958	-20.418829	35.223766	0	0	0	1
-10.172958	-20.418829	35.223766	0	0	0	1
-10.172958	-20.418829	35.223766	0	0	0	1
-10.172958	-20.418829	35.223766	0	0	0	1
-10.172958	-20.418829	35.223766	0	0	0	1
-10.172958	-20.418829	35.223766	0	0	0	1
-10.172958	-20.418829	35.223766	0	0	0	1
-10.172958	-20.418829	35.223766	0	0	0	1
-10.172958	-20.418829	35.223766	0	0	0	1
-10.172958	-20.418829	35.223766	0	0	0	1
-10.172958	-20.418829	35.223766	0	0	0	1
-10.172958	-20.418829	35.223766	0	0	0	1
-10.172958	-20.418829	35.223766	0	0	0	1
-10.172958	-20.418829	35.223766	0	0	0	1
-10.172958	-20.418829	35.223766	0	0	0	1
-10.172958	-20.418829	35.223766	0	0	0	1
-6.494572	-22.644205	68.354546	0	0	0	1
-10.951753	-23.325329	68.445221	0	0	0.73739371	0.67546319
-15.477999	-21.513645	73.871101	0	0	0.50484609	0.86320938
-18.757935	-17.380816	83.154610	0	0	0.22720209	0.97384763
-68.837799	1.464564	89.172890	0	0	0.50484609	0.86320938
