10.602506	1.848822	-0.381292	0	0	-0.62160997	0.7833269
10.700933	1.759594	-0.452803	0	0	0.1288445	0.99166481
10.371077	1.960584	-0.362127	0	0	0.1288445	0.99166481
10.585629	1.645330	-0.539248	0	0	-0.36235775	0.93203909
10.774596	1.609254	-0.593538	0	0	0.1288445	0.99166481
10.922546	1.676927	-0.168276	0	0	-0.62160997	0.7833269
11.005177	1.686973	-0.549798	0	0	0.1288445	0.99166481
10.887567	1.635468	-0.061379	0	0	0.029199523	0.9995736
10.993585	1.532817	-0.535493	0	0	0.1288445	0.99166481
11.052180	1.558715	-0.425621	0	0	-0.26749883	0.96355818
10.264698	1.796628	-0.799123	0	0	-0.62160997	0.7833269
10.951906	1.547621	-0.662116	0	0	-0.36235775	0.93203909
10.949769	1.527492	-0.672228	0	0	0.1288445	0.99166481
10.936717	1.496270	-0.703357	0	0	0.1288445	0.99166481
10.977210	1.549427	-0.777444	0	0	0.1288445	0.99166481
10.184436	1.819490	-0.859345	0	0	-0.62160997	0.7833269
11.051551	1.575977	-0.896896	0	0	0.1288445	0.99166481
10.081257	1.841667	-0.931263	0	0	0.1288445	0.99166481
9.913121	1.639020	-0.689183	0	0	0.1288445	0.99166481
10.060588	1.556656	-0.893422	0	0	0.1288445	0.99166481
10.112959	1.603590	-1.066036	0	0	-0.62160997	0.7833269
11.266821	1.800173	-1.088585	0	0	-0.62160997	0.7833269
9.803956	1.360619	-0.746647	0	0	0.1288445	0.99166481
11.345323	1.616129	-1.260106	0	0	-0.62160997	0.7833269
10.389439	0.549267	-1.634884	0	0	0.1288445	0.99166481
11.691482	0.932085	-1.889976	0	0	0.1288445	0.99166481
12.396585	0.441146	-3.046454	0	0	0.1288445	0.99166481
4.523060	1.527254	-1.890583	0	0	0	1
18.554300	2.022262	-1.208066	0	0	-0.62160997	0.7833269
1.376573	1.670791	-4.507282	0	0	-0.54030229	0.84147099
0.216717	3.180098	-0.440711	0	0	0	1
16.111958	11.391472	-1.345322	0	0	-0.26749883	0.96355818
16.185080	11.343864	-1.398673	0	0	-0.26749883	0.96355818
16.222080	11.322502	-1.398673	0	0	-0.26749883	0.96355818
15.890751	11.520940	-1.327944	0	0	-0.26749883	0.96355818
15.878868	11.520656	-1.398673	0	0	-0.26749883	0.96355818
16.342426	11.253019	-1.398673	0	0	-0.26749883	0.96355818
15.848652	11.538101	-1.398673	0	0	-0.16996714	0.98544973
15.829697	11.549045	-1.398673	0	0	-0.26749883	0.96355818
15.808772	11.561126	-1.398673	0	0	-0.16996714	0.98544973
16.435709	11.226007	-1.132955	0	0	-0.26749883	0.96355818
16.481709	11.172606	-1.398673	0	0	-0.26749883	0.96355818
15.722109	11.611160	-1.398673	0	0	-0.36235775	0.93203909
15.721785	11.611348	-1.398673	0	0	-0.26749883	0.96355818
16.502098	11.160834	-1.398673	0	0	-0.26749883	0.96355818
16.509211	11.156727	-1.398673	0	0	-0.26749883	0.96355818
16.512941	11.154573	-1.398673	0	0	-0.26749883	0.96355818
16.431866	11.238475	-1.031505	0	0	-0.26749883	0.96355818
16.520294	11.150329	-1.398673	0	0	-0.26749883	0.96355818
16.523043	11.148742	-1.398673	0	0	-0.54030229	0.84147099
15.683432	11.633491	-1.398673	0	0	-0.36235775	0.93203909
16.539766	11.139086	-1.398673	0	0	-0.26749883	0.96355818
16.564552	11.124776	-1.398673	0	0	-0.26749883	0.96355818
16.572807	11.120723	-1.391605	0	0	-0.26749883	0.96355818
16.628925	11.087610	-1.398673	0	0	-0.16996714	0.98544973
16.767494	11.007607	-1.398673	0	0	-0.16996714	0.98544973
17.323313	10.686705	-1.398673	0	0	-0.36235775	0.93203909
18.922256	6.286768	5.570171	0	0	-0.62160997	0.7833269
18.064724	10.258651	-1.398673	0	0	-0.26749883	0.96355818
8.742144	10.952399	6.446505	0	0	0	1
2.572532	8.909883	4.177857	0	0	-0.62160997	0.7833269
12.118035	13.691974	-1.398673	0	0	-0.26749883	0.96355818
0.694887	10.044171	0.446668	0	0	0.1288445	0.99166481
9.316627	12.218295	7.276157	0	0	0	1
21.998367	7.987561	-1.398673	0	0	-0.070737201	0.99749499
9.736803	15.066778	-1.398673	0	0	-0.54030229	0.84147099
9.983228	15.242986	1.753873	0	0	-0.26749883	0.96355818
9.267264	15.337867	-1.398673	0	0	-0.16996714	0.98544973
-2.868194	3.884982	-0.241335	0	0	0	1
-0.636879	-0.767426	-7.641429	0	0	0.22720209	0.97384763
21.136406	9.410314	7.758620	0	0	-0.69670669	0.71735611
13.894305	13.711562	8.946653	0	0	-0.26749883	0.96355818
11.402832	15.040666	7.864246	0	0	-0.54030229	0.84147099
11.417776	15.182428	9.352917	0	0	-0.16996714	0.98544973
-2.689611	8.108679	-8.322360	0	0	-0.62160997	0.7833269
5.176637	17.806791	-0.337537	0	0	0.029199523	0.9995736
17.719284	14.134823	9.868498	0	0	0.029199523	0.9995736
8.082099	17.014227	8.421884	0	0	0.029199523	0.9995736
3.429938	18.708050	-1.398673	0	0	-0.62160997	0.7833269
5.992840	-7.209628	-16.700373	0	0	-0.16996714	0.98544973
6.046776	-7.224080	-16.707586	0	0	0	1
6.113884	-7.242062	-16.716562	0	0	0	1
5.750624	-7.144727	-16.667980	0	0	0	1
6.235725	-7.274709	-16.732857	0	0	0	1
5.746949	-7.143742	-16.667488	0	0	0	1
6.267640	-7.283260	-16.737125	0	0	0	1
6.270718	-7.284085	-16.737535	0	0	0	1
5.687924	-7.127926	-16.659595	0	0	-0.16996714	0.98544973
6.302666	-7.292645	-16.741808	0	0	0	1
5.675063	-7.124480	-16.657875	0	0	-0.16996714	0.98544973
5.630219	-7.112464	-16.651878	0	0	-0.26749883	0.96355818
5.583748	-7.100012	-16.645662	0	0	0	1
6.422015	-7.324625	-16.757771	0	0	0	1
6.422850	-7.324849	-16.757881	0	0	-0.26749883	0.96355818
6.425764	-7.325630	-16.758272	0	0	0	1
6.426244	-7.325758	-16.758335	0	0	-0.26749883	0.96355818
6.448362	-7.331685	-16.761293	0	0	0	1
6.458946	-7.334521	-16.762709	0	0	-0.26749883	0.96355818
6.482283	-7.340774	-16.765831	0	0	-0.26749883	0.96355818
6.535300	-7.354980	-16.772921	0	0	0	1
5.449570	-7.064059	-16.627718	0	0	-0.26749883	0.96355818
5.424900	-7.057449	-16.624418	0	0	0	1
6.701250	-7.399446	-16.795115	0	0	0	1
6.839598	-7.436516	-16.813616	0	0	-0.16996714	0.98544973
7.402775	-7.587419	-16.888933	0	0	0	1
8.215625	-7.805222	-16.997641	0	0	0	1
8.312504	-7.831180	-17.010597	0	0	0	1
2.780378	-6.348852	-16.270750	0	0	-0.070737201	0.99749499
2.105550	16.985025	8.737293	0	0	-0.69670669	0.71735611
0.928880	-5.852744	-16.023136	0	0	0	1
11.217268	-8.609509	-17.399071	0	0	0	1
0.678049	-5.785534	-15.989591	0	0	0	1
0.241146	-5.668467	-15.931161	0	0	0.22720209	0.97384763
13.349012	-9.180709	-17.684164	0	0	0	1
13.684967	-9.270727	-17.729094	0	0	0	1
-1.923625	-5.088418	-15.641651	0	0	-0.45359611	0.89120736
-2.217379	-5.009706	-15.602365	0	0	0.22720209	0.97384763
-2.787164	-4.857033	-15.526164	0	0	0.22720209	0.97384763
-3.124872	-4.766544	-15.481000	0	0	-0.16996714	0.98544973
-3.858248	-4.570037	-15.382921	0	0	0.22720209	0.97384763
3.965305	19.608620	10.575461	0	0	-0.69670669	0.71735611
-4.446938	-4.412298	-15.304192	0	0	0	1
-5.216193	-4.206177	-15.201314	0	0	0.22720209	0.97384763
-6.769988	-3.789839	-14.993514	0	0	0	1
-6.887065	-3.758468	-14.977857	0	0	0	1
9.722195	22.131910	13.047285	0	0	0	1
-8.831578	-3.237437	-14.717804	0	0	0	1
-10.787127	-2.713449	-14.456275	0	0	0	1
4.806072	27.048033	5.018421	0	0	-0.69670669	0.71735611
5.939776	25.914330	11.357629	0	0	0.029199523	0.9995736
-6.001853	24.153496	-1.398673	0	0	-0.45359611	0.89120736
5.954593	25.899513	14.544880	0	0	-0.26749883	0.96355818
11.041140	31.015694	11.357629	0	0	-0.070737201	0.99749499
10.277704	30.051918	14.974332	0	0	-0.16996714	0.98544973
2.474641	29.379465	15.928137	0	0	0	1
-23.221676	2.287831	-9.869200	0	0	-0.070737201	0.99749499
-23.991066	0.824535	-12.690423	0	0	-0.070737201	0.99749499
-1.563603	33.417709	17.533310	0	0	-0.69670669	0.71735611
24.350847	34.194977	19.501703	0	0	-0.070737201	0.99749499
-12.824681	-2.167488	-36.291348	0	0	-0.16996714	0.98544973
6.032614	39.164978	22.184830	0	0	0	1
49.287418	24.183567	-1.398677	0	0	-0.45359611	0.89120736
49.278450	24.199100	-1.398677	0	0	-0.54030229	0.84147099
49.299179	24.163198	-1.398677	0	0	-0.54030229	0.84147099
49.271221	24.211624	-1.398677	0	0	-0.45359611	0.89120736
49.225567	24.290697	-1.398677	0	0	-0.45359611	0.89120736
49.350662	24.074026	-1.398677	0	0	-0.45359611	0.89120736
49.205917	24.324728	-1.398677	0	0	-0.54030229	0.84147099
49.371315	24.038256	-1.398677	0	0	-0.54030229	0.84147099
49.195602	24.342598	-1.398677	0	0	-0.45359611	0.89120736
49.181168	24.367601	-1.398677	0	0	-0.45359611	0.89120736
49.160206	24.403908	-1.398677	0	0	-0.54030229	0.84147099
49.434177	23.929375	-1.398677	0	0	-0.45359611	0.89120736
49.441860	23.916065	-1.398677	0	0	-0.45359611	0.89120736
49.451069	23.900116	-1.398677	0	0	-0.54030229	0.84147099
49.458168	23.887819	-1.398677	0	0	-0.45359611	0.89120736
49.474564	23.859423	-1.398677	0	0	-0.45359611	0.89120736
49.505192	23.806372	-1.398677	0	0	-0.54030229	0.84147099
49.510735	23.796768	-1.398677	0	0	-0.45359611	0.89120736
49.513374	23.792200	-1.398677	0	0	-0.45359611	0.89120736
49.517826	23.784491	-1.398677	0	0	-0.45359611	0.89120736
49.522022	23.777222	-1.398677	0	0	-0.45359611	0.89120736
49.523632	23.774435	-1.398677	0	0	-0.45359611	0.89120736
49.525455	23.771273	-1.398677	0	0	-0.54030229	0.84147099
49.573883	23.687399	-1.398677	0	0	-0.45359611	0.89120736
48.840195	24.958183	-1.398677	0	0	-0.54030229	0.84147099
48.915241	24.836018	-1.353969	0	0	-0.54030229	0.84147099
49.810844	23.276964	-1.398677	0	0	-0.54030229	0.84147099
49.956619	23.024475	-1.398677	0	0	-0.54030229	0.84147099
48.477520	25.586351	-1.398677	0	0	-0.45359611	0.89120736
50.345478	22.350950	-1.398677	0	0	-0.54030229	0.84147099
51.200264	20.870420	-1.398677	0	0	-0.45359611	0.89120736
47.058025	28.044991	-1.398677	0	0	-0.54030229	0.84147099
45.229317	31.212408	-1.398677	0	0	-0.69670669	0.71735611
50.868855	22.801098	6.354652	0	0	-0.45359611	0.89120736
45.733891	31.391291	4.618280	0	0	-0.54030229	0.84147099
45.813503	31.335602	5.088103	0	0	-0.36235775	0.93203909
43.261822	34.620205	-1.398677	0	0	-0.36235775	0.93203909
43.253792	34.634117	-1.398677	0	0	-0.82533563	0.56464246
46.939190	30.393471	10.846648	0	0	-0.45359611	0.89120736
36.572269	35.159519	24.245213	0	0	-0.16996714	0.98544973
57.689190	11.708382	10.472054	0	0	-0.54030229	0.84147099
-20.260307	-0.175118	-41.497829	0	0	-0.070737201	0.99749499
45.276566	34.746418	19.266008	0	0	-0.26749883	0.96355818
37.531200	46.309738	8.681519	0	0	-0.82533563	0.56464246
22.552073	44.569977	28.222490	0	0	-0.82533563	0.56464246
38.022095	46.070152	12.171504	0	0	-0.69670669	0.71735611
40.180611	43.334297	17.902529	0	0	-0.87758258	0.4794255
47.345230	38.046127	24.245213	0	0	-0.36235775	0.93203909
34.793297	53.670063	23.644232	0	0	-0.26749883	0.96355818
36.231144	51.933270	27.951241	0	0	-0.26749883	0.96355818
28.771671	64.271744	5.018421	0	0	-0.82533563	0.56464246
76.958092	1.848822	-1.398672	0	0	-0.76484218	0.64421769
76.958092	1.841667	-1.398672	0	0	-0.76484218	0.64421769
76.958092	1.819490	-1.398672	0	0	-0.76484218	0.64421769
76.958092	1.800173	-1.398672	0	0	-0.76484218	0.64421769
76.958092	1.796628	-1.398672	0	0	-0.76484218	0.64421769
76.958092	1.759594	-1.398672	0	0	-0.76484218	0.64421769
76.958092	1.960584	-1.398672	0	0	-0.76484218	0.64421769
76.958092	1.686973	-1.398672	0	0	-0.76484218	0.64421769
76.958092	1.676927	-1.398672	0	0	-0.76484218	0.64421769
76.958092	2.022262	-1.398672	0	0	-0.76484218	0.64421769
76.958092	1.670791	-1.398672	0	0	-0.76484218	0.64421769
76.958092	1.645330	-1.398672	0	0	-0.76484218	0.64421769
76.958092	1.639020	-1.398672	0	0	-0.76484218	0.64421769
76.958092	1.635468	-1.398672	0	0	-0.76484218	0.64421769
76.958092	1.616129	-1.398672	0	0	-0.76484218	0.64421769
76.958092	1.609254	-1.398672	0	0	-0.76484218	0.64421769
76.958092	1.603590	-1.398672	0	0	-0.76484218	0.64421769
76.958092	1.575977	-1.398672	0	0	-0.76484218	0.64421769
76.958092	1.558715	-1.398672	0	0	-0.76484218	0.64421769
76.958092	1.556656	-1.398672	0	0	-0.76484218	0.64421769
76.958092	1.549427	-1.398672	0	0	-0.76484218	0.64421769
76.958092	1.547621	-1.398672	0	0	-0.76484218	0.64421769
76.958092	1.532817	-1.398672	0	0	-0.76484218	0.64421769
76.958092	1.527492	-1.398672	0	0	-0.76484218	0.64421769
76.958092	1.496270	-1.398672	0	0	-0.76484218	0.64421769
76.958092	1.360619	-1.398672	0	0	-0.76484218	0.64421769
76.958092	0.932085	-1.398672	0	0	-0.76484218	0.64421769
76.958092	0.512989	-1.398672	0	0	-0.82533563	0.56464246
76.958092	0.441146	-1.398672	0	0	-0.82533563	0.56464246
76.958092	0.045300	-1.398672	0	0	-0.82533563	0.56464246
76.958092	-1.415367	-1.398672	0	0	-0.82533563	0.56464246
76.958092	8.108679	-1.398672	0	0	-0.76484218	0.64421769
76.958092	10.044171	-1.398672	0	0	-0.76484218	0.64421769
77.336655	5.819931	2.928337	0	0	-0.76484218	0.64421769
77.471481	3.938345	4.469414	0	0	-0.76484218	0.64421769
77.287201	9.835035	2.363056	0	0	-0.69670669	0.71735611
77.839027	7.903355	8.670487	0	0	-0.69670669	0.71735611
78.565521	8.268802	16.974304	0	0	-0.69670669	0.71735611
77.564934	31.015694	5.537551	0	0	-0.82533563	0.56464246
77.873154	30.051918	9.060496	0	0	-0.82533563	0.56464246
78.373138	34.194977	14.775365	0	0	-0.69670669	0.71735611
46.882591	69.124550	5.018421	0	0	-0.87758258	0.4794255
78.846855	36.609879	20.189978	0	0	-0.54030229	0.84147099
78.959656	38.046127	21.479309	0	0	-0.98006658	0.19866933
93.604637	5.089202	-1.398678	0	0	-0.87758258	0.4794255
93.604637	5.089202	-1.398678	0	0	-0.82533563	0.56464246
79.213318	43.919827	24.378643	0	0	-0.62160997	0.7833269
95.728920	7.934408	3.368535	0	0	-0.76484218	0.64421769
95.744682	7.955516	3.403903	0	0	-0.76484218	0.64421769
99.960579	13.602190	12.865045	0	0	-0.76484218	0.64421769
100.683823	14.570881	14.488111	0	0	0.99913515	0.041580682
77.286797	69.124550	2.358398	0	0	-0.76484218	0.64421769
109.657951	32.881180	-1.323348	0	0	-0.76484218	0.64421769
-51.545708	83.399811	-38.087196	0	0	-0.69670669	0.71735611
-53.158787	85.012894	-93.493187	0	0	-0.36235775	0.93203909
2.882865	160.890091	-38.087196	0	0	-0.26749883	0.96355818
149.918808	102.628204	-1.398678	0	0	-0.62160997	0.7833269
34.385735	169.331253	-38.087196	0	0	-0.87758258	0.4794255
76.958092	169.331253	-1.398672	0	0	-0.95533648	0.29552023
196.612823	45.339237	-1.398676	0	0	-0.82533563	0.56464246
196.612823	45.339237	-1.398676	0	0	0.99913515	0.041580682
196.612823	45.339237	-1.398676	0	0	0.98999249	0.14112005
-0.639546	174.035904	-127.012444	0	0	-0.54030229	0.84147099
177.482147	150.369308	-1.398678	0	0	-0.62160997	0.7833269
146.756287	199.132431	-50.271889	0	0	-0.54030229	0.84147099
93.021965	199.132431	-127.012444	0	0	-0.62160997	0.7833269
108.420235	208.022629	-101.619415	0	0	-0.54030229	0.84147099
