15.958931	-9.341790	237.944992	0.000000	0.000000	3.058407
9.934841	-19.582352	237.789871	0.000000	0.000000	2.458407
0.505462	-26.627459	237.394562	0.000000	0.000000	2.258407
-13.337480	-27.226866	237.017609	0.000000	0.000000	1.658407
-24.649010	-20.471979	236.725769	0.000000	0.000000	0.858407
-30.274834	-9.271327	236.605728	0.000000	0.000000	0.258407
-30.159616	3.015638	236.610077	0.000000	0.000000	-0.141593
-24.612175	14.210329	236.712830	0.000000	0.000000	-0.541593
-13.703472	20.825092	237.000397	0.000000	0.000000	-1.141593
-0.960663	20.506901	237.395691	0.000000	0.000000	-1.741593
9.396917	13.573947	237.792816	0.000000	0.000000	-2.341593
15.924056	3.107629	237.941803	0.000000	0.000000	-2.741593
15.958931	-9.341790	237.944992	0.000000	0.000000	3.058407
9.934841	-19.582352	237.789871	0.000000	0.000000	2.458407
0.505462	-26.627459	237.394562	0.000000	0.000000	2.258407
-13.337480	-27.226866	237.017609	0.000000	0.000000	1.658407
-24.649010	-20.471979	236.725769	0.000000	0.000000	0.858407
-30.274834	-9.271327	236.605728	0.000000	0.000000	0.258407
-30.159616	3.015638	236.610077	0.000000	0.000000	-0.141593
-24.612175	14.210329	236.712830	0.000000	0.000000	-0.541593
-13.703472	20.825092	237.000397	0.000000	0.000000	-1.141593
-0.960663	20.506901	237.395691	0.000000	0.000000	-1.741593
9.396917	13.573947	237.792816	0.000000	0.000000	-2.341593
15.924056	3.107629	237.941803	0.000000	0.000000	-2.741593
15.958931	-9.341790	237.944992	0.000000	0.000000	3.058407
9.934841	-19.582352	237.789871	0.000000	0.000000	2.458407
0.505462	-26.627459	237.394562	0.000000	0.000000	2.258407
-13.337480	-27.226866	237.017609	0.000000	0.000000	1.658407
-24.649010	-20.471979	236.725769	0.000000	0.000000	0.858407
-30.274834	-9.271327	236.605728	0.000000	0.000000	0.258407
-30.159616	3.015638	236.610077	0.000000	0.000000	-0.141593
-24.612175	14.210329	236.712830	0.000000	0.000000	-0.541593
-13.703472	20.825092	237.000397	0.000000	0.000000	-1.141593
-0.960663	20.506901	237.395691	0.000000	0.000000	-1.741593
9.396917	13.573947	237.792816	0.000000	0.000000	-2.341593
15.924056	3.107629	237.941803	0.000000	0.000000	-2.741593
15.958931	-9.341790	237.944992	0.000000	0.000000	3.058407
9.934841	-19.582352	237.789871	0.000000	0.000000	2.458407
0.505462	-26.627459	237.394562	0.000000	0.000000	2.258407
-13.337480	-27.226866	237.017609	0.000000	0.000000	1.658407
-24.649010	-20.471979	236.725769	0.000000	0.000000	0.858407
-30.274834	-9.271327	236.605728	0.000000	0.000000	0.258407
-30.159616	3.015638	236.610077	0.000000	0.000000	-0.141593
-24.612175	14.210329	236.712830	0.000000	0.000000	-0.541593
-13.703472	20.825092	237.000397	0.000000	0.000000	-1.141593
-0.960663	20.506901	237.395691	0.000000	0.000000	-1.741593
9.396917	13.573947	237.792816	0.000000	0.000000	-2.341593
15.924056	3.107629	237.941803	0.000000	0.000000	-2.741593
15.958931	-9.341790	237.944992	0.000000	0.000000	3.058407
9.934841	-19.582352	237.789871	0.000000	0.000000	2.458407
0.505462	-26.627459	237.394562	0.000000	0.000000	2.258407
-13.337480	-27.226866	237.017609	0.000000	0.000000	1.658407
-24.649010	-20.471979	236.725769	0.000000	0.000000	0.858407
-30.274834	-9.271327	236.605728	0.000000	0.000000	0.258407
-30.159616	3.015638	236.610077	0.000000	0.000000	-0.141593
-24.612175	14.210329	236.712830	0.000000	0.000000	-0.541593
-13.703472	20.825092	237.000397	0.000000	0.000000	-1.141593
-0.960663	20.506901	237.395691	0.000000	0.000000	-1.741593
9.396917	13.573947	237.792816	0.000000	0.000000	-2.341593
15.924056	3.107629	237.941803	0.000000	0.000000	-2.741593
15.958931	-9.341790	237.944992	0.000000	0.000000	3.058407
9.934841	-19.582352	237.789871	0.000000	0.000000	2.458407
0.505462	-26.627459	237.394562	0.000000	0.000000	2.258407
-13.337480	-27.226866	237.017609	0.000000	0.000000	1.658407
-24.649010	-20.471979	236.725769	0.000000	0.000000	0.858407
-30.274834	-9.271327	236.605728	0.000000	0.000000	0.258407
-30.159616	3.015638	236.610077	0.000000	0.000000	-0.141593
-24.612175	14.210329	236.712830	0.000000	0.000000	-0.541593
-13.703472	20.825092	237.000397	0.000000	0.000000	-1.141593
-0.960663	20.506901	237.395691	0.000000	0.000000	-1.741593
9.396917	13.573947	237.792816	0.000000	0.000000	-2.341593
15.924056	3.107629	237.941803	0.000000	0.000000	-2.741593
15.958931	-9.341790	237.944992	0.000000	0.000000	3.058407
9.934841	-19.582352	237.789871	0.000000	0.000000	2.458407
0.505462	-26.627459	237.394562	0.000000	0.000000	2.258407
-13.337480	-27.226866	237.017609	0.000000	0.000000	1.658407
-24.649010	-20.471979	236.725769	0.000000	0.000000	0.858407
-30.274834	-9.271327	236.605728	0.000000	0.000000	0.258407
-30.159616	3.015638	236.610077	0.000000	0.000000	-0.141593
-24.612175	14.210329	236.712830	0.000000	0.000000	-0.541593
-13.703472	20.825092	237.000397	0.000000	0.000000	-1.141593
-0.960663	20.506901	237.395691	0.000000	0.000000	-1.741593
9.396917	13.573947	237.792816	0.000000	0.000000	-2.341593
15.924056	3.107629	237.941803	0.000000	0.000000	-2.741593
15.958931	-9.341790	237.944992	0.000000	0.000000	3.058407
9.934841	-19.582352	237.789871	0.000000	0.000000	2.458407
0.505462	-26.627459	237.394562	0.000000	0.000000	2.258407
-13.337480	-27.226866	237.017609	0.000000	0.000000	1.658407
-24.649010	-20.471979	236.725769	0.000000	0.000000	0.858407
-30.274834	-9.271327	236.605728	0.000000	0.000000	0.258407
-30.159616	3.015638	236.610077	0.000000	0.000000	-0.141593
-24.612175	14.210329	236.712830	0.000000	0.000000	-0.541593
-13.703472	20.825092	237.000397	0.000000	0.000000	-1.141593
-0.960663	20.506901	237.395691	0.000000	0.000000	-1.741593
9.396917	13.573947	237.792816	0.000000	0.000000	-2.341593
15.924056	3.107629	237.941803	0.000000	0.000000	-2.741593
15.958931	-9.341790	237.944992	0.000000	0.000000	3.058407
9.934841	-19.582352	237.789871	0.000000	0.000000	2.458407
0.505462	-26.627459	237.394562	0.000000	0.000000	2.258407
-13.337480	-27.226866	237.017609	0.000000	0.000000	1.658407
-24.649010	-20.471979	236.725769	0.000000	0.000000	0.858407
-30.274834	-9.271327	236.605728	0.000000	0.000000	0.258407
-30.159616	3.015638	236.610077	0.000000	0.000000	-0.141593
-24.612175	14.210329	236.712830	0.000000	0.000000	-0.541593
-13.703472	20.825092	237.000397	0.000000	0.000000	-1.141593
-0.960663	20.506901	237.395691	0.000000	0.000000	-1.741593
9.396917	13.573947	237.792816	0.000000	0.000000	-2.341593
15.924056	3.107629	237.941803	0.000000	0.000000	-2.741593
15.958931	-9.341790	237.944992	0.000000	0.000000	3.058407
9.934841	-19.582352	237.789871	0.000000	0.000000	2.458407
0.505462	-26.627459	237.394562	0.000000	0.000000	2.258407
-13.337480	-27.226866	237.017609	0.000000	0.000000	1.658407
-24.649010	-20.471979	236.725769	0.000000	0.000000	0.858407
-30.274834	-9.271327	236.605728	0.000000	0.000000	0.258407
-30.159616	3.015638	236.610077	0.000000	0.000000	-0.141593
-24.612175	14.210329	236.712830	0.000000	0.000000	-0.541593
-13.703472	20.825092	237.000397	0.000000	0.000000	-1.141593
-0.960663	20.506901	237.395691	0.000000	0.000000	-1.741593
9.396917	13.573947	237.792816	0.000000	0.000000	-2.341593
15.924056	3.107629	237.941803	0.000000	0.000000	-2.741593
15.958931	-9.341790	237.944992	0.000000	0.000000	3.058407
9.934841	-19.582352	237.789871	0.000000	0.000000	2.458407
0.505462	-26.627459	237.394562	0.000000	0.000000	2.258407
-13.337480	-27.226866	237.017609	0.000000	0.000000	1.658407
-24.649010	-20.471979	236.725769	0.000000	0.000000	0.858407
-30.274834	-9.271327	236.605728	0.000000	0.000000	0.258407
-30.159616	3.015638	236.610077	0.000000	0.000000	-0.141593
-24.612175	14.210329	236.712830	0.000000	0.000000	-0.541593
-13.703472	20.825092	237.000397	0.000000	0.000000	-1.141593
-0.960663	20.506901	237.395691	0.000000	0.000000	-1.741593
9.396917	13.573947	237.792816	0.000000	0.000000	-2.341593
15.924056	3.107629	237.941803	0.000000	0.000000	-2.741593
15.958931	-9.341790	237.944992	0.000000	0.000000	3.058407
9.934841	-19.582352	237.789871	0.000000	0.000000	2.458407
0.505462	-26.627459	237.394562	0.000000	0.000000	2.258407
-13.337480	-27.226866	237.017609	0.000000	0.000000	1.658407
-24.649010	-20.471979	236.725769	0.000000	0.000000	0.858407
-30.274834	-9.271327	236.605728	0.000000	0.000000	0.258407
-30.159616	3.015638	236.610077	0.000000	0.000000	-0.141593
-24.612175	14.210329	236.712830	0.000000	0.000000	-0.541593
-13.703472	20.825092	237.000397	0.000000	0.000000	-1.141593
-0.960663	20.506901	237.395691	0.000000	0.000000	-1.741593
9.396917	13.573947	237.792816	0.000000	0.000000	-2.341593
15.924056	3.107629	237.941803	0.000000	0.000000	-2.741593
15.958931	-9.341790	237.944992	0.000000	0.000000	3.058407
9.934841	-19.582352	237.789871	0.000000	0.000000	2.458407
0.505462	-26.627459	237.394562	0.000000	0.000000	2.258407
-13.337480	-27.226866	237.017609	0.000000	0.000000	1.658407
-24.649010	-20.471979	236.725769	0.000000	0.000000	0.858407
-30.274834	-9.271327	236.605728	0.000000	0.000000	0.258407
-30.159616	3.015638	236.610077	0.000000	0.000000	-0.141593
-24.612175	14.210329	236.712830	0.000000	0.000000	-0.541593
-13.703472	20.825092	237.000397	0.000000	0.000000	-1.141593
-0.960663	20.506901	237.395691	0.000000	0.000000	-1.741593
9.396917	13.573947	237.792816	0.000000	0.000000	-2.341593
15.924056	3.107629	237.941803	0.000000	0.000000	-2.741593
15.958931	-9.341790	237.944992	0.000000	0.000000	3.058407
9.934841	-19.582352	237.789871	0.000000	0.000000	2.458407
0.505462	-26.627459	237.394562	0.000000	0.000000	2.258407
-13.337480	-27.226866	237.017609	0.000000	0.000000	1.658407
-24.649010	-20.471979	236.725769	0.000000	0.000000	0.858407
-30.274834	-9.271327	236.605728	0.000000	0.000000	0.258407
-30.159616	3.015638	236.610077	0.000000	0.000000	-0.141593
-24.612175	14.210329	236.712830	0.000000	0.000000	-0.541593
-13.703472	20.825092	237.000397	0.000000	0.000000	-1.141593
-0.960663	20.506901	237.395691	0.000000	0.000000	-1.741593
9.396917	13.573947	237.792816	0.000000	0.000000	-2.341593
15.924056	3.107629	237.941803	0.000000	0.000000	-2.741593
15.958931	-9.341790	237.944992	0.000000	0.000000	3.058407
9.934841	-19.582352	237.789871	0.000000	0.000000	2.458407
0.505462	-26.627459	237.394562	0.000000	0.000000	2.258407
-13.337480	-27.226866	237.017609	0.000000	0.000000	1.658407
-24.649010	-20.471979	236.725769	0.000000	0.000000	0.858407
-30.274834	-9.271327	236.605728	0.000000	0.000000	0.258407
-30.159616	3.015638	236.610077	0.000000	0.000000	-0.141593
-24.612175	14.210329	236.712830	0.000000	0.000000	-0.541593
-13.703472	20.825092	237.000397	0.000000	0.000000	-1.141593
-0.960663	20.506901	237.395691	0.000000	0.000000	-1.741593
9.396917	13.573947	237.792816	0.000000	0.000000	-2.341593
15.924056	3.107629	237.941803	0.000000	0.000000	-2.741593
15.958931	-9.341790	237.944992	0.000000	0.000000	3.058407
9.934841	-19.582352	237.789871	0.000000	0.000000	2.458407
0.505462	-26.627459	237.394562	0.000000	0.000000	2.258407
-13.337480	-27.226866	237.017609	0.000000	0.000000	1.658407
-24.649010	-20.471979	236.725769	0.000000	0.000000	0.858407
-30.274834	-9.271327	236.605728	0.000000	0.000000	0.258407
-30.159616	3.015638	236.610077	0.000000	0.000000	-0.141593
-24.612175	14.210329	236.712830	0.000000	0.000000	-0.541593
-13.703472	20.825092	237.000397	0.000000	0.000000	-1.141593
-0.960663	20.506901	237.395691	0.000000	0.000000	-1.741593
9.396917	13.573947	237.792816	0.000000	0.000000	-2.341593
15.924056	3.107629	237.941803	0.000000	0.000000	-2.741593
15.958931	-9.341790	237.944992	0.000000	0.000000	3.058407
9.934841	-19.582352	237.789871	0.000000	0.000000	2.458407
0.505462	-26.627459	237.394562	0.000000	0.000000	2.258407
-13.337480	-27.226866	237.017609	0.000000	0.000000	1.658407
-24.649010	-20.471979	236.725769	0.000000	0.000000	0.858407
-30.274834	-9.271327	236.605728	0.000000	0.000000	0.258407
-30.159616	3.015638	236.610077	0.000000	0.000000	-0.141593
-24.612175	14.210329	236.712830	0.000000	0.000000	-0.541593
-13.703472	20.825092	237.000397	0.000000	0.000000	-1.141593
-0.960663	20.506901	237.395691	0.000000	0.000000	-1.741593
9.396917	13.573947	237.792816	0.000000	0.000000	-2.341593
15.924056	3.107629	237.941803	0.000000	0.000000	-2.741593
15.958931	-9.341790	237.944992	0.000000	0.000000	3.058407
9.934841	-19.582352	237.789871	0.000000	0.000000	2.458407
0.505462	-26.627459	237.394562	0.000000	0.000000	2.258407
-13.337480	-27.226866	237.017609	0.000000	0.000000	1.658407
-24.649010	-20.471979	236.725769	0.000000	0.000000	0.858407
-30.274834	-9.271327	236.605728	0.000000	0.000000	0.258407
-30.159616	3.015638	236.610077	0.000000	0.000000	-0.141593
-24.612175	14.210329	236.712830	0.000000	0.000000	-0.541593
-13.703472	20.825092	237.000397	0.000000	0.000000	-1.141593
-0.960663	20.506901	237.395691	0.000000	0.000000	-1.741593
9.396917	13.573947	237.792816	0.000000	0.000000	-2.341593
15.924056	3.107629	237.941803	0.000000	0.000000	-2.741593
15.958931	-9.341790	237.944992	0.000000	0.000000	3.058407
9.934841	-19.582352	237.789871	0.000000	0.000000	2.458407
0.505462	-26.627459	237.394562	0.000000	0.000000	2.258407
-13.337480	-27.226866	237.017609	0.000000	0.000000	1.658407
-24.649010	-20.471979	236.725769	0.000000	0.000000	0.858407
-30.274834	-9.271327	236.605728	0.000000	0.000000	0.258407
-30.159616	3.015638	236.610077	0.000000	0.000000	-0.141593
-24.612175	14.210329	236.712830	0.000000	0.000000	-0.541593
-13.703472	20.825092	237.000397	0.000000	0.000000	-1.141593
-0.960663	20.506901	237.395691	0.000000	0.000000	-1.741593
9.396917	13.573947	237.792816	0.000000	0.000000	-2.341593
15.924056	3.107629	237.941803	0.000000	0.000000	-2.741593
15.958931	-9.341790	237.944992	0.000000	0.000000	3.058407
9.934841	-19.582352	237.789871	0.000000	0.000000	2.458407
0.505462	-26.627459	237.394562	0.000000	0.000000	2.258407
-13.337480	-27.226866	237.017609	0.000000	0.000000	1.658407
-24.649010	-20.471979	236.725769	0.000000	0.000000	0.858407
-30.274834	-9.271327	236.605728	0.000000	0.000000	0.258407
-30.159616	3.015638	236.610077	0.000000	0.000000	-0.141593
-24.612175	14.210329	236.712830	0.000000	0.000000	-0.541593
-13.703472	20.825092	237.000397	0.000000	0.000000	-1.141593
-0.960663	20.506901	237.395691	0.000000	0.000000	-1.741593
9.396917	13.573947	237.792816	0.000000	0.000000	-2.341593
15.924056	3.107629	237.941803	0.000000	0.000000	-2.741593
