143.472015	-157.102310	5.344918	0.000000	0.000000	3.058407
74.490402	-261.643280	5.344918	0.000000	0.000000	2.658407
25.915421	-274.658905	5.344918	0.000000	0.000000	2.458407
25.915421	-274.658905	5.344918	0.000000	0.000000	2.458407
-4.469468	-274.658905	16.387999	0.000000	0.000000	2.258407
-104.771828	-199.206589	16.388000	0.000000	0.000000	1.858407
143.472015	-157.102310	5.344918	0.000000	0.000000	3.058407
74.490402	-261.643280	5.344918	0.000000	0.000000	2.658407
25.915421	-274.658905	5.344918	0.000000	0.000000	2.458407
25.915421	-274.658905	5.344918	0.000000	0.000000	2.458407
-4.469468	-274.658905	16.387999	0.000000	0.000000	2.258407
-104.771828	-199.206589	16.388000	0.000000	0.000000	1.858407
143.472015	-157.102310	5.344918	0.000000	0.000000	3.058407
74.490402	-261.643280	5.344918	0.000000	0.000000	2.658407
25.915421	-274.658905	5.344918	0.000000	0.000000	2.458407
25.915421	-274.658905	5.344918	0.000000	0.000000	2.458407
-4.469468	-274.658905	16.387999	0.000000	0.000000	2.258407
-104.771828	-199.206589	16.388000	0.000000	0.000000	1.858407
143.472015	-157.102310	5.344918	0.000000	0.000000	3.058407
74.490402	-261.643280	5.344918	0.000000	0.000000	2.658407
25.915421	-274.658905	5.344918	0.000000	0.000000	2.458407
25.915421	-274.658905	5.344918	0.000000	0.000000	2.458407
-4.469468	-274.658905	16.387999	0.000000	0.000000	2.258407
-104.771828	-199.206589	16.388000	0.000000	0.000000	1.858407
143.472015	-157.102310	5.344918	0.000000	0.000000	3.058407
74.490402	-261.643280	5.344918	0.000000	0.000000	2.658407
25.915421	-274.658905	5.344918	0.000000	0.000000	2.458407
25.915421	-274.658905	5.344918	0.000000	0.000000	2.458407
-4.469468	-274.658905	16.387999	0.000000	0.000000	2.258407
-104.771828	-199.206589	16.388000	0.000000	0.000000	1.858407
143.472015	-157.102310	5.344918	0.000000	0.000000	3.058407
74.490402	-261.643280	5.344918	0.000000	0.000000	2.658407
25.915421	-274.658905	5.344918	0.000000	0.000000	2.458407
25.915421	-274.658905	5.344918	0.000000	0.000000	2.458407
-4.469468	-274.658905	16.387999	0.000000	0.000000	2.258407
-104.771828	-199.206589	16.388000	0.000000	0.000000	1.858407
143.472015	-157.102310	5.344918	0.000000	0.000000	3.058407
74.490402	-261.643280	5.344918	0.000000	0.000000	2.658407
25.915421	-274.658905	5.344918	0.000000	0.000000	2.458407
25.915421	-274.658905	5.344918	0.000000	0.000000	2.458407
-4.469468	-274.658905	16.387999	0.000000	0.000000	2.258407
-104.771828	-199.206589	16.388000	0.000000	0.000000	1.858407
143.472015	-157.102310	5.344918	0.000000	0.000000	3.058407
74.490402	-261.643280	5.344918	0.000000	0.000000	2.658407
25.915421	-274.658905	5.344918	0.000000	0.000000	2.458407
25.915421	-274.658905	5.344918	0.000000	0.000000	2.458407
-4.469468	-274.658905	16.387999	0.000000	0.000000	2.258407
-104.771828	-199.206589	16.388000	0.000000	0.000000	1.858407
143.472015	-157.102310	5.344918	0.000000	0.000000	3.058407
74.490402	-261.643280	5.344918	0.000000	0.000000	2.658407
25.915421	-274.658905	5.344918	0.000000	0.000000	2.458407
25.915421	-274.658905	5.344918	0.000000	0.000000	2.458407
-4.469468	-274.658905	16.387999	0.000000	0.000000	2.258407
-104.771828	-199.206589	16.388000	0.000000	0.000000	1.858407
143.472015	-157.102310	5.344918	0.000000	0.000000	3.058407
74.490402	-261.643280	5.344918	0.000000	0.000000	2.658407
25.915421	-274.658905	5.344918	0.000000	0.000000	2.458407
25.915421	-274.658905	5.344918	0.000000	0.000000	2.458407
-4.469468	-274.658905	16.387999	0.000000	0.000000	2.258407
-104.771828	-199.206589	16.388000	0.000000	0.000000	1.858407
143.472015	-157.102310	5.344918	0.000000	0.000000	3.058407
74.490402	-261.643280	5.344918	0.000000	0.000000	2.658407
25.915421	-274.658905	5.344918	0.000000	0.000000	2.458407
25.915421	-274.658905	5.344918	0.000000	0.000000	2.458407
-4.469468	-274.658905	16.387999	0.000000	0.000000	2.258407
-104.771828	-199.206589	16.388000	0.000000	0.000000	1.858407
143.472015	-157.102310	5.344918	0.000000	0.000000	3.058407
74.490402	-261.643280	5.344918	0.000000	0.000000	2.658407
25.915421	-274.658905	5.344918	0.000000	0.000000	2.458407
25.915421	-274.658905	5.344918	0.000000	0.000000	2.458407
-4.469468	-274.658905	16.387999	0.000000	0.000000	2.258407
-104.771828	-199.206589	16.388000	0.000000	0.000000	1.858407
143.472015	-157.102310	5.344918	0.000000	0.000000	3.058407
74.490402	-261.643280	5.344918	0.000000	0.000000	2.658407
25.915421	-274.658905	5.344918	0.000000	0.000000	2.458407
25.915421	-274.658905	5.344918	0.000000	0.000000	2.458407
-4.469468	-274.658905	16.387999	0.000000	0.000000	2.258407
-104.771828	-199.206589	16.388000	0.000000	0.000000	1.858407
143.472015	-157.102310	5.344918	0.000000	0.000000	3.058407
74.490402	-261.643280	5.344918	0.000000	0.000000	2.658407
25.915421	-274.658905	5.344918	0.000000	0.000000	2.458407
25.915421	-274.658905	5.344918	0.000000	0.000000	2.458407
-4.469468	-274.658905	16.387999	0.000000	0.000000	2.258407
-104.771828	-199.206589	16.388000	0.000000	0.000000	1.858407
143.472015	-157.102310	5.344918	0.000000	0.000000	3.058407
74.490402	-261.643280	5.344918	0.000000	0.000000	2.658407
25.915421	-274.658905	5.344918	0.000000	0.000000	2.458407
25.915421	-274.658905	5.344918	0.000000	0.000000	2.458407
-4.469468	-274.658905	16.387999	0.000000	0.000000	2.258407
-104.771828	-199.206589	16.388000	0.000000	0.000000	1.858407
143.472015	-157.102310	5.344918	0.000000	0.000000	3.058407
74.490402	-261.643280	5.344918	0.000000	0.000000	2.658407
25.915421	-274.658905	5.344918	0.000000	0.000000	2.458407
25.915421	-274.658905	5.344918	0.000000	0.000000	2.458407
-4.469468	-274.658905	16.387999	0.000000	0.000000	2.258407
-104.771828	-199.206589	16.388000	0.000000	0.000000	1.858407
143.472015	-157.102310	5.344918	0.000000	0.000000	3.058407
74.490402	-261.643280	5.344918	0.000000	0.000000	2.658407
25.915421	-274.658905	5.344918	0.000000	0.000000	2.458407
25.915421	-274.658905	5.344918	0.000000	0.000000	2.458407
-4.469468	-274.658905	16.387999	0.000000	0.000000	2.258407
-104.771828	-199.206589	16.388000	0.000000	0.000000	1.858407
143.472015	-157.102310	5.344918	0.000000	0.000000	3.058407
74.490402	-261.643280	5.344918	0.000000	0.000000	2.658407
25.915421	-274.658905	5.344918	0.000000	0.000000	2.458407
25.915421	-274.658905	5.344918	0.000000	0.000000	2.458407
-4.469468	-274.658905	16.387999	0.000000	0.000000	2.258407
-104.771828	-199.206589	16.388000	0.000000	0.000000	1.858407
143.472015	-157.102310	5.344918	0.000000	0.000000	3.058407
74.490402	-261.643280	5.344918	0.000000	0.000000	2.658407
25.915421	-274.658905	5.344918	0.000000	0.000000	2.458407
25.915421	-274.658905	5.344918	0.000000	0.000000	2.458407
-4.469468	-274.658905	16.387999	0.000000	0.000000	2.258407
-104.771828	-199.206589	16.388000	0.000000	0.000000	1.858407
143.472015	-157.102310	5.344918	0.000000	0.000000	3.058407
74.490402	-261.643280	5.344918	0.000000	0.000000	2.658407
25.915421	-274.658905	5.344918	0.000000	0.000000	2.458407
25.915421	-274.658905	5.344918	0.000000	0.000000	2.458407
-4.469468	-274.658905	16.387999	0.000000	0.000000	2.258407
-104.771828	-199.206589	16.388000	0.000000	0.000000	1.858407
