9.953630	-28.633718	177.194305	0.000000	0.000000	3.058407
47.124130	-88.665062	179.970337	0.000000	0.000000	3.058407
21.653257	-180.475998	179.970337	0.000000	0.000000	3.058407
-68.968956	-204.758148	179.970337	0.000000	0.000000	2.458407
-68.968956	-204.758148	179.970337	0.000000	0.000000	2.458407
-68.968956	-204.758148	179.970337	0.000000	0.000000	2.458407
-137.930954	-164.942917	173.003571	0.000000	0.000000	2.058407
-148.840073	-66.417320	165.994705	0.000000	0.000000	1.658407
-68.968956	-3.915797	162.398911	0.000000	0.000000	0.658407
-16.838959	-3.711046	161.158936	0.000000	0.000000	-1.741593
-3.152555	-2.143761	162.778381	0.000000	0.000000	-1.541593
8.851533	-12.193726	168.647736	0.000000	0.000000	-1.941593
9.953630	-28.633718	177.194305	0.000000	0.000000	3.058407
47.124130	-88.665062	179.970337	0.000000	0.000000	3.058407
21.653257	-180.475998	179.970337	0.000000	0.000000	3.058407
-68.968956	-204.758148	179.970337	0.000000	0.000000	2.458407
-68.968956	-204.758148	179.970337	0.000000	0.000000	2.458407
-68.968956	-204.758148	179.970337	0.000000	0.000000	2.458407
-137.930954	-164.942917	173.003571	0.000000	0.000000	2.058407
-148.840073	-66.417320	165.994705	0.000000	0.000000	1.658407
-68.968956	-3.915797	162.398911	0.000000	0.000000	0.658407
-16.838959	-3.711046	161.158936	0.000000	0.000000	-1.741593
-3.152555	-2.143761	162.778381	0.000000	0.000000	-1.541593
8.851533	-12.193726	168.647736	0.000000	0.000000	-1.941593
9.953630	-28.633718	177.194305	0.000000	0.000000	3.058407
47.124130	-88.665062	179.970337	0.000000	0.000000	3.058407
21.653257	-180.475998	179.970337	0.000000	0.000000	3.058407
-68.968956	-204.758148	179.970337	0.000000	0.000000	2.458407
-68.968956	-204.758148	179.970337	0.000000	0.000000	2.458407
-68.968956	-204.758148	179.970337	0.000000	0.000000	2.458407
-137.930954	-164.942917	173.003571	0.000000	0.000000	2.058407
-148.840073	-66.417320	165.994705	0.000000	0.000000	1.658407
-68.968956	-3.915797	162.398911	0.000000	0.000000	0.658407
-16.838959	-3.711046	161.158936	0.000000	0.000000	-1.741593
-3.152555	-2.143761	162.778381	0.000000	0.000000	-1.541593
8.851533	-12.193726	168.647736	0.000000	0.000000	-1.941593
9.953630	-28.633718	177.194305	0.000000	0.000000	3.058407
47.124130	-88.665062	179.970337	0.000000	0.000000	3.058407
21.653257	-180.475998	179.970337	0.000000	0.000000	3.058407
-68.968956	-204.758148	179.970337	0.000000	0.000000	2.458407
-68.968956	-204.758148	179.970337	0.000000	0.000000	2.458407
-68.968956	-204.758148	179.970337	0.000000	0.000000	2.458407
-137.930954	-164.942917	173.003571	0.000000	0.000000	2.058407
-148.840073	-66.417320	165.994705	0.000000	0.000000	1.658407
-68.968956	-3.915797	162.398911	0.000000	0.000000	0.658407
-16.838959	-3.711046	161.158936	0.000000	0.000000	-1.741593
-3.152555	-2.143761	162.778381	0.000000	0.000000	-1.541593
8.851533	-12.193726	168.647736	0.000000	0.000000	-1.941593
9.953630	-28.633718	177.194305	0.000000	0.000000	3.058407
47.124130	-88.665062	179.970337	0.000000	0.000000	3.058407
21.653257	-180.475998	179.970337	0.000000	0.000000	3.058407
-68.968956	-204.758148	179.970337	0.000000	0.000000	2.458407
-68.968956	-204.758148	179.970337	0.000000	0.000000	2.458407
-68.968956	-204.758148	179.970337	0.000000	0.000000	2.458407
-137.930954	-164.942917	173.003571	0.000000	0.000000	2.058407
-148.840073	-66.417320	165.994705	0.000000	0.000000	1.658407
-68.968956	-3.915797	162.398911	0.000000	0.000000	0.658407
-16.838959	-3.711046	161.158936	0.000000	0.000000	-1.741593
-3.152555	-2.143761	162.778381	0.000000	0.000000	-1.541593
8.851533	-12.193726	168.647736	0.000000	0.000000	-1.941593
9.953630	-28.633718	177.194305	0.000000	0.000000	3.058407
47.124130	-88.665062	179.970337	0.000000	0.000000	3.058407
21.653257	-180.475998	179.970337	0.000000	0.000000	3.058407
-68.968956	-204.758148	179.970337	0.000000	0.000000	2.458407
-68.968956	-204.758148	179.970337	0.000000	0.000000	2.458407
-68.968956	-204.758148	179.970337	0.000000	0.000000	2.458407
-137.930954	-164.942917	173.003571	0.000000	0.000000	2.058407
-148.840073	-66.417320	165.994705	0.000000	0.000000	1.658407
-68.968956	-3.915797	162.398911	0.000000	0.000000	0.658407
-16.838959	-3.711046	161.158936	0.000000	0.000000	-1.741593
-3.152555	-2.143761	162.778381	0.000000	0.000000	-1.541593
8.851533	-12.193726	168.647736	0.000000	0.000000	-1.941593
9.953630	-28.633718	177.194305	0.000000	0.000000	3.058407
47.124130	-88.665062	179.970337	0.000000	0.000000	3.058407
21.653257	-180.475998	179.970337	0.000000	0.000000	3.058407
-68.968956	-204.758148	179.970337	0.000000	0.000000	2.458407
-68.968956	-204.758148	179.970337	0.000000	0.000000	2.458407
-68.968956	-204.758148	179.970337	0.000000	0.000000	2.458407
-137.930954	-164.942917	173.003571	0.000000	0.000000	2.058407
-148.840073	-66.417320	165.994705	0.000000	0.000000	1.658407
-68.968956	-3.915797	162.398911	0.000000	0.000000	0.658407
-16.838959	-3.711046	161.158936	0.000000	0.000000	-1.741593
-3.152555	-2.143761	162.778381	0.000000	0.000000	-1.541593
8.851533	-12.193726	168.647736	0.000000	0.000000	-1.941593
9.953630	-28.633718	177.194305	0.000000	0.000000	3.058407
47.124130	-88.665062	179.970337	0.000000	0.000000	3.058407
21.653257	-180.475998	179.970337	0.000000	0.000000	3.058407
-68.968956	-204.758148	179.970337	0.000000	0.000000	2.458407
-68.968956	-204.758148	179.970337	0.000000	0.000000	2.458407
-68.968956	-204.758148	179.970337	0.000000	0.000000	2.458407
-137.930954	-164.942917	173.003571	0.000000	0.000000	2.058407
-148.840073	-66.417320	165.994705	0.000000	0.000000	1.658407
-68.968956	-3.915797	162.398911	0.000000	0.000000	0.658407
-16.838959	-3.711046	161.158936	0.000000	0.000000	-1.741593
-3.152555	-2.143761	162.778381	0.000000	0.000000	-1.541593
8.851533	-12.193726	168.647736	0.000000	0.000000	-1.941593
9.953630	-28.633718	177.194305	0.000000	0.000000	3.058407
47.124130	-88.665062	179.970337	0.000000	0.000000	3.058407
21.653257	-180.475998	179.970337	0.000000	0.000000	3.058407
-68.968956	-204.758148	179.970337	0.000000	0.000000	2.458407
-68.968956	-204.758148	179.970337	0.000000	0.000000	2.458407
-68.968956	-204.758148	179.970337	0.000000	0.000000	2.458407
-137.930954	-164.942917	173.003571	0.000000	0.000000	2.058407
-148.840073	-66.417320	165.994705	0.000000	0.000000	1.658407
-68.968956	-3.915797	162.398911	0.000000	0.000000	0.658407
-16.838959	-3.711046	161.158936	0.000000	0.000000	-1.741593
-3.152555	-2.143761	162.778381	0.000000	0.000000	-1.541593
8.851533	-12.193726	168.647736	0.000000	0.000000	-1.941593
9.953630	-28.633718	177.194305	0.000000	0.000000	3.058407
47.124130	-88.665062	179.970337	0.000000	0.000000	3.058407
21.653257	-180.475998	179.970337	0.000000	0.000000	3.058407
-68.968956	-204.758148	179.970337	0.000000	0.000000	2.458407
-68.968956	-204.758148	179.970337	0.000000	0.000000	2.458407
-68.968956	-204.758148	179.970337	0.000000	0.000000	2.458407
-137.930954	-164.942917	173.003571	0.000000	0.000000	2.058407
-148.840073	-66.417320	165.994705	0.000000	0.000000	1.658407
-68.968956	-3.915797	162.398911	0.000000	0.000000	0.658407
-16.838959	-3.711046	161.158936	0.000000	0.000000	-1.741593
-3.152555	-2.143761	162.778381	0.000000	0.000000	-1.541593
8.851533	-12.193726	168.647736	0.000000	0.000000	-1.941593
9.953630	-28.633718	177.194305	0.000000	0.000000	3.058407
47.124130	-88.665062	179.970337	0.000000	0.000000	3.058407
21.653257	-180.475998	179.970337	0.000000	0.000000	3.058407
-68.968956	-204.758148	179.970337	0.000000	0.000000	2.458407
-68.968956	-204.758148	179.970337	0.000000	0.000000	2.458407
-68.968956	-204.758148	179.970337	0.000000	0.000000	2.458407
-137.930954	-164.942917	173.003571	0.000000	0.000000	2.058407
-148.840073	-66.417320	165.994705	0.000000	0.000000	1.658407
-68.968956	-3.915797	162.398911	0.000000	0.000000	0.658407
-16.838959	-3.711046	161.158936	0.000000	0.000000	-1.741593
-3.152555	-2.143761	162.778381	0.000000	0.000000	-1.541593
8.851533	-12.193726	168.647736	0.000000	0.000000	-1.941593
9.953630	-28.633718	177.194305	0.000000	0.000000	3.058407
47.124130	-88.665062	179.970337	0.000000	0.000000	3.058407
21.653257	-180.475998	179.970337	0.000000	0.000000	3.058407
-68.968956	-204.758148	179.970337	0.000000	0.000000	2.458407
-68.968956	-204.758148	179.970337	0.000000	0.000000	2.458407
-68.968956	-204.758148	179.970337	0.000000	0.000000	2.458407
-137.930954	-164.942917	173.003571	0.000000	0.000000	2.058407
-148.840073	-66.417320	165.994705	0.000000	0.000000	1.658407
-68.968956	-3.915797	162.398911	0.000000	0.000000	0.658407
-16.838959	-3.711046	161.158936	0.000000	0.000000	-1.741593
-3.152555	-2.143761	162.778381	0.000000	0.000000	-1.541593
8.851533	-12.193726	168.647736	0.000000	0.000000	-1.941593
9.953630	-28.633718	177.194305	0.000000	0.000000	3.058407
47.124130	-88.665062	179.970337	0.000000	0.000000	3.058407
21.653257	-180.475998	179.970337	0.000000	0.000000	3.058407
-68.968956	-204.758148	179.970337	0.000000	0.000000	2.458407
-68.968956	-204.758148	179.970337	0.000000	0.000000	2.458407
-68.968956	-204.758148	179.970337	0.000000	0.000000	2.458407
-137.930954	-164.942917	173.003571	0.000000	0.000000	2.058407
-148.840073	-66.417320	165.994705	0.000000	0.000000	1.658407
-68.968956	-3.915797	162.398911	0.000000	0.000000	0.658407
-16.838959	-3.711046	161.158936	0.000000	0.000000	-1.741593
-3.152555	-2.143761	162.778381	0.000000	0.000000	-1.541593
8.851533	-12.193726	168.647736	0.000000	0.000000	-1.941593
9.953630	-28.633718	177.194305	0.000000	0.000000	3.058407
47.124130	-88.665062	179.970337	0.000000	0.000000	3.058407
21.653257	-180.475998	179.970337	0.000000	0.000000	3.058407
-68.968956	-204.758148	179.970337	0.000000	0.000000	2.458407
-68.968956	-204.758148	179.970337	0.000000	0.000000	2.458407
-68.968956	-204.758148	179.970337	0.000000	0.000000	2.458407
-137.930954	-164.942917	173.003571	0.000000	0.000000	2.058407
-148.840073	-66.417320	165.994705	0.000000	0.000000	1.658407
-68.968956	-3.915797	162.398911	0.000000	0.000000	0.658407
-16.838959	-3.711046	161.158936	0.000000	0.000000	-1.741593
-3.152555	-2.143761	162.778381	0.000000	0.000000	-1.541593
8.851533	-12.193726	168.647736	0.000000	0.000000	-1.941593
9.953630	-28.633718	177.194305	0.000000	0.000000	3.058407
47.124130	-88.665062	179.970337	0.000000	0.000000	3.058407
21.653257	-180.475998	179.970337	0.000000	0.000000	3.058407
-68.968956	-204.758148	179.970337	0.000000	0.000000	2.458407
-68.968956	-204.758148	179.970337	0.000000	0.000000	2.458407
-68.968956	-204.758148	179.970337	0.000000	0.000000	2.458407
-137.930954	-164.942917	173.003571	0.000000	0.000000	2.058407
-148.840073	-66.417320	165.994705	0.000000	0.000000	1.658407
-68.968956	-3.915797	162.398911	0.000000	0.000000	0.658407
-16.838959	-3.711046	161.158936	0.000000	0.000000	-1.741593
-3.152555	-2.143761	162.778381	0.000000	0.000000	-1.541593
8.851533	-12.193726	168.647736	0.000000	0.000000	-1.941593
9.953630	-28.633718	177.194305	0.000000	0.000000	3.058407
47.124130	-88.665062	179.970337	0.000000	0.000000	3.058407
21.653257	-180.475998	179.970337	0.000000	0.000000	3.058407
-68.968956	-204.758148	179.970337	0.000000	0.000000	2.458407
-68.968956	-204.758148	179.970337	0.000000	0.000000	2.458407
-68.968956	-204.758148	179.970337	0.000000	0.000000	2.458407
-137.930954	-164.942917	173.003571	0.000000	0.000000	2.058407
-148.840073	-66.417320	165.994705	0.000000	0.000000	1.658407
-68.968956	-3.915797	162.398911	0.000000	0.000000	0.658407
-16.838959	-3.711046	161.158936	0.000000	0.000000	-1.741593
-3.152555	-2.143761	162.778381	0.000000	0.000000	-1.541593
8.851533	-12.193726	168.647736	0.000000	0.000000	-1.941593
9.953630	-28.633718	177.194305	0.000000	0.000000	3.058407
47.124130	-88.665062	179.970337	0.000000	0.000000	3.058407
21.653257	-180.475998	179.970337	0.000000	0.000000	3.058407
-68.968956	-204.758148	179.970337	0.000000	0.000000	2.458407
-68.968956	-204.758148	179.970337	0.000000	0.000000	2.458407
-68.968956	-204.758148	179.970337	0.000000	0.000000	2.458407
-137.930954	-164.942917	173.003571	0.000000	0.000000	2.058407
-148.840073	-66.417320	165.994705	0.000000	0.000000	1.658407
-68.968956	-3.915797	162.398911	0.000000	0.000000	0.658407
-16.838959	-3.711046	161.158936	0.000000	0.000000	-1.741593
-3.152555	-2.143761	162.778381	0.000000	0.000000	-1.541593
8.851533	-12.193726	168.647736	0.000000	0.000000	-1.941593
9.953630	-28.633718	177.194305	0.000000	0.000000	3.058407
47.124130	-88.665062	179.970337	0.000000	0.000000	3.058407
21.653257	-180.475998	179.970337	0.000000	0.000000	3.058407
-68.968956	-204.758148	179.970337	0.000000	0.000000	2.458407
-68.968956	-204.758148	179.970337	0.000000	0.000000	2.458407
-68.968956	-204.758148	179.970337	0.000000	0.000000	2.458407
-137.930954	-164.942917	173.003571	0.000000	0.000000	2.058407
-148.840073	-66.417320	165.994705	0.000000	0.000000	1.658407
-68.968956	-3.915797	162.398911	0.000000	0.000000	0.658407
-16.838959	-3.711046	161.158936	0.000000	0.000000	-1.741593
-3.152555	-2.143761	162.778381	0.000000	0.000000	-1.541593
8.851533	-12.193726	168.647736	0.000000	0.000000	-1.941593
9.953630	-28.633718	177.194305	0.000000	0.000000	3.058407
47.124130	-88.665062	179.970337	0.000000	0.000000	3.058407
21.653257	-180.475998	179.970337	0.000000	0.000000	3.058407
-68.968956	-204.758148	179.970337	0.000000	0.000000	2.458407
-68.968956	-204.758148	179.970337	0.000000	0.000000	2.458407
-68.968956	-204.758148	179.970337	0.000000	0.000000	2.458407
-137.930954	-164.942917	173.003571	0.000000	0.000000	2.058407
-148.840073	-66.417320	165.994705	0.000000	0.000000	1.658407
-68.968956	-3.915797	162.398911	0.000000	0.000000	0.658407
-16.838959	-3.711046	161.158936	0.000000	0.000000	-1.741593
-3.152555	-2.143761	162.778381	0.000000	0.000000	-1.541593
8.851533	-12.193726	168.647736	0.000000	0.000000	-1.941593
9.953630	-28.633718	177.194305	0.000000	0.000000	3.058407
47.124130	-88.665062	179.970337	0.000000	0.000000	3.058407
21.653257	-180.475998	179.970337	0.000000	0.000000	3.058407
-68.968956	-204.758148	179.970337	0.000000	0.000000	2.458407
-68.968956	-204.758148	179.970337	0.000000	0.000000	2.458407
-68.968956	-204.758148	179.970337	0.000000	0.000000	2.458407
-137.930954	-164.942917	173.003571	0.000000	0.000000	2.058407
-148.840073	-66.417320	165.994705	0.000000	0.000000	1.658407
-68.968956	-3.915797	162.398911	0.000000	0.000000	0.658407
-16.838959	-3.711046	161.158936	0.000000	0.000000	-1.741593
-3.152555	-2.143761	162.778381	0.000000	0.000000	-1.541593
8.851533	-12.193726	168.647736	0.000000	0.000000	-1.941593
