-74.838112	-21.896271	2.086217	0	0	0.58850112	0.8084964
-75.016838	-21.882500	2.014504	0	0	-0.26749883	0.96355818
-74.643005	-21.916574	2.161508	0	0	-0.26749883	0.96355818
-75.244514	-21.826448	1.946394	0	0	0.58850112	0.8084964
-74.430687	-21.939882	2.239814	0	0	0.58850112	0.8084964
-74.196053	-21.979612	2.323004	0	0	0.58850112	0.8084964
-73.982292	-21.944986	2.400680	0	0	-0.26749883	0.96355818
-73.902252	-22.083614	2.414684	0	0	-0.16996714	0.98544973
-73.834190	-21.851292	2.481746	0	0	0.58850112	0.8084964
-73.696159	-22.090370	2.505899	0	0	0.58850112	0.8084964
-73.679794	-21.753658	2.565797	0	0	0.58850112	0.8084964
-73.519508	-21.652397	2.652127	0	0	0.58850112	0.8084964
-73.480301	-22.099188	2.600703	0	0	0.58850112	0.8084964
-73.354416	-21.548281	2.739247	0	0	-0.26749883	0.96355818
-73.254456	-22.111486	2.698506	0	0	0.58850112	0.8084964
-73.186241	-21.442520	2.825012	0	0	-0.26749883	0.96355818
-73.018654	-22.129841	2.797998	0	0	-0.16996714	0.98544973
-73.019447	-21.338268	2.903748	0	0	0.58850112	0.8084964
-72.951469	-21.301979	2.874475	0	0	-0.26749883	0.96355818
-72.908630	-21.282688	2.820554	0	0	0.58850112	0.8084964
-72.903046	-21.280176	2.813533	0	0	0.58850112	0.8084964
-72.858994	-21.260342	2.758086	0	0	-0.26749883	0.96355818
-72.838600	-21.251163	2.732428	0	0	0.58850112	0.8084964
-72.795792	-21.231890	2.678553	0	0	0	1
-72.773209	-22.157913	2.897284	0	0	-0.16996714	0.98544973
-72.538406	-21.116011	2.354626	0	0	0.50484609	0.86320938
-72.519440	-22.204311	2.991238	0	0	0.58850112	0.8084964
-72.449966	-21.076195	2.243323	0	0	0.50484609	0.86320938
-72.258194	-22.274977	3.077275	0	0	-0.16996714	0.98544973
-72.121246	-20.928202	1.829623	0	0	-0.070737201	0.99749499
-72.059265	-20.900297	1.751621	0	0	0.50484609	0.86320938
-71.989120	-20.868717	1.663343	0	0	0.1288445	0.99166481
-71.996292	-22.408539	3.130381	0	0	0.58850112	0.8084964
-71.818726	-20.792002	1.448895	0	0	0.22720209	0.97384763
-71.724167	-22.543482	3.200783	0	0	-0.16996714	0.98544973
-71.471161	-22.688450	3.304817	0	0	0.58850112	0.8084964
-71.365540	-20.587975	0.878559	0	0	0.41614682	0.90929743
-71.288780	-20.553417	0.781957	0	0	0.50484609	0.86320938
-71.137451	-22.786566	3.440094	0	0	-0.16996714	0.98544973
-71.010284	-22.946945	3.733595	0	0	0.58850112	0.8084964
-71.014870	-20.430098	0.437234	0	0	0.50484609	0.86320938
-70.667183	-20.273563	-0.000340	0	0	0.50484609	0.86320938
-70.667183	-20.273563	-0.000340	0	0	-0.16996714	0.98544973
-70.667183	-20.273563	-0.000340	0	0	0.41614682	0.90929743
-70.166077	-23.101343	3.333613	0	0	0.58850112	0.8084964
-69.937881	-23.395864	3.605396	0	0	0.41614682	0.90929743
-69.035950	-23.550808	3.205740	0	0	0.41614682	0.90929743
-68.507996	-23.920584	3.337652	0	0	0.66627604	0.74570519
-68.077232	-24.473547	3.774665	0	0	0.66627604	0.74570519
-67.588081	-24.500959	3.483697	0	0	0.029199523	0.9995736
-66.247063	-22.464949	-1.003135	0	0	0.58850112	0.8084964
-68.049500	-28.684885	2.086217	0	0	0.22720209	0.97384763
-68.131973	-28.767363	2.014504	0	0	0.58850112	0.8084964
-67.962097	-28.597485	2.161508	0	0	0.58850112	0.8084964
-68.217789	-28.853176	1.946394	0	0	0.22720209	0.97384763
-67.867592	-28.502979	2.239814	0	0	0.22720209	0.97384763
-67.770134	-28.405525	2.323004	0	0	0.22720209	0.97384763
-67.675240	-28.310629	2.414684	0	0	0.58850112	0.8084964
-67.575569	-28.210958	2.505899	0	0	0.22720209	0.97384763
-67.472054	-28.107439	2.600703	0	0	0.22720209	0.97384763
-67.365273	-28.000664	2.698506	0	0	0.22720209	0.97384763
-67.256554	-27.891941	2.797998	0	0	0.58850112	0.8084964
-67.147865	-27.783255	2.897284	0	0	0.58850112	0.8084964
-67.044182	-27.679569	2.991238	0	0	0.22720209	0.97384763
-66.948891	-27.584278	3.077275	0	0	0.58850112	0.8084964
-66.884720	-27.520107	3.130381	0	0	0.22720209	0.97384763
-66.816132	-27.451519	3.200783	0	0	0.58850112	0.8084964
-66.762108	-27.397499	3.304817	0	0	0.32328956	0.94630009
-66.644318	-27.279703	3.440094	0	0	0.58850112	0.8084964
-65.867912	-25.693449	3.897357	0	0	0.73739371	0.67546319
-65.784218	-25.583498	3.697285	0	0	0.66627604	0.74570519
-65.927505	-25.771740	4.039821	0	0	0.50484609	0.86320938
-65.549728	-25.275436	3.136724	0	0	0.73739371	0.67546319
-66.316017	-26.951405	3.333613	0	0	0.32328956	0.94630009
-66.519562	-27.154953	3.876433	0	0	0.32328956	0.94630009
-65.966629	-26.602018	3.214887	0	0	0.41614682	0.90929743
-66.146980	-26.782368	3.809713	0	0	0.41614682	0.90929743
-66.547554	-26.586332	5.522089	0	0	0.73739371	0.67546319
-65.102127	-24.687399	2.066704	0	0	0.50484609	0.86320938
-65.812637	-26.448027	3.422489	0	0	0.22720209	0.97384763
-66.694221	-26.779020	5.872710	0	0	0.41614682	0.90929743
-64.912987	-24.438908	1.614539	0	0	0.66627604	0.74570519
-65.681404	-26.316790	4.053853	0	0	0.029199523	0.9995736
-66.879349	-27.022226	6.315257	0	0	0.58850112	0.8084964
-64.784927	-24.299509	1.143639	0	0	0.50484609	0.86320938
-65.457024	-26.092409	3.756330	0	0	0.32328956	0.94630009
-64.422852	-23.794992	0.442842	0	0	0.66627604	0.74570519
-64.237465	-23.551437	-0.000341	0	0	0.66627604	0.74570519
-64.237465	-23.551437	-0.000341	0	0	0.32328956	0.94630009
-64.237465	-23.551437	-0.000341	0	0	0.029199523	0.9995736
-64.237465	-23.551437	-0.000341	0	0	0.22720209	0.97384763
-84.316498	-21.953789	-3.760134	0	0	0.029199523	0.9995736
-64.543358	-26.467058	4.026289	0	0	0.73739371	0.67546319
-64.038315	-24.673698	-1.003135	0	0	0.66627604	0.74570519
-68.056587	-28.568838	9.129539	0	0	0.58850112	0.8084964
-61.022007	-27.666004	-1.987614	0	0	0.80114363	0.59847213
-83.072540	-26.912706	-10.245093	0	0	0.029199523	0.9995736
-58.183884	-26.637554	-0.000341	0	0	0.85688874	0.51550139
-58.183884	-26.637554	-0.000341	0	0	0.32328956	0.94630009
-58.294975	-27.549519	1.269432	0	0	0.85688874	0.51550139
-58.183884	-26.874918	-0.000341	0	0	0.32328956	0.94630009
-58.183884	-27.746054	-0.000341	0	0	0.73739371	0.67546319
-58.183884	-28.166580	-0.000341	0	0	0.73739371	0.67546319
-58.584797	-29.928711	4.582092	0	0	0.90407214	0.42737988
-57.541130	-27.870909	1.186945	0	0	0.50484609	0.86320938
-57.535210	-27.848814	1.154024	0	0	0.66627604	0.74570519
-57.547657	-27.895275	1.223250	0	0	0.66627604	0.74570519
-57.554420	-27.920515	1.260860	0	0	0.50484609	0.86320938
-57.527351	-27.819490	1.110332	0	0	0.50484609	0.86320938
-57.562626	-27.951139	1.306491	0	0	0.50484609	0.86320938
-57.575802	-28.000317	1.379764	0	0	0.66627604	0.74570519
-57.582920	-28.026880	1.419343	0	0	0.50484609	0.86320938
-57.590427	-28.054899	1.461093	0	0	0.50484609	0.86320938
-57.598366	-28.084520	1.505228	0	0	0.50484609	0.86320938
-57.606785	-28.115934	1.552037	0	0	0.66627604	0.74570519
-57.615757	-28.149424	1.601936	0	0	0.66627604	0.74570519
-57.625393	-28.185389	1.655524	0	0	0.50484609	0.86320938
-57.635883	-28.224533	1.713849	0	0	0.66627604	0.74570519
-57.647484	-28.267824	1.778355	0	0	0.50484609	0.86320938
-57.661068	-28.318533	1.853910	0	0	0.66627604	0.74570519
-57.679970	-28.389065	1.959004	0	0	0.50484609	0.86320938
-57.685032	-28.407967	1.987166	0	0	0.58850112	0.8084964
-57.688606	-28.421297	2.007030	0	0	0.50484609	0.86320938
-57.697083	-28.452938	2.054175	0	0	0.58850112	0.8084964
-57.719616	-28.537027	2.179469	0	0	0.50484609	0.86320938
-57.740562	-28.615206	2.295956	0	0	0.50484609	0.86320938
-57.742958	-28.624151	2.309286	0	0	0.50484609	0.86320938
-57.764503	-28.704557	2.429090	0	0	0.66627604	0.74570519
-57.808231	-28.867743	2.672239	0	0	0.41614682	0.90929743
-80.643921	-28.314871	-14.250088	0	0	0.029199523	0.9995736
-57.923935	-29.299568	3.315663	0	0	0.66627604	0.74570519
-58.183884	-29.912432	-0.000341	0	0	0.32328956	0.94630009
-57.025368	-25.946064	-1.681096	0	0	0.80114363	0.59847213
-58.664440	-30.582508	5.492406	0	0	0.80114363	0.59847213
-58.678841	-30.700726	5.657005	0	0	0.22720209	0.97384763
-58.690006	-30.879763	5.784664	0	0	0.22720209	0.97384763
-58.348038	-31.514732	1.875937	0	0	0.73739371	0.67546319
-58.811157	-31.786961	7.169423	0	0	0	1
-58.349739	-31.902662	7.012725	0	0	0	1
-57.912617	-29.687136	-5.654852	0	0	0.80114363	0.59847213
-58.849331	-32.926189	7.605733	0	0	0	1
-55.524689	-26.127569	-2.446083	0	0	0.85688874	0.51550139
-74.161705	-34.797092	-14.250088	0	0	0.1288445	0.99166481
-55.392212	-31.924908	5.065325	0	0	0.32328956	0.94630009
-58.183884	-36.962948	-0.000341	0	0	0.90407214	0.42737988
-58.500839	-38.405411	3.622442	0	0	0.90407214	0.42737988
-55.326900	-29.250809	-8.814329	0	0	0.73739371	0.67546319
-53.507828	-32.753555	4.892267	0	0	0.94222235	0.33498812
-52.287796	-31.514732	2.406139	0	0	0.73739371	0.67546319
-59.339409	-34.582184	-13.452057	0	0	0.50484609	0.86320938
-51.803181	-32.454685	3.361222	0	0	0.97095818	0.23924928
-51.131592	-25.306055	-6.459013	0	0	0.73739371	0.67546319
-51.123859	-25.334911	-6.426353	0	0	0.73739371	0.67546319
-51.104633	-25.406664	-6.345137	0	0	0.66627604	0.74570519
-51.082230	-25.490288	-6.250486	0	0	0.66627604	0.74570519
-51.049603	-25.612051	-6.112668	0	0	0.73739371	0.67546319
-51.030785	-25.682270	-6.033189	0	0	0.58850112	0.8084964
-51.010975	-25.756205	-5.949505	0	0	0.58850112	0.8084964
-50.990078	-25.834200	-5.861227	0	0	0.58850112	0.8084964
-50.967968	-25.916714	-5.767831	0	0	0.73739371	0.67546319
-50.944485	-26.004358	-5.668631	0	0	0.73739371	0.67546319
-50.919346	-26.098171	-5.562446	0	0	0.58850112	0.8084964
-50.892239	-26.199345	-5.447932	0	0	0.73739371	0.67546319
-50.862190	-26.311481	-5.321009	0	0	0.58850112	0.8084964
-50.829445	-26.433689	-5.182687	0	0	0.73739371	0.67546319
-50.791805	-26.574160	-5.023695	0	0	0.58850112	0.8084964
-50.753014	-26.718935	-4.859827	0	0	0.66627604	0.74570519
-50.701252	-26.912117	-4.641173	0	0	0.58850112	0.8084964
-50.693035	-26.942768	-4.606479	0	0	0.58850112	0.8084964
-50.654839	-27.085329	-4.445119	0	0	0.94222235	0.33498812
-50.632061	-27.170328	-4.348914	0	0	0.58850112	0.8084964
-50.625713	-27.194017	-4.322101	0	0	0.58850112	0.8084964
-50.556839	-27.451063	-4.031159	0	0	0.58850112	0.8084964
-51.036156	-25.662231	-6.708411	0	0	0.73739371	0.67546319
-50.443851	-27.872742	-3.553879	0	0	0.66627604	0.74570519
-50.424393	-27.945356	-3.471689	0	0	0.58850112	0.8084964
-50.057106	-29.316092	-1.920206	0	0	0.66627604	0.74570519
-58.872551	-42.012691	7.871159	0	0	0.58850112	0.8084964
-49.761940	-30.727854	-0.266740	0	0	0.50484609	0.86320938
-49.674202	-30.745110	-0.302755	0	0	0.50484609	0.86320938
-49.317142	-32.077675	1.205527	0	0	0.66627604	0.74570519
-50.280762	-28.481405	-8.682417	0	0	0.80114363	0.59847213
-50.051952	-34.460026	4.370477	0	0	0	1
-49.072205	-32.991791	2.240178	0	0	0.97095818	0.23924928
-49.022400	-33.177670	2.450567	0	0	0.50484609	0.86320938
-48.892841	-33.661194	2.997849	0	0	0.97095818	0.23924928
-48.833572	-33.882378	3.248200	0	0	0.66627604	0.74570519
-48.716816	-34.318119	3.741401	0	0	0	1
-47.080410	-32.298111	-0.000341	0	0	0.98999249	0.14112005
-46.465225	-33.363644	-0.000341	0	0	0.85688874	0.51550139
-46.908253	-34.771618	3.127216	0	0	0	1
-45.763237	-35.058731	2.738371	0	0	0	1
-43.598728	-30.131908	-5.166959	0	0	0.98999249	0.14112005
-44.800201	-36.247547	-0.000341	0	0	0.58850112	0.8084964
-44.545528	-36.688656	-0.000341	0	0	0.58850112	0.8084964
-42.216454	-35.948090	1.533889	0	0	0	1
-41.466690	-27.154173	-10.495458	0	0	0.94222235	0.33498812
-41.466690	-27.154173	-10.495458	0	0	0.90407214	0.42737988
-41.116543	-27.504322	-10.270445	0	0	0.94222235	0.33498812
-40.708168	-27.912695	-10.008016	0	0	0.80114363	0.59847213
-40.699329	-27.921535	-10.002335	0	0	0.98999249	0.14112005
-39.938614	-33.021351	-3.825199	0	0	0.85688874	0.51550139
-40.038277	-28.582588	-9.577528	0	0	0.80114363	0.59847213
-39.863430	-28.757435	-9.465168	0	0	0.98999249	0.14112005
-39.697124	-28.923740	-9.358296	0	0	0.99913515	0.041580682
-41.622650	-41.751225	-0.000341	0	0	0.90407214	0.42737988
-40.914494	-43.644073	3.807502	0	0	0	1
-36.775410	-31.845455	-7.480743	0	0	0.85688874	0.51550139
-36.625462	-31.995403	-7.384384	0	0	0.80114363	0.59847213
-40.455578	-44.456650	3.908692	0	0	0	1
-40.046722	-44.256901	3.658456	0	0	0	1
-36.165173	-37.465450	-0.521116	0	0	0	1
-35.311718	-34.494251	-4.986548	0	0	0.66627604	0.74570519
-33.908092	-32.068821	-9.104199	0	0	0.73739371	0.67546319
-33.742504	-34.878361	-5.531737	0	0	0.73739371	0.67546319
-43.904369	-52.278416	8.280995	0	0	0	1
-34.674572	-40.595543	-0.011584	0	0	0	1
-33.133327	-35.651337	-4.925538	0	0	0.90407214	0.42737988
-32.354218	-34.305054	-7.211121	0	0	0.94222235	0.33498812
-37.440304	-48.995262	-0.000341	0	0	0.97095818	0.23924928
-30.649042	-37.971821	-3.543814	0	0	0.66627604	0.74570519
-29.478804	-39.142059	-2.791795	0	0	0	1
-24.029902	-40.486752	-4.670579	0	0	0.85688874	0.51550139
-22.604759	-38.024143	-8.851352	0	0	0.80114363	0.59847213
-20.506350	-43.292568	-5.138410	0	0	0	1
-16.711376	-37.181957	-13.894048	0	0	-0.99500417	0.099833397
-77.615738	-102.790367	9.333530	0	0	0.80114363	0.59847213
-161.357910	-71.794266	8.310815	0	0	0.66627604	0.74570519
-138.397766	-99.033150	9.333530	0	0	0.73739371	0.67546319
-155.513062	-81.917839	9.333530	0	0	0.66627604	0.74570519
25.373976	-93.994843	-74.428642	0	0	0.94222235	0.33498812
-208.921570	-100.094780	-0.000341	0	0	0.66627604	0.74570519
-212.799179	-166.143341	-40.165836	0	0	0.73739371	0.67546319
-8.736811	-183.525528	-117.245483	0	0	0.85688874	0.51550139
-187.345352	-202.525726	-90.440170	0	0	0.73739371	0.67546319
-158.819626	-207.742996	-129.182632	0	0	0.66627604	0.74570519
-107.994308	-216.164734	-140.597519	0	0	0.66627604	0.74570519
