156.610382	95.249939	-126.853157	0.000000	0.000000	-2.141593
156.813354	94.822121	-126.557541	0.000000	0.000000	-2.141593
157.014816	94.391716	-126.260201	0.000000	0.000000	-2.141593
157.214752	93.958717	-125.961143	0.000000	0.000000	-2.141593
157.413101	93.523109	-125.660378	0.000000	0.000000	-2.141593
157.609863	93.084908	-125.357918	0.000000	0.000000	-2.141593
157.804993	92.644089	-125.053787	0.000000	0.000000	-2.141593
157.998444	92.200661	-124.747971	0.000000	0.000000	-2.141593
158.190186	91.754616	-124.440514	0.000000	0.000000	-2.141593
158.380203	91.305954	-124.131401	0.000000	0.000000	-2.141593
158.568451	90.854675	-123.820663	0.000000	0.000000	-2.141593
158.754883	90.400764	-123.508301	0.000000	0.000000	-2.141593
158.939468	89.944237	-123.194328	0.000000	0.000000	-2.141593
159.122192	89.485077	-122.878754	0.000000	0.000000	3.058407
159.302994	89.023293	-122.561607	0.000000	0.000000	3.058407
159.481857	88.558884	-122.242889	0.000000	0.000000	3.058407
159.658737	88.091850	-121.922607	0.000000	0.000000	3.058407
159.833603	87.622192	-121.600784	0.000000	0.000000	3.058407
160.006409	87.149910	-121.277428	0.000000	0.000000	3.058407
160.177124	86.675011	-120.952553	0.000000	0.000000	3.058407
160.345718	86.197487	-120.626167	0.000000	0.000000	3.058407
160.512146	85.717346	-120.298294	0.000000	0.000000	3.058407
160.676392	85.234589	-119.968933	0.000000	0.000000	3.058407
160.838394	84.749229	-119.638100	0.000000	0.000000	3.058407
160.998123	84.261253	-119.305809	0.000000	0.000000	3.058407
161.155563	83.770683	-118.972084	0.000000	0.000000	3.058407
161.310638	83.277519	-118.636932	0.000000	0.000000	3.058407
161.463348	82.781761	-118.300362	0.000000	0.000000	3.058407
161.613647	82.283417	-117.962395	0.000000	0.000000	3.058407
161.761475	81.782494	-117.623032	0.000000	0.000000	3.058407
161.906830	81.278999	-117.282295	0.000000	0.000000	3.058407
162.049652	80.772942	-116.940193	0.000000	0.000000	3.058407
162.189911	80.264328	-116.596733	0.000000	0.000000	3.058407
162.327576	79.753174	-116.251961	0.000000	0.000000	3.058407
162.462585	79.239471	-115.905846	0.000000	0.000000	3.058407
162.594940	78.723251	-115.558426	0.000000	0.000000	3.058407
162.724579	78.204506	-115.209724	0.000000	0.000000	3.058407
162.851456	77.683250	-114.859726	0.000000	0.000000	3.058407
162.975555	77.159500	-114.508484	0.000000	0.000000	3.058407
163.096832	76.633263	-114.155968	0.000000	0.000000	3.058407
163.215256	76.104561	-113.802223	0.000000	0.000000	3.058407
163.330765	75.573387	-113.447250	0.000000	0.000000	3.058407
163.443359	75.039772	-113.091064	0.000000	0.000000	3.058407
163.552963	74.503716	-112.733681	0.000000	0.000000	3.058407
163.659576	73.965240	-112.375114	0.000000	0.000000	3.058407
163.763123	73.424362	-112.015381	0.000000	0.000000	3.058407
163.863602	72.881096	-111.654503	0.000000	0.000000	3.058407
163.960953	72.335449	-111.292480	0.000000	0.000000	3.058407
164.055161	71.787445	-110.929321	0.000000	0.000000	3.058407
164.146164	71.237099	-110.565056	0.000000	0.000000	3.058407
164.233932	70.684425	-110.199692	0.000000	0.000000	3.058407
164.318436	70.129448	-109.833252	0.000000	0.000000	3.058407
164.399643	69.572174	-109.465744	0.000000	0.000000	3.058407
164.477509	69.012634	-109.097176	0.000000	0.000000	3.058407
164.551987	68.450844	-108.727562	0.000000	0.000000	3.058407
164.623062	67.886818	-108.356941	0.000000	0.000000	3.058407
164.690674	67.320580	-107.985298	0.000000	0.000000	3.058407
164.754822	66.752151	-107.612663	0.000000	0.000000	3.058407
164.815430	66.181549	-107.239044	0.000000	0.000000	3.058407
164.872482	65.608803	-106.864471	0.000000	0.000000	3.058407
164.925949	65.033928	-106.488930	0.000000	0.000000	3.058407
164.975784	64.456947	-106.112473	0.000000	0.000000	3.058407
165.021942	63.877888	-105.735069	0.000000	0.000000	3.058407
165.064423	63.296776	-105.356781	0.000000	0.000000	3.058407
165.103149	62.713623	-104.977585	0.000000	0.000000	3.058407
165.138107	62.128464	-104.597519	0.000000	0.000000	3.058407
165.169266	61.541328	-104.216599	0.000000	0.000000	3.058407
165.196594	60.952229	-103.834824	0.000000	0.000000	3.058407
165.220032	60.361202	-103.452217	0.000000	0.000000	3.058407
165.239563	59.768269	-103.068794	0.000000	0.000000	3.058407
165.255157	59.173458	-102.684570	0.000000	0.000000	3.058407
165.266769	58.576797	-102.299568	0.000000	0.000000	3.058407
165.274368	57.978317	-101.913788	0.000000	0.000000	3.058407
165.277939	57.378040	-101.527252	0.000000	0.000000	3.058407
165.277420	56.776009	-101.139977	0.000000	0.000000	3.058407
165.272797	56.172237	-100.751976	0.000000	0.000000	3.058407
165.264023	55.566761	-100.363266	0.000000	0.000000	3.058407
165.251083	54.959610	-99.973854	0.000000	0.000000	3.058407
165.233932	54.350826	-99.583778	0.000000	0.000000	3.058407
165.212540	53.740425	-99.193031	0.000000	0.000000	3.058407
165.186874	53.128441	-98.801628	0.000000	0.000000	3.058407
165.156906	52.514919	-98.409607	0.000000	0.000000	3.058407
165.122604	51.899879	-98.016960	0.000000	0.000000	3.058407
165.083939	51.283360	-97.623711	0.000000	0.000000	3.058407
165.040878	50.665398	-97.229881	0.000000	0.000000	3.058407
164.993393	50.046024	-96.835480	0.000000	0.000000	3.058407
164.941452	49.425270	-96.440514	0.000000	0.000000	3.058407
164.885025	48.803181	-96.045021	0.000000	0.000000	3.058407
164.824081	48.179779	-95.648994	0.000000	0.000000	3.058407
164.758591	47.555111	-95.252464	0.000000	0.000000	3.058407
164.688538	46.929207	-94.855446	0.000000	0.000000	3.058407
164.613876	46.302113	-94.457939	0.000000	0.000000	3.058407
164.534576	45.673855	-94.059982	0.000000	0.000000	3.058407
164.450638	45.044479	-93.661575	0.000000	0.000000	3.058407
164.362000	44.414024	-93.262733	0.000000	0.000000	3.058407
164.268661	43.782520	-92.863480	0.000000	0.000000	3.058407
164.170578	43.150013	-92.463829	0.000000	0.000000	3.058407
164.067719	42.516548	-92.063805	0.000000	0.000000	3.058407
163.960083	41.882156	-91.663406	0.000000	0.000000	3.058407
163.847641	41.246876	-91.262657	0.000000	0.000000	3.058407
163.730347	40.610752	-90.861565	0.000000	0.000000	3.058407
163.608185	39.973827	-90.460159	0.000000	0.000000	3.058407
163.481125	39.336143	-90.058456	0.000000	0.000000	3.058407
163.349167	38.697742	-89.656456	0.000000	0.000000	3.058407
163.212265	38.058666	-89.254189	0.000000	0.000000	3.058407
163.070404	37.418953	-88.851669	0.000000	0.000000	3.058407
162.923553	36.778656	-88.448906	0.000000	0.000000	3.058407
162.771698	36.137810	-88.045921	0.000000	0.000000	3.058407
162.614807	35.496464	-87.642723	0.000000	0.000000	3.058407
162.452881	34.854656	-87.239334	0.000000	0.000000	3.058407
162.285889	34.212437	-86.835777	0.000000	0.000000	3.058407
162.113800	33.569851	-86.432045	0.000000	0.000000	3.058407
161.936584	32.926941	-86.028175	0.000000	0.000000	3.058407
161.754257	32.283756	-85.624184	0.000000	0.000000	3.058407
161.566772	31.640335	-85.220070	0.000000	0.000000	3.058407
161.374115	30.996737	-84.815865	0.000000	0.000000	3.058407
161.176285	30.352995	-84.411583	0.000000	0.000000	3.058407
160.973236	29.709166	-84.007225	0.000000	0.000000	3.058407
160.764984	29.065296	-83.602829	0.000000	0.000000	3.058407
160.551468	28.421427	-83.198395	0.000000	0.000000	3.058407
160.332718	27.777613	-82.793945	0.000000	0.000000	3.058407
160.108688	27.133900	-82.389488	0.000000	0.000000	3.058407
159.879379	26.490334	-81.985054	0.000000	0.000000	3.058407
159.644760	25.846972	-81.580650	0.000000	0.000000	3.058407
159.404831	25.203854	-81.176292	0.000000	0.000000	3.058407
159.159561	24.561035	-80.772003	0.000000	0.000000	3.058407
158.908966	23.918564	-80.367790	0.000000	0.000000	3.058407
158.653015	23.276489	-79.963661	0.000000	0.000000	3.058407
158.391678	22.634863	-79.559654	0.000000	0.000000	3.058407
158.124985	21.993736	-79.155777	0.000000	0.000000	3.058407
157.852890	21.353155	-78.752037	0.000000	0.000000	3.058407
157.575394	20.713181	-78.348457	0.000000	0.000000	3.058407
157.292496	20.073854	-77.945053	0.000000	0.000000	3.058407
157.004166	19.435232	-77.541832	0.000000	0.000000	3.058407
156.710419	18.797369	-77.138824	0.000000	0.000000	3.058407
156.411224	18.160307	-76.736038	0.000000	0.000000	3.058407
156.106583	17.524109	-76.333488	0.000000	0.000000	3.058407
155.796494	16.888817	-75.931190	0.000000	0.000000	3.058407
155.480942	16.254498	-75.529175	0.000000	0.000000	3.058407
155.159912	15.621194	-75.127434	0.000000	0.000000	3.058407
154.833435	14.988961	-74.725998	0.000000	0.000000	3.058407
154.501465	14.357851	-74.324883	0.000000	0.000000	3.058407
154.164017	13.727919	-73.924095	0.000000	0.000000	3.058407
153.821075	13.099218	-73.523659	0.000000	0.000000	3.058407
153.472656	12.471802	-73.123589	0.000000	0.000000	3.058407
153.118744	11.845727	-72.723900	0.000000	0.000000	3.058407
152.759338	11.221042	-72.324608	0.000000	0.000000	3.058407
152.394440	10.597807	-71.925728	0.000000	0.000000	3.058407
152.024033	9.976069	-71.527275	0.000000	0.000000	3.058407
151.648132	9.355888	-71.129265	0.000000	0.000000	3.058407
151.266739	8.737321	-70.731720	0.000000	0.000000	3.058407
150.879852	8.120420	-70.334648	0.000000	0.000000	3.058407
150.487473	7.505242	-69.938065	0.000000	0.000000	3.058407
150.089600	6.891835	-69.541992	0.000000	0.000000	3.058407
149.686234	6.280256	-69.146439	0.000000	0.000000	3.058407
149.277374	5.670569	-68.751427	0.000000	0.000000	3.058407
148.863037	5.062819	-68.356964	0.000000	0.000000	3.058407
148.443222	4.457068	-67.963074	0.000000	0.000000	3.058407
148.017944	3.853367	-67.569763	0.000000	0.000000	3.058407
147.587173	3.251771	-67.177055	0.000000	0.000000	3.058407
147.150970	2.652343	-66.784966	0.000000	0.000000	3.058407
146.709290	2.055126	-66.393501	0.000000	0.000000	3.058407
146.262177	1.460192	-66.002693	0.000000	0.000000	3.058407
145.809616	0.867579	-65.612541	0.000000	0.000000	3.058407
145.351624	0.277357	-65.223068	0.000000	0.000000	3.058407
144.888214	-0.310426	-64.834290	0.000000	0.000000	3.058407
144.419388	-0.895715	-64.446213	0.000000	0.000000	3.058407
143.945160	-1.478450	-64.058861	0.000000	0.000000	3.058407
143.465546	-2.058574	-63.672253	0.000000	0.000000	3.058407
142.980560	-2.636041	-63.286396	0.000000	0.000000	3.058407
142.490189	-3.210788	-62.901310	0.000000	0.000000	3.058407
141.994492	-3.782750	-62.517006	0.000000	0.000000	3.058407
141.493439	-4.351895	-62.133503	0.000000	0.000000	3.058407
140.987061	-4.918148	-61.750813	0.000000	0.000000	3.058407
140.475388	-5.481461	-61.368958	0.000000	0.000000	3.058407
139.958420	-6.041770	-60.987949	0.000000	0.000000	3.058407
139.436157	-6.599036	-60.607796	0.000000	0.000000	3.058407
138.908646	-7.153190	-60.228516	0.000000	0.000000	3.058407
138.375885	-7.704179	-59.850124	0.000000	0.000000	3.058407
137.837906	-8.251955	-59.472645	0.000000	0.000000	3.058407
137.294708	-8.796455	-59.096081	0.000000	0.000000	3.058407
136.746338	-9.337626	-58.720451	0.000000	0.000000	3.058407
136.192795	-9.875420	-58.345779	0.000000	0.000000	3.058407
135.634109	-10.409765	-57.972061	0.000000	0.000000	3.058407
135.070282	-10.940624	-57.599327	0.000000	0.000000	3.058407
134.501358	-11.467942	-57.227589	0.000000	0.000000	3.058407
133.927368	-11.991648	-56.856850	0.000000	0.000000	3.058407
133.348297	-12.511709	-56.487144	0.000000	0.000000	3.058407
132.764206	-13.028049	-56.118469	0.000000	0.000000	3.058407
132.175110	-13.540637	-55.750851	0.000000	0.000000	3.058407
131.581009	-14.049400	-55.384296	0.000000	0.000000	3.058407
130.981964	-14.554293	-55.018826	0.000000	0.000000	3.058407
130.377991	-15.055264	-54.654449	0.000000	0.000000	3.058407
129.769089	-15.552261	-54.291187	0.000000	0.000000	3.058407
129.155319	-16.045219	-53.929039	0.000000	0.000000	3.058407
128.536713	-16.534105	-53.568043	0.000000	0.000000	3.058407
127.913261	-17.018848	-53.208191	0.000000	0.000000	3.058407
127.285027	-17.499405	-52.849510	0.000000	0.000000	3.058407
126.652023	-17.975719	-52.492004	0.000000	0.000000	3.058407
126.014297	-18.447746	-52.135704	0.000000	0.000000	3.058407
125.371857	-18.915424	-51.780605	0.000000	0.000000	3.058407
124.724747	-19.378716	-51.426735	0.000000	0.000000	3.058407
124.073006	-19.837551	-51.074097	0.000000	0.000000	3.058407
123.416656	-20.291893	-50.722710	0.000000	0.000000	3.058407
122.755737	-20.741688	-50.372593	0.000000	0.000000	3.058407
122.090271	-21.186882	-50.023754	0.000000	0.000000	3.058407
121.420311	-21.627434	-49.676208	0.000000	0.000000	3.058407
120.745880	-22.063286	-49.329971	0.000000	0.000000	3.058407
120.067017	-22.494390	-48.985054	0.000000	0.000000	3.058407
119.383751	-22.920692	-48.641468	0.000000	0.000000	3.058407
118.696129	-23.342159	-48.299232	0.000000	0.000000	3.058407
118.004189	-23.758718	-47.958347	0.000000	0.000000	3.058407
117.307968	-24.170345	-47.618847	0.000000	0.000000	3.058407
116.607491	-24.576979	-47.280731	0.000000	0.000000	3.058407
115.902817	-24.978577	-46.944019	0.000000	0.000000	3.058407
115.193977	-25.375095	-46.608723	0.000000	0.000000	3.058407
114.481010	-25.766468	-46.274849	0.000000	0.000000	3.058407
113.763954	-26.152678	-45.942421	0.000000	0.000000	3.058407
113.042854	-26.533657	-45.611446	0.000000	0.000000	3.058407
112.317757	-26.909363	-45.281937	0.000000	0.000000	3.058407
111.588699	-27.279757	-44.953907	0.000000	0.000000	3.058407
110.855728	-27.644787	-44.627369	0.000000	0.000000	3.058407
110.118881	-28.004410	-44.302334	0.000000	0.000000	3.058407
109.378212	-28.358589	-43.978825	0.000000	0.000000	3.058407
108.633759	-28.707275	-43.656845	0.000000	0.000000	3.058407
107.885559	-29.050425	-43.336411	0.000000	0.000000	3.058407
107.133667	-29.388002	-43.017536	0.000000	0.000000	3.058407
106.378136	-29.719948	-42.700226	0.000000	0.000000	3.058407
105.619003	-30.046232	-42.384495	0.000000	0.000000	3.058407
104.856316	-30.366808	-42.070362	0.000000	0.000000	3.058407
104.090126	-30.681644	-41.757839	0.000000	0.000000	3.058407
103.320473	-30.990686	-41.446930	0.000000	0.000000	3.058407
102.547417	-31.293905	-41.137657	0.000000	0.000000	3.058407
101.771004	-31.591253	-40.830025	0.000000	0.000000	3.058407
100.991280	-31.882696	-40.524048	0.000000	0.000000	3.058407
100.208298	-32.168194	-40.219738	0.000000	0.000000	3.058407
99.422104	-32.447712	-39.917114	0.000000	0.000000	3.058407
98.632751	-32.721203	-39.616180	0.000000	0.000000	3.058407
98.179810	-32.216423	-38.793949	0.000000	0.000000	0.000000
97.919960	-31.184610	-37.614586	0.000000	0.000000	3.058407
97.616791	-30.143297	-36.427631	0.000000	0.000000	0.000000
97.269165	-29.093641	-35.234535	0.000000	0.000000	0.000000
96.876038	-28.036879	-34.036812	0.000000	0.000000	0.000000
96.436462	-26.974300	-32.836037	0.000000	0.000000	0.000000
95.949615	-25.907274	-31.633867	0.000000	0.000000	0.000000
95.414780	-24.837225	-30.432024	0.000000	0.000000	0.000000
102.475594	-25.303810	-30.410006	0.000000	0.000000	0.000000
195.334152	-42.086704	-42.504112	0.000000	0.000000	3.058407
-185.032440	180.530121	-193.813217	0.000000	0.000000	0.000000
-113.614937	107.307930	-122.188538	0.000000	0.000000	0.000000
-82.948616	75.871758	-91.432838	0.000000	0.000000	0.000000
-78.150520	71.693825	-86.992729	0.000000	0.000000	0.000000
-78.063599	72.575333	-87.396225	0.000000	0.000000	0.000000
-77.968208	73.458557	-87.799538	0.000000	0.000000	0.000000
-77.864304	74.343437	-88.202652	0.000000	0.000000	0.000000
-77.751854	75.229851	-88.605553	0.000000	0.000000	0.000000
-77.630821	76.117737	-89.008224	0.000000	0.000000	0.000000
-77.501167	77.006989	-89.410645	0.000000	0.000000	0.000000
-77.362854	77.897507	-89.812813	0.000000	0.000000	0.000000
-77.215851	78.789215	-90.214691	0.000000	0.000000	0.000000
-77.060127	79.682007	-90.616280	0.000000	0.000000	0.000000
-76.895645	80.575798	-91.017563	0.000000	0.000000	0.000000
-76.722382	81.470482	-91.418518	0.000000	0.000000	0.000000
-76.540298	82.365967	-91.819130	0.000000	0.000000	0.000000
-76.349373	83.262161	-92.219383	0.000000	0.000000	0.000000
-76.149574	84.158966	-92.619270	0.000000	0.000000	0.000000
-75.940880	85.056297	-93.018768	0.000000	0.000000	0.000000
-75.723259	85.954033	-93.417854	0.000000	0.000000	0.000000
-75.496689	86.852097	-93.816528	0.000000	0.000000	0.000000
-75.261154	87.750381	-94.214760	0.000000	0.000000	-0.941593
-75.016624	88.648781	-94.612541	0.000000	0.000000	-0.941593
-74.763077	89.547218	-95.009857	0.000000	0.000000	-0.941593
-74.500496	90.445580	-95.406693	0.000000	0.000000	-0.941593
-74.228874	91.343758	-95.803017	0.000000	0.000000	-0.941593
-73.948181	92.241661	-96.198837	0.000000	0.000000	-0.941593
-73.658394	93.139206	-96.594131	0.000000	0.000000	-0.941593
-73.359520	94.036263	-96.988876	0.000000	0.000000	-0.941593
-73.051521	94.932755	-97.383057	0.000000	0.000000	0.000000
-72.734406	95.828560	-97.776665	0.000000	0.000000	0.000000
-72.408150	96.723595	-98.169670	0.000000	0.000000	0.000000
-72.072746	97.617760	-98.562080	0.000000	0.000000	0.000000
-71.728188	98.510925	-98.953857	0.000000	0.000000	0.000000
-71.374466	99.403015	-99.345001	0.000000	0.000000	0.000000
-71.011574	100.293922	-99.735489	0.000000	0.000000	0.000000
-70.639503	101.183540	-100.125313	0.000000	0.000000	0.000000
-70.258255	102.071770	-100.514442	0.000000	0.000000	0.000000
-69.867828	102.958488	-100.902878	0.000000	0.000000	0.000000
-69.468208	103.843628	-101.290596	0.000000	0.000000	0.000000
-69.059410	104.727058	-101.677582	0.000000	0.000000	0.000000
-68.641426	105.608696	-102.063820	0.000000	0.000000	0.000000
-68.214264	106.488419	-102.449303	0.000000	0.000000	0.000000
-67.777916	107.366135	-102.834000	0.000000	0.000000	0.000000
-67.332397	108.241730	-103.217918	0.000000	0.000000	0.000000
-66.877708	109.115112	-103.601013	0.000000	0.000000	0.000000
-66.413857	109.986168	-103.983299	0.000000	0.000000	0.000000
-65.940849	110.854805	-104.364746	0.000000	0.000000	0.000000
-65.458702	111.720909	-104.745338	0.000000	0.000000	0.000000
-64.967415	112.584381	-105.125061	0.000000	0.000000	0.000000
-64.467018	113.445107	-105.503899	0.000000	0.000000	0.000000
-63.957500	114.303001	-105.881844	0.000000	0.000000	0.000000
-63.438889	115.157951	-106.258873	0.000000	0.000000	0.000000
-62.911201	116.009842	-106.634979	0.000000	0.000000	-1.141593
-62.374454	116.858589	-107.010147	0.000000	0.000000	-1.141593
-61.828659	117.704079	-107.384346	0.000000	0.000000	-1.141593
-61.273838	118.546211	-107.757576	0.000000	0.000000	-1.141593
-60.710014	119.384872	-108.129829	0.000000	0.000000	-1.141593
-60.137207	120.219971	-108.501068	0.000000	0.000000	-1.141593
-59.555439	121.051407	-108.871307	0.000000	0.000000	0.000000
-58.964737	121.879059	-109.240501	0.000000	0.000000	0.000000
-58.365124	122.702843	-109.608665	0.000000	0.000000	0.000000
-57.756626	123.522644	-109.975754	0.000000	0.000000	0.000000
-57.139275	124.338371	-110.341774	0.000000	0.000000	0.000000
-56.513096	125.149910	-110.706711	0.000000	0.000000	0.000000
-55.878117	125.957169	-111.070549	0.000000	0.000000	0.000000
-55.234383	126.760033	-111.433250	0.000000	0.000000	0.000000
-54.581905	127.558411	-111.794846	0.000000	0.000000	0.000000
-53.920738	128.352203	-112.155281	0.000000	0.000000	0.000000
-53.250908	129.141296	-112.514557	0.000000	0.000000	0.000000
-52.572453	129.925613	-112.872650	0.000000	0.000000	0.000000
-51.885403	130.705032	-113.229576	0.000000	0.000000	0.000000
-51.189808	131.479446	-113.585281	0.000000	0.000000	0.000000
-50.485703	132.248795	-113.939781	0.000000	0.000000	0.000000
-49.773129	133.012939	-114.293045	0.000000	0.000000	0.000000
-49.052132	133.771790	-114.645058	0.000000	0.000000	0.000000
-48.322750	134.525253	-114.995827	0.000000	0.000000	0.000000
-47.585033	135.273239	-115.345314	0.000000	0.000000	0.000000
-46.839027	136.015640	-115.693520	0.000000	0.000000	0.000000
-46.084774	136.752365	-116.040428	0.000000	0.000000	0.000000
-45.322327	137.483307	-116.386024	0.000000	0.000000	0.000000
-44.551735	138.208374	-116.730286	0.000000	0.000000	0.000000
-43.773052	138.927460	-117.073212	0.000000	0.000000	0.000000
-42.986320	139.640503	-117.414772	0.000000	0.000000	0.000000
-42.191601	140.347382	-117.754974	0.000000	0.000000	0.000000
-41.388947	141.047989	-118.093796	0.000000	0.000000	-1.341593
-40.578411	141.742264	-118.431221	0.000000	0.000000	-1.341593
-39.760056	142.430099	-118.767250	0.000000	0.000000	-1.341593
-38.933929	143.111404	-119.101837	0.000000	0.000000	-1.341593
-38.100098	143.786072	-119.435013	0.000000	0.000000	-1.341593
-37.258617	144.454025	-119.766731	0.000000	0.000000	0.000000
-36.409554	145.115173	-120.096985	0.000000	0.000000	0.000000
-35.552967	145.769424	-120.425766	0.000000	0.000000	0.000000
-34.688915	146.416687	-120.753059	0.000000	0.000000	0.000000
-33.817471	147.056885	-121.078850	0.000000	0.000000	0.000000
-32.938694	147.689896	-121.403137	0.000000	0.000000	0.000000
-32.052650	148.315674	-121.725899	0.000000	0.000000	0.000000
-31.159414	148.934097	-122.047119	0.000000	0.000000	0.000000
-30.259047	149.545105	-122.366798	0.000000	0.000000	0.000000
-29.351622	150.148605	-122.684906	0.000000	0.000000	0.000000
-28.437206	150.744507	-123.001434	0.000000	0.000000	0.000000
-27.515875	151.332718	-123.316376	0.000000	0.000000	0.000000
-26.587704	151.913177	-123.629723	0.000000	0.000000	0.000000
-25.652761	152.485794	-123.941452	0.000000	0.000000	0.000000
-24.711123	153.050476	-124.251556	0.000000	0.000000	0.000000
-23.762867	153.607147	-124.560020	0.000000	0.000000	0.000000
-22.808069	154.155746	-124.866844	0.000000	0.000000	0.000000
-21.846806	154.696167	-125.171997	0.000000	0.000000	0.000000
-20.879158	155.228333	-125.475487	0.000000	0.000000	0.000000
-19.905205	155.752182	-125.777283	0.000000	0.000000	0.000000
-18.925026	156.267639	-126.077385	0.000000	0.000000	0.000000
-17.938704	156.774612	-126.375771	0.000000	0.000000	0.000000
-16.946320	157.273041	-126.672440	0.000000	0.000000	0.000000
-15.947960	157.762848	-126.967369	0.000000	0.000000	0.000000
-14.943707	158.243958	-127.260567	0.000000	0.000000	0.000000
-13.933647	158.716278	-127.551994	0.000000	0.000000	0.000000
-12.917866	159.179779	-127.841660	0.000000	0.000000	0.000000
-11.896449	159.634354	-128.129562	0.000000	0.000000	-1.541593
-10.869488	160.079956	-128.415649	0.000000	0.000000	-1.541593
-9.837070	160.516495	-128.699951	0.000000	0.000000	-1.541593
-8.799282	160.943924	-128.982422	0.000000	0.000000	-1.541593
-7.756219	161.362167	-129.263092	0.000000	0.000000	0.000000
-6.707970	161.771164	-129.541901	0.000000	0.000000	0.000000
-5.654628	162.170853	-129.818878	0.000000	0.000000	0.000000
-4.596285	162.561157	-130.093994	0.000000	0.000000	0.000000
-3.533036	162.942017	-130.367249	0.000000	0.000000	0.000000
-2.464975	163.313370	-130.638611	0.000000	0.000000	0.000000
-1.392197	163.675171	-130.908096	0.000000	0.000000	0.000000
-0.314799	164.027344	-131.175690	0.000000	0.000000	0.000000
0.767123	164.369843	-131.441345	0.000000	0.000000	0.000000
1.853470	164.702591	-131.705109	0.000000	0.000000	0.000000
2.944146	165.025558	-131.966919	0.000000	0.000000	0.000000
4.039051	165.338669	-132.226791	0.000000	0.000000	0.000000
5.138083	165.641876	-132.484726	0.000000	0.000000	0.000000
6.241147	165.935135	-132.740677	0.000000	0.000000	0.000000
7.348134	166.218384	-132.994659	0.000000	0.000000	0.000000
8.458950	166.491577	-133.246674	0.000000	0.000000	0.000000
9.573488	166.754654	-133.496674	0.000000	0.000000	0.000000
10.691648	167.007568	-133.744690	0.000000	0.000000	0.000000
11.813324	167.250290	-133.990692	0.000000	0.000000	0.000000
12.938414	167.482758	-134.234665	0.000000	0.000000	0.000000
14.066811	167.704941	-134.476608	0.000000	0.000000	0.000000
15.198407	167.916763	-134.716507	0.000000	0.000000	0.000000
16.333105	168.118225	-134.954361	0.000000	0.000000	0.000000
17.470791	168.309250	-135.190170	0.000000	0.000000	0.000000
18.611359	168.489822	-135.423874	0.000000	0.000000	0.000000
19.754704	168.659882	-135.655518	0.000000	0.000000	0.000000
20.900713	168.819412	-135.885071	0.000000	0.000000	0.000000
22.049286	168.968353	-136.112534	0.000000	0.000000	0.000000
23.200304	169.106689	-136.337891	0.000000	0.000000	-1.741593
24.353664	169.234375	-136.561142	0.000000	0.000000	-1.741593
25.509256	169.351379	-136.782257	0.000000	0.000000	-1.741593
26.666965	169.457687	-137.001236	0.000000	0.000000	0.000000
27.826687	169.553238	-137.218079	0.000000	0.000000	0.000000
28.988304	169.638031	-137.432770	0.000000	0.000000	0.000000
30.151709	169.712006	-137.645309	0.000000	0.000000	0.000000
31.316790	169.775162	-137.855667	0.000000	0.000000	0.000000
32.483433	169.827469	-138.063873	0.000000	0.000000	0.000000
33.651524	169.868912	-138.269882	0.000000	0.000000	0.000000
34.820950	169.899445	-138.473694	0.000000	0.000000	0.000000
35.991600	169.919052	-138.675339	0.000000	0.000000	0.000000
37.163364	169.927719	-138.874741	0.000000	0.000000	0.000000
38.336117	169.925430	-139.071945	0.000000	0.000000	0.000000
39.509754	169.912170	-139.266922	0.000000	0.000000	0.000000
40.684162	169.887909	-139.459671	0.000000	0.000000	0.000000
41.859222	169.852646	-139.650177	0.000000	0.000000	0.000000
43.034813	169.806351	-139.838440	0.000000	0.000000	0.000000
44.210831	169.749008	-140.024445	0.000000	0.000000	0.000000
45.387157	169.680634	-140.208206	0.000000	0.000000	0.000000
46.563675	169.601196	-140.389694	0.000000	0.000000	0.000000
47.740273	169.510696	-140.568893	0.000000	0.000000	0.000000
48.916824	169.409119	-140.745834	0.000000	0.000000	0.000000
50.093220	169.296463	-140.920456	0.000000	0.000000	0.000000
51.269348	169.172714	-141.092804	0.000000	0.000000	0.000000
52.445087	169.037888	-141.262848	0.000000	0.000000	0.000000
53.620319	168.891953	-141.430588	0.000000	0.000000	0.000000
54.794933	168.734940	-141.595993	0.000000	0.000000	0.000000
55.968815	168.566833	-141.759094	0.000000	0.000000	0.000000
57.141838	168.387634	-141.919846	0.000000	0.000000	0.000000
58.313896	168.197357	-142.078278	0.000000	0.000000	0.000000
59.484863	167.995987	-142.234375	0.000000	0.000000	0.000000
60.654633	167.783539	-142.388123	0.000000	0.000000	-1.941593
61.823082	167.560028	-142.539505	0.000000	0.000000	-1.941593
62.990097	167.325455	-142.688538	0.000000	0.000000	0.000000
64.155563	167.079819	-142.835190	0.000000	0.000000	0.000000
65.319359	166.823151	-142.979492	0.000000	0.000000	0.000000
66.481369	166.555450	-143.121399	0.000000	0.000000	0.000000
67.641479	166.276749	-143.260941	0.000000	0.000000	0.000000
68.799583	165.987030	-143.398087	0.000000	0.000000	0.000000
69.955551	165.686340	-143.532837	0.000000	0.000000	0.000000
71.109268	165.374664	-143.665192	0.000000	0.000000	0.000000
72.260628	165.052063	-143.795135	0.000000	0.000000	0.000000
73.409508	164.718521	-143.922668	0.000000	0.000000	0.000000
74.555801	164.374069	-144.047806	0.000000	0.000000	0.000000
75.699379	164.018738	-144.170502	0.000000	0.000000	0.000000
76.840134	163.652557	-144.290787	0.000000	0.000000	0.000000
77.977959	163.275528	-144.408646	0.000000	0.000000	0.000000
79.112732	162.887695	-144.524063	0.000000	0.000000	0.000000
80.244347	162.489090	-144.637054	0.000000	0.000000	0.000000
81.372673	162.079727	-144.747589	0.000000	0.000000	0.000000
82.497612	161.659653	-144.855682	0.000000	0.000000	0.000000
83.619049	161.228882	-144.961319	0.000000	0.000000	0.000000
84.736862	160.787460	-145.064514	0.000000	0.000000	0.000000
85.850952	160.335419	-145.165237	0.000000	0.000000	0.000000
86.961197	159.872787	-145.263504	0.000000	0.000000	0.000000
88.067505	159.399612	-145.359299	0.000000	0.000000	0.000000
89.169724	158.915924	-145.452637	0.000000	0.000000	0.000000
90.267792	158.421768	-145.543488	0.000000	0.000000	0.000000
91.361565	157.917175	-145.631866	0.000000	0.000000	0.000000
92.450943	157.402206	-145.717758	0.000000	0.000000	0.000000
93.535820	156.876892	-145.801163	0.000000	0.000000	0.000000
94.616081	156.341278	-145.882080	0.000000	0.000000	0.000000
95.691628	155.795395	-145.960526	0.000000	0.000000	-2.141593
96.762337	155.239319	-146.036453	0.000000	0.000000	-2.141593
97.828110	154.673096	-146.109894	0.000000	0.000000	0.000000
98.888847	154.096741	-146.180832	0.000000	0.000000	0.000000
99.944435	153.510330	-146.249252	0.000000	0.000000	0.000000
100.994766	152.913925	-146.315186	0.000000	0.000000	0.000000
102.039734	152.307556	-146.378601	0.000000	0.000000	0.000000
103.079224	151.691284	-146.439514	0.000000	0.000000	0.000000
104.113167	151.065170	-146.497910	0.000000	0.000000	0.000000
105.141434	150.429260	-146.553787	0.000000	0.000000	0.000000
106.163910	149.783630	-146.607147	0.000000	0.000000	0.000000
107.180519	149.128326	-146.657990	0.000000	0.000000	0.000000
108.191147	148.463409	-146.706314	0.000000	0.000000	0.000000
109.195702	147.788940	-146.752106	0.000000	0.000000	0.000000
110.194077	147.104980	-146.795364	0.000000	0.000000	0.000000
111.186157	146.411606	-146.836121	0.000000	0.000000	0.000000
112.171867	145.708862	-146.874329	0.000000	0.000000	0.000000
113.151100	144.996826	-146.910004	0.000000	0.000000	0.000000
114.123764	144.275558	-146.943161	0.000000	0.000000	0.000000
115.089760	143.545135	-146.973770	0.000000	0.000000	0.000000
116.048981	142.805618	-147.001862	0.000000	0.000000	0.000000
117.001350	142.057068	-147.027405	0.000000	0.000000	0.000000
117.946762	141.299591	-147.050415	0.000000	0.000000	0.000000
118.885117	140.533218	-147.070877	0.000000	0.000000	0.000000
119.816345	139.758057	-147.088821	0.000000	0.000000	0.000000
120.740326	138.974152	-147.104218	0.000000	0.000000	0.000000
121.656998	138.181595	-147.117065	0.000000	0.000000	0.000000
122.566246	137.380463	-147.127380	0.000000	0.000000	0.000000
123.468002	136.570816	-147.135162	0.000000	0.000000	0.000000
124.362160	135.752762	-147.140381	0.000000	0.000000	0.000000
125.248642	134.926346	-147.143082	0.000000	0.000000	0.000000
126.023911	134.190887	-147.143021	0.000000	0.000000	0.000000
126.266983	133.958923	-147.139343	0.000000	0.000000	-2.341593
126.509850	133.726700	-147.133118	0.000000	0.000000	-2.341593
126.752533	133.494186	-147.124344	0.000000	0.000000	-2.341593
126.995041	133.261383	-147.113037	0.000000	0.000000	-2.341593
127.237389	133.028259	-147.099197	0.000000	0.000000	-2.341593
127.479591	132.794815	-147.082809	0.000000	0.000000	-2.341593
127.721657	132.561020	-147.063889	0.000000	0.000000	-2.341593
127.963608	132.326874	-147.042419	0.000000	0.000000	-2.341593
128.205444	132.092346	-147.018433	0.000000	0.000000	-2.341593
128.447189	131.857422	-146.991898	0.000000	0.000000	-2.341593
128.688843	131.622086	-146.962830	0.000000	0.000000	-2.341593
128.930435	131.386322	-146.931213	0.000000	0.000000	-2.341593
129.171951	131.150131	-146.897079	0.000000	0.000000	-2.341593
129.413422	130.913467	-146.860413	0.000000	0.000000	-2.341593
129.654831	130.676315	-146.821213	0.000000	0.000000	-2.341593
129.896225	130.438675	-146.779480	0.000000	0.000000	-2.341593
130.137589	130.200516	-146.735229	0.000000	0.000000	-2.341593
130.378952	129.961823	-146.688446	0.000000	0.000000	-2.341593
130.620300	129.722580	-146.639145	0.000000	0.000000	-2.341593
130.861649	129.482758	-146.587326	0.000000	0.000000	-2.341593
131.103012	129.242340	-146.532974	0.000000	0.000000	-2.341593
131.344391	129.001328	-146.476120	0.000000	0.000000	-2.341593
131.585800	128.759674	-146.416733	0.000000	0.000000	-2.341593
131.827240	128.517380	-146.354858	0.000000	0.000000	-2.341593
132.068710	128.274414	-146.290451	0.000000	0.000000	-2.341593
132.310242	128.030746	-146.223541	0.000000	0.000000	-2.341593
132.551819	127.786385	-146.154144	0.000000	0.000000	-2.341593
132.793457	127.541283	-146.082230	0.000000	0.000000	-2.341593
133.035156	127.295441	-146.007812	0.000000	0.000000	-2.341593
133.276917	127.048820	-145.930908	0.000000	0.000000	-2.341593
133.518753	126.801414	-145.851501	0.000000	0.000000	-2.341593
133.760666	126.553192	-145.769608	0.000000	0.000000	-2.341593
134.002655	126.304131	-145.685226	0.000000	0.000000	-2.341593
134.244736	126.054222	-145.598373	0.000000	0.000000	-2.341593
134.486893	125.803436	-145.509033	0.000000	0.000000	-2.341593
134.729141	125.551750	-145.417206	0.000000	0.000000	-2.341593
134.971481	125.299149	-145.322922	0.000000	0.000000	-2.341593
135.213913	125.045609	-145.226151	0.000000	0.000000	-2.341593
135.456436	124.791100	-145.126923	0.000000	0.000000	-2.341593
135.699051	124.535606	-145.025238	0.000000	0.000000	-2.341593
135.941757	124.279114	-144.921082	0.000000	0.000000	-2.341593
136.184555	124.021584	-144.814484	0.000000	0.000000	-2.341593
136.427460	123.763008	-144.705444	0.000000	0.000000	-2.341593
136.670441	123.503365	-144.593948	0.000000	0.000000	-2.341593
136.913528	123.242622	-144.480011	0.000000	0.000000	-2.341593
137.156693	122.980759	-144.363647	0.000000	0.000000	-2.341593
137.399948	122.717758	-144.244827	0.000000	0.000000	-2.341593
137.643295	122.453598	-144.123611	0.000000	0.000000	-2.341593
137.886719	122.188248	-143.999954	0.000000	0.000000	-2.341593
138.130219	121.921700	-143.873886	0.000000	0.000000	-2.341593
138.373795	121.653915	-143.745407	0.000000	0.000000	-2.341593
138.617447	121.384888	-143.614517	0.000000	0.000000	-2.341593
138.861160	121.114578	-143.481232	0.000000	0.000000	-2.341593
139.104935	120.842972	-143.345551	0.000000	0.000000	-2.341593
139.348770	120.570045	-143.207474	0.000000	0.000000	-2.341593
139.592651	120.295784	-143.067001	0.000000	0.000000	-2.341593
139.836578	120.020157	-142.924164	0.000000	0.000000	-2.341593
140.080536	119.743134	-142.778946	0.000000	0.000000	-2.341593
140.324524	119.464706	-142.631363	0.000000	0.000000	-2.341593
140.568542	119.184853	-142.481400	0.000000	0.000000	-2.341593
140.812576	118.903534	-142.329102	0.000000	0.000000	-2.341593
141.056610	118.620743	-142.174438	0.000000	0.000000	-2.341593
141.300644	118.336456	-142.017441	0.000000	0.000000	-2.341593
141.544678	118.050644	-141.858093	0.000000	0.000000	-2.341593
141.788681	117.763290	-141.696411	0.000000	0.000000	-2.341593
142.032639	117.474365	-141.532425	0.000000	0.000000	-2.341593
142.276581	117.183861	-141.366089	0.000000	0.000000	-2.341593
142.520447	116.891739	-141.197464	0.000000	0.000000	-2.341593
142.764267	116.597992	-141.026520	0.000000	0.000000	-2.341593
143.007996	116.302589	-140.853287	0.000000	0.000000	-2.341593
143.251648	116.005508	-140.677750	0.000000	0.000000	-2.341593
143.495193	115.706726	-140.499939	0.000000	0.000000	-2.341593
143.738632	115.406227	-140.319824	0.000000	0.000000	-2.141593
143.981934	115.103989	-140.137466	0.000000	0.000000	-2.141593
144.225113	114.799988	-139.952835	0.000000	0.000000	-2.141593
144.468124	114.494209	-139.765945	0.000000	0.000000	-2.141593
144.710968	114.186623	-139.576797	0.000000	0.000000	-2.141593
144.953613	113.877205	-139.385422	0.000000	0.000000	-2.141593
145.196075	113.565948	-139.191788	0.000000	0.000000	-2.141593
145.438324	113.252823	-138.995956	0.000000	0.000000	-2.141593
145.680328	112.937813	-138.797882	0.000000	0.000000	-2.141593
145.922104	112.620895	-138.597595	0.000000	0.000000	-2.141593
146.163589	112.302048	-138.395111	0.000000	0.000000	-2.141593
146.404816	111.981255	-138.190445	0.000000	0.000000	-2.141593
146.645721	111.658493	-137.983582	0.000000	0.000000	-2.141593
146.886307	111.333740	-137.774536	0.000000	0.000000	-2.141593
147.126572	111.006989	-137.563324	0.000000	0.000000	-2.141593
147.366470	110.678207	-137.349945	0.000000	0.000000	-2.141593
147.605988	110.347382	-137.134415	0.000000	0.000000	-2.141593
147.845123	110.014488	-136.916718	0.000000	0.000000	-2.141593
148.083832	109.679520	-136.696899	0.000000	0.000000	-2.141593
148.322098	109.342445	-136.474960	0.000000	0.000000	-2.141593
148.559921	109.003250	-136.250885	0.000000	0.000000	-2.141593
148.797256	108.661926	-136.024719	0.000000	0.000000	-2.141593
149.034088	108.318443	-135.796432	0.000000	0.000000	-2.141593
149.270401	107.972786	-135.566071	0.000000	0.000000	-2.141593
149.506165	107.624939	-135.333618	0.000000	0.000000	-2.141593
149.741364	107.274887	-135.099075	0.000000	0.000000	-2.141593
149.975983	106.922615	-134.862488	0.000000	0.000000	-2.141593
150.209961	106.568100	-134.623825	0.000000	0.000000	-2.141593
150.443329	106.211334	-134.383118	0.000000	0.000000	-2.141593
150.676010	105.852295	-134.140381	0.000000	0.000000	-2.141593
150.908020	105.490967	-133.895615	0.000000	0.000000	-2.141593
151.139297	105.127342	-133.648834	0.000000	0.000000	-2.141593
151.369858	104.761391	-133.400040	0.000000	0.000000	-2.141593
151.599640	104.393112	-133.149246	0.000000	0.000000	-2.141593
151.828644	104.022484	-132.896469	0.000000	0.000000	-2.141593
152.056824	103.649498	-132.641708	0.000000	0.000000	-2.141593
152.284164	103.274139	-132.384979	0.000000	0.000000	-2.141593
152.510635	102.896393	-132.126297	0.000000	0.000000	-2.141593
152.736221	102.516243	-131.865662	0.000000	0.000000	-2.141593
152.960876	102.133675	-131.603088	0.000000	0.000000	-2.141593
153.184570	101.748688	-131.338577	0.000000	0.000000	-2.141593
153.407288	101.361252	-131.072159	0.000000	0.000000	-2.141593
153.628998	100.971375	-130.803848	0.000000	0.000000	-2.141593
153.849670	100.579033	-130.533630	0.000000	0.000000	-2.141593
154.069275	100.184212	-130.261520	0.000000	0.000000	-2.141593
154.287781	99.786911	-129.987534	0.000000	0.000000	-2.141593
154.505173	99.387115	-129.711700	0.000000	0.000000	-2.141593
154.721405	98.984818	-129.433990	0.000000	0.000000	-2.141593
154.936447	98.580002	-129.154465	0.000000	0.000000	-2.141593
155.150269	98.172668	-128.873077	0.000000	0.000000	-2.141593
155.362854	97.762794	-128.589890	0.000000	0.000000	-2.141593
155.574158	97.350388	-128.304901	0.000000	0.000000	-2.141593
155.784149	96.935425	-128.018097	0.000000	0.000000	-2.141593
155.992798	96.517906	-127.729515	0.000000	0.000000	-2.141593
156.200073	96.097824	-127.439156	0.000000	0.000000	-2.141593
156.405945	95.675171	-127.147034	0.000000	0.000000	-2.141593
