-29.708992	-87.455589	-76.136147	0.000000	0.000000	1.458407
-109.371529	-105.373016	-115.398590	0.000000	0.000000	0.858407
-187.306641	-51.394096	-143.961670	0.000000	0.000000	0.458407
-202.026077	49.117744	-154.306458	0.000000	0.000000	-0.141593
-193.791718	82.151237	-134.731628	0.000000	0.000000	0.058407
-169.366333	113.753723	-98.945488	0.000000	0.000000	0.058407
-118.096321	128.647507	-58.055412	0.000000	0.000000	-0.141593
-59.317394	103.382027	-23.017874	0.000000	0.000000	-0.141593
-6.172099	39.845238	-18.806955	0.000000	0.000000	-0.741593
-29.708992	-87.455589	-76.136147	0.000000	0.000000	1.458407
-109.371529	-105.373016	-115.398590	0.000000	0.000000	0.858407
-187.306641	-51.394096	-143.961670	0.000000	0.000000	0.458407
-202.026077	49.117744	-154.306458	0.000000	0.000000	-0.141593
-193.791718	82.151237	-134.731628	0.000000	0.000000	0.058407
-169.366333	113.753723	-98.945488	0.000000	0.000000	0.058407
-118.096321	128.647507	-58.055412	0.000000	0.000000	-0.141593
-59.317394	103.382027	-23.017874	0.000000	0.000000	-0.141593
-6.172099	39.845238	-18.806955	0.000000	0.000000	-0.741593
-29.708992	-87.455589	-76.136147	0.000000	0.000000	1.458407
-109.371529	-105.373016	-115.398590	0.000000	0.000000	0.858407
-187.306641	-51.394096	-143.961670	0.000000	0.000000	0.458407
-202.026077	49.117744	-154.306458	0.000000	0.000000	-0.141593
-193.791718	82.151237	-134.731628	0.000000	0.000000	0.058407
-169.366333	113.753723	-98.945488	0.000000	0.000000	0.058407
-118.096321	128.647507	-58.055412	0.000000	0.000000	-0.141593
-59.317394	103.382027	-23.017874	0.000000	0.000000	-0.141593
-6.172099	39.845238	-18.806955	0.000000	0.000000	-0.741593
-29.708992	-87.455589	-76.136147	0.000000	0.000000	1.458407
-109.371529	-105.373016	-115.398590	0.000000	0.000000	0.858407
-187.306641	-51.394096	-143.961670	0.000000	0.000000	0.458407
-202.026077	49.117744	-154.306458	0.000000	0.000000	-0.141593
-193.791718	82.151237	-134.731628	0.000000	0.000000	0.058407
-169.366333	113.753723	-98.945488	0.000000	0.000000	0.058407
-118.096321	128.647507	-58.055412	0.000000	0.000000	-0.141593
-59.317394	103.382027	-23.017874	0.000000	0.000000	-0.141593
-6.172099	39.845238	-18.806955	0.000000	0.000000	-0.741593
-29.708992	-87.455589	-76.136147	0.000000	0.000000	1.458407
-109.371529	-105.373016	-115.398590	0.000000	0.000000	0.858407
-187.306641	-51.394096	-143.961670	0.000000	0.000000	0.458407
-202.026077	49.117744	-154.306458	0.000000	0.000000	-0.141593
-193.791718	82.151237	-134.731628	0.000000	0.000000	0.058407
-169.366333	113.753723	-98.945488	0.000000	0.000000	0.058407
-118.096321	128.647507	-58.055412	0.000000	0.000000	-0.141593
-59.317394	103.382027	-23.017874	0.000000	0.000000	-0.141593
-6.172099	39.845238	-18.806955	0.000000	0.000000	-0.741593
-29.708992	-87.455589	-76.136147	0.000000	0.000000	1.458407
-109.371529	-105.373016	-115.398590	0.000000	0.000000	0.858407
-187.306641	-51.394096	-143.961670	0.000000	0.000000	0.458407
-202.026077	49.117744	-154.306458	0.000000	0.000000	-0.141593
-193.791718	82.151237	-134.731628	0.000000	0.000000	0.058407
-169.366333	113.753723	-98.945488	0.000000	0.000000	0.058407
-118.096321	128.647507	-58.055412	0.000000	0.000000	-0.141593
-59.317394	103.382027	-23.017874	0.000000	0.000000	-0.141593
-6.172099	39.845238	-18.806955	0.000000	0.000000	-0.741593
-29.708992	-87.455589	-76.136147	0.000000	0.000000	1.458407
-109.371529	-105.373016	-115.398590	0.000000	0.000000	0.858407
-187.306641	-51.394096	-143.961670	0.000000	0.000000	0.458407
-202.026077	49.117744	-154.306458	0.000000	0.000000	-0.141593
-193.791718	82.151237	-134.731628	0.000000	0.000000	0.058407
-169.366333	113.753723	-98.945488	0.000000	0.000000	0.058407
-118.096321	128.647507	-58.055412	0.000000	0.000000	-0.141593
-59.317394	103.382027	-23.017874	0.000000	0.000000	-0.141593
-6.172099	39.845238	-18.806955	0.000000	0.000000	-0.741593
-29.708992	-87.455589	-76.136147	0.000000	0.000000	1.458407
-109.371529	-105.373016	-115.398590	0.000000	0.000000	0.858407
-187.306641	-51.394096	-143.961670	0.000000	0.000000	0.458407
-202.026077	49.117744	-154.306458	0.000000	0.000000	-0.141593
-193.791718	82.151237	-134.731628	0.000000	0.000000	0.058407
-169.366333	113.753723	-98.945488	0.000000	0.000000	0.058407
-118.096321	128.647507	-58.055412	0.000000	0.000000	-0.141593
-59.317394	103.382027	-23.017874	0.000000	0.000000	-0.141593
-6.172099	39.845238	-18.806955	0.000000	0.000000	-0.741593
-29.708992	-87.455589	-76.136147	0.000000	0.000000	1.458407
-109.371529	-105.373016	-115.398590	0.000000	0.000000	0.858407
-187.306641	-51.394096	-143.961670	0.000000	0.000000	0.458407
-202.026077	49.117744	-154.306458	0.000000	0.000000	-0.141593
-193.791718	82.151237	-134.731628	0.000000	0.000000	0.058407
-169.366333	113.753723	-98.945488	0.000000	0.000000	0.058407
-118.096321	128.647507	-58.055412	0.000000	0.000000	-0.141593
-59.317394	103.382027	-23.017874	0.000000	0.000000	-0.141593
-6.172099	39.845238	-18.806955	0.000000	0.000000	-0.741593
-29.708992	-87.455589	-76.136147	0.000000	0.000000	1.458407
-109.371529	-105.373016	-115.398590	0.000000	0.000000	0.858407
-187.306641	-51.394096	-143.961670	0.000000	0.000000	0.458407
-202.026077	49.117744	-154.306458	0.000000	0.000000	-0.141593
-193.791718	82.151237	-134.731628	0.000000	0.000000	0.058407
-169.366333	113.753723	-98.945488	0.000000	0.000000	0.058407
-118.096321	128.647507	-58.055412	0.000000	0.000000	-0.141593
-59.317394	103.382027	-23.017874	0.000000	0.000000	-0.141593
-6.172099	39.845238	-18.806955	0.000000	0.000000	-0.741593
-29.708992	-87.455589	-76.136147	0.000000	0.000000	1.458407
-109.371529	-105.373016	-115.398590	0.000000	0.000000	0.858407
-187.306641	-51.394096	-143.961670	0.000000	0.000000	0.458407
-202.026077	49.117744	-154.306458	0.000000	0.000000	-0.141593
-193.791718	82.151237	-134.731628	0.000000	0.000000	0.058407
-169.366333	113.753723	-98.945488	0.000000	0.000000	0.058407
-118.096321	128.647507	-58.055412	0.000000	0.000000	-0.141593
-59.317394	103.382027	-23.017874	0.000000	0.000000	-0.141593
-6.172099	39.845238	-18.806955	0.000000	0.000000	-0.741593
-29.708992	-87.455589	-76.136147	0.000000	0.000000	1.458407
-109.371529	-105.373016	-115.398590	0.000000	0.000000	0.858407
-187.306641	-51.394096	-143.961670	0.000000	0.000000	0.458407
-202.026077	49.117744	-154.306458	0.000000	0.000000	-0.141593
-193.791718	82.151237	-134.731628	0.000000	0.000000	0.058407
-169.366333	113.753723	-98.945488	0.000000	0.000000	0.058407
-118.096321	128.647507	-58.055412	0.000000	0.000000	-0.141593
-59.317394	103.382027	-23.017874	0.000000	0.000000	-0.141593
-6.172099	39.845238	-18.806955	0.000000	0.000000	-0.741593
-29.708992	-87.455589	-76.136147	0.000000	0.000000	1.458407
-109.371529	-105.373016	-115.398590	0.000000	0.000000	0.858407
-187.306641	-51.394096	-143.961670	0.000000	0.000000	0.458407
-202.026077	49.117744	-154.306458	0.000000	0.000000	-0.141593
-193.791718	82.151237	-134.731628	0.000000	0.000000	0.058407
-169.366333	113.753723	-98.945488	0.000000	0.000000	0.058407
-118.096321	128.647507	-58.055412	0.000000	0.000000	-0.141593
-59.317394	103.382027	-23.017874	0.000000	0.000000	-0.141593
-6.172099	39.845238	-18.806955	0.000000	0.000000	-0.741593
-29.708992	-87.455589	-76.136147	0.000000	0.000000	1.458407
-109.371529	-105.373016	-115.398590	0.000000	0.000000	0.858407
-187.306641	-51.394096	-143.961670	0.000000	0.000000	0.458407
-202.026077	49.117744	-154.306458	0.000000	0.000000	-0.141593
-193.791718	82.151237	-134.731628	0.000000	0.000000	0.058407
-169.366333	113.753723	-98.945488	0.000000	0.000000	0.058407
-118.096321	128.647507	-58.055412	0.000000	0.000000	-0.141593
-59.317394	103.382027	-23.017874	0.000000	0.000000	-0.141593
-6.172099	39.845238	-18.806955	0.000000	0.000000	-0.741593
-29.708992	-87.455589	-76.136147	0.000000	0.000000	1.458407
-109.371529	-105.373016	-115.398590	0.000000	0.000000	0.858407
-187.306641	-51.394096	-143.961670	0.000000	0.000000	0.458407
-202.026077	49.117744	-154.306458	0.000000	0.000000	-0.141593
-193.791718	82.151237	-134.731628	0.000000	0.000000	0.058407
-169.366333	113.753723	-98.945488	0.000000	0.000000	0.058407
-118.096321	128.647507	-58.055412	0.000000	0.000000	-0.141593
-59.317394	103.382027	-23.017874	0.000000	0.000000	-0.141593
-6.172099	39.845238	-18.806955	0.000000	0.000000	-0.741593
-29.708992	-87.455589	-76.136147	0.000000	0.000000	1.458407
-109.371529	-105.373016	-115.398590	0.000000	0.000000	0.858407
-187.306641	-51.394096	-143.961670	0.000000	0.000000	0.458407
-202.026077	49.117744	-154.306458	0.000000	0.000000	-0.141593
-193.791718	82.151237	-134.731628	0.000000	0.000000	0.058407
-169.366333	113.753723	-98.945488	0.000000	0.000000	0.058407
-118.096321	128.647507	-58.055412	0.000000	0.000000	-0.141593
-59.317394	103.382027	-23.017874	0.000000	0.000000	-0.141593
-6.172099	39.845238	-18.806955	0.000000	0.000000	-0.741593
-29.708992	-87.455589	-76.136147	0.000000	0.000000	1.458407
-109.371529	-105.373016	-115.398590	0.000000	0.000000	0.858407
-187.306641	-51.394096	-143.961670	0.000000	0.000000	0.458407
-202.026077	49.117744	-154.306458	0.000000	0.000000	-0.141593
-193.791718	82.151237	-134.731628	0.000000	0.000000	0.058407
-169.366333	113.753723	-98.945488	0.000000	0.000000	0.058407
-118.096321	128.647507	-58.055412	0.000000	0.000000	-0.141593
-59.317394	103.382027	-23.017874	0.000000	0.000000	-0.141593
-6.172099	39.845238	-18.806955	0.000000	0.000000	-0.741593
-29.708992	-87.455589	-76.136147	0.000000	0.000000	1.458407
-109.371529	-105.373016	-115.398590	0.000000	0.000000	0.858407
-187.306641	-51.394096	-143.961670	0.000000	0.000000	0.458407
-202.026077	49.117744	-154.306458	0.000000	0.000000	-0.141593
-193.791718	82.151237	-134.731628	0.000000	0.000000	0.058407
-169.366333	113.753723	-98.945488	0.000000	0.000000	0.058407
-118.096321	128.647507	-58.055412	0.000000	0.000000	-0.141593
-59.317394	103.382027	-23.017874	0.000000	0.000000	-0.141593
-6.172099	39.845238	-18.806955	0.000000	0.000000	-0.741593
-29.708992	-87.455589	-76.136147	0.000000	0.000000	1.458407
-109.371529	-105.373016	-115.398590	0.000000	0.000000	0.858407
-187.306641	-51.394096	-143.961670	0.000000	0.000000	0.458407
-202.026077	49.117744	-154.306458	0.000000	0.000000	-0.141593
-193.791718	82.151237	-134.731628	0.000000	0.000000	0.058407
-169.366333	113.753723	-98.945488	0.000000	0.000000	0.058407
-118.096321	128.647507	-58.055412	0.000000	0.000000	-0.141593
-59.317394	103.382027	-23.017874	0.000000	0.000000	-0.141593
-6.172099	39.845238	-18.806955	0.000000	0.000000	-0.741593
-29.708992	-87.455589	-76.136147	0.000000	0.000000	1.458407
-109.371529	-105.373016	-115.398590	0.000000	0.000000	0.858407
-187.306641	-51.394096	-143.961670	0.000000	0.000000	0.458407
-202.026077	49.117744	-154.306458	0.000000	0.000000	-0.141593
-193.791718	82.151237	-134.731628	0.000000	0.000000	0.058407
-169.366333	113.753723	-98.945488	0.000000	0.000000	0.058407
-118.096321	128.647507	-58.055412	0.000000	0.000000	-0.141593
-59.317394	103.382027	-23.017874	0.000000	0.000000	-0.141593
-6.172099	39.845238	-18.806955	0.000000	0.000000	-0.741593
