-6.911679	9.432388	5.734568	0	0	-0.76484218	0.64421769
-6.948403	9.511950	5.754150	0	0	0.97095818	0.23924928
-6.874441	9.351342	5.714065	0	0	0.97095818	0.23924928
-6.984639	9.590261	5.772802	0	0	-0.76484218	0.64421769
-6.836666	9.268551	5.692634	0	0	-0.76484218	0.64421769
-6.798307	9.183709	5.670231	0	0	-0.76484218	0.64421769
-6.759341	9.096499	5.646753	0	0	0.97095818	0.23924928
-6.719620	9.006521	5.621986	0	0	-0.76484218	0.64421769
-6.678990	8.913289	5.595605	0	0	-0.76484218	0.64421769
-6.637001	8.816351	5.567259	0	0	-0.76484218	0.64421769
-6.593898	8.714958	5.535621	0	0	0.97095818	0.23924928
-6.548048	8.608792	5.500503	0	0	0.97095818	0.23924928
-6.502140	8.496678	5.455694	0	0	-0.82533563	0.56464246
-6.445670	8.380443	5.406284	0	0	0.97095818	0.23924928
-6.381328	8.259858	5.340144	0	0	-0.82533563	0.56464246
-6.306418	8.127098	5.241823	0	0	0.97095818	0.23924928
-6.218001	7.977688	5.107450	0	0	-0.82533563	0.56464246
-6.123486	7.820498	4.909877	0	0	0.97095818	0.23924928
-6.027022	7.655880	4.725989	0	0	-0.82533563	0.56464246
-5.957974	7.454958	4.526492	0	0	-0.82533563	0.56464246
-5.917134	7.374055	4.441350	0	0	-0.82533563	0.56464246
-5.809781	7.318489	4.334758	0	0	-0.82533563	0.56464246
-5.846493	7.427527	3.970842	0	0	-0.99500417	0.099833397
-5.618496	7.241875	4.282500	0	0	0.99913515	0.041580682
-5.454006	7.368591	4.075026	0	0	0.99913515	0.041580682
-5.697886	6.930516	4.453400	0	0	-0.82533563	0.56464246
-4.095610	10.356827	3.600006	0	0	-0.82533563	0.56464246
-7.873003	5.687448	6.163951	0	0	-0.82533563	0.56464246
-4.284205	1.184200	9.148852	0	0	-0.82533563	0.56464246
-7.376315	0.355672	1.450190	0	0	-0.87758258	0.4794255
0.805036	3.688683	2.123067	0	0	-0.82533563	0.56464246
-7.987698	0.191852	-0.616234	0	0	0.97095818	0.23924928
1.969932	3.748131	1.005988	0	0	0.97095818	0.23924928
-6.235658	0.661310	-2.440410	0	0	-0.82533563	0.56464246
-5.781284	-1.034438	-2.440410	0	0	-0.87758258	0.4794255
-10.788310	-0.558569	13.978980	0	0	-0.92106097	0.38941839
-6.774392	-4.336267	-0.616234	0	0	0.94222235	0.33498812
-2.591510	-5.133025	9.148852	0	0	-0.87758258	0.4794255
-4.937321	-6.290540	1.572940	0	0	-0.87758258	0.4794255
-18.826727	-2.712456	6.333288	0	0	0.99913515	0.041580682
-6.864900	-6.884543	14.394588	0	0	0	1
-14.978537	-7.466204	6.813439	0	0	0.98999249	0.14112005
-20.379589	22.900297	5.734568	0	0	-0.95533648	0.29552023
-20.358170	22.921717	5.754150	0	0	-0.87758258	0.4794255
-20.401493	22.878393	5.714065	0	0	-0.87758258	0.4794255
-20.337132	22.942755	5.772802	0	0	-0.95533648	0.29552023
-20.424002	22.855885	5.692634	0	0	-0.95533648	0.29552023
-20.447243	22.832644	5.670231	0	0	-0.95533648	0.29552023
-20.471363	22.808523	5.646753	0	0	-0.87758258	0.4794255
-20.496492	22.783394	5.621986	0	0	-0.95533648	0.29552023
-20.522793	22.757093	5.595605	0	0	-0.95533648	0.29552023
-20.550268	22.729618	5.567259	0	0	-0.95533648	0.29552023
-20.579412	22.700474	5.535621	0	0	-0.87758258	0.4794255
-20.609571	22.670315	5.500503	0	0	-0.87758258	0.4794255
-20.642673	22.637213	5.455694	0	0	-0.95533648	0.29552023
-20.672556	22.607328	5.406284	0	0	-0.87758258	0.4794255
-20.700678	22.579208	5.340144	0	0	-0.95533648	0.29552023
-20.729603	22.550283	5.241823	0	0	-0.87758258	0.4794255
-20.760099	22.519787	5.107450	0	0	-0.95533648	0.29552023
-20.791437	22.488449	4.909877	0	0	-0.87758258	0.4794255
-20.825514	22.454372	4.725989	0	0	-0.95533648	0.29552023
-20.891451	22.388435	4.526492	0	0	-0.95533648	0.29552023
-20.911482	22.368404	4.441350	0	0	-0.95533648	0.29552023
-21.023628	22.256258	4.453400	0	0	-0.95533648	0.29552023
-20.885590	22.394297	4.334758	0	0	-0.95533648	0.29552023
-20.828253	22.451632	4.282500	0	0	-0.87758258	0.4794255
-20.682650	22.597235	4.075026	0	0	-0.87758258	0.4794255
-20.849426	22.430460	3.970842	0	0	-0.92106097	0.38941839
8.133161	4.511424	16.830969	0	0	0.94222235	0.33498812
-22.732721	20.547165	6.163951	0	0	-0.95533648	0.29552023
-18.509335	24.770552	3.600006	0	0	-0.98006658	0.19866933
-19.393084	23.886803	2.123067	0	0	-0.92106097	0.38941839
-18.780912	24.498974	1.005988	0	0	-0.76484218	0.64421769
-25.502211	17.777676	9.148852	0	0	0.99913515	0.041580682
9.005490	1.255847	16.830969	0	0	0.94222235	0.33498812
-25.047804	18.232082	-2.440410	0	0	-0.98006658	0.19866933
9.865721	19.130404	16.393152	0	0	-0.76484218	0.64421769
-27.195272	16.084614	-0.616234	0	0	-0.82533563	0.56464246
-16.509275	26.770611	16.830969	0	0	-0.62160997	0.7833269
-29.024298	14.255589	1.450190	0	0	-0.95533648	0.29552023
12.514109	21.470032	9.119921	0	0	-0.76484218	0.64421769
9.091920	27.397436	9.718726	0	0	-0.76484218	0.64421769
4.199894	14.853669	27.097464	0	0	0.97095818	0.23924928
3.943133	15.298392	27.142391	0	0	0.97095818	0.23924928
-8.390637	7.031926	32.567455	0	-0	-1	-4.371139e-08
-9.061783	8.194383	32.684891	0	-0	-1	-4.371139e-08
-7.141881	36.138004	16.393152	0	0	-0.95533648	0.29552023
-34.509010	8.770875	13.978980	0	0	-0.87758258	0.4794255
17.237356	23.593138	15.097383	0	0	-0.82533563	0.56464246
16.516298	24.842047	15.223553	0	0	-0.76484218	0.64421769
-3.395265	39.884621	9.718726	0	0	0.99913515	0.041580682
-12.019180	31.260706	27.142391	0	0	-0.92106097	0.38941839
-22.073643	21.206244	32.684891	0	0	-0.98006658	0.19866933
-39.787556	3.492329	6.333288	0	0	-0.95533648	0.29552023
-0.960770	42.319115	15.223553	0	0	-0.92106097	0.38941839
-1.687057	1.880104	40.751862	0	0	0.90407214	0.42737988
-0.615419	-2.119302	40.751862	0	0	0.90407214	0.42737988
13.347610	19.066442	37.675842	0	0	-0.92106097	0.38941839
-23.007303	20.272583	40.751862	0	0	-0.54030229	0.84147099
6.854337	30.313120	38.812019	0	0	-0.92106097	0.38941839
-47.129631	20.208755	5.734568	0	0	-0.82533563	0.56464246
-47.112202	20.273808	5.754150	0	0	-0.76484218	0.64421769
-47.147400	20.142448	5.714065	0	0	-0.76484218	0.64421769
-47.095051	20.337814	5.772802	0	0	-0.82533563	0.56464246
-47.165565	20.074646	5.692634	0	0	-0.82533563	0.56464246
-47.184208	20.005079	5.670231	0	0	-0.82533563	0.56464246
-47.203400	19.933453	5.646753	0	0	-0.76484218	0.64421769
-47.223232	19.859432	5.621986	0	0	-0.82533563	0.56464246
-47.243820	19.782602	5.595605	0	0	-0.82533563	0.56464246
-47.265240	19.702656	5.567259	0	0	-0.82533563	0.56464246
-47.287701	19.618830	5.535621	0	0	-0.76484218	0.64421769
-47.311172	19.531239	5.500503	0	0	-0.76484218	0.64421769
-47.336124	19.438112	5.455694	0	0	-0.82533563	0.56464246
-47.361401	19.343781	5.406284	0	0	-0.76484218	0.64421769
-47.387238	19.247358	5.340144	0	0	-0.82533563	0.56464246
-47.415409	19.142220	5.241823	0	0	-0.76484218	0.64421769
-47.446838	19.024921	5.107450	0	0	-0.82533563	0.56464246
-47.479805	18.901890	4.909877	0	0	-0.76484218	0.64421769
-47.514500	18.772417	4.725989	0	0	-0.82533563	0.56464246
-47.560104	18.602215	4.526492	0	0	-0.82533563	0.56464246
-47.577595	18.536942	4.441350	0	0	-0.82533563	0.56464246
-47.584293	18.511936	4.334758	0	0	-0.82533563	0.56464246
-47.590633	18.488276	4.282499	0	0	-0.76484218	0.64421769
-47.547935	18.647625	4.075026	0	0	-0.76484218	0.64421769
-47.559494	18.604492	3.970842	0	0	-0.76484218	0.64421769
-47.673790	18.177925	4.453400	0	0	-0.82533563	0.56464246
-46.709881	21.775288	3.600006	0	0	-0.82533563	0.56464246
-48.130264	16.474348	6.163951	0	0	-0.82533563	0.56464246
-48.048637	16.778986	2.123067	0	0	-0.76484218	0.64421769
-47.955742	17.125675	1.005988	0	0	-0.69670669	0.71735611
-48.107517	16.559231	16.830969	0	0	-0.69670669	0.71735611
-49.670616	10.725674	-2.440410	0	0	-0.82533563	0.56464246
-50.481590	7.699083	9.148852	0	0	-0.95533648	0.29552023
-50.562599	7.396748	-0.616234	0	0	-0.69670669	0.71735611
-43.581257	33.451477	16.393152	0	0	-0.82533563	0.56464246
-3.056214	40.223671	38.812019	0	0	-0.92106097	0.38941839
-51.885975	2.457846	1.450190	0	0	-0.82533563	0.56464246
6.112948	49.392834	25.911879	0	0	-0.62160997	0.7833269
-41.566334	40.971272	9.718726	0	0	-0.92106097	0.38941839
-41.707840	40.443157	15.223553	0	0	-0.69670669	0.71735611
-44.935997	28.395515	27.142391	0	0	-0.69670669	0.71735611
-53.362995	-3.054469	6.629036	0	0	0	1
-43.002819	35.610229	25.911879	0	0	-0.62160997	0.7833269
-53.428055	-3.297275	14.111485	0	0	0	1
-47.583164	18.516155	32.684891	0	0	-0.54030229	0.84147099
-59.222927	-0.387471	5.908165	0	0	-0.62160997	0.7833269
-59.222752	-0.388127	5.924020	0	0	-0.62160997	0.7833269
-59.223114	-0.386780	5.891458	0	0	0	1
-59.222588	-0.388747	5.939003	0	0	0	1
-59.223309	-0.386054	5.873901	0	0	0	1
-59.223515	-0.385292	5.855467	0	0	0	1
-59.223728	-0.384489	5.836063	0	0	0	1
-59.223957	-0.383638	5.815497	0	0	0	1
-59.224201	-0.382727	5.793462	0	0	0	1
-59.224464	-0.381741	5.769635	0	0	0	1
-59.224762	-0.380628	5.742718	0	0	-0.62160997	0.7833269
-59.225098	-0.379380	5.712555	0	0	0	1
-59.225536	-0.377743	5.672965	0	0	0	1
-59.226021	-0.375927	5.629069	0	0	-0.62160997	0.7833269
-59.226692	-0.373432	5.568740	0	0	0	1
-59.227707	-0.369633	5.476910	0	0	0	1
-59.229115	-0.364381	5.349930	0	0	-0.69670669	0.71735611
-59.216583	-0.411155	6.480746	0	0	0	1
-59.231216	-0.356536	5.160254	0	0	0	1
-59.233166	-0.349269	4.984566	0	0	0	1
-59.235271	-0.341407	4.794493	0	0	0	1
-59.235809	-0.339403	4.746065	0	0	0	1
-59.236172	-0.338048	4.713300	0	0	0	1
-59.237312	-0.333791	4.610384	0	0	0	1
-59.237831	-0.331852	4.563501	0	0	0	1
-59.240166	-0.323145	4.352995	0	0	0	1
-59.241394	-0.318563	4.242227	0	0	0	1
-59.202324	-0.464375	7.767389	0	0	0	1
-59.246620	-0.299051	3.770496	0	0	0	1
-59.259308	-0.251702	2.625786	0	0	0	1
-59.261040	-0.245242	2.469604	0	0	0	1
-59.177963	-0.555290	9.965361	0	0	0	1
-59.271549	-0.206012	1.521184	0	0	0	1
-59.286869	-0.148840	0.138977	0	0	0	1
42.606918	13.748639	25.911879	0	0	0.94222235	0.33498812
-59.308441	-0.068340	-1.807197	0	0	0	1
42.917953	12.587828	25.911879	0	0	0.94222235	0.33498812
-59.120964	-0.768012	15.108160	0	0	0	1
-59.168961	-0.588884	15.348574	0	0	-0.54030229	0.84147099
-59.474335	0.550790	16.393152	0	0	-0.62160997	0.7833269
-60.456741	4.217183	15.223553	0	0	-0.54030229	0.84147099
-61.592930	8.457487	9.718726	0	0	-0.69670669	0.71735611
-49.595783	11.004948	40.751862	0	0	-0.26749883	0.96355818
-60.549713	4.564161	22.264664	0	0	-0.62160997	0.7833269
-60.742722	5.284469	23.231413	0	0	-0.070737201	0.99749499
-60.905918	5.893527	24.048853	0	0	-0.45359611	0.89120736
-40.987301	43.132248	38.812019	0	0	-0.87758258	0.4794255
32.965855	29.782009	43.724300	0	0	-0.92106097	0.38941839
32.296898	30.940676	43.841354	0	0	-0.92106097	0.38941839
9.978845	53.258732	43.841354	0	0	-0.95533648	0.29552023
-39.126083	50.078407	43.841354	0	0	-0.87758258	0.4794255
-63.337914	14.969865	36.230537	0	0	-0.62160997	0.7833269
-63.390167	15.164877	36.492268	0	0	-0.69670669	0.71735611
-75.687691	7.096281	4.151020	0	0	0	1
-75.781219	7.189811	2.738240	0	0	-0.76484218	0.64421769
-69.475670	37.876282	17.219116	0	0	-0.69670669	0.71735611
-65.540108	23.188553	47.261135	0	0	0.029199523	0.9995736
-34.407246	67.689339	61.417980	0	0	-0.36235775	0.93203909
-70.939064	43.337738	52.872616	0	0	-0.16996714	0.98544973
32.675522	75.955406	61.417980	0	0	0.98999249	0.14112005
67.971214	49.344059	50.141697	0	0	-0.98006658	0.19866933
68.521179	40.109753	61.417980	0	0	0.94222235	0.33498812
52.363926	76.376678	52.872616	0	0	-0.98006658	0.19866933
-26.422848	97.487526	52.872616	0	0	-0.76484218	0.64421769
42.730358	86.010246	52.872616	0	0	-0.98006658	0.19866933
-119.757927	51.166515	9.198215	0	0	0.029199523	0.9995736
-9.476903	160.730652	17.219116	0	0	-0.82533563	0.56464246
125.245071	87.250717	2.236068	0	0	0.99913515	0.041580682
-107.010254	177.957260	9.198215	0	0	-0.16996714	0.98544973
126.917488	170.197372	17.219116	0	0	-0.92106097	0.38941839
75.471497	204.286972	6.501299	0	0	-0.54030229	0.84147099
48.775482	219.699921	9.198215	0	0	-0.54030229	0.84147099
189.773087	107.341782	17.219116	0	0	-0.92106097	0.38941839
9.167584	230.312820	9.198215	0	0	-0.45359611	0.89120736
