68.459015	-53.913986	20.027704	0	0	0.32328956	0.94630009
68.706299	-53.658993	20.641489	0	0	0.94222235	0.33498812
68.160599	-54.153534	19.245737	0	0	0.94222235	0.33498812
68.907036	-53.415348	21.165218	0	0	0.32328956	0.94630009
67.389717	-54.532429	18.439438	0	0	0.41614682	0.90929743
67.382019	-54.661228	16.644461	0	0	0.41614682	0.90929743
68.229965	-49.705936	21.187952	0	0	0.50484609	0.86320938
66.156555	-57.444012	17.346909	0	0	0.50484609	0.86320938
66.112846	-57.607124	17.097668	0	0	0.90407214	0.42737988
67.701706	-54.339767	14.380047	0	0	0.90407214	0.42737988
66.019371	-57.955994	16.680786	0	0	0.50484609	0.86320938
66.914131	-54.616688	14.418280	0	0	0.90407214	0.42737988
67.288155	-53.220833	14.022834	0	0	0.50484609	0.86320938
68.010094	-50.526512	14.473956	0	0	0.41614682	0.90929743
67.537498	-52.290264	13.759203	0	0	0.90407214	0.42737988
67.546608	-52.256268	13.752540	0	0	0.50484609	0.86320938
67.605057	-52.038139	13.691733	0	0	0.90407214	0.42737988
65.598610	-52.768124	14.022834	0	0	0.50484609	0.86320938
66.792717	-52.054260	13.752540	0	0	0.50484609	0.86320938
67.094032	-51.901211	13.691733	0	0	0.90407214	0.42737988
66.469093	-52.003986	13.759203	0	0	0.90407214	0.42737988
67.592148	-52.138027	13.430182	0	0	0.90407214	0.42737988
67.924225	-52.295902	13.255816	0	0	0.41614682	0.90929743
64.292885	-53.914326	14.418280	0	0	0.90407214	0.42737988
62.746471	-48.236637	21.187952	0	0	0.41614682	0.90929743
60.980690	-56.057144	17.346909	0	0	0.22720209	0.97384763
69.249100	-45.902470	22.714199	0	0	0.58850112	0.8084964
60.171204	-56.015068	17.097668	0	0	0.90407214	0.42737988
69.020081	-46.757179	26.160196	0	0	0.029199523	0.9995736
66.729584	-46.143440	26.160196	0	0	0.029199523	0.9995736
58.949326	-56.061581	16.680786	0	0	0.41614682	0.90929743
66.130470	-57.541348	10.033061	0	0	0.73739371	0.67546319
67.234100	-54.310749	9.194811	0	0	0.32328956	0.94630009
68.189323	-46.003124	27.897604	0	0	0	1
68.683052	-45.536407	27.400431	0	0	0	1
67.704247	-46.361786	28.239750	0	0	0	1
68.648102	-45.818092	27.799877	0	0	0.66627604	0.74570519
68.635422	-45.920353	27.944895	0	0	0	1
69.088402	-45.859749	28.027262	0	0	0	1
69.318062	-45.645119	27.799610	0	0	0	1
69.264442	-45.845226	28.072500	0	0	0	1
69.245476	-45.916000	28.169010	0	0	0.97095818	0.23924928
69.158165	-46.241844	28.613373	0	0	0	1
66.815399	-55.329681	8.684975	0	0	0.32328956	0.94630009
70.174706	-45.613850	28.077465	0	0	0	1
60.177654	-45.621136	21.631474	0	0	0	1
71.041397	-45.220890	27.829254	0	0	0.97095818	0.23924928
70.125290	-42.632492	23.691246	0	0	0	1
57.522141	-48.908936	18.767199	0	0	0	1
60.345890	-45.244915	15.544095	0	0	0	1
63.237206	-41.663692	18.607664	0	0	0	1
81.815277	-50.335186	20.027704	0	0	0.85688874	0.51550139
81.768097	-50.159096	20.641489	0	0	0.41614682	0.90929743
58.722996	-47.227718	12.804107	0	0	0	1
81.855179	-50.484081	19.245737	0	0	0.41614682	0.90929743
81.720634	-49.981956	21.165218	0	0	0.85688874	0.51550139
81.898262	-50.644875	18.439438	0	0	0.85688874	0.51550139
81.850113	-50.465195	17.346909	0	0	0.90407214	0.42737988
55.913029	-50.828819	14.330235	0	0	0	1
81.785370	-50.223568	17.097668	0	0	0.58850112	0.8084964
81.715149	-49.961494	16.680786	0	0	0.90407214	0.42737988
81.929947	-50.763123	16.644461	0	0	0.85688874	0.51550139
67.996124	-50.578644	34.527527	0	0	0	1
81.870995	-50.543118	14.380047	0	0	0.41614682	0.90929743
81.536285	-49.293972	14.418280	0	0	0.66627604	0.74570519
81.337204	-48.550980	14.022834	0	0	0.80114363	0.59847213
81.238731	-48.183464	13.752540	0	0	0.80114363	0.59847213
81.204483	-48.055653	13.759203	0	0	0.66627604	0.74570519
55.696404	-51.475948	28.241961	0	0	0	1
81.220650	-48.115993	13.691733	0	0	0.58850112	0.8084964
81.313225	-48.461475	13.430182	0	0	0.58850112	0.8084964
54.110882	-53.110413	14.265962	0	0	0	1
54.008308	-53.246708	14.502389	0	0	0	1
54.006516	-53.249088	14.506520	0	0	0	1
53.992184	-53.268131	14.539554	0	0	0	1
54.257652	-52.915390	13.927661	0	0	0	1
53.939919	-53.337578	14.660019	0	0	0	1
81.374939	-48.691795	13.255816	0	0	0.85688874	0.51550139
53.923798	-53.358997	14.697174	0	0	0	1
54.329964	-52.819309	13.760994	0	0	0	1
80.013275	-43.610012	21.187952	0	0	0.73739371	0.67546319
53.597527	-53.792526	15.449203	0	0	0	1
53.575359	-53.821983	15.500303	0	0	0	1
53.535400	-53.875080	15.592406	0	0	0.58850112	0.8084964
54.690914	-52.339699	12.929029	0	0	0	1
53.425171	-54.021545	15.846473	0	0	0	1
53.424068	-54.023006	15.849013	0	0	0	1
54.819977	-52.168205	12.631547	0	0	0	1
53.262405	-54.237816	16.221632	0	0	0	1
53.128754	-54.415409	16.529697	0	0	0.85688874	0.51550139
55.195614	-51.669083	11.765732	0	0	0	1
53.025913	-54.552055	16.766735	0	0	0	1
63.630009	-40.996185	12.267957	0	0	0	1
52.860085	-54.772396	17.148956	0	0	0	1
71.263115	-38.386066	17.900337	0	0	0.58850112	0.8084964
71.263115	-38.386066	17.900337	0	0	0.22720209	0.97384763
71.263115	-38.386066	17.900337	0	0	0.41614682	0.90929743
55.558521	-51.186874	10.929260	0	0	0	1
55.658611	-51.053879	10.698556	0	0	0	1
55.811775	-50.850365	10.345531	0	0	0	1
55.967278	-50.643742	9.987106	0	0	0	1
56.000969	-50.598972	9.909447	0	0	0	1
56.066525	-50.511868	9.758345	0	0	0	1
56.080795	-50.492908	9.725459	0	0	0	1
56.178131	-50.363575	9.501105	0	0	0	1
56.243023	-50.277351	9.351538	0	0	0.66627604	0.74570519
71.321999	-38.166306	15.461710	0	0	0.58850112	0.8084964
79.756790	-42.652809	26.160196	0	-0	-1	-4.371139e-08
56.984890	-49.291599	7.641588	0	0	0	1
56.825363	-49.561932	7.675749	0	0	0.50484609	0.86320938
81.832420	-50.399139	9.194811	0	0	0.85688874	0.51550139
79.830353	-42.927345	27.790020	0	0	0	1
79.839867	-42.962830	27.845594	0	0	0	1
79.862717	-43.048111	27.979164	0	0	0	1
79.872124	-43.083237	28.034174	0	0	0	1
79.897987	-43.179737	28.185314	0	0	0	1
71.385452	-37.929497	12.833905	0	0	0.50484609	0.86320938
82.059105	-51.245144	8.684975	0	0	0.90407214	0.42737988
78.879372	-39.378216	22.231405	0	0	0.66627604	0.74570519
54.672585	-52.868298	31.794737	0	0	0	1
71.413795	-37.823711	11.660024	0	0	0.50484609	0.86320938
50.588287	-57.791027	22.385279	0	0	0	1
57.917751	-48.052071	5.491410	0	0	0	1
63.989544	-40.385212	6.465184	0	0	0	1
71.361961	-38.017155	8.577632	0	0	0.41614682	0.90929743
78.406937	-37.615074	14.473955	0	0	0.80114363	0.59847213
64.010330	-40.349892	6.129743	0	0	0	1
77.926994	-35.823914	16.664696	0	0	0	1
49.218834	-59.610676	25.541769	0	0	0	1
77.869293	-35.608547	16.327394	0	0	0	1
48.568630	-60.337036	21.904047	0	0	0	1
78.554169	-38.164562	10.033061	0	0	0.85688874	0.51550139
77.820030	-35.424698	13.795654	0	0	0.58850112	0.8084964
59.447029	-46.020054	1.966538	0	0	0	1
71.544052	-37.337601	6.265710	0	0	0.41614682	0.90929743
71.546005	-37.330315	6.184881	0	0	0.32328956	0.94630009
48.918880	-59.568058	9.763824	0	0	0.73739371	0.67546319
77.763832	-35.214973	10.907591	0	0	0.58850112	0.8084964
77.747887	-35.155468	10.088146	0	0	0.58850112	0.8084964
63.005798	-41.489487	1.159626	0	0	0	1
60.299843	-44.886883	0.000861	0	0	0	1
49.240261	-59.099751	7.482197	0	0	0	1
55.373741	-51.106552	-0.808787	0	0	0	1
86.320648	-36.052345	20.027704	0	0	0.98999249	0.14112005
86.480011	-36.211708	20.464350	0	0	0	1
86.605568	-36.337265	20.695721	0	0	0	1
86.291214	-36.022911	19.245737	0	0	0.80114363	0.59847213
86.650925	-36.382622	20.779301	0	0	0.98999249	0.14112005
86.095230	-35.826920	18.439438	0	0	0.98999249	0.14112005
55.407200	-51.046310	-1.475131	0	0	0	1
87.443459	-37.175148	22.239756	0	0	0	1
87.536873	-37.268570	22.411909	0	0	0	1
87.627792	-37.359482	22.579443	0	0	0	1
86.155777	-35.887470	16.644461	0	0	0.98999249	0.14112005
77.664612	-34.844669	5.808223	0	0	0.50484609	0.86320938
87.800682	-37.532379	22.898050	0	0	0	1
87.803711	-37.535404	22.903629	0	0	0	1
84.557198	-34.288895	16.921030	0	0	0	1
84.367523	-34.099216	16.571499	0	0	0	1
84.124580	-33.856277	16.123816	0	0	0	1
77.656807	-34.815544	5.407128	0	0	0.50484609	0.86320938
71.673965	-36.852768	0.885609	0	0	0.58850112	0.8084964
77.652603	-34.799870	5.191309	0	0	0.50484609	0.86320938
86.154892	-35.886585	14.380047	0	0	0.73739371	0.67546319
64.462639	-39.581257	-1.170460	0	0	0	1
83.764381	-33.496078	15.460045	0	0	0	1
84.237762	-33.969452	14.418280	0	0	0.85688874	0.51550139
83.506660	-33.238358	14.985126	0	0	0	1
50.825233	-57.930813	38.810490	0	0	0	1
84.317520	-34.049213	14.022834	0	0	0.97095818	0.23924928
84.557640	-34.289337	13.752540	0	0	0.97095818	0.23924928
84.631775	-34.363468	13.691733	0	0	0.80114363	0.59847213
84.370697	-34.102390	13.759203	0	0	0.85688874	0.51550139
84.999237	-34.730934	13.430182	0	0	0.80114363	0.59847213
85.244217	-34.975910	13.255816	0	0	0.97095818	0.23924928
83.404976	-33.136673	13.213434	0	0	0.90407214	0.42737988
89.844208	-39.575901	26.663805	0	0	-0.98006658	0.19866933
83.324699	-33.056393	11.814700	0	0	0.66627604	0.74570519
71.718506	-36.686543	-0.958960	0	0	0.66627604	0.74570519
85.906578	-35.638271	9.194811	0	0	0.99913515	0.041580682
86.206696	-35.938385	8.684975	0	0	0.98999249	0.14112005
71.731987	-36.636230	-1.517262	0	0	0.50484609	0.86320938
83.146507	-32.878204	8.710036	0	0	0.66627604	0.74570519
45.858070	-64.076263	33.288078	0	0	0	1
83.122711	-32.854408	8.295453	0	0	0.85688874	0.51550139
83.117378	-32.849075	8.202528	0	0	0.66627604	0.74570519
66.759148	-55.195110	-8.285745	0	0	0.50484609	0.86320938
64.668243	-39.231865	-4.488832	0	0	0	1
63.325893	-40.907440	-5.428756	0	0	0	1
77.540939	-34.383129	-0.547514	0	0	0.58850112	0.8084964
60.502064	-44.432259	-7.406024	0	0	0	1
82.889412	-32.621109	4.230563	0	0	0.73739371	0.67546319
82.862228	-32.593922	3.756884	0	0	0.73739371	0.67546319
82.810432	-32.542130	2.854482	0	0	0.73739371	0.67546319
77.498451	-34.224552	-2.731225	0	0	0.66627604	0.74570519
71.835854	-36.248569	-5.819050	0	0	0.50484609	0.86320938
71.835854	-36.248569	-5.819050	0	0	0.58850112	0.8084964
77.489258	-34.190243	-3.203696	0	0	0.66627604	0.74570519
64.896362	-38.844212	-8.170613	0	0	0	1
62.535328	-41.769844	-10.626616	0	0	0	1
77.445457	-34.026791	-5.454561	0	0	0.73739371	0.67546319
82.516075	-32.247772	-2.274212	0	0	0.80114363	0.59847213
60.599266	-44.168880	-12.640550	0	0	0	1
92.618431	-29.407383	12.815596	0	0	0	1
92.544220	-29.387499	12.198081	0	0	0.80114363	0.59847213
92.498642	-29.375286	11.818830	0	0	0.85688874	0.51550139
92.466049	-29.366552	11.547590	0	0	0.94222235	0.33498812
92.448326	-29.361803	11.400093	0	0	0.94222235	0.33498812
92.444832	-29.360867	11.371019	0	0	0.85688874	0.51550139
92.444321	-29.360729	11.366762	0	0	0.85688874	0.51550139
92.421860	-29.354713	11.179914	0	0	0.85688874	0.51550139
92.406555	-29.350611	11.052509	0	0	0.97095818	0.23924928
82.402161	-32.133854	-4.259059	0	0	0.80114363	0.59847213
92.345375	-29.334219	10.543470	0	0	0.80114363	0.59847213
92.257179	-29.310587	9.809543	0	0	0.90407214	0.42737988
82.343323	-32.075016	-5.284176	0	0	0.90407214	0.42737988
91.981049	-29.236597	7.511793	0	0	0.80114363	0.59847213
91.923820	-29.221264	7.035625	0	0	0.98999249	0.14112005
91.861420	-29.204542	6.516320	0	0	0.98999249	0.14112005
91.568871	-29.126154	4.081980	0	0	0.85688874	0.51550139
91.567978	-29.125916	4.074594	0	0	0.85688874	0.51550139
91.563179	-29.124630	4.034624	0	0	0.85688874	0.51550139
91.234642	-29.036598	1.300785	0	0	0.85688874	0.51550139
91.127342	-29.007847	0.407927	0	0	0.85688874	0.51550139
90.720444	-28.898819	-2.977929	0	0	-0.98006658	0.19866933
39.146267	-71.595261	-3.475912	0	0	0	1
90.350227	-28.799622	-6.058567	0	0	0.90407214	0.42737988
90.152588	-28.746664	-7.703150	0	-0	-1	-4.371139e-08
90.094765	-28.731169	-8.184346	0	0	0.98999249	0.14112005
90.094765	-28.731169	-8.184346	0	0	0.97095818	0.23924928
39.435028	-71.075348	-9.226726	0	0	0	1
86.932617	-69.433350	69.303452	0	0	0	1
50.351273	-116.430130	84.297951	0	0	0.94222235	0.33498812
-5.935633	-131.032913	83.094040	0	0	0	1
-5.800905	-159.376740	0.000861	0	0	0.80114363	0.59847213
222.299026	-64.155190	-18.936459	0	0	0.99913515	0.041580682
71.080200	-260.669434	0.000870	0	0	0.94222235	0.33498812
240.290466	-190.022156	-18.936459	0	0	0.99913515	0.041580682
169.643188	-260.669434	-18.936459	0	0	0.98999249	0.14112005
