14.774527	23.174349	159.109375	0	0	-0.54030229	0.84147099
14.765758	23.163288	159.069504	0	0	0.98999249	0.14112005
14.784204	23.186649	159.149857	0	0	-0.54030229	0.84147099
14.757998	23.153536	159.030106	0	0	0.98999249	0.14112005
14.795421	23.200651	159.191208	0	0	0.98999249	0.14112005
14.751113	23.144938	158.991013	0	0	0.98999249	0.14112005
14.807559	23.216242	159.233200	0	0	0.98999249	0.14112005
14.824059	23.235731	159.277008	0	0	0.98999249	0.14112005
14.831981	23.258955	159.320145	0	0	0.98999249	0.14112005
14.865201	23.292204	159.380005	0	0	0.98999249	0.14112005
14.825473	23.171364	159.498428	0	0	0.98999249	0.14112005
14.850096	23.178356	159.521744	0	0	0.98999249	0.14112005
15.439419	22.380636	160.184494	0	0	-0.62160997	0.7833269
13.593919	25.718832	161.918182	0	0	0.99913515	0.041580682
20.016035	20.148163	158.579865	0	0	-0.92106097	0.38941839
20.006042	20.137808	158.540115	0	0	-0.82533563	0.56464246
20.026838	20.159813	158.620224	0	0	-0.92106097	0.38941839
19.996904	20.128851	158.500854	0	0	-0.82533563	0.56464246
20.038834	20.173367	158.661499	0	0	-0.82533563	0.56464246
19.988510	20.121124	158.461914	0	0	-0.82533563	0.56464246
20.051794	20.188480	158.703400	0	0	-0.82533563	0.56464246
20.067682	20.208324	158.747269	0	0	-0.82533563	0.56464246
20.082932	20.227318	158.789688	0	0	-0.82533563	0.56464246
20.110214	20.263994	158.850143	0	0	-0.82533563	0.56464246
20.057034	20.150921	158.969925	0	0	-0.62160997	0.7833269
20.068087	20.165747	158.994598	0	0	-0.62160997	0.7833269
19.925810	19.790417	159.731262	0	0	-0.69670669	0.71735611
21.018782	21.432085	161.168106	0	0	0.97095818	0.23924928
15.930828	28.255817	167.012894	0	0	-0.54030229	0.84147099
23.089603	24.122696	166.289688	0	0	0.99913515	0.041580682
13.171466	24.484900	171.086136	0	0	-0.62160997	0.7833269
21.069866	19.924755	170.288208	0	0	-0.95533648	0.29552023
0.066750	27.115286	159.109375	0	0	-0.82533563	0.56464246
0.063398	27.102774	159.069504	0	0	-0.76484218	0.64421769
0.070474	27.129181	159.149857	0	0	-0.82533563	0.56464246
0.060440	27.091734	159.030106	0	0	-0.76484218	0.64421769
0.074726	27.145050	159.191208	0	0	-0.76484218	0.64421769
0.057829	27.081991	158.991013	0	0	-0.76484218	0.64421769
0.079436	27.162630	159.233200	0	0	-0.76484218	0.64421769
0.085414	27.184940	159.277008	0	0	-0.76484218	0.64421769
0.091751	27.208588	159.320145	0	0	-0.76484218	0.64421769
0.102288	27.247915	159.380005	0	0	-0.76484218	0.64421769
0.069417	27.125238	159.498428	0	0	-0.69670669	0.71735611
0.072814	27.137917	159.521744	0	0	-0.69670669	0.71735611
-0.087138	26.540966	160.184494	0	0	-0.87758258	0.4794255
0.623785	29.194168	161.918182	0	0	-0.36235775	0.93203909
1.414575	32.145435	167.012894	0	0	-0.82533563	0.56464246
0.287003	27.937281	171.086136	0	0	-0.69670669	0.71735611
14.525283	20.292921	178.701035	0	0	0.98999249	0.14112005
14.852355	19.965849	178.701035	0	0	0.98999249	0.14112005
20.130301	16.918625	178.167831	0	0	0.97095818	0.23924928
26.632843	2.635144	157.034439	0	0	-0.98006658	0.19866933
26.619764	2.631545	156.995331	0	0	-0.95533648	0.29552023
26.647161	2.639405	157.074097	0	0	-0.98006658	0.19866933
26.608028	2.628680	156.956619	0	0	-0.95533648	0.29552023
26.663408	2.644695	157.114578	0	0	-0.95533648	0.29552023
26.597462	2.626462	156.918182	0	0	-0.95533648	0.29552023
26.681057	2.650741	157.155609	0	0	-0.95533648	0.29552023
26.703741	2.659520	157.198334	0	0	-0.95533648	0.29552023
26.721550	2.665618	157.239746	0	0	-0.95533648	0.29552023
26.763414	2.683895	157.298096	0	0	-0.95533648	0.29552023
26.686756	2.627020	157.422974	0	0	-0.92106097	0.38941839
26.709286	2.637635	157.446655	0	0	-0.92106097	0.38941839
26.838371	2.637074	158.189941	0	-0	-1	-4.371139e-08
26.960505	2.567226	159.579330	0	0	-0.82533563	0.56464246
-0.730161	24.141172	178.701035	0	0	-0.45359611	0.89120736
30.028997	3.837071	164.546036	0	-0	-1	-4.371139e-08
26.510612	1.380820	168.752090	0	0	-0.99500417	0.099833397
-12.497904	15.866722	159.109375	0	0	-0.62160997	0.7833269
-12.495727	15.858595	159.069504	0	0	-0.62160997	0.7833269
-12.500331	15.875780	159.149857	0	0	-0.62160997	0.7833269
-12.493808	15.851436	159.030106	0	0	-0.62160997	0.7833269
-12.503080	15.886041	159.191208	0	0	-0.62160997	0.7833269
-12.492120	15.845135	158.991013	0	0	-0.62160997	0.7833269
-12.506165	15.897551	159.233200	0	0	-0.62160997	0.7833269
-12.509933	15.911611	159.277008	0	0	-0.62160997	0.7833269
-12.515207	15.931298	159.320145	0	0	-0.62160997	0.7833269
-12.521294	15.954015	159.380005	0	0	-0.62160997	0.7833269
-12.493746	15.851202	159.498428	0	0	-0.62160997	0.7833269
-12.493844	15.851569	159.521744	0	0	-0.54030229	0.84147099
-12.254937	14.959956	160.184494	0	0	-0.62160997	0.7833269
-13.213111	18.535910	161.918182	0	0	-0.69670669	0.71735611
-13.690814	20.318722	167.012894	0	0	-0.62160997	0.7833269
24.850780	23.442423	187.610855	0	0	0.97095818	0.23924928
13.586989	29.945576	188.748749	0	0	0.99913515	0.041580682
-12.932927	17.490248	171.086136	0	0	-0.54030229	0.84147099
26.163107	0.375052	176.721909	0	0	0.90407214	0.42737988
1.680007	33.136044	188.748749	0	0	-0.36235775	0.93203909
-11.807311	13.289394	178.660172	0	0	-0.69670669	0.71735611
-17.186916	7.509356	158.065643	0	0	-0.45359611	0.89120736
-17.184374	7.506815	158.025955	0	0	-0.45359611	0.89120736
-17.189497	7.511939	158.105957	0	0	-0.45359611	0.89120736
-17.181862	7.504303	157.986755	0	0	-0.45359611	0.89120736
-17.192137	7.514577	158.147156	0	0	-0.45359611	0.89120736
-17.179373	7.501813	157.947876	0	0	-0.45359611	0.89120736
-17.194817	7.517258	158.189026	0	0	-0.45359611	0.89120736
-17.197613	7.520053	158.232666	0	0	-0.45359611	0.89120736
-17.200417	7.522857	158.276428	0	0	-0.45359611	0.89120736
-17.204218	7.526659	158.335815	0	0	-0.45359611	0.89120736
-17.211411	7.533852	158.448120	0	0	-0.45359611	0.89120736
-17.212820	7.535261	158.470123	0	0	-0.45359611	0.89120736
-17.249279	7.571720	159.039368	0	0	-0.45359611	0.89120736
-17.380501	7.702942	161.088242	0	0	-0.45359611	0.89120736
-17.704956	8.027397	166.154205	0	0	-0.45359611	0.89120736
29.936396	1.627575	185.887985	0	0	0.90407214	0.42737988
-17.959593	8.282035	170.130035	0	0	-0.45359611	0.89120736
14.774527	-15.131663	155.758026	0	-0	-1	-4.371139e-08
14.765758	-15.128286	155.719437	0	-0	-1	-4.371139e-08
14.784204	-15.135084	155.797134	0	-0	-1	-4.371139e-08
14.757998	-15.124939	155.681168	0	-0	-1	-4.371139e-08
14.795421	-15.138569	155.836960	0	-0	-1	-4.371139e-08
14.751113	-15.121611	155.643127	0	-0	-1	-4.371139e-08
14.807559	-15.142096	155.877274	0	-0	-1	-4.371139e-08
14.824059	-15.145752	155.919052	0	-0	-1	-4.371139e-08
14.831981	-15.149322	155.959854	0	-0	-1	-4.371139e-08
14.865201	-15.154266	156.016373	0	-0	-1	-4.371139e-08
14.825473	-15.165466	156.144394	0	-0	-1	-4.371139e-08
14.850096	-15.167437	156.166916	0	0	-0.99500417	0.099833397
15.439419	-15.231039	156.893906	0	0	0.98999249	0.14112005
13.593919	-15.356208	158.324585	0	0	-0.98006658	0.19866933
15.930828	-15.779280	163.160324	0	0	0.98999249	0.14112005
13.171466	-16.161579	167.530029	0	0	0.98999249	0.14112005
-18.418106	8.740546	177.289124	0	0	-0.45359611	0.89120736
-14.270261	22.481249	188.748749	0	0	-0.26749883	0.96355818
-21.172781	1.649005	156.468994	0	0	-0.16996714	0.98544973
-21.169365	1.648090	156.429962	0	0	-0.16996714	0.98544973
-21.176245	1.649934	156.508591	0	0	-0.16996714	0.98544973
-21.165985	1.647184	156.391327	0	0	-0.16996714	0.98544973
-21.179777	1.650880	156.548965	0	0	-0.16996714	0.98544973
-21.162628	1.646285	156.352951	0	0	-0.16996714	0.98544973
-21.183361	1.651840	156.589920	0	0	-0.16996714	0.98544973
-21.187077	1.652836	156.632401	0	0	-0.16996714	0.98544973
-21.190807	1.653835	156.675049	0	0	-0.16996714	0.98544973
-21.195818	1.655178	156.732300	0	0	-0.16996714	0.98544973
-21.206150	1.657946	156.850403	0	0	-0.16996714	0.98544973
-21.208000	1.658442	156.871552	0	0	-0.16996714	0.98544973
-21.259415	1.672219	157.459229	0	0	-0.16996714	0.98544973
-21.430660	1.718104	159.416565	0	0	-0.16996714	0.98544973
-21.860182	1.833194	164.326019	0	0	-0.16996714	0.98544973
14.852355	-16.857063	175.479446	0	0	-0.99500417	0.099833397
-22.226923	1.931462	168.517883	0	0	-0.16996714	0.98544973
-8.181126	-16.586006	155.092651	0	0	0.80114363	0.59847213
-8.181235	-16.582067	155.054306	0	0	0.80114363	0.59847213
-8.180892	-16.590063	155.131485	0	0	0.80114363	0.59847213
-8.181168	-16.578264	155.016266	0	0	0.80114363	0.59847213
-8.180271	-16.594412	155.170990	0	0	0.80114363	0.59847213
-8.180953	-16.574566	154.978424	0	0	0.80114363	0.59847213
-8.179666	-16.598799	155.210953	0	0	0.80114363	0.59847213
-8.177537	-16.604200	155.252243	0	0	0.80114363	0.59847213
-8.183434	-16.604910	155.292969	0	0	0.80114363	0.59847213
-8.175342	-16.615185	155.348434	0	0	0.80114363	0.59847213
-8.158426	-16.637917	155.476776	0	0	0.80114363	0.59847213
-8.143929	-16.648462	155.498306	0	0	0.80114363	0.59847213
-7.386790	-17.155516	156.190430	0	0	0.85688874	0.51550139
-10.284184	-15.639254	157.740067	0	0	0.73739371	0.67546319
-22.865765	2.102639	175.819885	0	0	-0.16996714	0.98544973
-21.355606	-5.607913	155.273666	0	0	0.029199523	0.9995736
-21.352236	-5.607011	155.235153	0	0	0.029199523	0.9995736
-21.359020	-5.608829	155.312683	0	0	0.029199523	0.9995736
-21.348896	-5.606115	155.196960	0	0	0.029199523	0.9995736
-21.362495	-5.609760	155.352417	0	0	0.029199523	0.9995736
-21.345573	-5.605226	155.158997	0	0	0.029199523	0.9995736
-21.366014	-5.610703	155.392639	0	0	0.029199523	0.9995736
-21.369652	-5.611677	155.434204	0	0	0.029199523	0.9995736
-21.373289	-5.612652	155.475769	0	0	0.029199523	0.9995736
-21.378162	-5.613958	155.531494	0	0	0.029199523	0.9995736
-21.388987	-5.616858	155.655212	0	0	0.029199523	0.9995736
-21.390808	-5.617346	155.676025	0	0	0.029199523	0.9995736
-21.445469	-5.631992	156.300797	0	0	0.029199523	0.9995736
-21.603132	-5.674238	158.102905	0	0	0.029199523	0.9995736
-19.102139	9.424579	187.969437	0	0	-0.45359611	0.89120736
-9.838437	-16.377859	162.503845	0	0	0.73739371	0.67546319
-22.022331	-5.786562	162.894379	0	0	0.029199523	0.9995736
-10.469575	-16.462584	166.949493	0	0	0.73739371	0.67546319
-17.552568	-11.784929	154.799942	0	0	0.50484609	0.86320938
-17.550116	-11.782477	154.761658	0	0	0.50484609	0.86320938
-17.555050	-11.787412	154.838699	0	0	0.50484609	0.86320938
-17.547684	-11.780046	154.723679	0	0	0.50484609	0.86320938
-17.557575	-11.789936	154.878113	0	0	0.50484609	0.86320938
-17.545263	-11.777626	154.685898	0	0	0.50484609	0.86320938
-17.560129	-11.792490	154.917999	0	0	0.50484609	0.86320938
-17.562765	-11.795127	154.959167	0	0	0.50484609	0.86320938
-17.565380	-11.797741	154.999985	0	0	0.50484609	0.86320938
-17.568913	-11.801273	155.055130	0	0	0.50484609	0.86320938
-17.577087	-11.809449	155.182785	0	0	0.50484609	0.86320938
-17.578440	-11.810802	155.203903	0	0	0.50484609	0.86320938
-17.621389	-11.853751	155.874496	0	0	0.32328956	0.94630009
-17.725449	-11.957810	157.499252	0	0	0.50484609	0.86320938
-22.404415	-5.888941	167.261612	0	0	0.029199523	0.9995736
13.586989	-17.653641	184.584366	0	0	-0.99500417	0.099833397
-18.029261	-12.261621	162.242889	0	0	0.32328956	0.94630009
-18.314581	-12.546944	166.697830	0	0	0.32328956	0.94630009
-7.594353	-18.912987	174.773361	0	0	0.85688874	0.51550139
-23.061644	-6.065045	174.773758	0	0	0.22720209	0.97384763
-23.767580	2.344280	186.127701	0	0	-0.16996714	0.98544973
-18.809866	-13.042227	174.431061	0	0	0.50484609	0.86320938
-11.857103	-17.385141	184.011383	0	0	0.66627604	0.74570519
-23.922857	-6.295806	184.617477	0	0	0.029199523	0.9995736
-19.412693	-13.645054	183.843445	0	0	0.32328956	0.94630009
20.908451	26.676090	227.387115	0	0	-0.62160997	0.7833269
26.798334	20.786207	227.387115	0	0	-0.69670669	0.71735611
27.198177	20.555357	227.346725	0	0	-0.69670669	0.71735611
0.275157	27.893070	227.387115	0	0	-0.45359611	0.89120736
-12.934506	17.496143	226.743530	0	0	-0.54030229	0.84147099
37.611366	2.057485	225.495087	0	0	0.90407214	0.42737988
-21.465624	11.788065	224.872299	0	0	-0.36235775	0.93203909
-27.001560	3.210822	223.092255	0	0	-0.16996714	0.98544973
26.798334	-21.077957	223.724487	0	0	0.73739371	0.67546319
-27.194101	-7.172334	222.007980	0	0	0.029199523	0.9995736
-21.850708	-16.083071	221.910004	0	0	0.32328956	0.94630009
-1.078272	-27.497492	222.509354	0	0	0.50484609	0.86320938
-1.925524	19.680016	244.772064	0	0	-0.69670669	0.71735611
-13.329454	18.970112	243.591064	0	0	-0.54030229	0.84147099
8.384831	14.152471	247.760880	0	0	-0.87758258	0.4794255
14.208368	3.921425	251.756653	0	0	-0.98006658	0.19866933
-33.885509	6.569392	244.194092	0	0	0.1288445	0.99166481
37.824078	-14.159155	253.428024	0	0	0.99913515	0.041580682
47.021858	-56.699417	253.428024	0	0	0.99913515	0.041580682
-55.384289	-41.954300	245.924942	0	0	0.80114363	0.59847213
18.886637	-84.834641	253.428024	0	0	0.99913515	0.041580682
15.739978	-86.651367	253.110138	0	0	0.99913515	0.041580682
-29.572084	-84.834641	249.188431	0	0	0.94222235	0.33498812
