-36.661972	6.223641	2.210453	0	0	-0.99500417	0.099833397
-36.565338	6.351548	2.156691	0	0	-0.87758258	0.4794255
-36.764454	6.090523	2.270318	0	0	-0.87758258	0.4794255
-36.475182	6.475163	2.108035	0	0	-0.99500417	0.099833397
-36.884487	5.953948	2.340148	0	0	-0.99500417	0.099833397
-37.043522	6.605193	2.210453	0	0	-0.99500417	0.099833397
-36.931252	6.717462	2.156691	0	0	-0.87758258	0.4794255
-37.161324	6.487391	2.270318	0	0	-0.87758258	0.4794255
-37.013790	5.807159	2.420982	0	0	-0.99500417	0.099833397
-36.824368	6.824348	2.108035	0	0	-0.99500417	0.099833397
-37.289627	6.359088	2.340148	0	0	-0.99500417	0.099833397
-37.427673	6.221042	2.420982	0	0	-0.98006658	0.19866933
-37.156479	5.644757	2.516833	0	0	-0.87758258	0.4794255
-37.580219	6.068496	2.516833	0	0	-0.87758258	0.4794255
-37.309906	5.465682	2.628844	0	0	-0.99500417	0.099833397
-37.746468	5.902246	2.628844	0	0	-0.98006658	0.19866933
-37.476364	5.270112	2.760943	0	0	-0.99500417	0.099833397
-37.927483	5.721231	2.760943	0	0	-0.98006658	0.19866933
-37.657681	5.034029	2.919957	0	0	-0.99500417	0.099833397
-38.136185	5.512532	2.919957	0	0	-0.76484218	0.64421769
-37.860561	4.803217	3.111282	0	0	-0.92106097	0.38941839
-38.353031	5.295685	3.111282	0	0	-0.92106097	0.38941839
-38.077847	4.326482	3.365103	0	0	-0.87758258	0.4794255
-38.700039	4.948674	3.365103	0	0	-0.87758258	0.4794255
-34.903446	5.208355	4.410915	0	0	-0.99500417	0.099833397
-34.823902	5.346128	4.410915	0	0	-0.87758258	0.4794255
-34.986706	5.064140	4.410915	0	0	-0.87758258	0.4794255
-34.747833	5.477879	4.410915	0	0	-0.99500417	0.099833397
-35.075855	4.909733	4.410915	0	0	-0.99500417	0.099833397
-35.171741	4.743651	4.410915	0	0	-0.99500417	0.099833397
-35.277737	4.560064	4.410915	0	0	-0.87758258	0.4794255
-38.344593	4.078193	3.671812	0	0	-0.99500417	0.099833397
-38.957558	4.691157	3.671812	0	0	-0.98006658	0.19866933
-35.393635	4.359322	4.410915	0	0	-0.99500417	0.099833397
-35.519932	4.140566	4.410915	0	0	-0.99500417	0.099833397
-35.667488	3.884992	4.410915	0	0	-0.99500417	0.099833397
-35.818153	3.624032	4.410915	0	0	-0.92106097	0.38941839
-36.078907	3.172393	4.410915	0	0	-0.87758258	0.4794255
-39.438736	4.209979	4.078135	0	0	-0.87758258	0.4794255
-38.628464	3.399707	4.078135	0	0	-0.87758258	0.4794255
-36.253105	2.870672	4.410915	0	0	-0.99500417	0.099833397
-38.998119	3.142704	4.560463	0	0	-0.99500417	0.099833397
-39.752068	3.896649	4.560463	0	0	-0.98006658	0.19866933
-36.617867	2.238888	4.410915	0	0	-0.87758258	0.4794255
-36.821568	1.886070	4.410915	0	0	-0.99500417	0.099833397
-39.416988	2.949822	5.175096	0	0	-0.87758258	0.4794255
-40.057941	3.590774	5.175096	0	0	-0.87758258	0.4794255
-36.970631	1.537416	4.927957	0	0	-0.87758258	0.4794255
-40.001087	2.597807	5.876343	0	0	-0.99500417	0.099833397
-40.525997	3.122717	5.876343	0	0	-0.98006658	0.19866933
-37.218521	0.991292	5.595239	0	0	-0.99500417	0.099833397
-36.712318	1.650986	6.835844	0	0	-0.92106097	0.38941839
-40.231396	3.682726	7.191352	0	0	-0.92106097	0.38941839
-38.220448	-0.689693	5.284366	0	0	-0.99500417	0.099833397
-41.900860	1.435196	5.656173	0	0	-0.98006658	0.19866933
-42.057190	1.591525	5.656173	0	0	-0.98006658	0.19866933
-37.903030	-0.352757	6.500785	0	-0	-1	-4.371139e-08
-42.075314	2.056113	6.922282	0	0	-0.98006658	0.19866933
-38.255768	-0.955281	6.452570	0	-0	-1	-4.371139e-08
-42.541103	1.518858	6.885488	0	0	-0.98006658	0.19866933
-38.594723	-1.532712	6.397370	0	0	-0.87758258	0.4794255
-43.107811	1.072922	6.853297	0	0	-0.98006658	0.19866933
-35.035839	-3.343006	5.646896	0	0	0	1
-37.152676	6.496041	-8.126784	0	0	-0.87758258	0.4794255
-39.382347	-2.896999	6.397846	0	0	-0.87758258	0.4794255
-43.982605	-0.333890	-1.593947	0	0	-0.76484218	0.64421769
-40.027496	-3.666763	4.410915	0	0	-0.82533563	0.56464246
-43.705227	-0.401184	6.834558	0	0	-0.87758258	0.4794255
-43.877563	-0.228848	6.834558	0	0	-0.87758258	0.4794255
-39.827564	-3.576830	5.876011	0	0	0	1
-39.751442	-3.542588	6.433843	0	0	0	1
-39.671753	-3.506742	7.017813	0	-0	-1	-4.371139e-08
-31.014740	-3.497459	-0.995123	0	0	-0.82533563	0.56464246
-44.580452	-1.561863	6.971240	0	0	-0.82533563	0.56464246
-44.895515	-1.246800	6.971240	0	0	-0.82533563	0.56464246
-44.818130	-2.001366	6.460331	0	0	-0.82533563	0.56464246
-45.234108	-1.585392	6.460331	0	0	-0.76484218	0.64421769
-39.323399	-3.350046	9.570535	0	0	0.99913515	0.041580682
-43.955452	-3.946264	2.983371	0	0	-0.95533648	0.29552023
-38.098164	-1.640815	11.930480	0	0	0.99913515	0.041580682
-32.694084	-3.796184	-4.901924	0	0	0	1
-26.927954	-2.993484	4.410916	0	0	0	1
-47.113110	-3.464393	2.060500	0	0	-0.92106097	0.38941839
-45.473671	-3.761048	7.825171	0	0	-0.76484218	0.64421769
-46.520229	-2.871516	7.834171	0	0	-0.76484218	0.64421769
-44.180702	-3.557541	10.345901	0	0	0	1
-26.030468	-2.782197	7.448601	0	0	0	1
-47.596264	-3.947550	6.401456	0	0	-0.92106097	0.38941839
-51.818802	10.284902	2.210453	0	0	-0.87758258	0.4794255
-51.780350	10.428398	2.156691	0	0	-0.76484218	0.64421769
-51.858944	10.135079	2.270318	0	0	-0.76484218	0.64421769
-51.743408	10.566272	2.108035	0	0	-0.87758258	0.4794255
-51.901131	9.977645	2.340148	0	0	-0.87758258	0.4794255
-51.946487	9.808364	2.420982	0	0	-0.87758258	0.4794255
-51.996647	9.621168	2.516833	0	0	-0.76484218	0.64421769
-52.051693	9.415732	2.628844	0	0	-0.87758258	0.4794255
-52.111736	9.191648	2.760943	0	0	-0.87758258	0.4794255
-45.354465	-2.836283	11.723044	0	0	0	1
-52.182903	8.926051	2.919957	0	0	-0.87758258	0.4794255
-52.254196	8.659980	3.111282	0	0	-0.76484218	0.64421769
-52.387936	8.160859	3.365103	0	0	-0.76484218	0.64421769
-52.467876	7.862515	3.671812	0	0	-0.87758258	0.4794255
-52.656513	7.158512	4.078135	0	0	-0.76484218	0.64421769
-52.745529	6.826311	4.560463	0	0	-0.87758258	0.4794255
-52.821808	6.541632	5.175096	0	0	-0.76484218	0.64421769
-46.477402	-2.828685	11.988002	0	0	0	1
-52.948936	6.067173	5.876343	0	0	-0.87758258	0.4794255
-46.936081	-3.287366	11.383989	0	0	-0.98006658	0.19866933
-45.072021	-0.701855	14.951410	0	0	-0.99500417	0.099833397
-52.693134	7.021840	7.191352	0	0	-0.69670669	0.71735611
-45.256363	-0.713402	14.975173	0	0	-0.99500417	0.099833397
-53.366852	4.507499	5.656173	0	0	-0.87758258	0.4794255
-53.223309	5.043209	6.922282	0	0	-0.87758258	0.4794255
-53.388824	4.425496	6.885488	0	0	-0.87758258	0.4794255
-53.538269	3.867754	6.853297	0	0	-0.87758258	0.4794255
-53.868786	2.634252	7.100880	0	0	-0.87758258	0.4794255
-53.946815	2.343042	6.834558	0	0	-0.76484218	0.64421769
-54.295616	1.041307	6.971240	0	0	-0.76484218	0.64421769
-54.421413	0.571825	6.460331	0	0	-0.76484218	0.64421769
-54.728008	-0.572404	-0.674642	0	0	-0.76484218	0.64421769
-48.508877	22.637705	5.706760	0	0	-0.69670669	0.71735611
-54.946060	-1.386184	7.834171	0	0	-0.82533563	0.56464246
-55.405548	-3.101022	2.060500	0	0	-0.76484218	0.64421769
-55.408848	-3.113330	1.104533	0	0	-0.76484218	0.64421769
-22.336079	21.312635	7.100880	0	0	-0.98006658	0.19866933
-55.750366	-4.387904	6.010491	0	0	0	1
-48.941658	21.022545	15.670925	0	0	-0.87758258	0.4794255
-55.659260	-4.047884	12.178208	0	0	0	1
-55.398647	-3.075268	13.619563	0	0	0	1
-54.817444	-0.906186	16.834003	0	0	-0.62160997	0.7833269
-27.793266	15.855449	22.989025	0	0	-0.95533648	0.29552023
-16.241518	-3.117813	-7.977948	0	0	0	1
-12.001532	-2.493966	-0.511975	0	0	0	1
-62.393158	-0.671009	2.210453	0	0	-0.69670669	0.71735611
-62.418659	-0.575829	2.156691	0	0	-0.62160997	0.7833269
-62.366741	-0.769590	2.270318	0	0	-0.62160997	0.7833269
-62.443523	-0.483034	2.108035	0	0	-0.69670669	0.71735611
-62.340637	-0.867007	2.340148	0	0	-0.69670669	0.71735611
-62.312603	-0.971637	2.420982	0	0	-0.69670669	0.71735611
-62.281563	-1.087489	2.516833	0	0	-0.62160997	0.7833269
-62.247070	-1.216211	2.628844	0	0	-0.69670669	0.71735611
-62.209328	-1.357066	2.760943	0	0	-0.69670669	0.71735611
-62.162453	-1.532005	2.919957	0	0	-0.69670669	0.71735611
-62.118340	-1.696635	3.111282	0	0	-0.62160997	0.7833269
-62.013714	-2.087114	3.365103	0	0	-0.62160997	0.7833269
-53.373497	4.482691	22.989025	0	0	-0.87758258	0.4794255
-61.969509	-2.252084	3.671812	0	0	-0.69670669	0.71735611
-61.818901	-2.814153	4.078135	0	0	-0.62160997	0.7833269
-61.779415	-2.961525	4.560463	0	0	-0.69670669	0.71735611
-61.759254	-3.036770	5.175096	0	0	-0.62160997	0.7833269
-61.259449	-4.902063	1.761667	0	0	0	1
-61.710377	-3.219179	5.876343	0	0	-0.69670669	0.71735611
-61.546986	-3.828967	5.656173	0	0	-0.69670669	0.71735611
-61.309776	-4.714238	5.263819	0	0	0	1
-61.997032	-2.149359	7.191352	0	0	-0.62160997	0.7833269
-61.310909	-4.710011	5.342626	0	0	0	1
-61.311966	-4.706062	5.416261	0	0	0	1
-61.713898	-3.206031	6.922282	0	0	-0.69670669	0.71735611
-61.610786	-3.590849	6.885488	0	0	-0.69670669	0.71735611
-61.537266	-3.865236	6.853297	0	0	-0.69670669	0.71735611
-61.325607	-4.655157	6.365438	0	0	0	1
-61.207897	-5.094462	-1.825777	0	0	0	1
-61.331970	-4.631415	6.808125	0	0	-0.62160997	0.7833269
-61.333214	-4.626763	6.894870	0	0	-0.62160997	0.7833269
-61.343945	-4.586726	7.641390	0	0	-0.69670669	0.71735611
-50.184021	16.385983	24.370443	0	0	-0.82533563	0.56464246
-63.144718	2.133852	10.262436	0	0	-0.69670669	0.71735611
-63.382454	3.021096	10.994614	0	0	-0.54030229	0.84147099
-47.360569	26.923256	19.227407	0	0	-0.82533563	0.56464246
-61.419380	-4.305198	12.890725	0	0	0	1
-61.498894	-4.008447	13.542144	0	0	0	1
-61.505142	-3.985119	13.593352	0	0	0	1
-61.588501	-3.674017	14.091982	0	0	-0.76484218	0.64421769
-18.143318	25.505398	15.670925	0	0	-0.99500417	0.099833397
-61.937622	-2.371081	16.180315	0	0	-0.62160997	0.7833269
-62.096951	-1.776467	17.133356	0	0	-0.76484218	0.64421769
-62.154179	-1.562884	17.475685	0	0	-0.69670669	0.71735611
-62.461456	-0.416117	19.313711	0	0	-0.69670669	0.71735611
-64.405945	6.840817	17.535820	0	0	-0.62160997	0.7833269
-20.575788	23.072926	24.370443	0	0	-0.76484218	0.64421769
-45.452583	34.043953	18.868536	0	0	-0.82533563	0.56464246
-68.207756	-5.291104	1.174608	0	0	0	1
-68.205078	-5.293786	1.122740	0	0	0	1
-68.210754	-5.288106	1.232578	0	0	0	1
-68.202660	-5.296200	1.076064	0	0	0	1
-68.214302	-5.284558	1.301186	0	0	0	1
-68.218414	-5.280447	1.380691	0	0	0	1
-68.223289	-5.275569	1.475018	0	0	0	1
-68.188568	-5.310294	0.803521	0	0	0	1
-68.228989	-5.269876	1.585114	0	0	0	1
-68.235703	-5.263159	1.715013	0	0	0	1
-68.243736	-5.255125	1.870364	0	0	-0.54030229	0.84147099
-68.253502	-5.245358	2.059234	0	0	0	1
-68.260239	-5.238621	2.189516	0	0	-0.62160997	0.7833269
-68.264198	-5.234662	2.266084	0	0	-0.62160997	0.7833269
-68.265869	-5.232993	2.298359	0	0	-0.54030229	0.84147099
-68.281693	-5.217167	2.604386	0	0	-0.62160997	0.7833269
-68.301544	-5.197317	2.988250	0	0	0	1
-68.326653	-5.172208	3.473807	0	0	0	1
-68.348274	-5.150589	3.891870	0	0	0	1
-4.894611	4.634380	14.121187	0	0	0	1
-67.906746	-5.592113	-4.646280	0	0	0	1
-12.779937	30.868778	5.706760	0	0	-0.82533563	0.56464246
-43.959034	39.617950	10.262436	0	0	-0.82533563	0.56464246
-71.490402	-2.008460	8.493149	0	0	0	1
-45.651527	33.301476	25.000433	0	0	-0.76484218	0.64421769
-71.954201	-1.544659	9.172331	0	0	-0.62160997	0.7833269
-43.483231	41.393681	10.994614	0	0	-0.76484218	0.64421769
-0.746651	8.108731	15.670925	0	0	-0.82533563	0.56464246
-1.496936	9.208826	20.410414	0	0	0	1
-43.137604	42.683567	17.535820	0	0	-0.82533563	0.56464246
-11.366667	32.282047	19.227407	0	0	-0.98006658	0.19866933
-64.783241	8.248904	33.201912	0	0	-0.76484218	0.64421769
-79.161690	5.662830	19.726852	0	0	-0.36235775	0.93203909
9.606229	3.343707	7.100880	0	0	-0.99500417	0.099833397
11.541618	6.547223	5.706760	0	0	0.99913515	0.041580682
-4.740566	38.908150	18.868536	0	0	-0.95533648	0.29552023
9.128260	11.787121	19.227407	0	0	-0.76484218	0.64421769
-1.904006	41.744709	10.262436	0	0	-0.92106097	0.38941839
13.152688	-1.108367	1.193842	0	0	-0.99500417	0.099833397
-83.619064	10.120200	-19.675127	0	0	-0.54030229	0.84147099
-1.462697	42.186016	17.535820	0	0	-0.95533648	0.29552023
-0.301980	43.346733	10.994614	0	0	-0.87758258	0.4794255
-41.787594	47.721870	36.478027	0	0	-0.76484218	0.64421769
-1.820869	41.827847	25.000433	0	0	-0.76484218	0.64421769
13.111710	27.611610	17.535820	0	-0	-1	-4.371139e-08
16.394405	23.446297	10.262436	0	0	0.97095818	0.23924928
17.261908	21.943741	10.110643	0	0	0.97095818	0.23924928
16.805683	17.361900	18.868536	0	0	-0.76484218	0.64421769
16.899338	21.051249	16.873070	0	0	-0.99500417	0.099833397
18.171375	24.873379	10.994614	0	0	-0.87758258	0.4794255
-67.650856	18.950985	50.355095	0	0	-0.69670669	0.71735611
19.243046	23.017193	10.807096	0	0	-0.87758258	0.4794255
-75.036644	46.515129	38.033634	0	0	-0.54030229	0.84147099
25.661736	15.558452	24.079134	0	0	0.94222235	0.33498812
7.481270	51.129986	36.478027	0	0	-0.62160997	0.7833269
-39.045128	57.956898	55.830570	0	0	-0.87758258	0.4794255
30.170494	28.440760	36.478027	0	0	0.97095818	0.23924928
30.904446	27.169519	36.349602	0	0	0.97095818	0.23924928
-112.533234	-0.466685	-28.682039	0	0	0	1
-79.308235	62.456928	50.915417	0	0	-0.54030229	0.84147099
44.479317	38.233524	4.410915	0	0	0.99913515	0.041580682
15.031997	58.680710	55.830570	0	0	-0.98006658	0.19866933
35.814342	37.898365	55.830570	0	0	-0.87758258	0.4794255
43.195374	33.161880	47.275898	0	0	0	1
-128.193069	3.729355	-33.981457	0	0	0	1
-26.870234	103.394218	38.033634	0	0	-0.76484218	0.64421769
72.541054	51.345112	34.996609	0	0	-0.92106097	0.38941839
-91.395241	107.566246	-40.157505	0	0	-0.69670669	0.71735611
46.471710	90.120422	38.033634	0	0	-0.98006658	0.19866933
55.184383	81.407753	38.033634	0	0	-0.99500417	0.099833397
-21.837820	122.175446	50.915417	0	0	-0.87758258	0.4794255
85.366501	57.574860	46.627899	0	0	-0.87758258	0.4794255
58.615143	102.263855	50.915417	0	-0	-1	-4.371139e-08
60.863235	100.015762	50.915417	0	-0	-1	-4.371139e-08
120.251472	81.980598	4.410915	0	0	-0.76484218	0.64421769
-7.307102	176.404816	-40.157505	0	0	-0.87758258	0.4794255
57.303986	164.916306	4.410916	0	0	-0.62160997	0.7833269
90.197601	146.845947	-21.862188	0	0	-0.82533563	0.56464246
79.103363	153.251205	-40.157505	0	0	-0.87758258	0.4794255
-192.253281	118.754425	-14.512013	0	0	0.029199523	0.9995736
-45.994194	239.364182	4.410914	0	0	-0.36235775	0.93203909
-71.643524	239.364182	-14.512013	0	0	-0.36235775	0.93203909
-123.021614	225.597458	-14.512013	0	0	-0.26749883	0.96355818
