-55.990025	-27.272282	-3.006953	0	0	0.58850112	0.8084964
-55.949860	-27.237459	-3.005115	0	0	-0.36235775	0.93203909
-56.029953	-27.307585	-3.008673	0	0	-0.36235775	0.93203909
-55.909424	-27.203236	-3.003058	0	0	0.58850112	0.8084964
-56.069672	-27.343267	-3.010357	0	0	0.58850112	0.8084964
-55.868668	-27.169737	-3.000665	0	0	0.58850112	0.8084964
-55.827526	-27.137102	-2.997797	0	0	-0.36235775	0.93203909
-55.785927	-27.105473	-2.994299	0	0	0.58850112	0.8084964
-55.743782	-27.075001	-2.989997	0	0	0.58850112	0.8084964
-55.701000	-27.045851	-2.984700	0	0	0.58850112	0.8084964
-55.657471	-27.018196	-2.978204	0	0	-0.36235775	0.93203909
-55.613083	-26.992216	-2.970289	0	0	-0.36235775	0.93203909
-55.567699	-26.968092	-2.960729	0	0	0.58850112	0.8084964
-55.521168	-26.946009	-2.949287	0	0	-0.36235775	0.93203909
-55.473297	-26.926147	-2.935730	0	0	0.58850112	0.8084964
-55.423855	-26.908682	-2.919840	0	0	-0.36235775	0.93203909
-55.372528	-26.893764	-2.901416	0	0	0.58850112	0.8084964
-55.318935	-26.881557	-2.880375	0	0	-0.36235775	0.93203909
-55.262486	-26.872082	-2.856555	0	0	0.58850112	0.8084964
-55.202579	-26.865652	-2.830386	0	0	0.58850112	0.8084964
-55.137943	-26.861313	-2.801127	0	0	0.58850112	0.8084964
-55.068050	-26.862036	-2.770921	0	0	0.58850112	0.8084964
-55.721481	-28.274498	-3.006953	0	0	-0.070737201	0.99749499
-55.767559	-28.286844	-3.008673	0	0	0.22720209	0.97384763
-55.675301	-28.262125	-3.005115	0	0	0.22720209	0.97384763
-55.813538	-28.299164	-3.010357	0	0	-0.070737201	0.99749499
-55.629017	-28.249723	-3.003058	0	0	-0.070737201	0.99749499
-55.582615	-28.237289	-3.000665	0	0	-0.070737201	0.99749499
-55.536072	-28.224817	-2.997797	0	0	0.22720209	0.97384763
-55.489353	-28.212299	-2.994299	0	0	-0.070737201	0.99749499
-55.442413	-28.199722	-2.989997	0	0	-0.070737201	0.99749499
-55.395210	-28.187075	-2.984700	0	0	-0.070737201	0.99749499
-55.347683	-28.174339	-2.978204	0	0	0.22720209	0.97384763
-54.992023	-26.858498	-2.737718	0	0	-0.36235775	0.93203909
-55.299774	-28.161501	-2.970289	0	0	0.22720209	0.97384763
-55.251400	-28.148540	-2.960729	0	0	-0.070737201	0.99749499
-55.202465	-28.135427	-2.949287	0	0	0.32328956	0.94630009
-54.911766	-26.880630	-2.695251	0	0	-0.36235775	0.93203909
-55.152836	-28.122129	-2.935730	0	0	-0.070737201	0.99749499
-54.864063	-26.952343	-2.747337	0	0	0.58850112	0.8084964
-55.102337	-28.108599	-2.919840	0	0	0.32328956	0.94630009
-55.050720	-28.094769	-2.901416	0	0	-0.070737201	0.99749499
-54.997665	-28.080553	-2.880375	0	0	0.32328956	0.94630009
-54.942627	-28.065805	-2.856555	0	0	-0.070737201	0.99749499
-54.885128	-28.050398	-2.830386	0	0	-0.070737201	0.99749499
-54.823738	-28.033949	-2.801127	0	0	-0.070737201	0.99749499
-54.758705	-28.016523	-2.770921	0	0	-0.070737201	0.99749499
-54.686886	-27.997280	-2.737718	0	0	0.32328956	0.94630009
-54.617538	-27.978697	-2.695251	0	0	0.32328956	0.94630009
-54.590961	-27.971577	-2.747337	0	0	-0.16996714	0.98544973
-55.971371	-26.659241	-1.503790	0	0	0.58850112	0.8084964
-54.740627	-27.042435	-1.986848	0	0	-0.36235775	0.93203909
-55.550816	-28.228769	-1.503790	0	0	0.58850112	0.8084964
-54.498314	-27.946753	-1.986848	0	0	-0.36235775	0.93203909
-54.686527	-25.983343	-1.919875	0	0	0.58850112	0.8084964
-54.183067	-27.862282	-1.919875	0	0	0.58850112	0.8084964
-51.739845	-26.652456	-3.507152	0	0	0.58850112	0.8084964
-51.601051	-27.170433	-3.507152	0	0	0.58850112	0.8084964
-51.768280	-24.944990	-0.930099	0	0	0.58850112	0.8084964
-55.184673	-28.130661	3.141537	0	0	-0.36235775	0.93203909
-49.644562	-27.418507	-5.020227	0	0	0.32328956	0.94630009
-49.934151	-27.683790	-5.991191	0	0	0	1
-49.275112	-26.547199	-2.137990	0	0	0.66627604	0.74570519
-48.781719	-26.628084	-2.127223	0	0	-0.36235775	0.93203909
-48.601124	-26.462645	-1.521703	0	0	0.66627604	0.74570519
-56.910286	-21.698318	3.150450	0	0	-0.54030229	0.84147099
-57.757122	-21.280373	4.592807	0	0	0	1
-48.828438	-34.433865	-3.006953	0	0	0.32328956	0.94630009
-48.790947	-34.396374	-3.005115	0	0	0.41614682	0.90929743
-48.866055	-34.471481	-3.008673	0	0	0.41614682	0.90929743
-48.753616	-34.359043	-3.003058	0	0	0.32328956	0.94630009
-48.903755	-34.509182	-3.010357	0	0	0.32328956	0.94630009
-48.716488	-34.321915	-3.000665	0	0	0.32328956	0.94630009
-48.679600	-34.285027	-2.997797	0	0	0.41614682	0.90929743
-48.642986	-34.248413	-2.994299	0	0	0.32328956	0.94630009
-48.606678	-34.212105	-2.989997	0	0	0.32328956	0.94630009
-48.570713	-34.176136	-2.984700	0	0	0.32328956	0.94630009
-48.535122	-34.140549	-2.978204	0	0	0.41614682	0.90929743
-48.499935	-34.105362	-2.970289	0	0	0.41614682	0.90929743
-48.465183	-34.070610	-2.960729	0	0	0.32328956	0.94630009
-48.430878	-34.036301	-2.949287	0	0	0.41614682	0.90929743
-48.397011	-34.002434	-2.935730	0	0	0.32328956	0.94630009
-48.363556	-33.968979	-2.919840	0	0	0.41614682	0.90929743
-48.330433	-33.935860	-2.901416	0	0	0.32328956	0.94630009
-48.297535	-33.902958	-2.880375	0	0	0.41614682	0.90929743
-48.264572	-33.869995	-2.856555	0	0	0.32328956	0.94630009
-48.231403	-33.836826	-2.830386	0	0	0.32328956	0.94630009
-48.196915	-33.802341	-2.801127	0	0	0.32328956	0.94630009
-48.162331	-33.767754	-2.770921	0	0	0.32328956	0.94630009
-48.122547	-33.727974	-2.737718	0	0	0.41614682	0.90929743
-48.105492	-33.710915	-2.747337	0	0	0.32328956	0.94630009
-48.093487	-33.698910	-2.695251	0	0	0.41614682	0.90929743
-48.088818	-33.694244	-1.986848	0	0	0.50484609	0.86320938
-48.512592	-34.118019	-1.503790	0	0	0.1288445	0.99166481
-47.532223	-33.137650	-1.919875	0	0	0.1288445	0.99166481
-47.401054	-25.363298	2.501987	0	0	0	1
-46.393436	-31.998863	-3.507152	0	0	0.1288445	0.99166481
-45.149448	-28.092728	-2.105798	0	0	0	1
-48.301956	-24.279583	4.324395	0	0	0	1
-45.104362	-28.835117	-3.942804	0	0	-0.16996714	0.98544973
-47.048992	-25.040785	3.682416	0	0	-0.45359611	0.89120736
-45.394264	-29.831921	-6.769907	0	0	0	1
-45.343113	-29.851950	-6.768091	0	0	0.58850112	0.8084964
-44.658806	-27.303099	0.402258	0	0	-0.16996714	0.98544973
-45.247440	-26.380363	2.137551	0	0	-0.26749883	0.96355818
-46.792038	-24.805397	4.543954	0	0	0	1
-45.588322	-30.499172	-8.662345	0	0	0	1
-46.492260	-32.097687	3.141537	0	0	0.22720209	0.97384763
-44.594448	-30.199873	-6.880475	0	0	0	1
-44.511227	-26.795664	1.841429	0	0	0.66627604	0.74570519
-43.400364	-29.005791	-2.137990	0	0	0.80114363	0.59847213
-43.331947	-28.937370	-2.378628	0	0	0	1
-45.273979	-25.475098	4.595805	0	0	0.41614682	0.90929743
-47.887360	-25.081741	8.068290	0	0	0	1
-60.995705	-20.937166	8.515668	0	0	0	1
-44.538971	-26.266224	5.141832	0	0	-0.16996714	0.98544973
-42.032398	-28.872280	-0.876427	0	0	0.80114363	0.59847213
-44.195381	-25.709654	4.921536	0	0	0	1
-42.193970	-27.799393	1.679186	0	0	0	1
-41.734097	-30.337240	-4.286028	0	0	0.029199523	0.9995736
-48.265129	-25.177052	9.283803	0	0	0	1
-42.140564	-33.890663	0.359939	0	0	0.029199523	0.9995736
-42.560452	-26.278997	5.159273	0	0	0	1
-42.578041	-28.267948	5.360317	0	0	0.029199523	0.9995736
-40.047752	-31.543999	-3.006953	0	0	0.58850112	0.8084964
-40.036358	-31.501469	-3.005115	0	0	0.58850112	0.8084964
-40.059254	-31.586920	-3.008673	0	0	0.58850112	0.8084964
-40.025093	-31.459429	-3.003058	0	0	0.58850112	0.8084964
-40.070835	-31.630142	-3.010357	0	0	0.58850112	0.8084964
-40.013988	-31.417986	-3.000665	0	0	0.58850112	0.8084964
-40.003075	-31.377251	-2.997797	0	0	0.58850112	0.8084964
-39.992378	-31.337341	-2.994299	0	0	0.58850112	0.8084964
-39.981937	-31.298374	-2.989997	0	0	0.58850112	0.8084964
-39.971783	-31.260481	-2.984700	0	0	0.58850112	0.8084964
-39.961956	-31.223799	-2.978204	0	0	0.58850112	0.8084964
-39.952488	-31.188459	-2.970289	0	0	0.58850112	0.8084964
-39.943417	-31.154606	-2.960729	0	0	0.58850112	0.8084964
-39.934776	-31.122370	-2.949287	0	0	0.58850112	0.8084964
-39.926605	-31.091871	-2.935730	0	0	0.58850112	0.8084964
-39.918926	-31.063213	-2.919840	0	0	0.58850112	0.8084964
-39.911758	-31.036465	-2.901416	0	0	0.58850112	0.8084964
-39.905117	-31.011679	-2.880375	0	0	0.58850112	0.8084964
-39.898968	-30.988724	-2.856555	0	0	0.58850112	0.8084964
-39.893349	-30.967749	-2.830386	0	0	0.58850112	0.8084964
-39.887932	-30.947540	-2.801127	0	0	0.58850112	0.8084964
-39.892342	-30.964003	-2.747337	0	0	0.58850112	0.8084964
-39.883430	-30.930742	-2.770921	0	0	0.58850112	0.8084964
-39.877453	-30.908434	-2.737718	0	0	0.58850112	0.8084964
-39.877609	-30.909019	-2.695251	0	0	0.58850112	0.8084964
-39.818657	-30.689003	-3.207690	0	0	0	1
-39.906597	-31.017200	-1.986848	0	0	0.66627604	0.74570519
-39.893242	-30.967361	-1.503790	0	0	0.50484609	0.86320938
-39.691372	-30.213964	-1.871586	0	0	0	1
-39.689079	-30.205408	-1.847519	0	0	0	1
-41.257290	-26.862717	5.019202	0	0	0.32328956	0.94630009
-39.551739	-29.692846	-0.405876	0	0	0	1
-45.027573	-26.304939	9.757079	0	0	0	1
-40.136559	-31.875433	-6.544672	0	0	0	1
-39.275894	-31.117296	-3.735807	0	0	0.22720209	0.97384763
-41.071884	-28.267948	5.492088	0	0	0.22720209	0.97384763
-39.745289	-28.265785	3.015358	0	0	0.80114363	0.59847213
-41.199314	-32.963562	-10.398623	0	0	0.85688874	0.51550139
-39.285061	-28.697592	2.393403	0	0	0	1
-39.153736	-28.207491	3.771875	0	0	0	1
-45.377052	-26.554934	11.787786	0	0	0	1
-43.015965	-27.061926	10.365808	0	0	0	1
-39.297344	-28.743435	5.492088	0	0	0.32328956	0.94630009
-38.971851	-27.528687	5.681095	0	0	0	1
-37.182877	-31.659033	-2.956717	0	0	0	1
-43.236603	-27.441154	12.887714	0	0	0	1
-40.763268	-27.829880	10.600842	0	0	0	1
-35.976143	-30.645424	0.856321	0	0	0	1
-35.974907	-30.650032	0.845904	0	0	0	1
-35.977364	-30.640863	0.866637	0	0	0.66627604	0.74570519
-35.973660	-30.654696	0.835357	0	0	0.66627604	0.74570519
-35.978580	-30.636330	0.876889	0	0	0.66627604	0.74570519
-35.979794	-30.631804	0.887121	0	0	0.66627604	0.74570519
-35.981010	-30.627262	0.897393	0	0	0.66627604	0.74570519
-35.982239	-30.622671	0.907773	0	0	0	1
-35.983490	-30.617996	0.918342	0	0	0	1
-35.984776	-30.613201	0.929187	0	0	0	1
-35.986107	-30.608240	0.940404	0	0	0.66627604	0.74570519
-35.987492	-30.603069	0.952097	0	0	0	1
-35.988945	-30.597639	0.964375	0	0	0	1
-35.990482	-30.591902	0.977349	0	0	0	1
-35.992115	-30.585808	0.991129	0	0	0	1
-35.993855	-30.579317	1.005807	0	0	0	1
-35.995712	-30.572393	1.021464	0	0	0.58850112	0.8084964
-35.997681	-30.565048	1.038072	0	0	0	1
-35.999767	-30.557253	1.055698	0	0	0	1
-36.001915	-30.549242	1.073815	0	0	0.58850112	0.8084964
-36.002365	-30.547560	1.077617	0	0	0	1
-36.004219	-30.540644	1.093258	0	0	0.58850112	0.8084964
-36.006336	-30.532745	1.111119	0	0	0.58850112	0.8084964
-36.008858	-30.523327	1.132414	0	0	0	1
-36.011127	-30.514856	1.151568	0	0	0	1
-35.904659	-30.912209	0.253053	0	0	0	1
-35.903038	-30.918247	0.239399	0	0	0	1
-36.071529	-30.289440	1.661293	0	0	0.66627604	0.74570519
-36.123344	-30.096066	2.098563	0	0	0.50484609	0.86320938
-36.149738	-29.997562	2.321303	0	0	0.50484609	0.86320938
-36.231411	-29.692747	3.010566	0	0	0	1
-36.394047	-29.085783	4.383066	0	0	0	1
-35.544151	-32.257641	-2.789313	0	0	0	1
-35.372349	-32.898815	-4.239173	0	0	0	1
-36.588917	-28.358519	6.027599	0	0	0	1
-39.184540	-28.322441	10.510015	0	0	0	1
-40.215874	-29.275743	13.445484	0	0	0.80114363	0.59847213
-34.979099	-36.156765	0.933363	0	0	0.32328956	0.94630009
-36.370762	-29.172682	10.193262	0	0	0	1
-34.240620	-35.555286	-9.814074	0	0	0	1
-52.489281	-26.242786	22.875532	0	0	0	1
-31.054098	-33.890663	1.329879	0	-0	-1	-4.371139e-08
-31.151564	-36.151989	-8.149628	0	0	0.97095818	0.23924928
-31.128500	-30.260046	6.821604	0	0	0	1
-34.253551	-30.397114	13.229130	0	0	0	1
-29.977592	-31.528297	4.788264	0	-0	-1	-4.371139e-08
-30.886730	-30.501816	7.739193	0	0	0	1
-29.754820	-31.633726	4.750001	0	0	0	1
-29.109171	-32.279373	3.776320	0	0	0	1
-49.635693	-31.698597	24.546696	0	0	-0.16996714	0.98544973
-43.247883	-43.487041	-22.923008	0	0	0.50484609	0.86320938
-28.324064	-33.064484	2.592323	0	0	-0.99500417	0.099833397
-28.193933	-33.194611	2.396078	0	0	0	1
-27.132492	-33.600430	2.458629	0	0	0	1
-27.830378	-31.408581	7.301187	0	0	0	1
-29.828205	-31.560341	11.756638	0	0	0	1
-72.195938	-19.750233	22.082375	0	0	0	1
-33.508026	-39.856552	-19.972385	0	0	0	1
-44.306152	-35.952854	25.112700	0	0	0.029199523	0.9995736
-42.267101	-35.952854	25.291094	0	0	0.1288445	0.99166481
-84.559517	-34.571827	-17.166798	0	0	-0.26749883	0.96355818
-24.473207	-36.915340	-3.215033	0	0	0.98999249	0.14112005
-41.298634	-36.212357	25.291094	0	0	0.1288445	0.99166481
-35.070698	-34.024586	25.291094	0	0	0.41614682	0.90929743
-63.178036	-48.783463	-33.197647	0	0	0.32328956	0.94630009
-27.187384	-34.201160	21.779392	0	0	0	1
-82.665848	-39.229633	-29.856220	0	0	0	1
-79.362198	-40.869846	-35.507828	0	0	-0.070737201	0.99749499
-68.893585	-34.269028	37.177113	0	0	-0.16996714	0.98544973
-82.190338	-18.691086	34.188473	0	0	0	1
-63.556549	-53.326801	38.739510	0	0	-0.16996714	0.98544973
-23.815613	-37.572933	34.576336	0	0	0	1
-65.681488	-26.568253	48.506802	0	0	0	1
-23.298805	-38.089741	36.537792	0	0	0	1
-55.057587	-58.233681	39.598099	0	0	-0.070737201	0.99749499
-62.170090	-30.002398	49.290768	0	0	-0.45359611	0.89120736
-50.419605	-36.025028	49.290768	0	0	-0.070737201	0.99749499
-34.546043	-35.982624	45.036240	0	0	0	1
-40.848587	-34.532753	48.291382	0	0	0	1
-47.725643	-60.198269	39.598099	0	0	0.029199523	0.9995736
-30.357292	-51.615257	39.598099	0	0	0.32328956	0.94630009
-89.214302	-17.946730	42.696518	0	0	0	1
-20.716219	-40.672329	46.339527	0	-0	-1	-4.371139e-08
-20.570770	-40.817776	46.891548	0	0	0	1
-67.186028	-28.457478	61.801907	0	0	0	1
-33.862556	-38.533440	58.087452	0	0	0	1
-62.664135	-30.134777	63.034016	0	0	0	1
-41.433807	-36.716827	61.578514	0	0	0	1
-49.002346	-34.607773	63.426983	0	0	0.029199523	0.9995736
-96.215515	-17.204782	51.177002	0	0	0	1
-33.697350	-39.149998	61.242077	0	0	0	1
-41.626270	-37.435112	65.948318	0	0	0	1
-49.737324	-35.342747	68.869347	0	0	0	1
-78.812447	-25.508625	66.270905	0	0	0.58850112	0.8084964
-67.791237	-31.508579	69.118927	0	0	0.66627604	0.74570519
-127.909462	-16.838348	55.365379	0	0	0.50484609	0.86320938
28.080290	-89.468834	75.367058	0	0	0.99913515	0.041580682
-205.678589	-110.758522	61.759224	0	0	0.66627604	0.74570519
11.568784	-208.085510	75.367058	0	0	0.98999249	0.14112005
-165.329041	-223.854385	71.586815	0	0	0.85688874	0.51550139
-127.909462	-245.458588	75.367058	0	0	0.90407214	0.42737988
-99.412018	-253.094452	75.367058	0	0	0.90407214	0.42737988
