-40.621555	-4.272982	28.652580	0	0	0.1288445	0.99166481
-40.784809	-4.292021	28.564360	0	0	-0.45359611	0.89120736
-40.307987	-4.237196	28.762310	0	0	-0.45359611	0.89120736
-41.046299	-4.321946	28.466555	0	0	0.1288445	0.99166481
-39.929592	-4.147159	28.806698	0	0	0.029199523	0.9995736
-39.791206	-4.175279	29.167065	0	0	-0.070737201	0.99749499
-40.111130	-4.205069	29.566708	0	0	0	1
-39.803619	-4.171721	29.541418	0	0	0.22720209	0.97384763
-39.985771	-4.189658	29.694668	0	0	0.1288445	0.99166481
-40.258522	-3.119414	29.056816	0	0	-0.45359611	0.89120736
-39.719189	-4.159324	29.781174	0	0	-0.45359611	0.89120736
-39.475739	-4.078294	29.623348	0	0	-0.45359611	0.89120736
-40.338703	-2.907164	29.307570	0	0	0.029199523	0.9995736
-39.316364	-4.039711	29.709965	0	0	0.22720209	0.97384763
-39.459908	-4.127217	30.063520	0	0	-0.45359611	0.89120736
-38.965549	-3.832038	29.802410	0	0	-0.45359611	0.89120736
-38.770367	-3.832187	29.913128	0	0	0.22720209	0.97384763
-38.520126	-3.809363	30.025013	0	0	-0.45359611	0.89120736
-37.940659	-3.980021	28.601931	0	0	0.029199523	0.9995736
-38.192135	-3.804715	30.245676	0	0	0.1288445	0.99166481
-37.615902	-3.923368	30.206932	0	0	0.58850112	0.8084964
-37.876404	-2.415572	27.290428	0	0	0.50484609	0.86320938
-37.278248	-3.820472	30.211796	0	0	-0.26749883	0.96355818
-37.387749	-3.893174	30.603218	0	0	0	1
-37.516857	-3.903332	30.906351	0	0	0.58850112	0.8084964
-37.095127	-3.251317	30.233141	0	0	-0.26749883	0.96355818
-36.590343	-3.834527	28.419210	0	0	0.32328956	0.94630009
-37.172939	-2.911276	30.461357	0	0	-0.070737201	0.99749499
-40.594799	0.644531	28.204189	0	0	-0.070737201	0.99749499
-40.760506	0.636872	28.116640	0	0	0.029199523	0.9995736
-40.290989	0.654906	28.322767	0	0	0.029199523	0.9995736
-41.012978	0.627621	28.010902	0	0	-0.070737201	0.99749499
-40.258522	0.689968	28.723537	0	0	0.029199523	0.9995736
-39.929592	0.660445	28.386087	0	0	0.029199523	0.9995736
-40.338703	0.713352	28.990814	0	0	-0.070737201	0.99749499
-39.779465	0.690828	28.733362	0	0	0.029199523	0.9995736
-40.089081	0.724693	29.120441	0	0	0.029199523	0.9995736
-39.790497	0.723277	29.104254	0	0	-0.070737201	0.99749499
-39.958523	0.735614	29.245264	0	0	-0.070737201	0.99749499
-39.706745	0.744227	29.343721	0	0	0.029199523	0.9995736
-39.475739	0.731873	29.202515	0	0	0.029199523	0.9995736
-39.316364	0.739687	29.291822	0	0	-0.070737201	0.99749499
-39.439884	0.768539	29.621603	0	0	0.029199523	0.9995736
-38.965549	0.749291	29.401596	0	0	0.029199523	0.9995736
-38.770367	0.758903	29.511459	0	0	-0.070737201	0.99749499
-38.520126	0.768790	29.624475	0	0	0.029199523	0.9995736
-38.192135	0.787984	29.843866	0	0	-0.070737201	0.99749499
-37.876404	0.541950	27.031677	0	0	0.50484609	0.86320938
-37.581612	0.622773	27.955494	0	0	0.029199523	0.9995736
-37.594376	0.782450	29.780613	0	0	-0.070737201	0.99749499
-37.278248	0.784923	29.808876	0	0	0.029199523	0.9995736
-37.095127	0.791100	29.879475	0	0	0.1288445	0.99166481
-37.172939	0.813497	30.135481	0	0	0.1288445	0.99166481
-37.189373	0.818604	30.193850	0	0	-0.26749883	0.96355818
-36.904438	0.856252	30.624165	0	0	-0.16996714	0.98544973
-35.963512	0.592231	27.606390	0	0	0.22720209	0.97384763
-41.194225	-4.480103	17.660221	0	0	-0.16996714	0.98544973
-40.998165	-4.474260	16.470280	0	0	0.50484609	0.86320938
-40.386833	-0.357455	16.751429	0	0	-0.16996714	0.98544973
-40.086380	-0.466880	15.500705	0	0	-0.16996714	0.98544973
-39.255657	-0.648839	13.420899	0	0	0.22720209	0.97384763
-27.814671	3.413569	33.634918	0	0	0	1
-38.527847	-0.648839	13.420899	0	0	-0.45359611	0.89120736
-26.659760	3.104112	29.364996	0	0	-0.36235775	0.93203909
-42.940216	-0.648839	13.420899	0	0	0.41614682	0.90929743
-25.825127	2.880473	26.279203	0	0	-0.62160997	0.7833269
-34.175232	-0.648839	13.420899	0	0	-0.070737201	0.99749499
-24.960369	2.648762	23.082039	0	0	0	1
-33.671181	0.483105	12.628304	0	0	-0.45359611	0.89120736
-24.538834	2.535812	21.523542	0	0	0	1
-36.106022	-4.043536	8.470338	0	0	0.029199523	0.9995736
-30.149137	13.865533	26.710526	0	0	-0.26749883	0.96355818
-30.019251	13.800118	26.805307	0	0	-0.26749883	0.96355818
-30.294914	13.938040	26.595135	0	0	-0.26749883	0.96355818
-29.839762	13.709655	26.935621	0	0	-0.26749883	0.96355818
-30.349688	14.043194	27.322994	0	0	-0.26749883	0.96355818
-29.671576	13.620245	27.011778	0	0	-0.26749883	0.96355818
-30.490299	14.150776	27.584322	0	0	-0.26749883	0.96355818
-29.484829	13.548327	27.367146	0	0	-0.26749883	0.96355818
-29.646988	13.679842	27.742224	0	0	-0.26749883	0.96355818
-29.472986	13.578920	27.737661	0	0	-0.26749883	0.96355818
-29.529467	13.625212	27.873087	0	0	-0.26749883	0.96355818
-29.324465	13.504229	27.847105	0	0	-0.26749883	0.96355818
-29.407598	13.565706	27.980549	0	0	-0.26749883	0.96355818
-29.217451	13.452120	27.942884	0	0	-0.26749883	0.96355818
-29.038902	13.361419	28.065472	0	0	-0.26749883	0.96355818
-29.178707	13.462843	28.270449	0	0	-0.16996714	0.98544973
-28.937716	13.066694	25.726358	0	0	-0.76484218	0.64421769
-28.887274	13.285831	28.183811	0	0	-0.26749883	0.96355818
-28.704069	13.192546	28.307425	0	0	-0.26749883	0.96355818
-28.449871	13.069381	28.541000	0	0	-0.26749883	0.96355818
-27.866539	12.729197	28.507362	0	0	-0.26749883	0.96355818
-28.058105	12.876076	28.866468	0	0	-0.16996714	0.98544973
-27.863382	12.738530	28.617796	0	0	-0.26749883	0.96355818
-27.757420	12.670086	28.545868	0	0	-0.26749883	0.96355818
-27.349766	12.474886	28.943392	0	0	-0.26749883	0.96355818
-26.576246	11.803610	26.719305	0	0	-0.26749883	0.96355818
-26.951151	12.289915	29.390518	0	0	-0.26749883	0.96355818
-24.378017	10.508992	26.467194	0	0	-0.070737201	0.99749499
-35.485718	-4.007339	6.054016	0	0	-0.36235775	0.93203909
-39.943443	-4.507823	5.121487	0	0	-0.36235775	0.93203909
-22.632147	2.024917	14.474164	0	0	0	1
-27.184177	11.015824	15.446893	0	0	-0.16996714	0.98544973
-22.389143	1.959804	13.575732	0	0	0	1
-23.772606	13.098632	33.624012	0	0	-0.82533563	0.56464246
-19.765806	9.091833	30.648590	0	0	-0.62160997	0.7833269
-26.602310	10.555961	14.220231	0	0	-0.26749883	0.96355818
-22.687851	1.355732	12.017282	0	0	0	1
-18.770531	8.096558	27.857841	0	0	0	1
-29.070086	11.862433	13.049230	0	0	-0.69670669	0.71735611
-23.203396	12.529422	36.668861	0	0	0	1
-44.688194	-5.049267	3.464017	0	0	0.41614682	0.90929743
-45.083828	-5.094061	3.352667	0	0	0.32328956	0.94630009
-18.182148	7.508175	24.005926	0	0	0	1
-22.453047	11.779074	19.445736	0	0	-0.54030229	0.84147099
-24.805080	-1.110634	8.036793	0	0	0	1
-24.085775	8.984741	13.049230	0	0	-0.69670669	0.71735611
-23.478270	8.633998	13.049230	0	0	-0.54030229	0.84147099
-17.689936	7.015962	20.783594	0	0	0	1
-20.099163	6.683069	13.049230	0	0	-0.070737201	0.99749499
-21.208462	1.643441	9.210537	0	0	0	1
-34.076252	-3.919218	1.010623	0	0	-0.26749883	0.96355818
-43.725758	-4.989095	0.020198	0	0	0.41614682	0.90929743
-18.378012	5.689362	13.049230	0	0	-0.36235775	0.93203909
-24.899712	-2.146308	4.256704	0	0	0	1
-20.805843	1.535560	7.721981	0	0	0	1
-17.480938	5.171436	13.049230	0	0	0	1
-29.709599	4.922422	2.661273	0	0	-0.45359611	0.89120736
-35.765030	-4.138927	-1.634374	0	0	-0.16996714	0.98544973
-20.289219	1.397131	5.811924	0	0	0	1
-16.326565	5.652592	11.858124	0	0	0	1
-13.025123	11.497925	25.847742	0	0	0	1
-13.029219	11.526141	25.968445	0	0	0	1
-13.031837	11.495257	25.766035	0	0	-0.45359611	0.89120736
-13.032029	11.545495	26.051237	0	0	0	1
-13.055411	11.515121	25.646189	0	0	-0.54030229	0.84147099
-13.042479	11.617463	26.359098	0	0	0	1
-13.052722	11.640158	26.387407	0	0	-0.45359611	0.89120736
-13.063695	11.664407	26.417370	0	0	-0.45359611	0.89120736
-13.063803	11.664645	26.417664	0	0	-0.54030229	0.84147099
-13.064030	11.665147	26.418283	0	0	-0.45359611	0.89120736
-13.072555	11.683986	26.441561	0	0	-0.54030229	0.84147099
-13.083778	11.708787	26.472206	0	0	0	1
-13.090405	11.723432	26.490301	0	0	-0.45359611	0.89120736
-13.091982	11.726915	26.494606	0	0	-0.45359611	0.89120736
-13.104156	11.753819	26.527847	0	0	-0.54030229	0.84147099
-13.109666	11.765995	26.542892	0	0	-0.45359611	0.89120736
-13.131185	11.813546	26.601646	0	0	0	1
-13.139191	11.831240	26.623508	0	0	0	1
-13.141496	11.836333	26.629801	0	0	-0.45359611	0.89120736
-13.000889	11.331022	25.133766	0	0	-0.45359611	0.89120736
-13.147115	11.848749	26.645142	0	0	-0.45359611	0.89120736
-13.168465	11.895930	26.703440	0	0	-0.54030229	0.84147099
-13.175338	11.911118	26.722204	0	0	-0.45359611	0.89120736
-13.465914	12.349307	26.350142	0	0	-0.45359611	0.89120736
-13.292089	11.778191	24.806841	0	0	-0.36235775	0.93203909
-13.558770	12.554239	26.602175	0	0	-0.54030229	0.84147099
-13.284223	12.151733	27.019508	0	0	-0.45359611	0.89120736
-12.977001	11.166501	24.429983	0	0	0	1
-12.663951	11.827780	26.173040	0	0	0	1
-15.962050	5.288077	9.471781	0	0	0	1
-15.666284	4.992311	7.535510	0	0	0	1
-12.619404	8.703629	13.894359	0	0	0	1
-12.582027	8.446206	12.793159	0	0	0	1
-43.359280	-5.027101	-5.928556	0	0	0.22720209	0.97384763
-11.951768	9.169877	13.937130	0	0	0	1
-18.037153	10.243570	5.793952	0	0	-0.69670669	0.71735611
-15.002368	20.554869	22.283180	0	0	-0.69670669	0.71735611
-12.213213	10.145603	11.246756	0	0	-0.69670669	0.71735611
-11.578355	7.776279	7.521567	0	0	0	1
-6.623708	14.291201	19.729521	0	0	0	1
-6.609914	14.341112	19.887184	0	0	0	1
-6.631758	14.262071	19.637503	0	0	0	1
-6.597942	14.384432	20.024025	0	0	-0.54030229	0.84147099
-6.643948	14.217963	19.498173	0	0	0	1
-6.660208	14.159129	19.312323	0	0	0	1
-6.571719	14.479318	20.323757	0	0	0	1
-6.672265	14.115500	19.174507	0	0	0	1
-6.554770	14.540647	20.517488	0	0	0	1
-6.545298	14.574920	20.625751	0	0	0	1
-6.542445	14.585242	20.658358	0	0	-0.54030229	0.84147099
-6.535043	14.612026	20.742968	0	0	-0.54030229	0.84147099
-6.530215	14.629494	20.798143	0	0	0	1
-6.528594	14.635362	20.816679	0	0	0	1
-6.522474	14.657504	20.886623	0	0	0	1
-6.519688	14.667586	20.918472	0	0	0	1
-6.730464	13.904915	18.509296	0	0	0	1
-6.504772	14.721558	21.088963	0	0	0	1
-6.499189	14.741758	21.152771	0	0	-0.45359611	0.89120736
-6.494684	14.758061	21.204271	0	0	0	1
-6.483549	14.798352	21.331545	0	0	0	1
-6.470346	14.846125	21.482450	0	0	-0.54030229	0.84147099
-6.463741	14.870026	21.557953	0	0	-0.54030229	0.84147099
-6.460496	14.881766	21.595039	0	0	0	1
-6.443316	14.943928	21.791401	0	0	0	1
-6.442768	14.945914	21.797674	0	0	0	1
-6.417331	15.037954	22.088415	0	0	-0.45359611	0.89120736
-6.413465	15.051943	22.132605	0	0	-0.45359611	0.89120736
-7.236847	12.072614	12.721300	0	0	0	1
-35.872669	25.198698	58.856640	0	0	0	1
-7.396437	10.336342	6.386622	0	0	0	1
-4.101053	16.907574	22.218145	0	0	-0.98006658	0.19866933
-6.385173	11.437379	7.988181	0	0	0	1
-5.223382	13.083388	11.311456	0	0	0	1
-6.972506	10.553464	6.106540	0	0	0	1
-4.394611	15.811997	14.147352	0	0	-0.98006658	0.19866933
-3.879204	13.758175	10.370253	0	0	0	1
-4.005429	17.264444	11.246756	0	0	-0.87758258	0.4794255
-0.763936	18.436657	20.312168	0	0	0	1
-3.426707	12.865407	5.694217	0	0	0	1
-19.406887	36.992756	19.445736	0	0	-0.54030229	0.84147099
-20.685940	41.766251	33.624012	0	0	-0.87758258	0.4794255
2.257179	18.548040	12.727014	0	0	0	1
2.790635	18.300756	10.348571	0	0	-0.92106097	0.38941839
-3.143007	20.483049	-1.255457	0	0	-0.82533563	0.56464246
5.178229	20.572243	12.852905	0	0	0	1
-0.136868	31.702112	22.283180	0	0	-0.87758258	0.4794255
6.728371	22.597637	16.622133	0	-0	-1	-4.371139e-08
-22.845327	49.825191	37.988232	0	0	-0.76484218	0.64421769
10.520210	30.449486	19.404982	0	0	-0.92106097	0.38941839
-24.675085	56.653942	24.518764	0	0	-0.26749883	0.96355818
11.306211	30.204063	18.465956	0	0	-0.92106097	0.38941839
3.951885	46.961544	19.445736	0	0	-0.98006658	0.19866933
10.874512	45.106632	19.445736	0	0	-0.99500417	0.099833397
5.684279	53.426929	33.624012	0	0	-0.92106097	0.38941839
-26.617125	63.901730	54.421665	0	0	-0.45359611	0.89120736
17.673483	41.181244	18.758881	0	-0	-1	-4.371139e-08
13.886524	51.448944	33.229347	0	0	-0.87758258	0.4794255
26.896307	34.039501	4.398056	0	0	-0.95533648	0.29552023
26.226912	34.222763	2.524378	0	0	0	1
22.477743	48.766399	22.965527	0	0	-0.87758258	0.4794255
-27.237524	66.217094	83.919678	0	0	0	1
13.243475	81.638229	37.988232	0	0	-0.92106097	0.38941839
15.254370	89.142990	24.518764	0	0	-0.87758258	0.4794255
44.335621	79.353783	27.130917	0	-0	-1	-4.371139e-08
52.509830	81.173653	20.903828	0	0	0.99913515	0.041580682
46.118473	91.482826	12.852906	0	0	-0.54030229	0.84147099
21.855711	113.779533	54.421665	0	0	-0.62160997	0.7833269
21.746778	113.372986	75.941765	0	0	0	1
48.963493	118.188118	54.201111	0	0	-0.98006658	0.19866933
61.838879	114.167877	38.819057	0	0	-0.98006658	0.19866933
69.193459	113.806160	31.598427	0	0	-0.92106097	0.38941839
-191.702957	47.327305	-40.477818	0	0	0.22720209	0.97384763
-7.236847	204.477829	12.721300	0	0	-0.36235775	0.93203909
-182.373199	171.699234	-40.477818	0	0	0.029199523	0.9995736
-122.037933	220.387680	4.965434	0	0	-0.070737201	0.99749499
-149.594604	204.477829	-40.477818	0	0	-0.070737201	0.99749499
