86.852867	110.286247	-17.284859	0	0	-0.76484218	0.64421769
86.982399	109.706436	-17.160416	0	0	-0.95533648	0.29552023
86.698402	110.968475	-17.430044	0	0	-0.76484218	0.64421769
86.997932	109.082260	-16.951307	0	0	-0.95533648	0.29552023
86.564888	111.697014	-17.604143	0	0	-0.95533648	0.29552023
87.108109	108.589752	-16.845690	0	0	-0.95533648	0.29552023
86.604660	112.509506	-17.912720	0	0	-0.95533648	0.29552023
86.658516	113.109573	-18.155464	0	0	-0.95533648	0.29552023
87.588051	113.008972	-18.683908	0	0	-0.95533648	0.29552023
86.698875	113.841522	-18.436193	0	0	-0.95533648	0.29552023
88.471260	114.635933	-19.789087	0	0	-0.95533648	0.29552023
93.247314	110.178047	-21.124557	0	0	-0.76484218	0.64421769
95.089699	106.902008	-21.094818	0	0	-0.95533648	0.29552023
95.820953	108.647423	-22.149324	0	0	-0.95533648	0.29552023
101.161636	98.419876	-21.807201	0	0	-0.82533563	0.56464246
106.580223	93.192261	-20.921368	0	0	-0.82533563	0.56464246
107.925400	90.078087	-22.988235	0	0	-0.95533648	0.29552023
104.924339	110.398300	8.381099	0	0	-0.69670669	0.71735611
104.958252	109.724510	8.357351	0	0	-0.69670669	0.71735611
104.919403	111.110939	8.384553	0	0	-0.69670669	0.71735611
104.985588	109.150879	8.338210	0	0	-0.69670669	0.71735611
105.117378	111.777161	8.245931	0	0	-0.69670669	0.71735611
104.881920	108.614815	8.410799	0	0	-0.69670669	0.71735611
105.281265	112.301064	8.131177	0	0	-0.69670669	0.71735611
104.908707	108.108513	8.392042	0	0	-0.69670669	0.71735611
106.238808	111.724739	7.460696	0	0	-0.69670669	0.71735611
105.447723	112.991386	8.014619	0	0	-0.69670669	0.71735611
107.589188	112.025330	6.515149	0	0	-0.69670669	0.71735611
111.689827	106.074707	3.643851	0	0	-0.69670669	0.71735611
113.090019	101.809189	2.663429	0	0	-0.99500417	0.099833397
114.205811	102.833443	1.882139	0	0	-0.82533563	0.56464246
113.918213	90.452431	-26.633402	0	0	-0.95533648	0.29552023
117.057777	95.781433	-0.114825	0	0	-0.76484218	0.64421769
107.667397	84.201614	0.592412	0	0	-0.99500417	0.099833397
119.803108	93.192261	-2.037130	0	0	-0.76484218	0.64421769
121.715637	89.862312	-3.376298	0	0	-0.99500417	0.099833397
42.211441	122.053925	-19.058626	0	0	-0.87758258	0.4794255
42.054317	121.467537	-18.889362	0	0	-0.87758258	0.4794255
41.920307	120.967400	-18.747253	0	0	-0.69670669	0.71735611
42.378815	122.678566	-19.278145	0	0	-0.69670669	0.71735611
41.797554	120.509270	-18.286480	0	0	-0.69670669	0.71735611
41.676758	120.058456	-18.220266	0	0	-0.69670669	0.71735611
42.531063	123.246765	-20.004517	0	0	-0.69670669	0.71735611
42.656811	123.716057	-20.464806	0	0	-0.76484218	0.64421769
42.827263	124.352203	-20.864424	0	0	-0.76484218	0.64421769
41.155655	118.113670	-18.663416	0	0	-0.82533563	0.56464246
42.471592	123.024818	-22.102236	0	0	-0.76484218	0.64421769
42.534672	123.260239	-22.267084	0	0	-0.76484218	0.64421769
42.861473	124.479881	-23.121084	0	0	-0.82533563	0.56464246
42.997543	124.987701	-23.476664	0	0	-0.76484218	0.64421769
43.109009	125.403694	-23.767946	0	0	-0.76484218	0.64421769
40.159065	114.394348	-16.059116	0	0	-0.82533563	0.56464246
40.035881	113.934624	-15.737216	0	0	-0.76484218	0.64421769
39.954788	113.631989	-15.525306	0	0	-0.76484218	0.64421769
131.025986	85.064674	-9.895475	0	0	-0.99500417	0.099833397
119.255623	72.613388	0.592412	0	-0	-1	-4.371139e-08
35.012287	95.186317	0.592412	0	0	-0.87758258	0.4794255
118.003044	164.210373	-52.818409	0	0	-0.76484218	0.64421769
123.999054	88.912239	44.127926	0	0	-0.82533563	0.56464246
123.929535	88.332726	43.967194	0	0	-0.87758258	0.4794255
124.228645	89.322594	44.132370	0	0	-0.82533563	0.56464246
124.431770	89.684158	44.135780	0	0	-0.82533563	0.56464246
123.892021	87.778198	43.795799	0	0	-0.87758258	0.4794255
125.197098	88.726906	43.336548	0	0	-0.87758258	0.4794255
124.668808	90.219299	44.179398	0	0	-0.82533563	0.56464246
123.858124	87.305115	43.650726	0	0	-0.82533563	0.56464246
123.720924	86.945335	43.607964	0	0	-0.82533563	0.56464246
123.686844	86.508522	43.475697	0	0	-0.82533563	0.56464246
126.165955	87.651695	42.372604	0	0	-0.82533563	0.56464246
129.246597	81.187180	38.241257	0	0	-0.82533563	0.56464246
129.873672	76.633827	36.266857	0	0	-0.92106097	0.38941839
130.896744	76.768448	35.693592	0	0	-0.87758258	0.4794255
142.454651	164.210373	-17.897905	0	0	-0.69670669	0.71735611
134.228226	74.051987	32.722351	0	0	-0.76484218	0.64421769
137.956390	75.077225	30.820543	0	0	-0.76484218	0.64421769
139.305542	71.529205	28.760242	0	0	0.99913515	0.041580682
135.818695	63.050690	27.906300	0	0	0.98999249	0.14112005
57.827629	180.334320	-52.818409	0	0	-0.69670669	0.71735611
148.708542	68.089088	21.853893	0	0	0.98999249	0.14112005
169.656601	134.388184	32.362606	0	0	0.99913515	0.041580682
-25.480843	92.441521	0.057508	0	0	-0.62160997	0.7833269
-25.325817	91.862961	0.462620	0	0	-0.62160997	0.7833269
-25.602753	92.896492	-0.261069	0	0	-0.69670669	0.71735611
-25.227051	91.494362	0.720716	0	0	-0.62160997	0.7833269
-25.746429	93.432709	-0.636529	0	0	-0.69670669	0.71735611
-25.902441	94.014946	-1.044217	0	0	-0.62160997	0.7833269
-26.113779	94.803673	-1.596488	0	0	-0.62160997	0.7833269
-26.239210	95.271790	-1.924269	0	0	-0.62160997	0.7833269
-26.262518	95.358772	-1.985175	0	0	-0.62160997	0.7833269
-26.385483	95.817688	-2.306510	0	0	-0.62160997	0.7833269
-26.430387	95.985268	-2.423853	0	0	-0.62160997	0.7833269
-26.640911	96.770958	-2.973998	0	0	-0.69670669	0.71735611
-26.812765	97.412323	-3.423087	0	0	-0.69670669	0.71735611
-23.974337	86.819160	3.994323	0	0	-0.69670669	0.71735611
-27.089811	98.446274	-4.147068	0	0	-0.62160997	0.7833269
-22.059561	79.673126	8.998033	0	0	-0.69670669	0.71735611
-21.765989	78.577492	9.765202	0	0	-0.54030229	0.84147099
-20.766577	74.847641	12.376874	0	0	-0.54030229	0.84147099
123.643425	46.451153	76.201248	0	0	-0.95533648	0.29552023
123.368309	46.292316	76.201248	0	0	-0.95533648	0.29552023
123.199997	46.195141	76.201248	0	0	-0.95533648	0.29552023
123.197914	46.193935	76.201248	0	0	-0.95533648	0.29552023
123.071701	46.121067	76.201248	0	0	-0.95533648	0.29552023
122.883911	46.012646	76.201248	0	0	-0.98006658	0.19866933
122.718948	45.917404	76.201248	0	0	-0.98006658	0.19866933
122.575745	45.834728	76.201248	0	0	-0.95533648	0.29552023
122.469727	45.773518	76.201248	0	0	-0.95533648	0.29552023
122.315201	45.684303	76.201248	0	0	-0.95533648	0.29552023
122.267487	45.656754	76.201248	0	0	-0.95533648	0.29552023
123.335930	41.649696	73.397308	0	0	-0.95533648	0.29552023
123.503220	37.317074	70.711449	0	0	-0.98006658	0.19866933
123.905525	36.747612	70.225281	0	0	-0.98006658	0.19866933
130.638962	36.809875	67.905632	0	0	-0.95533648	0.29552023
137.458572	39.709400	67.276329	0	0	-0.99500417	0.099833397
138.506088	36.247704	64.810425	0	0	0.97095818	0.23924928
141.105759	34.767834	63.002880	0	0	-0.82533563	0.56464246
-15.363033	54.681339	26.497469	0	0	-0.69670669	0.71735611
149.321716	33.075886	59.100449	0	0	0.97095818	0.23924928
-37.547588	137.475220	-31.475431	0	0	-0.54030229	0.84147099
170.404373	73.448601	76.201241	0	0	0.99913515	0.041580682
-43.092339	28.422533	33.034252	0	0	-0.45359611	0.89120736
-42.867317	28.197510	33.249489	0	0	-0.45359611	0.89120736
-43.485130	28.815323	32.658550	0	0	-0.45359611	0.89120736
-43.776669	29.106859	32.379696	0	0	-0.45359611	0.89120736
-44.121365	29.451557	32.049992	0	0	-0.45359611	0.89120736
-44.493134	29.823328	31.694391	0	0	-0.45359611	0.89120736
-45.033314	30.363508	31.177708	0	0	-0.45359611	0.89120736
-45.390869	30.721062	30.835707	0	0	-0.45359611	0.89120736
-45.769714	31.099907	30.473341	0	0	-0.45359611	0.89120736
-45.776230	31.106424	30.467108	0	0	-0.45359611	0.89120736
-46.424881	31.755072	29.846676	0	0	-0.45359611	0.89120736
-47.014683	32.344872	29.282530	0	0	-0.45359611	0.89120736
-38.748829	24.079021	37.188828	0	0	-0.45359611	0.89120736
-47.970310	33.300503	28.368469	0	0	-0.45359611	0.89120736
-47.975868	33.306061	28.363153	0	0	-0.45359611	0.89120736
-31.670242	17.000433	43.959507	0	0	-0.45359611	0.89120736
-31.075043	16.405235	44.528812	0	0	-0.45359611	0.89120736
-26.390543	11.720736	49.009544	0	0	-0.45359611	0.89120736
-62.582115	47.912308	14.392261	0	0	-0.26749883	0.96355818
-13.202256	-1.467552	61.624157	0	0	-0.45359611	0.89120736
