34.754807	-49.222691	6.552042	0.000000	0.000000	0.000000
76.249100	-145.320938	87.479927	0.000000	0.000000	3.058407
18.761925	-247.925186	87.479927	0.000000	0.000000	2.858407
-42.869137	-264.439178	87.479927	0.000000	0.000000	2.458407
-42.869137	-264.439178	87.479927	0.000000	0.000000	2.458407
-57.860294	-264.439178	86.168373	0.000000	0.000000	2.458407
-156.310562	-198.943741	76.019707	0.000000	0.000000	2.058407
-149.801331	-79.227180	68.769218	0.000000	0.000000	1.458407
34.754807	-49.222691	6.552042	0.000000	0.000000	0.000000
76.249100	-145.320938	87.479927	0.000000	0.000000	3.058407
18.761925	-247.925186	87.479927	0.000000	0.000000	2.858407
-42.869137	-264.439178	87.479927	0.000000	0.000000	2.458407
-42.869137	-264.439178	87.479927	0.000000	0.000000	2.458407
-57.860294	-264.439178	86.168373	0.000000	0.000000	2.458407
-156.310562	-198.943741	76.019707	0.000000	0.000000	2.058407
-149.801331	-79.227180	68.769218	0.000000	0.000000	1.458407
34.754807	-49.222691	6.552042	0.000000	0.000000	0.000000
76.249100	-145.320938	87.479927	0.000000	0.000000	3.058407
18.761925	-247.925186	87.479927	0.000000	0.000000	2.858407
-42.869137	-264.439178	87.479927	0.000000	0.000000	2.458407
-42.869137	-264.439178	87.479927	0.000000	0.000000	2.458407
-57.860294	-264.439178	86.168373	0.000000	0.000000	2.458407
-156.310562	-198.943741	76.019707	0.000000	0.000000	2.058407
-149.801331	-79.227180	68.769218	0.000000	0.000000	1.458407
34.754807	-49.222691	6.552042	0.000000	0.000000	0.000000
76.249100	-145.320938	87.479927	0.000000	0.000000	3.058407
18.761925	-247.925186	87.479927	0.000000	0.000000	2.858407
-42.869137	-264.439178	87.479927	0.000000	0.000000	2.458407
-42.869137	-264.439178	87.479927	0.000000	0.000000	2.458407
-57.860294	-264.439178	86.168373	0.000000	0.000000	2.458407
-156.310562	-198.943741	76.019707	0.000000	0.000000	2.058407
-149.801331	-79.227180	68.769218	0.000000	0.000000	1.458407
34.754807	-49.222691	6.552042	0.000000	0.000000	0.000000
76.249100	-145.320938	87.479927	0.000000	0.000000	3.058407
18.761925	-247.925186	87.479927	0.000000	0.000000	2.858407
-42.869137	-264.439178	87.479927	0.000000	0.000000	2.458407
-42.869137	-264.439178	87.479927	0.000000	0.000000	2.458407
-57.860294	-264.439178	86.168373	0.000000	0.000000	2.458407
-156.310562	-198.943741	76.019707	0.000000	0.000000	2.058407
-149.801331	-79.227180	68.769218	0.000000	0.000000	1.458407
34.754807	-49.222691	6.552042	0.000000	0.000000	0.000000
76.249100	-145.320938	87.479927	0.000000	0.000000	3.058407
18.761925	-247.925186	87.479927	0.000000	0.000000	2.858407
-42.869137	-264.439178	87.479927	0.000000	0.000000	2.458407
-42.869137	-264.439178	87.479927	0.000000	0.000000	2.458407
-57.860294	-264.439178	86.168373	0.000000	0.000000	2.458407
-156.310562	-198.943741	76.019707	0.000000	0.000000	2.058407
-149.801331	-79.227180	68.769218	0.000000	0.000000	1.458407
34.754807	-49.222691	6.552042	0.000000	0.000000	0.000000
76.249100	-145.320938	87.479927	0.000000	0.000000	3.058407
18.761925	-247.925186	87.479927	0.000000	0.000000	2.858407
-42.869137	-264.439178	87.479927	0.000000	0.000000	2.458407
-42.869137	-264.439178	87.479927	0.000000	0.000000	2.458407
-57.860294	-264.439178	86.168373	0.000000	0.000000	2.458407
-156.310562	-198.943741	76.019707	0.000000	0.000000	2.058407
-149.801331	-79.227180	68.769218	0.000000	0.000000	1.458407
34.754807	-49.222691	6.552042	0.000000	0.000000	0.000000
76.249100	-145.320938	87.479927	0.000000	0.000000	3.058407
18.761925	-247.925186	87.479927	0.000000	0.000000	2.858407
-42.869137	-264.439178	87.479927	0.000000	0.000000	2.458407
-42.869137	-264.439178	87.479927	0.000000	0.000000	2.458407
-57.860294	-264.439178	86.168373	0.000000	0.000000	2.458407
-156.310562	-198.943741	76.019707	0.000000	0.000000	2.058407
-149.801331	-79.227180	68.769218	0.000000	0.000000	1.458407
34.754807	-49.222691	6.552042	0.000000	0.000000	0.000000
76.249100	-145.320938	87.479927	0.000000	0.000000	3.058407
18.761925	-247.925186	87.479927	0.000000	0.000000	2.858407
-42.869137	-264.439178	87.479927	0.000000	0.000000	2.458407
-42.869137	-264.439178	87.479927	0.000000	0.000000	2.458407
-57.860294	-264.439178	86.168373	0.000000	0.000000	2.458407
-156.310562	-198.943741	76.019707	0.000000	0.000000	2.058407
-149.801331	-79.227180	68.769218	0.000000	0.000000	1.458407
34.754807	-49.222691	6.552042	0.000000	0.000000	0.000000
76.249100	-145.320938	87.479927	0.000000	0.000000	3.058407
18.761925	-247.925186	87.479927	0.000000	0.000000	2.858407
-42.869137	-264.439178	87.479927	0.000000	0.000000	2.458407
-42.869137	-264.439178	87.479927	0.000000	0.000000	2.458407
-57.860294	-264.439178	86.168373	0.000000	0.000000	2.458407
-156.310562	-198.943741	76.019707	0.000000	0.000000	2.058407
-149.801331	-79.227180	68.769218	0.000000	0.000000	1.458407
34.754807	-49.222691	6.552042	0.000000	0.000000	0.000000
76.249100	-145.320938	87.479927	0.000000	0.000000	3.058407
18.761925	-247.925186	87.479927	0.000000	0.000000	2.858407
-42.869137	-264.439178	87.479927	0.000000	0.000000	2.458407
-42.869137	-264.439178	87.479927	0.000000	0.000000	2.458407
-57.860294	-264.439178	86.168373	0.000000	0.000000	2.458407
-156.310562	-198.943741	76.019707	0.000000	0.000000	2.058407
-149.801331	-79.227180	68.769218	0.000000	0.000000	1.458407
34.754807	-49.222691	6.552042	0.000000	0.000000	0.000000
76.249100	-145.320938	87.479927	0.000000	0.000000	3.058407
18.761925	-247.925186	87.479927	0.000000	0.000000	2.858407
-42.869137	-264.439178	87.479927	0.000000	0.000000	2.458407
-42.869137	-264.439178	87.479927	0.000000	0.000000	2.458407
-57.860294	-264.439178	86.168373	0.000000	0.000000	2.458407
-156.310562	-198.943741	76.019707	0.000000	0.000000	2.058407
-149.801331	-79.227180	68.769218	0.000000	0.000000	1.458407
34.754807	-49.222691	6.552042	0.000000	0.000000	0.000000
76.249100	-145.320938	87.479927	0.000000	0.000000	3.058407
18.761925	-247.925186	87.479927	0.000000	0.000000	2.858407
-42.869137	-264.439178	87.479927	0.000000	0.000000	2.458407
-42.869137	-264.439178	87.479927	0.000000	0.000000	2.458407
-57.860294	-264.439178	86.168373	0.000000	0.000000	2.458407
-156.310562	-198.943741	76.019707	0.000000	0.000000	2.058407
-149.801331	-79.227180	68.769218	0.000000	0.000000	1.458407
34.754807	-49.222691	6.552042	0.000000	0.000000	0.000000
76.249100	-145.320938	87.479927	0.000000	0.000000	3.058407
18.761925	-247.925186	87.479927	0.000000	0.000000	2.858407
-42.869137	-264.439178	87.479927	0.000000	0.000000	2.458407
-42.869137	-264.439178	87.479927	0.000000	0.000000	2.458407
-57.860294	-264.439178	86.168373	0.000000	0.000000	2.458407
-156.310562	-198.943741	76.019707	0.000000	0.000000	2.058407
-149.801331	-79.227180	68.769218	0.000000	0.000000	1.458407
34.754807	-49.222691	6.552042	0.000000	0.000000	0.000000
76.249100	-145.320938	87.479927	0.000000	0.000000	3.058407
18.761925	-247.925186	87.479927	0.000000	0.000000	2.858407
-42.869137	-264.439178	87.479927	0.000000	0.000000	2.458407
-42.869137	-264.439178	87.479927	0.000000	0.000000	2.458407
-57.860294	-264.439178	86.168373	0.000000	0.000000	2.458407
-156.310562	-198.943741	76.019707	0.000000	0.000000	2.058407
-149.801331	-79.227180	68.769218	0.000000	0.000000	1.458407
34.754807	-49.222691	6.552042	0.000000	0.000000	0.000000
76.249100	-145.320938	87.479927	0.000000	0.000000	3.058407
18.761925	-247.925186	87.479927	0.000000	0.000000	2.858407
-42.869137	-264.439178	87.479927	0.000000	0.000000	2.458407
-42.869137	-264.439178	87.479927	0.000000	0.000000	2.458407
-57.860294	-264.439178	86.168373	0.000000	0.000000	2.458407
-156.310562	-198.943741	76.019707	0.000000	0.000000	2.058407
-149.801331	-79.227180	68.769218	0.000000	0.000000	1.458407
34.754807	-49.222691	6.552042	0.000000	0.000000	0.000000
76.249100	-145.320938	87.479927	0.000000	0.000000	3.058407
18.761925	-247.925186	87.479927	0.000000	0.000000	2.858407
-42.869137	-264.439178	87.479927	0.000000	0.000000	2.458407
-42.869137	-264.439178	87.479927	0.000000	0.000000	2.458407
-57.860294	-264.439178	86.168373	0.000000	0.000000	2.458407
-156.310562	-198.943741	76.019707	0.000000	0.000000	2.058407
-149.801331	-79.227180	68.769218	0.000000	0.000000	1.458407
34.754807	-49.222691	6.552042	0.000000	0.000000	0.000000
76.249100	-145.320938	87.479927	0.000000	0.000000	3.058407
18.761925	-247.925186	87.479927	0.000000	0.000000	2.858407
-42.869137	-264.439178	87.479927	0.000000	0.000000	2.458407
-42.869137	-264.439178	87.479927	0.000000	0.000000	2.458407
-57.860294	-264.439178	86.168373	0.000000	0.000000	2.458407
-156.310562	-198.943741	76.019707	0.000000	0.000000	2.058407
-149.801331	-79.227180	68.769218	0.000000	0.000000	1.458407
34.754807	-49.222691	6.552042	0.000000	0.000000	0.000000
76.249100	-145.320938	87.479927	0.000000	0.000000	3.058407
18.761925	-247.925186	87.479927	0.000000	0.000000	2.858407
-42.869137	-264.439178	87.479927	0.000000	0.000000	2.458407
-42.869137	-264.439178	87.479927	0.000000	0.000000	2.458407
-57.860294	-264.439178	86.168373	0.000000	0.000000	2.458407
-156.310562	-198.943741	76.019707	0.000000	0.000000	2.058407
-149.801331	-79.227180	68.769218	0.000000	0.000000	1.458407
34.754807	-49.222691	6.552042	0.000000	0.000000	0.000000
76.249100	-145.320938	87.479927	0.000000	0.000000	3.058407
18.761925	-247.925186	87.479927	0.000000	0.000000	2.858407
-42.869137	-264.439178	87.479927	0.000000	0.000000	2.458407
-42.869137	-264.439178	87.479927	0.000000	0.000000	2.458407
-57.860294	-264.439178	86.168373	0.000000	0.000000	2.458407
-156.310562	-198.943741	76.019707	0.000000	0.000000	2.058407
-149.801331	-79.227180	68.769218	0.000000	0.000000	1.458407
