98.295731	163.190659	16.458096	0.000000	0.000000	-1.141593
107.591515	48.879459	15.745393	0.000000	0.000000	3.058407
-113.725273	92.618256	-82.290741	0.000000	0.000000	-0.541593
-62.373116	192.034607	-89.912933	0.000000	0.000000	-0.741593
13.242992	212.295883	-89.912933	0.000000	0.000000	-0.941593
20.319515	216.381516	-78.243156	0.000000	0.000000	-0.941593
57.628857	212.295883	-26.523352	0.000000	0.000000	-0.941593
98.295731	163.190659	16.458096	0.000000	0.000000	-1.141593
107.591515	48.879459	15.745393	0.000000	0.000000	3.058407
-113.725273	92.618256	-82.290741	0.000000	0.000000	-0.541593
-62.373116	192.034607	-89.912933	0.000000	0.000000	-0.741593
13.242992	212.295883	-89.912933	0.000000	0.000000	-0.941593
20.319515	216.381516	-78.243156	0.000000	0.000000	-0.941593
57.628857	212.295883	-26.523352	0.000000	0.000000	-0.941593
98.295731	163.190659	16.458096	0.000000	0.000000	-1.141593
107.591515	48.879459	15.745393	0.000000	0.000000	3.058407
-113.725273	92.618256	-82.290741	0.000000	0.000000	-0.541593
-62.373116	192.034607	-89.912933	0.000000	0.000000	-0.741593
13.242992	212.295883	-89.912933	0.000000	0.000000	-0.941593
20.319515	216.381516	-78.243156	0.000000	0.000000	-0.941593
57.628857	212.295883	-26.523352	0.000000	0.000000	-0.941593
98.295731	163.190659	16.458096	0.000000	0.000000	-1.141593
107.591515	48.879459	15.745393	0.000000	0.000000	3.058407
-113.725273	92.618256	-82.290741	0.000000	0.000000	-0.541593
-62.373116	192.034607	-89.912933	0.000000	0.000000	-0.741593
13.242992	212.295883	-89.912933	0.000000	0.000000	-0.941593
20.319515	216.381516	-78.243156	0.000000	0.000000	-0.941593
57.628857	212.295883	-26.523352	0.000000	0.000000	-0.941593
98.295731	163.190659	16.458096	0.000000	0.000000	-1.141593
107.591515	48.879459	15.745393	0.000000	0.000000	3.058407
-113.725273	92.618256	-82.290741	0.000000	0.000000	-0.541593
-62.373116	192.034607	-89.912933	0.000000	0.000000	-0.741593
13.242992	212.295883	-89.912933	0.000000	0.000000	-0.941593
20.319515	216.381516	-78.243156	0.000000	0.000000	-0.941593
57.628857	212.295883	-26.523352	0.000000	0.000000	-0.941593
98.295731	163.190659	16.458096	0.000000	0.000000	-1.141593
107.591515	48.879459	15.745393	0.000000	0.000000	3.058407
-113.725273	92.618256	-82.290741	0.000000	0.000000	-0.541593
-62.373116	192.034607	-89.912933	0.000000	0.000000	-0.741593
13.242992	212.295883	-89.912933	0.000000	0.000000	-0.941593
20.319515	216.381516	-78.243156	0.000000	0.000000	-0.941593
57.628857	212.295883	-26.523352	0.000000	0.000000	-0.941593
98.295731	163.190659	16.458096	0.000000	0.000000	-1.141593
107.591515	48.879459	15.745393	0.000000	0.000000	3.058407
-113.725273	92.618256	-82.290741	0.000000	0.000000	-0.541593
-62.373116	192.034607	-89.912933	0.000000	0.000000	-0.741593
13.242992	212.295883	-89.912933	0.000000	0.000000	-0.941593
20.319515	216.381516	-78.243156	0.000000	0.000000	-0.941593
57.628857	212.295883	-26.523352	0.000000	0.000000	-0.941593
98.295731	163.190659	16.458096	0.000000	0.000000	-1.141593
107.591515	48.879459	15.745393	0.000000	0.000000	3.058407
-113.725273	92.618256	-82.290741	0.000000	0.000000	-0.541593
-62.373116	192.034607	-89.912933	0.000000	0.000000	-0.741593
13.242992	212.295883	-89.912933	0.000000	0.000000	-0.941593
20.319515	216.381516	-78.243156	0.000000	0.000000	-0.941593
57.628857	212.295883	-26.523352	0.000000	0.000000	-0.941593
98.295731	163.190659	16.458096	0.000000	0.000000	-1.141593
107.591515	48.879459	15.745393	0.000000	0.000000	3.058407
-113.725273	92.618256	-82.290741	0.000000	0.000000	-0.541593
-62.373116	192.034607	-89.912933	0.000000	0.000000	-0.741593
13.242992	212.295883	-89.912933	0.000000	0.000000	-0.941593
20.319515	216.381516	-78.243156	0.000000	0.000000	-0.941593
57.628857	212.295883	-26.523352	0.000000	0.000000	-0.941593
98.295731	163.190659	16.458096	0.000000	0.000000	-1.141593
107.591515	48.879459	15.745393	0.000000	0.000000	3.058407
-113.725273	92.618256	-82.290741	0.000000	0.000000	-0.541593
-62.373116	192.034607	-89.912933	0.000000	0.000000	-0.741593
13.242992	212.295883	-89.912933	0.000000	0.000000	-0.941593
20.319515	216.381516	-78.243156	0.000000	0.000000	-0.941593
57.628857	212.295883	-26.523352	0.000000	0.000000	-0.941593
98.295731	163.190659	16.458096	0.000000	0.000000	-1.141593
107.591515	48.879459	15.745393	0.000000	0.000000	3.058407
-113.725273	92.618256	-82.290741	0.000000	0.000000	-0.541593
-62.373116	192.034607	-89.912933	0.000000	0.000000	-0.741593
13.242992	212.295883	-89.912933	0.000000	0.000000	-0.941593
20.319515	216.381516	-78.243156	0.000000	0.000000	-0.941593
57.628857	212.295883	-26.523352	0.000000	0.000000	-0.941593
98.295731	163.190659	16.458096	0.000000	0.000000	-1.141593
107.591515	48.879459	15.745393	0.000000	0.000000	3.058407
-113.725273	92.618256	-82.290741	0.000000	0.000000	-0.541593
-62.373116	192.034607	-89.912933	0.000000	0.000000	-0.741593
13.242992	212.295883	-89.912933	0.000000	0.000000	-0.941593
20.319515	216.381516	-78.243156	0.000000	0.000000	-0.941593
57.628857	212.295883	-26.523352	0.000000	0.000000	-0.941593
98.295731	163.190659	16.458096	0.000000	0.000000	-1.141593
107.591515	48.879459	15.745393	0.000000	0.000000	3.058407
-113.725273	92.618256	-82.290741	0.000000	0.000000	-0.541593
-62.373116	192.034607	-89.912933	0.000000	0.000000	-0.741593
13.242992	212.295883	-89.912933	0.000000	0.000000	-0.941593
20.319515	216.381516	-78.243156	0.000000	0.000000	-0.941593
57.628857	212.295883	-26.523352	0.000000	0.000000	-0.941593
98.295731	163.190659	16.458096	0.000000	0.000000	-1.141593
107.591515	48.879459	15.745393	0.000000	0.000000	3.058407
-113.725273	92.618256	-82.290741	0.000000	0.000000	-0.541593
-62.373116	192.034607	-89.912933	0.000000	0.000000	-0.741593
13.242992	212.295883	-89.912933	0.000000	0.000000	-0.941593
20.319515	216.381516	-78.243156	0.000000	0.000000	-0.941593
57.628857	212.295883	-26.523352	0.000000	0.000000	-0.941593
98.295731	163.190659	16.458096	0.000000	0.000000	-1.141593
107.591515	48.879459	15.745393	0.000000	0.000000	3.058407
-113.725273	92.618256	-82.290741	0.000000	0.000000	-0.541593
-62.373116	192.034607	-89.912933	0.000000	0.000000	-0.741593
13.242992	212.295883	-89.912933	0.000000	0.000000	-0.941593
20.319515	216.381516	-78.243156	0.000000	0.000000	-0.941593
57.628857	212.295883	-26.523352	0.000000	0.000000	-0.941593
98.295731	163.190659	16.458096	0.000000	0.000000	-1.141593
107.591515	48.879459	15.745393	0.000000	0.000000	3.058407
-113.725273	92.618256	-82.290741	0.000000	0.000000	-0.541593
-62.373116	192.034607	-89.912933	0.000000	0.000000	-0.741593
13.242992	212.295883	-89.912933	0.000000	0.000000	-0.941593
20.319515	216.381516	-78.243156	0.000000	0.000000	-0.941593
57.628857	212.295883	-26.523352	0.000000	0.000000	-0.941593
98.295731	163.190659	16.458096	0.000000	0.000000	-1.141593
107.591515	48.879459	15.745393	0.000000	0.000000	3.058407
-113.725273	92.618256	-82.290741	0.000000	0.000000	-0.541593
-62.373116	192.034607	-89.912933	0.000000	0.000000	-0.741593
13.242992	212.295883	-89.912933	0.000000	0.000000	-0.941593
20.319515	216.381516	-78.243156	0.000000	0.000000	-0.941593
57.628857	212.295883	-26.523352	0.000000	0.000000	-0.941593
98.295731	163.190659	16.458096	0.000000	0.000000	-1.141593
107.591515	48.879459	15.745393	0.000000	0.000000	3.058407
-113.725273	92.618256	-82.290741	0.000000	0.000000	-0.541593
-62.373116	192.034607	-89.912933	0.000000	0.000000	-0.741593
13.242992	212.295883	-89.912933	0.000000	0.000000	-0.941593
20.319515	216.381516	-78.243156	0.000000	0.000000	-0.941593
57.628857	212.295883	-26.523352	0.000000	0.000000	-0.941593
98.295731	163.190659	16.458096	0.000000	0.000000	-1.141593
107.591515	48.879459	15.745393	0.000000	0.000000	3.058407
-113.725273	92.618256	-82.290741	0.000000	0.000000	-0.541593
-62.373116	192.034607	-89.912933	0.000000	0.000000	-0.741593
13.242992	212.295883	-89.912933	0.000000	0.000000	-0.941593
20.319515	216.381516	-78.243156	0.000000	0.000000	-0.941593
57.628857	212.295883	-26.523352	0.000000	0.000000	-0.941593
98.295731	163.190659	16.458096	0.000000	0.000000	-1.141593
107.591515	48.879459	15.745393	0.000000	0.000000	3.058407
-113.725273	92.618256	-82.290741	0.000000	0.000000	-0.541593
-62.373116	192.034607	-89.912933	0.000000	0.000000	-0.741593
13.242992	212.295883	-89.912933	0.000000	0.000000	-0.941593
20.319515	216.381516	-78.243156	0.000000	0.000000	-0.941593
57.628857	212.295883	-26.523352	0.000000	0.000000	-0.941593
