-15.946231	-30.064730	28.363737	0	0	0.66627604	0.74570519
-15.985699	-30.104471	28.359575	0	0	-0.070737201	0.99749499
-15.903183	-30.021841	28.371067	0	0	0.029199523	0.9995736
-16.022575	-30.142010	28.357960	0	0	0.66627604	0.74570519
-15.855117	-29.976049	28.382042	0	0	0.66627604	0.74570519
-15.800940	-29.927328	28.398201	0	0	0.66627604	0.74570519
-15.739285	-29.876612	28.421917	0	0	0.029199523	0.9995736
-15.666780	-29.823505	28.457659	0	0	0.66627604	0.74570519
-15.578591	-29.769995	28.512638	0	0	0.73739371	0.67546319
-15.452847	-29.724230	28.619581	0	0	0.73739371	0.67546319
-15.304341	-29.683554	28.755856	0	0	0.029199523	0.9995736
-15.139390	-29.647844	28.904091	0	0	0.029199523	0.9995736
-14.961981	-29.614746	29.054062	0	0	0.66627604	0.74570519
-14.720882	-29.620077	29.206627	0	0	0.94222235	0.33498812
-14.584581	-29.656105	29.191837	0	0	0.50484609	0.86320938
-14.456247	-29.693392	29.171997	0	0	0.97095818	0.23924928
-14.292986	-29.754375	29.072609	0	0	0.97095818	0.23924928
-14.304695	-29.732544	29.143084	0	0	0.32328956	0.94630009
-14.171606	-29.681864	28.839157	0	0	0.029199523	0.9995736
-14.220098	-29.654827	29.001877	0	0	0.32328956	0.94630009
-14.024734	-30.579592	28.363737	0	0	0.58850112	0.8084964
-14.037313	-30.626539	28.359575	0	0	0.58850112	0.8084964
-14.011127	-30.528814	28.371067	0	0	0.66627604	0.74570519
-14.049168	-30.670782	28.357960	0	0	0.58850112	0.8084964
-13.996460	-30.474075	28.382042	0	0	0.58850112	0.8084964
-13.980651	-30.415073	28.398201	0	0	0.58850112	0.8084964
-13.963841	-30.352341	28.421917	0	0	0.66627604	0.74570519
-13.945708	-30.284664	28.457659	0	0	0.58850112	0.8084964
-13.926423	-30.212692	28.512638	0	0	0.58850112	0.8084964
-16.035557	-28.027895	28.478394	0	0	0.94222235	0.33498812
-16.097923	-28.029890	28.152454	0	0	0.029199523	0.9995736
-13.906559	-30.138557	28.619581	0	0	0.58850112	0.8084964
-16.261900	-28.133219	27.699352	0	0	0.22720209	0.97384763
-15.988076	-28.029797	28.740633	0	0	0	1
-13.886441	-30.063478	28.755856	0	0	0.66627604	0.74570519
-13.866465	-29.988924	28.904091	0	0	0.97095818	0.23924928
-13.810140	-29.778719	28.839157	0	0	0.94222235	0.33498812
-13.846306	-29.913691	29.054062	0	0	0.58850112	0.8084964
-13.836399	-29.876719	29.072609	0	0	0.97095818	0.23924928
-16.429844	-28.223732	27.172213	0	0	0.1288445	0.99166481
-13.806629	-29.765617	29.001877	0	0	0.32328956	0.94630009
-13.831725	-29.859276	29.143084	0	0	0.41614682	0.90929743
-13.832089	-29.860636	29.171997	0	0	0.97095818	0.23924928
-13.831365	-29.857927	29.191837	0	0	0.58850112	0.8084964
-13.831488	-29.858389	29.206627	0	0	0.97095818	0.23924928
-16.365219	-28.819338	26.336414	0	0	0.58850112	0.8084964
-13.839462	-29.888151	27.009468	0	0	0.97095818	0.23924928
-17.912285	-30.003860	26.559441	0	0	0	1
-13.592845	-28.967764	27.178230	0	0	0.73739371	0.67546319
-13.501839	-28.628122	27.790569	0	0	0.73739371	0.67546319
-13.482426	-28.555672	28.217716	0	0	0.73739371	0.67546319
-13.475756	-28.530779	28.546629	0	0	0.22720209	0.97384763
-13.475593	-28.530170	28.805077	0	0	0.22720209	0.97384763
-13.741452	-29.522373	26.336414	0	0	0.58850112	0.8084964
-17.644783	-29.272264	24.181702	0	0	0.66627604	0.74570519
-13.940399	-30.264853	24.181702	0	0	0.66627604	0.74570519
-14.354741	-27.498646	24.096851	0	0	0.66627604	0.74570519
-13.276603	-27.787531	24.096851	0	0	0.66627604	0.74570519
-12.657050	-26.851702	31.766888	0	0	0.66627604	0.74570519
-12.302641	-22.985500	27.715975	0	0	0.94222235	0.33498812
-9.146817	-26.851702	32.073994	0	0	0.66627604	0.74570519
-12.133440	-22.295673	25.782001	0	0	0.32328956	0.94630009
-12.073745	-22.225357	25.812305	0	0	0.32328956	0.94630009
-11.654773	-21.734777	26.037071	0	0	0	1
-16.566303	-40.064861	25.113371	0	0	0.80114363	0.59847213
-10.353547	-20.689638	28.705408	0	0	0	1
-14.271805	-31.890530	14.917812	0	0	0.97095818	0.23924928
-25.498232	-39.369701	24.480234	0	0	0.90407214	0.42737988
-11.887959	-27.089886	15.325736	0	0	0.97095818	0.23924928
-1.299516	-26.140154	28.363737	0	0	0.80114363	0.59847213
-1.292224	-26.167368	28.359575	0	0	0.80114363	0.59847213
-1.307354	-26.110899	28.371067	0	0	0.80114363	0.59847213
-1.285310	-26.193172	28.357960	0	0	0.80114363	0.59847213
-1.315582	-26.080193	28.382042	0	0	0.80114363	0.59847213
-1.324133	-26.048279	28.398201	0	0	0.80114363	0.59847213
-1.332682	-26.016375	28.421917	0	0	0.80114363	0.59847213
-1.341102	-25.984951	28.457659	0	0	0.80114363	0.59847213
-1.348572	-25.957073	28.512638	0	0	0.80114363	0.59847213
-1.351590	-25.945810	28.619581	0	0	0.80114363	0.59847213
-1.351811	-25.944984	28.755856	0	0	0.80114363	0.59847213
-1.276355	-26.226593	28.839157	0	0	0.80114363	0.59847213
-1.349689	-25.952906	28.904091	0	0	0.80114363	0.59847213
-1.286362	-26.189243	29.001877	0	0	0.80114363	0.59847213
-1.346079	-25.966375	29.054062	0	0	0.80114363	0.59847213
-1.266358	-26.263901	29.072609	0	0	0.73739371	0.67546319
-1.272600	-26.240604	29.143084	0	0	0.80114363	0.59847213
-1.292540	-26.166187	29.171997	0	0	0.73739371	0.67546319
-1.310459	-26.099314	29.191837	0	0	0.80114363	0.59847213
-1.328596	-26.031624	29.206627	0	0	0.73739371	0.67546319
-1.800516	-24.270397	27.178230	0	0	0.85688874	0.51550139
-1.908994	-23.865549	28.217716	0	0	0.85688874	0.51550139
-1.909442	-23.863876	28.546629	0	0	0.73739371	0.67546319
-1.900523	-23.897163	28.805077	0	0	0.73739371	0.67546319
-1.638930	-24.873442	26.336414	0	0	0.80114363	0.59847213
-1.930181	-23.786478	27.790569	0	0	0.80114363	0.59847213
-2.071235	-23.260057	27.009468	0	0	0.58850112	0.8084964
-1.647298	-24.842213	32.073994	0	0	0.80114363	0.59847213
-1.611413	-24.976137	24.181702	0	0	0.85688874	0.51550139
-0.492161	-29.153242	25.113371	0	0	0.80114363	0.59847213
-1.834427	-24.143837	24.096851	0	0	0.85688874	0.51550139
-12.088154	-34.796387	12.945752	0	0	0.50484609	0.86320938
-17.004684	-41.700920	15.495329	0	0	0.85688874	0.51550139
-13.234904	-29.571316	10.936110	0	0	0.97095818	0.23924928
-13.703557	-29.380945	10.601681	0	0	0.66627604	0.74570519
-18.940845	-27.977617	10.601681	0	0	0.73739371	0.67546319
-11.501964	-26.683384	10.188742	0	0	0.97095818	0.23924928
-27.237423	-39.409920	15.327232	0	0	0.90407214	0.42737988
-4.674217	-13.545597	29.717800	0	0	0.97095818	0.23924928
-1.771374	-24.379156	15.325736	0	-0	-1	-4.371139e-08
-4.800094	-13.075817	27.108900	0	0	0	1
-0.730900	-28.262255	14.917812	0	0	0.80114363	0.59847213
0.047036	-31.165554	15.495328	0	0	0.80114363	0.59847213
0.141840	-31.519367	12.945752	0	0	0.80114363	0.59847213
-1.241245	-26.357624	10.936110	0	0	0.97095818	0.23924928
-2.021895	-23.444199	10.601681	0	0	0.73739371	0.67546319
-1.847143	-24.096382	10.188743	0	-0	-1	-4.371139e-08
1.218426	-12.900073	28.363737	0	0	0.94222235	0.33498812
1.218563	-12.900210	28.359575	0	0	0.90407214	0.42737988
1.218894	-12.900541	28.357960	0	0	0.94222235	0.33498812
1.218505	-12.900152	28.371067	0	0	0.90407214	0.42737988
1.219643	-12.901290	28.382042	0	0	0.94222235	0.33498812
1.222371	-12.904018	28.398201	0	0	0.94222235	0.33498812
1.227840	-12.909487	28.421917	0	0	0.90407214	0.42737988
1.237539	-12.919187	28.457659	0	0	0.94222235	0.33498812
1.254879	-12.936526	28.512638	0	0	0.94222235	0.33498812
1.294868	-12.976516	28.619581	0	0	0.94222235	0.33498812
1.348782	-13.030430	28.755856	0	0	0.90407214	0.42737988
1.413403	-13.095051	28.904091	0	0	0.90407214	0.42737988
1.485559	-13.167206	29.054062	0	0	0.94222235	0.33498812
1.608773	-13.290421	29.206627	0	0	0.90407214	0.42737988
1.694938	-13.376585	29.191837	0	0	0.94222235	0.33498812
1.914306	-13.595953	28.839157	0	0	0.94222235	0.33498812
1.876541	-13.558188	29.001877	0	0	0.94222235	0.33498812
1.777749	-13.459396	29.171997	0	0	0.90407214	0.42737988
1.889871	-13.571519	29.072609	0	0	0.90407214	0.42737988
1.873101	-13.554749	29.143084	0	0	0.94222235	0.33498812
-0.125291	-11.556356	28.805077	0	0	0.90407214	0.42737988
-0.167943	-11.513704	28.546629	0	0	0.90407214	0.42737988
-0.184044	-11.497603	28.217716	0	0	0.94222235	0.33498812
0.027610	-11.709257	27.178230	0	0	0.94222235	0.33498812
-0.337340	-11.344308	27.790569	0	0	0.94222235	0.33498812
0.386236	-12.067883	26.336414	0	0	0.94222235	0.33498812
0.731129	-12.412776	24.096851	0	0	0.94222235	0.33498812
-1.912240	-9.769407	28.967014	0	0	0.98999249	0.14112005
3.011619	-14.693266	32.073994	0	0	0.94222235	0.33498812
-0.027083	-11.654564	24.181702	0	0	0.97095818	0.23924928
-10.856488	-30.566303	4.197930	0	0	0.58850112	0.8084964
-1.927220	-9.754427	27.009468	0	0	0.85688874	0.51550139
-2.212913	-9.468735	26.117905	0	0	0	1
-1.904832	-9.776815	25.113371	0	0	0.90407214	0.42737988
1.760140	-13.441787	15.325736	0	0	0.80114363	0.59847213
-0.550999	-11.130649	15.495329	0	0	0.94222235	0.33498812
2.968539	-14.650187	14.917812	0	0	0.94222235	0.33498812
0.164421	-6.552042	26.845415	0	0	0.97095818	0.23924928
0.163120	-6.551694	26.837008	0	0	0.94222235	0.33498812
0.166264	-6.552536	26.857323	0	0	0	1
0.162250	-6.551461	26.831387	0	0	0.97095818	0.23924928
0.166891	-6.552704	26.861372	0	0	0	1
0.168756	-6.553204	26.873425	0	0	0.97095818	0.23924928
0.172155	-6.554115	26.895384	0	0	0	1
0.176856	-6.555374	26.925760	0	0	0	1
0.183610	-6.557184	26.969400	0	0	0	1
0.193630	-6.559869	27.034147	0	0	0	1
0.207581	-6.563607	27.124287	0	0	0.94222235	0.33498812
0.212417	-6.564903	27.155537	0	0	0.97095818	0.23924928
0.116265	-6.539139	26.534260	0	0	0.94222235	0.33498812
0.236194	-6.571274	27.309164	0	0	0	1
0.262190	-6.578239	27.477133	0	0	0.94222235	0.33498812
0.275205	-6.581727	27.561232	0	0	0	1
0.044713	-6.519967	26.071934	0	0	0.94222235	0.33498812
0.287919	-6.585134	27.643377	0	0	-0.99500417	0.099833397
0.288755	-6.585358	27.648783	0	0	0	1
0.298457	-6.587957	27.711470	0	0	0	1
0.308050	-6.590528	27.773457	0	0	0.94222235	0.33498812
0.317440	-6.593043	27.834124	0	0	0	1
0.318275	-6.593267	27.839520	0	0	0	1
0.318617	-6.593359	27.841728	0	0	0	1
0.318853	-6.593422	27.843258	0	0	0.94222235	0.33498812
-0.038184	-6.497755	25.536304	0	0	0.97095818	0.23924928
-0.833174	-27.880564	4.197930	0	0	0.73739371	0.67546319
-0.154127	-6.466688	24.787155	0	0	0	1
-0.159063	-6.465365	24.755260	0	0	0.97095818	0.23924928
-0.179190	-6.459972	24.625216	0	0	0	1
-0.458310	-6.385182	22.821720	0	0	0.97095818	0.23924928
-0.511240	-6.370999	22.479715	0	0	0	1
0.862951	-6.739213	31.358875	0	0	0.99913515	0.041580682
-0.586412	-6.350857	21.994005	0	0	0.94222235	0.33498812
-18.808546	-48.433025	5.777347	0	0	0.1288445	0.99166481
5.513292	-17.194939	12.945752	0	-0	-1	-4.371139e-08
1.629619	-37.071835	5.777347	0	0	0.94222235	0.33498812
2.327382	-14.009029	10.936110	0	0	0.97095818	0.23924928
-1.322437	-10.359210	10.601681	0	0	0.90407214	0.42737988
1.749886	-13.431534	10.188743	0	0	0.58850112	0.8084964
-29.789740	-45.490623	5.777347	0	0	0.029199523	0.9995736
-1.726753	-6.045304	14.625834	0	0	0	1
-1.813936	-6.021943	14.062513	0	0	0.97095818	0.23924928
-2.007891	-5.969973	12.809296	0	0	0.94222235	0.33498812
-2.042326	-5.960746	12.586798	0	-0	-1	-4.371139e-08
-29.863420	-39.329674	0.926657	0	0	0.85688874	0.51550139
-29.865889	-39.333504	0.929203	0	0	0	1
-29.885082	-39.363281	0.948993	0	0	0.85688874	0.51550139
-29.840599	-39.294262	0.903123	0	0	0	1
-29.905985	-39.395718	0.970549	0	0	0.85688874	0.51550139
-29.816486	-39.256851	0.878260	0	0	0.85688874	0.51550139
-29.791187	-39.217594	0.852171	0	0	0.85688874	0.51550139
-29.765266	-39.177376	0.825441	0	0	0.85688874	0.51550139
-29.738861	-39.136406	0.798213	0	0	0.85688874	0.51550139
-29.713247	-39.096661	0.771799	0	0	0.85688874	0.51550139
-29.693905	-39.066650	0.751854	0	0	0.85688874	0.51550139
-29.678003	-39.041977	0.735456	0	0	0.85688874	0.51550139
-29.662905	-39.018551	0.719887	0	0	0.85688874	0.51550139
-29.646328	-38.992828	0.702793	0	0	0.85688874	0.51550139
-29.629438	-38.966625	0.685378	0	0	0.85688874	0.51550139
-29.608046	-38.933430	0.663317	0	0	0.85688874	0.51550139
-29.587706	-38.901871	0.642343	0	0	0.85688874	0.51550139
-29.560726	-38.860008	0.614522	0	0	0.85688874	0.51550139
-29.549429	-38.842480	0.602872	0	0	0.85688874	0.51550139
-29.482264	-38.738266	0.533613	0	0	0.85688874	0.51550139
-29.443270	-38.677761	0.493402	0	0	0.85688874	0.51550139
-29.253485	-38.383289	0.297698	0	0	0.85688874	0.51550139
-29.202961	-38.304893	0.245598	0	0	0.85688874	0.51550139
-29.142426	-38.210968	0.183175	0	0	0.85688874	0.51550139
-29.110456	-38.161362	0.150209	0	0	0.85688874	0.51550139
-29.057850	-38.079739	0.095961	0	0	0.85688874	0.51550139
-29.057327	-38.078926	0.095422	0	0	0.85688874	0.51550139
-29.003740	-37.995777	0.040163	0	0	0.85688874	0.51550139
-28.083269	-36.567562	-0.909017	0	0	0.66627604	0.74570519
-27.632748	-35.868526	-1.373589	0	0	0.85688874	0.51550139
-32.625355	-43.615135	3.774734	0	0	0.85688874	0.51550139
-27.086502	-35.020962	-1.936872	0	0	0.58850112	0.8084964
-27.021290	-34.919777	-2.004118	0	0	0.50484609	0.86320938
-33.103897	-44.357651	4.268202	0	0	-0.070737201	0.99749499
-7.339369	-10.598475	3.302282	0	0	0	1
-5.773170	-8.974761	5.007914	0	0	0	1
-9.920771	-13.274673	0.491070	0	0	0	1
-2.405041	-5.863557	10.243163	0	0	0	1
2.009619	-13.691266	5.777347	0	0	0.97095818	0.23924928
-5.690926	-8.998211	4.770019	0	0	0	1
-25.712137	-32.888474	-3.354103	0	0	0	1
-25.688122	-32.851215	-3.378866	0	0	0.029199523	0.9995736
-2.495415	-5.839342	9.659225	0	0	0.85688874	0.51550139
-25.437677	-32.462620	-3.637123	0	0	0.85688874	0.51550139
-34.333500	-46.265518	5.536155	0	0	0	1
-4.437481	-7.714288	6.088206	0	0	0	1
-25.066116	-31.886099	-4.020274	0	0	0.85688874	0.51550139
-2.598727	-5.811659	8.991687	0	0	0.90407214	0.42737988
-24.916115	-31.653355	-4.174953	0	0	0.85688874	0.51550139
-4.023523	-7.338495	6.378271	0	0	0.80114363	0.59847213
-2.696771	-5.785388	8.358191	0	0	0.97095818	0.23924928
2.819501	-1.965120	22.183458	0	0	0.97095818	0.23924928
2.815963	-1.966068	22.168407	0	0	0.94222235	0.33498812
2.823972	-1.963922	22.202482	0	0	0.94222235	0.33498812
2.813157	-1.966820	22.156469	0	0	0.97095818	0.23924928
2.829554	-1.962426	22.226231	0	0	0.97095818	0.23924928
2.836646	-1.960526	22.256405	0	0	0.97095818	0.23924928
2.845833	-1.958064	22.295492	0	0	0.94222235	0.33498812
2.793142	-1.972183	22.071312	0	0	0.94222235	0.33498812
2.858287	-1.954727	22.348482	0	0	0.97095818	0.23924928
2.868748	-1.951924	22.392990	0	0	0.94222235	0.33498812
2.875834	-1.950025	22.423140	0	0	0	1
2.906762	-1.941738	22.554728	0	0	0.97095818	0.23924928
2.929388	-1.935676	22.650993	0	0	0.94222235	0.33498812
2.945315	-1.931408	22.718756	0	0	0	1
2.682604	-2.001801	21.601009	0	0	0.94222235	0.33498812
2.987310	-1.920156	22.897430	0	0	0	1
3.022900	-1.910619	23.048853	0	0	0.97095818	0.23924928
3.030303	-1.908636	23.080353	0	0	0.97095818	0.23924928
3.056856	-1.901521	23.193325	0	0	0	1
3.067358	-1.898707	23.238008	0	0	0.94222235	0.33498812
2.564861	-2.033350	21.100054	0	0	0.90407214	0.42737988
3.076657	-1.896215	23.277571	0	0	0.94222235	0.33498812
3.079981	-1.895325	23.291712	0	0	0	1
3.081750	-1.894850	23.299240	0	0	0	1
3.082691	-1.894598	23.303246	0	0	0.97095818	0.23924928
2.555609	-2.035830	21.060686	0	0	0.97095818	0.23924928
2.365194	-2.086851	20.250536	0	0	0.97095818	0.23924928
3.318012	-1.831544	24.304455	0	0	-0.82533563	0.56464246
2.317443	-2.099646	20.047375	0	0	0.90407214	0.42737988
4.014083	-15.695731	4.197930	0	0	0.98999249	0.14112005
1.991550	-2.186969	18.660807	0	0	0	1
1.814003	-2.234542	17.905405	0	0	0.97095818	0.23924928
4.042318	-1.637467	27.386133	0	-0	-1	-4.371139e-08
-23.503872	-29.462095	-5.631243	0	0	0	1
1.329549	-2.364351	15.844217	0	0	0.94222235	0.33498812
-23.325306	-29.185032	-5.815377	0	0	0.66627604	0.74570519
-2.181132	-5.923553	6.893355	0	0	0	1
0.349884	-2.626852	11.676075	0	0	0	1
-1.570234	-6.087243	5.157903	0	0	0	1
0.684660	-2.537149	11.265432	0	0	0	1
2.596796	-2.024793	8.919964	0	0	-0.76484218	0.64421769
-19.414650	-23.117193	-9.848005	0	0	0.32328956	0.94630009
-19.414650	-23.117193	-9.848005	0	0	0.029199523	0.9995736
-19.414650	-23.117193	-9.848005	0	0	0.73739371	0.67546319
-19.414650	-23.117193	-9.848005	0	0	0.22720209	0.97384763
-19.481293	-23.311117	-10.296593	0	0	0.73739371	0.67546319
-19.509569	-23.393394	-10.486921	0	0	0.029199523	0.9995736
-9.202096	-45.262394	-7.723413	0	0	0.32328956	0.94630009
-9.096005	-15.847523	-8.936035	0	0	0	1
-17.022289	-22.032091	-11.444928	0	0	0.029199523	0.9995736
3.014004	-7.194319	0.144925	0	0	0.73739371	0.67546319
-1.912907	-17.913132	-8.609281	0	0	0.50484609	0.86320938
5.640489	-0.950397	8.146732	0	0	-0.76484218	0.64421769
-11.465612	-21.028824	-12.455052	0	0	0.90407214	0.42737988
-8.761868	-24.373920	-12.755251	0	0	0.73739371	0.67546319
5.259771	-1.311252	5.653501	0	0	0.85688874	0.51550139
5.259771	-1.311252	5.653501	0	0	-0.76484218	0.64421769
-3.146231	-24.373920	-12.263947	0	0	0.73739371	0.67546319
-1.864781	-24.030558	-12.263947	0	0	0.73739371	0.67546319
3.144989	-14.992954	-8.098316	0	0	0.58850112	0.8084964
3.228148	-14.909795	-8.098316	0	0	0.58850112	0.8084964
-4.278027	-15.024200	-12.455052	0	0	0.97095818	0.23924928
2.366082	-7.141975	-6.024457	0	0	0	1
-0.875363	-10.806285	-10.469648	0	0	0	1
5.055556	-7.862618	-8.098316	0	0	0.80114363	0.59847213
4.773021	-16.454668	-12.263947	0	0	0.73739371	0.67546319
4.207051	-7.635262	-11.254317	0	0	0	1
17.213524	-51.574581	-5.560319	0	0	0.50484609	0.86320938
28.146551	-45.262394	-4.455830	0	0	0.58850112	0.8084964
30.863649	-42.545296	-4.455830	0	0	0.66627604	0.74570519
35.949692	-16.140676	-4.455830	0	0	0.80114363	0.59847213
-65.246094	-95.360489	30.952068	0	0	0.85688874	0.51550139
20.377161	2.739441	96.885376	0	0	0	1
48.269333	10.213126	67.254196	0	0	0	1
13.491398	-10.122995	112.955963	0	0	-0.95533648	0.29552023
12.566510	-24.248158	119.930313	0	0	-0.99500417	0.099833397
11.137283	-72.554916	119.930313	0	-0	-1	-4.371139e-08
-79.949165	-117.043510	52.574543	0	0	0	1
-31.412214	-95.470551	119.930313	0	0	0.97095818	0.23924928
-48.884708	-92.798080	119.181168	0	0	0.94222235	0.33498812
-13.215816	-208.380936	38.153610	0	0	0.94222235	0.33498812
172.236710	-52.658676	50.728085	0	0	0.99913515	0.041580682
109.334320	-220.607330	48.588741	0	0	0.99913515	0.041580682
130.511063	-208.380936	50.728085	0	0	0.99913515	0.041580682
163.605179	-175.286819	50.728085	0	0	0.99913515	0.041580682
