76.548721	-41.091068	-56.878353	0.000000	0.000000	0.000000
133.012451	-157.737564	-6.812787	0.000000	0.000000	3.058407
58.046093	-256.826172	-6.812787	0.000000	0.000000	2.658407
25.094494	-265.655518	-6.812787	0.000000	0.000000	2.658407
25.094494	-265.655518	-6.812787	0.000000	0.000000	2.658407
-23.477913	-265.655518	-11.062322	0.000000	0.000000	2.458407
-117.774002	-183.170349	-18.716351	0.000000	0.000000	1.858407
-93.526894	-59.171719	-15.325163	0.000000	0.000000	1.458407
76.548721	-41.091068	-56.878353	0.000000	0.000000	0.000000
133.012451	-157.737564	-6.812787	0.000000	0.000000	3.058407
58.046093	-256.826172	-6.812787	0.000000	0.000000	2.658407
25.094494	-265.655518	-6.812787	0.000000	0.000000	2.658407
25.094494	-265.655518	-6.812787	0.000000	0.000000	2.658407
-23.477913	-265.655518	-11.062322	0.000000	0.000000	2.458407
-117.774002	-183.170349	-18.716351	0.000000	0.000000	1.858407
-93.526894	-59.171719	-15.325163	0.000000	0.000000	1.458407
76.548721	-41.091068	-56.878353	0.000000	0.000000	0.000000
133.012451	-157.737564	-6.812787	0.000000	0.000000	3.058407
58.046093	-256.826172	-6.812787	0.000000	0.000000	2.658407
25.094494	-265.655518	-6.812787	0.000000	0.000000	2.658407
25.094494	-265.655518	-6.812787	0.000000	0.000000	2.658407
-23.477913	-265.655518	-11.062322	0.000000	0.000000	2.458407
-117.774002	-183.170349	-18.716351	0.000000	0.000000	1.858407
-93.526894	-59.171719	-15.325163	0.000000	0.000000	1.458407
76.548721	-41.091068	-56.878353	0.000000	0.000000	0.000000
133.012451	-157.737564	-6.812787	0.000000	0.000000	3.058407
58.046093	-256.826172	-6.812787	0.000000	0.000000	2.658407
25.094494	-265.655518	-6.812787	0.000000	0.000000	2.658407
25.094494	-265.655518	-6.812787	0.000000	0.000000	2.658407
-23.477913	-265.655518	-11.062322	0.000000	0.000000	2.458407
-117.774002	-183.170349	-18.716351	0.000000	0.000000	1.858407
-93.526894	-59.171719	-15.325163	0.000000	0.000000	1.458407
76.548721	-41.091068	-56.878353	0.000000	0.000000	0.000000
133.012451	-157.737564	-6.812787	0.000000	0.000000	3.058407
58.046093	-256.826172	-6.812787	0.000000	0.000000	2.658407
25.094494	-265.655518	-6.812787	0.000000	0.000000	2.658407
25.094494	-265.655518	-6.812787	0.000000	0.000000	2.658407
-23.477913	-265.655518	-11.062322	0.000000	0.000000	2.458407
-117.774002	-183.170349	-18.716351	0.000000	0.000000	1.858407
-93.526894	-59.171719	-15.325163	0.000000	0.000000	1.458407
76.548721	-41.091068	-56.878353	0.000000	0.000000	0.000000
133.012451	-157.737564	-6.812787	0.000000	0.000000	3.058407
58.046093	-256.826172	-6.812787	0.000000	0.000000	2.658407
25.094494	-265.655518	-6.812787	0.000000	0.000000	2.658407
25.094494	-265.655518	-6.812787	0.000000	0.000000	2.658407
-23.477913	-265.655518	-11.062322	0.000000	0.000000	2.458407
-117.774002	-183.170349	-18.716351	0.000000	0.000000	1.858407
-93.526894	-59.171719	-15.325163	0.000000	0.000000	1.458407
76.548721	-41.091068	-56.878353	0.000000	0.000000	0.000000
133.012451	-157.737564	-6.812787	0.000000	0.000000	3.058407
58.046093	-256.826172	-6.812787	0.000000	0.000000	2.658407
25.094494	-265.655518	-6.812787	0.000000	0.000000	2.658407
25.094494	-265.655518	-6.812787	0.000000	0.000000	2.658407
-23.477913	-265.655518	-11.062322	0.000000	0.000000	2.458407
-117.774002	-183.170349	-18.716351	0.000000	0.000000	1.858407
-93.526894	-59.171719	-15.325163	0.000000	0.000000	1.458407
76.548721	-41.091068	-56.878353	0.000000	0.000000	0.000000
133.012451	-157.737564	-6.812787	0.000000	0.000000	3.058407
58.046093	-256.826172	-6.812787	0.000000	0.000000	2.658407
25.094494	-265.655518	-6.812787	0.000000	0.000000	2.658407
25.094494	-265.655518	-6.812787	0.000000	0.000000	2.658407
-23.477913	-265.655518	-11.062322	0.000000	0.000000	2.458407
-117.774002	-183.170349	-18.716351	0.000000	0.000000	1.858407
-93.526894	-59.171719	-15.325163	0.000000	0.000000	1.458407
76.548721	-41.091068	-56.878353	0.000000	0.000000	0.000000
133.012451	-157.737564	-6.812787	0.000000	0.000000	3.058407
58.046093	-256.826172	-6.812787	0.000000	0.000000	2.658407
25.094494	-265.655518	-6.812787	0.000000	0.000000	2.658407
25.094494	-265.655518	-6.812787	0.000000	0.000000	2.658407
-23.477913	-265.655518	-11.062322	0.000000	0.000000	2.458407
-117.774002	-183.170349	-18.716351	0.000000	0.000000	1.858407
-93.526894	-59.171719	-15.325163	0.000000	0.000000	1.458407
76.548721	-41.091068	-56.878353	0.000000	0.000000	0.000000
133.012451	-157.737564	-6.812787	0.000000	0.000000	3.058407
58.046093	-256.826172	-6.812787	0.000000	0.000000	2.658407
25.094494	-265.655518	-6.812787	0.000000	0.000000	2.658407
25.094494	-265.655518	-6.812787	0.000000	0.000000	2.658407
-23.477913	-265.655518	-11.062322	0.000000	0.000000	2.458407
-117.774002	-183.170349	-18.716351	0.000000	0.000000	1.858407
-93.526894	-59.171719	-15.325163	0.000000	0.000000	1.458407
76.548721	-41.091068	-56.878353	0.000000	0.000000	0.000000
133.012451	-157.737564	-6.812787	0.000000	0.000000	3.058407
58.046093	-256.826172	-6.812787	0.000000	0.000000	2.658407
25.094494	-265.655518	-6.812787	0.000000	0.000000	2.658407
25.094494	-265.655518	-6.812787	0.000000	0.000000	2.658407
-23.477913	-265.655518	-11.062322	0.000000	0.000000	2.458407
-117.774002	-183.170349	-18.716351	0.000000	0.000000	1.858407
-93.526894	-59.171719	-15.325163	0.000000	0.000000	1.458407
76.548721	-41.091068	-56.878353	0.000000	0.000000	0.000000
133.012451	-157.737564	-6.812787	0.000000	0.000000	3.058407
58.046093	-256.826172	-6.812787	0.000000	0.000000	2.658407
25.094494	-265.655518	-6.812787	0.000000	0.000000	2.658407
25.094494	-265.655518	-6.812787	0.000000	0.000000	2.658407
-23.477913	-265.655518	-11.062322	0.000000	0.000000	2.458407
-117.774002	-183.170349	-18.716351	0.000000	0.000000	1.858407
-93.526894	-59.171719	-15.325163	0.000000	0.000000	1.458407
76.548721	-41.091068	-56.878353	0.000000	0.000000	0.000000
133.012451	-157.737564	-6.812787	0.000000	0.000000	3.058407
58.046093	-256.826172	-6.812787	0.000000	0.000000	2.658407
25.094494	-265.655518	-6.812787	0.000000	0.000000	2.658407
25.094494	-265.655518	-6.812787	0.000000	0.000000	2.658407
-23.477913	-265.655518	-11.062322	0.000000	0.000000	2.458407
-117.774002	-183.170349	-18.716351	0.000000	0.000000	1.858407
-93.526894	-59.171719	-15.325163	0.000000	0.000000	1.458407
76.548721	-41.091068	-56.878353	0.000000	0.000000	0.000000
133.012451	-157.737564	-6.812787	0.000000	0.000000	3.058407
58.046093	-256.826172	-6.812787	0.000000	0.000000	2.658407
25.094494	-265.655518	-6.812787	0.000000	0.000000	2.658407
25.094494	-265.655518	-6.812787	0.000000	0.000000	2.658407
-23.477913	-265.655518	-11.062322	0.000000	0.000000	2.458407
-117.774002	-183.170349	-18.716351	0.000000	0.000000	1.858407
-93.526894	-59.171719	-15.325163	0.000000	0.000000	1.458407
76.548721	-41.091068	-56.878353	0.000000	0.000000	0.000000
133.012451	-157.737564	-6.812787	0.000000	0.000000	3.058407
58.046093	-256.826172	-6.812787	0.000000	0.000000	2.658407
25.094494	-265.655518	-6.812787	0.000000	0.000000	2.658407
25.094494	-265.655518	-6.812787	0.000000	0.000000	2.658407
-23.477913	-265.655518	-11.062322	0.000000	0.000000	2.458407
-117.774002	-183.170349	-18.716351	0.000000	0.000000	1.858407
-93.526894	-59.171719	-15.325163	0.000000	0.000000	1.458407
76.548721	-41.091068	-56.878353	0.000000	0.000000	0.000000
133.012451	-157.737564	-6.812787	0.000000	0.000000	3.058407
58.046093	-256.826172	-6.812787	0.000000	0.000000	2.658407
25.094494	-265.655518	-6.812787	0.000000	0.000000	2.658407
25.094494	-265.655518	-6.812787	0.000000	0.000000	2.658407
-23.477913	-265.655518	-11.062322	0.000000	0.000000	2.458407
-117.774002	-183.170349	-18.716351	0.000000	0.000000	1.858407
-93.526894	-59.171719	-15.325163	0.000000	0.000000	1.458407
76.548721	-41.091068	-56.878353	0.000000	0.000000	0.000000
133.012451	-157.737564	-6.812787	0.000000	0.000000	3.058407
58.046093	-256.826172	-6.812787	0.000000	0.000000	2.658407
25.094494	-265.655518	-6.812787	0.000000	0.000000	2.658407
25.094494	-265.655518	-6.812787	0.000000	0.000000	2.658407
-23.477913	-265.655518	-11.062322	0.000000	0.000000	2.458407
-117.774002	-183.170349	-18.716351	0.000000	0.000000	1.858407
-93.526894	-59.171719	-15.325163	0.000000	0.000000	1.458407
76.548721	-41.091068	-56.878353	0.000000	0.000000	0.000000
133.012451	-157.737564	-6.812787	0.000000	0.000000	3.058407
58.046093	-256.826172	-6.812787	0.000000	0.000000	2.658407
25.094494	-265.655518	-6.812787	0.000000	0.000000	2.658407
25.094494	-265.655518	-6.812787	0.000000	0.000000	2.658407
-23.477913	-265.655518	-11.062322	0.000000	0.000000	2.458407
-117.774002	-183.170349	-18.716351	0.000000	0.000000	1.858407
-93.526894	-59.171719	-15.325163	0.000000	0.000000	1.458407
76.548721	-41.091068	-56.878353	0.000000	0.000000	0.000000
133.012451	-157.737564	-6.812787	0.000000	0.000000	3.058407
58.046093	-256.826172	-6.812787	0.000000	0.000000	2.658407
25.094494	-265.655518	-6.812787	0.000000	0.000000	2.658407
25.094494	-265.655518	-6.812787	0.000000	0.000000	2.658407
-23.477913	-265.655518	-11.062322	0.000000	0.000000	2.458407
-117.774002	-183.170349	-18.716351	0.000000	0.000000	1.858407
-93.526894	-59.171719	-15.325163	0.000000	0.000000	1.458407
76.548721	-41.091068	-56.878353	0.000000	0.000000	0.000000
133.012451	-157.737564	-6.812787	0.000000	0.000000	3.058407
58.046093	-256.826172	-6.812787	0.000000	0.000000	2.658407
25.094494	-265.655518	-6.812787	0.000000	0.000000	2.658407
25.094494	-265.655518	-6.812787	0.000000	0.000000	2.658407
-23.477913	-265.655518	-11.062322	0.000000	0.000000	2.458407
-117.774002	-183.170349	-18.716351	0.000000	0.000000	1.858407
-93.526894	-59.171719	-15.325163	0.000000	0.000000	1.458407
