97.863365	214.059616	-110.927856	0.000000	1.728098	68.664757	-67.704704
1.728098	68.664757	-67.704704	-1.741593	-49.799477	107.771545	-80.690353
-49.799477	107.771545	-80.690353	-1.341593	-109.430740	115.071899	-93.083534
-109.430740	115.071899	-93.083534	-1.141593	-173.307907	87.164833	-97.795204
-173.307907	87.164833	-97.795204	-0.741593	-212.735199	21.275698	-97.056351
-212.735199	21.275698	-97.056351	-0.141593	-205.369324	-53.847603	-91.677361
-205.369324	-53.847603	-91.677361	0.458407	-159.136765	-107.539276	-81.927330
-159.136765	-107.539276	-81.927330	1.058407	-115.880516	-192.717377	-119.522041
-115.880516	-192.717377	-119.522041	1.458407	28.414322	-136.530960	-64.767570
97.863365	214.059616	-110.927856	0.000000	1.728098	68.664757	-67.704704
1.728098	68.664757	-67.704704	-1.741593	-49.799477	107.771545	-80.690353
-49.799477	107.771545	-80.690353	-1.341593	-109.430740	115.071899	-93.083534
-109.430740	115.071899	-93.083534	-1.141593	-173.307907	87.164833	-97.795204
-173.307907	87.164833	-97.795204	-0.741593	-212.735199	21.275698	-97.056351
-212.735199	21.275698	-97.056351	-0.141593	-205.369324	-53.847603	-91.677361
-205.369324	-53.847603	-91.677361	0.458407	-159.136765	-107.539276	-81.927330
-159.136765	-107.539276	-81.927330	1.058407	-115.880516	-192.717377	-119.522041
-115.880516	-192.717377	-119.522041	1.458407	28.414322	-136.530960	-64.767570
97.863365	214.059616	-110.927856	0.000000	1.728098	68.664757	-67.704704
1.728098	68.664757	-67.704704	-1.741593	-49.799477	107.771545	-80.690353
-49.799477	107.771545	-80.690353	-1.341593	-109.430740	115.071899	-93.083534
-109.430740	115.071899	-93.083534	-1.141593	-173.307907	87.164833	-97.795204
-173.307907	87.164833	-97.795204	-0.741593	-212.735199	21.275698	-97.056351
-212.735199	21.275698	-97.056351	-0.141593	-205.369324	-53.847603	-91.677361
-205.369324	-53.847603	-91.677361	0.458407	-159.136765	-107.539276	-81.927330
-159.136765	-107.539276	-81.927330	1.058407	-115.880516	-192.717377	-119.522041
-115.880516	-192.717377	-119.522041	1.458407	28.414322	-136.530960	-64.767570
97.863365	214.059616	-110.927856	0.000000	1.728098	68.664757	-67.704704
1.728098	68.664757	-67.704704	-1.741593	-49.799477	107.771545	-80.690353
-49.799477	107.771545	-80.690353	-1.341593	-109.430740	115.071899	-93.083534
-109.430740	115.071899	-93.083534	-1.141593	-173.307907	87.164833	-97.795204
-173.307907	87.164833	-97.795204	-0.741593	-212.735199	21.275698	-97.056351
-212.735199	21.275698	-97.056351	-0.141593	-205.369324	-53.847603	-91.677361
-205.369324	-53.847603	-91.677361	0.458407	-159.136765	-107.539276	-81.927330
-159.136765	-107.539276	-81.927330	1.058407	-115.880516	-192.717377	-119.522041
-115.880516	-192.717377	-119.522041	1.458407	28.414322	-136.530960	-64.767570
97.863365	214.059616	-110.927856	0.000000	1.728098	68.664757	-67.704704
1.728098	68.664757	-67.704704	-1.741593	-49.799477	107.771545	-80.690353
-49.799477	107.771545	-80.690353	-1.341593	-109.430740	115.071899	-93.083534
-109.430740	115.071899	-93.083534	-1.141593	-173.307907	87.164833	-97.795204
-173.307907	87.164833	-97.795204	-0.741593	-212.735199	21.275698	-97.056351
-212.735199	21.275698	-97.056351	-0.141593	-205.369324	-53.847603	-91.677361
-205.369324	-53.847603	-91.677361	0.458407	-159.136765	-107.539276	-81.927330
-159.136765	-107.539276	-81.927330	1.058407	-115.880516	-192.717377	-119.522041
-115.880516	-192.717377	-119.522041	1.458407	28.414322	-136.530960	-64.767570
97.863365	214.059616	-110.927856	0.000000	1.728098	68.664757	-67.704704
1.728098	68.664757	-67.704704	-1.741593	-49.799477	107.771545	-80.690353
-49.799477	107.771545	-80.690353	-1.341593	-109.430740	115.071899	-93.083534
-109.430740	115.071899	-93.083534	-1.141593	-173.307907	87.164833	-97.795204
-173.307907	87.164833	-97.795204	-0.741593	-212.735199	21.275698	-97.056351
-212.735199	21.275698	-97.056351	-0.141593	-205.369324	-53.847603	-91.677361
-205.369324	-53.847603	-91.677361	0.458407	-159.136765	-107.539276	-81.927330
-159.136765	-107.539276	-81.927330	1.058407	-115.880516	-192.717377	-119.522041
-115.880516	-192.717377	-119.522041	1.458407	28.414322	-136.530960	-64.767570
97.863365	214.059616	-110.927856	0.000000	1.728098	68.664757	-67.704704
1.728098	68.664757	-67.704704	-1.741593	-49.799477	107.771545	-80.690353
-49.799477	107.771545	-80.690353	-1.341593	-109.430740	115.071899	-93.083534
-109.430740	115.071899	-93.083534	-1.141593	-173.307907	87.164833	-97.795204
-173.307907	87.164833	-97.795204	-0.741593	-212.735199	21.275698	-97.056351
-212.735199	21.275698	-97.056351	-0.141593	-205.369324	-53.847603	-91.677361
-205.369324	-53.847603	-91.677361	0.458407	-159.136765	-107.539276	-81.927330
-159.136765	-107.539276	-81.927330	1.058407	-115.880516	-192.717377	-119.522041
-115.880516	-192.717377	-119.522041	1.458407	28.414322	-136.530960	-64.767570
97.863365	214.059616	-110.927856	0.000000	1.728098	68.664757	-67.704704
1.728098	68.664757	-67.704704	-1.741593	-49.799477	107.771545	-80.690353
-49.799477	107.771545	-80.690353	-1.341593	-109.430740	115.071899	-93.083534
-109.430740	115.071899	-93.083534	-1.141593	-173.307907	87.164833	-97.795204
-173.307907	87.164833	-97.795204	-0.741593	-212.735199	21.275698	-97.056351
-212.735199	21.275698	-97.056351	-0.141593	-205.369324	-53.847603	-91.677361
-205.369324	-53.847603	-91.677361	0.458407	-159.136765	-107.539276	-81.927330
-159.136765	-107.539276	-81.927330	1.058407	-115.880516	-192.717377	-119.522041
-115.880516	-192.717377	-119.522041	1.458407	28.414322	-136.530960	-64.767570
97.863365	214.059616	-110.927856	0.000000	1.728098	68.664757	-67.704704
1.728098	68.664757	-67.704704	-1.741593	-49.799477	107.771545	-80.690353
-49.799477	107.771545	-80.690353	-1.341593	-109.430740	115.071899	-93.083534
-109.430740	115.071899	-93.083534	-1.141593	-173.307907	87.164833	-97.795204
-173.307907	87.164833	-97.795204	-0.741593	-212.735199	21.275698	-97.056351
-212.735199	21.275698	-97.056351	-0.141593	-205.369324	-53.847603	-91.677361
-205.369324	-53.847603	-91.677361	0.458407	-159.136765	-107.539276	-81.927330
-159.136765	-107.539276	-81.927330	1.058407	-115.880516	-192.717377	-119.522041
-115.880516	-192.717377	-119.522041	1.458407	28.414322	-136.530960	-64.767570
97.863365	214.059616	-110.927856	0.000000	1.728098	68.664757	-67.704704
1.728098	68.664757	-67.704704	-1.741593	-49.799477	107.771545	-80.690353
-49.799477	107.771545	-80.690353	-1.341593	-109.430740	115.071899	-93.083534
-109.430740	115.071899	-93.083534	-1.141593	-173.307907	87.164833	-97.795204
-173.307907	87.164833	-97.795204	-0.741593	-212.735199	21.275698	-97.056351
-212.735199	21.275698	-97.056351	-0.141593	-205.369324	-53.847603	-91.677361
-205.369324	-53.847603	-91.677361	0.458407	-159.136765	-107.539276	-81.927330
-159.136765	-107.539276	-81.927330	1.058407	-115.880516	-192.717377	-119.522041
-115.880516	-192.717377	-119.522041	1.458407	28.414322	-136.530960	-64.767570
97.863365	214.059616	-110.927856	0.000000	1.728098	68.664757	-67.704704
1.728098	68.664757	-67.704704	-1.741593	-49.799477	107.771545	-80.690353
-49.799477	107.771545	-80.690353	-1.341593	-109.430740	115.071899	-93.083534
-109.430740	115.071899	-93.083534	-1.141593	-173.307907	87.164833	-97.795204
-173.307907	87.164833	-97.795204	-0.741593	-212.735199	21.275698	-97.056351
-212.735199	21.275698	-97.056351	-0.141593	-205.369324	-53.847603	-91.677361
-205.369324	-53.847603	-91.677361	0.458407	-159.136765	-107.539276	-81.927330
-159.136765	-107.539276	-81.927330	1.058407	-115.880516	-192.717377	-119.522041
-115.880516	-192.717377	-119.522041	1.458407	28.414322	-136.530960	-64.767570
97.863365	214.059616	-110.927856	0.000000	1.728098	68.664757	-67.704704
1.728098	68.664757	-67.704704	-1.741593	-49.799477	107.771545	-80.690353
-49.799477	107.771545	-80.690353	-1.341593	-109.430740	115.071899	-93.083534
-109.430740	115.071899	-93.083534	-1.141593	-173.307907	87.164833	-97.795204
-173.307907	87.164833	-97.795204	-0.741593	-212.735199	21.275698	-97.056351
-212.735199	21.275698	-97.056351	-0.141593	-205.369324	-53.847603	-91.677361
-205.369324	-53.847603	-91.677361	0.458407	-159.136765	-107.539276	-81.927330
-159.136765	-107.539276	-81.927330	1.058407	-115.880516	-192.717377	-119.522041
-115.880516	-192.717377	-119.522041	1.458407	28.414322	-136.530960	-64.767570
97.863365	214.059616	-110.927856	0.000000	1.728098	68.664757	-67.704704
1.728098	68.664757	-67.704704	-1.741593	-49.799477	107.771545	-80.690353
-49.799477	107.771545	-80.690353	-1.341593	-109.430740	115.071899	-93.083534
-109.430740	115.071899	-93.083534	-1.141593	-173.307907	87.164833	-97.795204
-173.307907	87.164833	-97.795204	-0.741593	-212.735199	21.275698	-97.056351
-212.735199	21.275698	-97.056351	-0.141593	-205.369324	-53.847603	-91.677361
-205.369324	-53.847603	-91.677361	0.458407	-159.136765	-107.539276	-81.927330
-159.136765	-107.539276	-81.927330	1.058407	-115.880516	-192.717377	-119.522041
-115.880516	-192.717377	-119.522041	1.458407	28.414322	-136.530960	-64.767570
97.863365	214.059616	-110.927856	0.000000	1.728098	68.664757	-67.704704
1.728098	68.664757	-67.704704	-1.741593	-49.799477	107.771545	-80.690353
-49.799477	107.771545	-80.690353	-1.341593	-109.430740	115.071899	-93.083534
-109.430740	115.071899	-93.083534	-1.141593	-173.307907	87.164833	-97.795204
-173.307907	87.164833	-97.795204	-0.741593	-212.735199	21.275698	-97.056351
-212.735199	21.275698	-97.056351	-0.141593	-205.369324	-53.847603	-91.677361
-205.369324	-53.847603	-91.677361	0.458407	-159.136765	-107.539276	-81.927330
-159.136765	-107.539276	-81.927330	1.058407	-115.880516	-192.717377	-119.522041
-115.880516	-192.717377	-119.522041	1.458407	28.414322	-136.530960	-64.767570
97.863365	214.059616	-110.927856	0.000000	1.728098	68.664757	-67.704704
1.728098	68.664757	-67.704704	-1.741593	-49.799477	107.771545	-80.690353
-49.799477	107.771545	-80.690353	-1.341593	-109.430740	115.071899	-93.083534
-109.430740	115.071899	-93.083534	-1.141593	-173.307907	87.164833	-97.795204
-173.307907	87.164833	-97.795204	-0.741593	-212.735199	21.275698	-97.056351
-212.735199	21.275698	-97.056351	-0.141593	-205.369324	-53.847603	-91.677361
-205.369324	-53.847603	-91.677361	0.458407	-159.136765	-107.539276	-81.927330
-159.136765	-107.539276	-81.927330	1.058407	-115.880516	-192.717377	-119.522041
-115.880516	-192.717377	-119.522041	1.458407	28.414322	-136.530960	-64.767570
97.863365	214.059616	-110.927856	0.000000	1.728098	68.664757	-67.704704
1.728098	68.664757	-67.704704	-1.741593	-49.799477	107.771545	-80.690353
-49.799477	107.771545	-80.690353	-1.341593	-109.430740	115.071899	-93.083534
-109.430740	115.071899	-93.083534	-1.141593	-173.307907	87.164833	-97.795204
-173.307907	87.164833	-97.795204	-0.741593	-212.735199	21.275698	-97.056351
-212.735199	21.275698	-97.056351	-0.141593	-205.369324	-53.847603	-91.677361
-205.369324	-53.847603	-91.677361	0.458407	-159.136765	-107.539276	-81.927330
-159.136765	-107.539276	-81.927330	1.058407	-115.880516	-192.717377	-119.522041
-115.880516	-192.717377	-119.522041	1.458407	28.414322	-136.530960	-64.767570
97.863365	214.059616	-110.927856	0.000000	1.728098	68.664757	-67.704704
1.728098	68.664757	-67.704704	-1.741593	-49.799477	107.771545	-80.690353
-49.799477	107.771545	-80.690353	-1.341593	-109.430740	115.071899	-93.083534
-109.430740	115.071899	-93.083534	-1.141593	-173.307907	87.164833	-97.795204
-173.307907	87.164833	-97.795204	-0.741593	-212.735199	21.275698	-97.056351
-212.735199	21.275698	-97.056351	-0.141593	-205.369324	-53.847603	-91.677361
-205.369324	-53.847603	-91.677361	0.458407	-159.136765	-107.539276	-81.927330
-159.136765	-107.539276	-81.927330	1.058407	-115.880516	-192.717377	-119.522041
-115.880516	-192.717377	-119.522041	1.458407	28.414322	-136.530960	-64.767570
97.863365	214.059616	-110.927856	0.000000	1.728098	68.664757	-67.704704
1.728098	68.664757	-67.704704	-1.741593	-49.799477	107.771545	-80.690353
-49.799477	107.771545	-80.690353	-1.341593	-109.430740	115.071899	-93.083534
-109.430740	115.071899	-93.083534	-1.141593	-173.307907	87.164833	-97.795204
-173.307907	87.164833	-97.795204	-0.741593	-212.735199	21.275698	-97.056351
-212.735199	21.275698	-97.056351	-0.141593	-205.369324	-53.847603	-91.677361
-205.369324	-53.847603	-91.677361	0.458407	-159.136765	-107.539276	-81.927330
-159.136765	-107.539276	-81.927330	1.058407	-115.880516	-192.717377	-119.522041
-115.880516	-192.717377	-119.522041	1.458407	28.414322	-136.530960	-64.767570
97.863365	214.059616	-110.927856	0.000000	1.728098	68.664757	-67.704704
1.728098	68.664757	-67.704704	-1.741593	-49.799477	107.771545	-80.690353
-49.799477	107.771545	-80.690353	-1.341593	-109.430740	115.071899	-93.083534
-109.430740	115.071899	-93.083534	-1.141593	-173.307907	87.164833	-97.795204
-173.307907	87.164833	-97.795204	-0.741593	-212.735199	21.275698	-97.056351
-212.735199	21.275698	-97.056351	-0.141593	-205.369324	-53.847603	-91.677361
-205.369324	-53.847603	-91.677361	0.458407	-159.136765	-107.539276	-81.927330
-159.136765	-107.539276	-81.927330	1.058407	-115.880516	-192.717377	-119.522041
-115.880516	-192.717377	-119.522041	1.458407	28.414322	-136.530960	-64.767570
97.863365	214.059616	-110.927856	0.000000	1.728098	68.664757	-67.704704
1.728098	68.664757	-67.704704	-1.741593	-49.799477	107.771545	-80.690353
-49.799477	107.771545	-80.690353	-1.341593	-109.430740	115.071899	-93.083534
-109.430740	115.071899	-93.083534	-1.141593	-173.307907	87.164833	-97.795204
-173.307907	87.164833	-97.795204	-0.741593	-212.735199	21.275698	-97.056351
-212.735199	21.275698	-97.056351	-0.141593	-205.369324	-53.847603	-91.677361
-205.369324	-53.847603	-91.677361	0.458407	-159.136765	-107.539276	-81.927330
-159.136765	-107.539276	-81.927330	1.058407	-115.880516	-192.717377	-119.522041
-115.880516	-192.717377	-119.522041	1.458407	28.414322	-136.530960	-64.767570
