-46.999428	-0.867989	94.864044	-2.741593	-145.460480	-141.606262	80.142174
-145.460480	-141.606262	80.142174	2.058407	-65.489410	-229.491531	89.198990
-65.489410	-229.491531	89.198990	2.658407	6.761274	-229.491531	95.520103
6.761274	-229.491531	95.520103	2.858407	6.761274	-229.491531	95.520103
6.761274	-229.491531	95.520103	2.858407	6.761274	-229.491531	95.520103
6.761274	-229.491531	95.520103	2.858407	88.036034	-148.216766	95.520103
88.036034	-148.216766	95.520103	3.058407	59.014820	-34.478642	95.520103
59.014820	-34.478642	95.520103	3.058407	-53.267910	-102.066200	244.378189
-46.999428	-0.867989	94.864044	-2.741593	-145.460480	-141.606262	80.142174
-145.460480	-141.606262	80.142174	2.058407	-65.489410	-229.491531	89.198990
-65.489410	-229.491531	89.198990	2.658407	6.761274	-229.491531	95.520103
6.761274	-229.491531	95.520103	2.858407	6.761274	-229.491531	95.520103
6.761274	-229.491531	95.520103	2.858407	6.761274	-229.491531	95.520103
6.761274	-229.491531	95.520103	2.858407	88.036034	-148.216766	95.520103
88.036034	-148.216766	95.520103	3.058407	59.014820	-34.478642	95.520103
59.014820	-34.478642	95.520103	3.058407	-53.267910	-102.066200	244.378189
-46.999428	-0.867989	94.864044	-2.741593	-145.460480	-141.606262	80.142174
-145.460480	-141.606262	80.142174	2.058407	-65.489410	-229.491531	89.198990
-65.489410	-229.491531	89.198990	2.658407	6.761274	-229.491531	95.520103
6.761274	-229.491531	95.520103	2.858407	6.761274	-229.491531	95.520103
6.761274	-229.491531	95.520103	2.858407	6.761274	-229.491531	95.520103
6.761274	-229.491531	95.520103	2.858407	88.036034	-148.216766	95.520103
88.036034	-148.216766	95.520103	3.058407	59.014820	-34.478642	95.520103
59.014820	-34.478642	95.520103	3.058407	-53.267910	-102.066200	244.378189
-46.999428	-0.867989	94.864044	-2.741593	-145.460480	-141.606262	80.142174
-145.460480	-141.606262	80.142174	2.058407	-65.489410	-229.491531	89.198990
-65.489410	-229.491531	89.198990	2.658407	6.761274	-229.491531	95.520103
6.761274	-229.491531	95.520103	2.858407	6.761274	-229.491531	95.520103
6.761274	-229.491531	95.520103	2.858407	6.761274	-229.491531	95.520103
6.761274	-229.491531	95.520103	2.858407	88.036034	-148.216766	95.520103
88.036034	-148.216766	95.520103	3.058407	59.014820	-34.478642	95.520103
59.014820	-34.478642	95.520103	3.058407	-53.267910	-102.066200	244.378189
-46.999428	-0.867989	94.864044	-2.741593	-145.460480	-141.606262	80.142174
-145.460480	-141.606262	80.142174	2.058407	-65.489410	-229.491531	89.198990
-65.489410	-229.491531	89.198990	2.658407	6.761274	-229.491531	95.520103
6.761274	-229.491531	95.520103	2.858407	6.761274	-229.491531	95.520103
6.761274	-229.491531	95.520103	2.858407	6.761274	-229.491531	95.520103
6.761274	-229.491531	95.520103	2.858407	88.036034	-148.216766	95.520103
88.036034	-148.216766	95.520103	3.058407	59.014820	-34.478642	95.520103
59.014820	-34.478642	95.520103	3.058407	-53.267910	-102.066200	244.378189
-46.999428	-0.867989	94.864044	-2.741593	-145.460480	-141.606262	80.142174
-145.460480	-141.606262	80.142174	2.058407	-65.489410	-229.491531	89.198990
-65.489410	-229.491531	89.198990	2.658407	6.761274	-229.491531	95.520103
6.761274	-229.491531	95.520103	2.858407	6.761274	-229.491531	95.520103
6.761274	-229.491531	95.520103	2.858407	6.761274	-229.491531	95.520103
6.761274	-229.491531	95.520103	2.858407	88.036034	-148.216766	95.520103
88.036034	-148.216766	95.520103	3.058407	59.014820	-34.478642	95.520103
59.014820	-34.478642	95.520103	3.058407	-53.267910	-102.066200	244.378189
-46.999428	-0.867989	94.864044	-2.741593	-145.460480	-141.606262	80.142174
-145.460480	-141.606262	80.142174	2.058407	-65.489410	-229.491531	89.198990
-65.489410	-229.491531	89.198990	2.658407	6.761274	-229.491531	95.520103
6.761274	-229.491531	95.520103	2.858407	6.761274	-229.491531	95.520103
6.761274	-229.491531	95.520103	2.858407	6.761274	-229.491531	95.520103
6.761274	-229.491531	95.520103	2.858407	88.036034	-148.216766	95.520103
88.036034	-148.216766	95.520103	3.058407	59.014820	-34.478642	95.520103
59.014820	-34.478642	95.520103	3.058407	-53.267910	-102.066200	244.378189
-46.999428	-0.867989	94.864044	-2.741593	-145.460480	-141.606262	80.142174
-145.460480	-141.606262	80.142174	2.058407	-65.489410	-229.491531	89.198990
-65.489410	-229.491531	89.198990	2.658407	6.761274	-229.491531	95.520103
6.761274	-229.491531	95.520103	2.858407	6.761274	-229.491531	95.520103
6.761274	-229.491531	95.520103	2.858407	6.761274	-229.491531	95.520103
6.761274	-229.491531	95.520103	2.858407	88.036034	-148.216766	95.520103
88.036034	-148.216766	95.520103	3.058407	59.014820	-34.478642	95.520103
59.014820	-34.478642	95.520103	3.058407	-53.267910	-102.066200	244.378189
-46.999428	-0.867989	94.864044	-2.741593	-145.460480	-141.606262	80.142174
-145.460480	-141.606262	80.142174	2.058407	-65.489410	-229.491531	89.198990
-65.489410	-229.491531	89.198990	2.658407	6.761274	-229.491531	95.520103
6.761274	-229.491531	95.520103	2.858407	6.761274	-229.491531	95.520103
6.761274	-229.491531	95.520103	2.858407	6.761274	-229.491531	95.520103
6.761274	-229.491531	95.520103	2.858407	88.036034	-148.216766	95.520103
88.036034	-148.216766	95.520103	3.058407	59.014820	-34.478642	95.520103
59.014820	-34.478642	95.520103	3.058407	-53.267910	-102.066200	244.378189
-46.999428	-0.867989	94.864044	-2.741593	-145.460480	-141.606262	80.142174
-145.460480	-141.606262	80.142174	2.058407	-65.489410	-229.491531	89.198990
-65.489410	-229.491531	89.198990	2.658407	6.761274	-229.491531	95.520103
6.761274	-229.491531	95.520103	2.858407	6.761274	-229.491531	95.520103
6.761274	-229.491531	95.520103	2.858407	6.761274	-229.491531	95.520103
6.761274	-229.491531	95.520103	2.858407	88.036034	-148.216766	95.520103
88.036034	-148.216766	95.520103	3.058407	59.014820	-34.478642	95.520103
59.014820	-34.478642	95.520103	3.058407	-53.267910	-102.066200	244.378189
-46.999428	-0.867989	94.864044	-2.741593	-145.460480	-141.606262	80.142174
-145.460480	-141.606262	80.142174	2.058407	-65.489410	-229.491531	89.198990
-65.489410	-229.491531	89.198990	2.658407	6.761274	-229.491531	95.520103
6.761274	-229.491531	95.520103	2.858407	6.761274	-229.491531	95.520103
6.761274	-229.491531	95.520103	2.858407	6.761274	-229.491531	95.520103
6.761274	-229.491531	95.520103	2.858407	88.036034	-148.216766	95.520103
88.036034	-148.216766	95.520103	3.058407	59.014820	-34.478642	95.520103
59.014820	-34.478642	95.520103	3.058407	-53.267910	-102.066200	244.378189
-46.999428	-0.867989	94.864044	-2.741593	-145.460480	-141.606262	80.142174
-145.460480	-141.606262	80.142174	2.058407	-65.489410	-229.491531	89.198990
-65.489410	-229.491531	89.198990	2.658407	6.761274	-229.491531	95.520103
6.761274	-229.491531	95.520103	2.858407	6.761274	-229.491531	95.520103
6.761274	-229.491531	95.520103	2.858407	6.761274	-229.491531	95.520103
6.761274	-229.491531	95.520103	2.858407	88.036034	-148.216766	95.520103
88.036034	-148.216766	95.520103	3.058407	59.014820	-34.478642	95.520103
59.014820	-34.478642	95.520103	3.058407	-53.267910	-102.066200	244.378189
-46.999428	-0.867989	94.864044	-2.741593	-145.460480	-141.606262	80.142174
-145.460480	-141.606262	80.142174	2.058407	-65.489410	-229.491531	89.198990
-65.489410	-229.491531	89.198990	2.658407	6.761274	-229.491531	95.520103
6.761274	-229.491531	95.520103	2.858407	6.761274	-229.491531	95.520103
6.761274	-229.491531	95.520103	2.858407	6.761274	-229.491531	95.520103
6.761274	-229.491531	95.520103	2.858407	88.036034	-148.216766	95.520103
88.036034	-148.216766	95.520103	3.058407	59.014820	-34.478642	95.520103
59.014820	-34.478642	95.520103	3.058407	-53.267910	-102.066200	244.378189
-46.999428	-0.867989	94.864044	-2.741593	-145.460480	-141.606262	80.142174
-145.460480	-141.606262	80.142174	2.058407	-65.489410	-229.491531	89.198990
-65.489410	-229.491531	89.198990	2.658407	6.761274	-229.491531	95.520103
6.761274	-229.491531	95.520103	2.858407	6.761274	-229.491531	95.520103
6.761274	-229.491531	95.520103	2.858407	6.761274	-229.491531	95.520103
6.761274	-229.491531	95.520103	2.858407	88.036034	-148.216766	95.520103
88.036034	-148.216766	95.520103	3.058407	59.014820	-34.478642	95.520103
59.014820	-34.478642	95.520103	3.058407	-53.267910	-102.066200	244.378189
-46.999428	-0.867989	94.864044	-2.741593	-145.460480	-141.606262	80.142174
-145.460480	-141.606262	80.142174	2.058407	-65.489410	-229.491531	89.198990
-65.489410	-229.491531	89.198990	2.658407	6.761274	-229.491531	95.520103
6.761274	-229.491531	95.520103	2.858407	6.761274	-229.491531	95.520103
6.761274	-229.491531	95.520103	2.858407	6.761274	-229.491531	95.520103
6.761274	-229.491531	95.520103	2.858407	88.036034	-148.216766	95.520103
88.036034	-148.216766	95.520103	3.058407	59.014820	-34.478642	95.520103
59.014820	-34.478642	95.520103	3.058407	-53.267910	-102.066200	244.378189
-46.999428	-0.867989	94.864044	-2.741593	-145.460480	-141.606262	80.142174
-145.460480	-141.606262	80.142174	2.058407	-65.489410	-229.491531	89.198990
-65.489410	-229.491531	89.198990	2.658407	6.761274	-229.491531	95.520103
6.761274	-229.491531	95.520103	2.858407	6.761274	-229.491531	95.520103
6.761274	-229.491531	95.520103	2.858407	6.761274	-229.491531	95.520103
6.761274	-229.491531	95.520103	2.858407	88.036034	-148.216766	95.520103
88.036034	-148.216766	95.520103	3.058407	59.014820	-34.478642	95.520103
59.014820	-34.478642	95.520103	3.058407	-53.267910	-102.066200	244.378189
-46.999428	-0.867989	94.864044	-2.741593	-145.460480	-141.606262	80.142174
-145.460480	-141.606262	80.142174	2.058407	-65.489410	-229.491531	89.198990
-65.489410	-229.491531	89.198990	2.658407	6.761274	-229.491531	95.520103
6.761274	-229.491531	95.520103	2.858407	6.761274	-229.491531	95.520103
6.761274	-229.491531	95.520103	2.858407	6.761274	-229.491531	95.520103
6.761274	-229.491531	95.520103	2.858407	88.036034	-148.216766	95.520103
88.036034	-148.216766	95.520103	3.058407	59.014820	-34.478642	95.520103
59.014820	-34.478642	95.520103	3.058407	-53.267910	-102.066200	244.378189
-46.999428	-0.867989	94.864044	-2.741593	-145.460480	-141.606262	80.142174
-145.460480	-141.606262	80.142174	2.058407	-65.489410	-229.491531	89.198990
-65.489410	-229.491531	89.198990	2.658407	6.761274	-229.491531	95.520103
6.761274	-229.491531	95.520103	2.858407	6.761274	-229.491531	95.520103
6.761274	-229.491531	95.520103	2.858407	6.761274	-229.491531	95.520103
6.761274	-229.491531	95.520103	2.858407	88.036034	-148.216766	95.520103
88.036034	-148.216766	95.520103	3.058407	59.014820	-34.478642	95.520103
59.014820	-34.478642	95.520103	3.058407	-53.267910	-102.066200	244.378189
-46.999428	-0.867989	94.864044	-2.741593	-145.460480	-141.606262	80.142174
-145.460480	-141.606262	80.142174	2.058407	-65.489410	-229.491531	89.198990
-65.489410	-229.491531	89.198990	2.658407	6.761274	-229.491531	95.520103
6.761274	-229.491531	95.520103	2.858407	6.761274	-229.491531	95.520103
6.761274	-229.491531	95.520103	2.858407	6.761274	-229.491531	95.520103
6.761274	-229.491531	95.520103	2.858407	88.036034	-148.216766	95.520103
88.036034	-148.216766	95.520103	3.058407	59.014820	-34.478642	95.520103
59.014820	-34.478642	95.520103	3.058407	-53.267910	-102.066200	244.378189
-46.999428	-0.867989	94.864044	-2.741593	-145.460480	-141.606262	80.142174
-145.460480	-141.606262	80.142174	2.058407	-65.489410	-229.491531	89.198990
-65.489410	-229.491531	89.198990	2.658407	6.761274	-229.491531	95.520103
6.761274	-229.491531	95.520103	2.858407	6.761274	-229.491531	95.520103
6.761274	-229.491531	95.520103	2.858407	6.761274	-229.491531	95.520103
6.761274	-229.491531	95.520103	2.858407	88.036034	-148.216766	95.520103
88.036034	-148.216766	95.520103	3.058407	59.014820	-34.478642	95.520103
59.014820	-34.478642	95.520103	3.058407	-53.267910	-102.066200	244.378189
