15.784858	222.576569	-18.398254	-0.941593	15.784858	222.576569	-18.398254
15.784858	222.576569	-18.398254	-0.941593	15.784858	222.576569	-18.398254
15.784858	222.576569	-18.398254	-0.941593	-86.259308	195.233917	-18.398254
-86.259308	195.233917	-18.398254	-0.541593	-129.734238	77.057472	-18.398254
-129.734238	77.057472	-18.398254	0.058407	114.239227	52.048611	0.308827
114.239227	52.048611	0.308827	3.058407	95.415237	176.601944	0.000221
95.415237	176.601944	0.000221	-1.141593	31.450773	-47.571259	-58.519547
15.784858	222.576569	-18.398254	-0.941593	15.784858	222.576569	-18.398254
15.784858	222.576569	-18.398254	-0.941593	15.784858	222.576569	-18.398254
15.784858	222.576569	-18.398254	-0.941593	-86.259308	195.233917	-18.398254
-86.259308	195.233917	-18.398254	-0.541593	-129.734238	77.057472	-18.398254
-129.734238	77.057472	-18.398254	0.058407	114.239227	52.048611	0.308827
114.239227	52.048611	0.308827	3.058407	95.415237	176.601944	0.000221
95.415237	176.601944	0.000221	-1.141593	31.450773	-47.571259	-58.519547
15.784858	222.576569	-18.398254	-0.941593	15.784858	222.576569	-18.398254
15.784858	222.576569	-18.398254	-0.941593	15.784858	222.576569	-18.398254
15.784858	222.576569	-18.398254	-0.941593	-86.259308	195.233917	-18.398254
-86.259308	195.233917	-18.398254	-0.541593	-129.734238	77.057472	-18.398254
-129.734238	77.057472	-18.398254	0.058407	114.239227	52.048611	0.308827
114.239227	52.048611	0.308827	3.058407	95.415237	176.601944	0.000221
95.415237	176.601944	0.000221	-1.141593	31.450773	-47.571259	-58.519547
15.784858	222.576569	-18.398254	-0.941593	15.784858	222.576569	-18.398254
15.784858	222.576569	-18.398254	-0.941593	15.784858	222.576569	-18.398254
15.784858	222.576569	-18.398254	-0.941593	-86.259308	195.233917	-18.398254
-86.259308	195.233917	-18.398254	-0.541593	-129.734238	77.057472	-18.398254
-129.734238	77.057472	-18.398254	0.058407	114.239227	52.048611	0.308827
114.239227	52.048611	0.308827	3.058407	95.415237	176.601944	0.000221
95.415237	176.601944	0.000221	-1.141593	31.450773	-47.571259	-58.519547
15.784858	222.576569	-18.398254	-0.941593	15.784858	222.576569	-18.398254
15.784858	222.576569	-18.398254	-0.941593	15.784858	222.576569	-18.398254
15.784858	222.576569	-18.398254	-0.941593	-86.259308	195.233917	-18.398254
-86.259308	195.233917	-18.398254	-0.541593	-129.734238	77.057472	-18.398254
-129.734238	77.057472	-18.398254	0.058407	114.239227	52.048611	0.308827
114.239227	52.048611	0.308827	3.058407	95.415237	176.601944	0.000221
95.415237	176.601944	0.000221	-1.141593	31.450773	-47.571259	-58.519547
15.784858	222.576569	-18.398254	-0.941593	15.784858	222.576569	-18.398254
15.784858	222.576569	-18.398254	-0.941593	15.784858	222.576569	-18.398254
15.784858	222.576569	-18.398254	-0.941593	-86.259308	195.233917	-18.398254
-86.259308	195.233917	-18.398254	-0.541593	-129.734238	77.057472	-18.398254
-129.734238	77.057472	-18.398254	0.058407	114.239227	52.048611	0.308827
114.239227	52.048611	0.308827	3.058407	95.415237	176.601944	0.000221
95.415237	176.601944	0.000221	-1.141593	31.450773	-47.571259	-58.519547
15.784858	222.576569	-18.398254	-0.941593	15.784858	222.576569	-18.398254
15.784858	222.576569	-18.398254	-0.941593	15.784858	222.576569	-18.398254
15.784858	222.576569	-18.398254	-0.941593	-86.259308	195.233917	-18.398254
-86.259308	195.233917	-18.398254	-0.541593	-129.734238	77.057472	-18.398254
-129.734238	77.057472	-18.398254	0.058407	114.239227	52.048611	0.308827
114.239227	52.048611	0.308827	3.058407	95.415237	176.601944	0.000221
95.415237	176.601944	0.000221	-1.141593	31.450773	-47.571259	-58.519547
15.784858	222.576569	-18.398254	-0.941593	15.784858	222.576569	-18.398254
15.784858	222.576569	-18.398254	-0.941593	15.784858	222.576569	-18.398254
15.784858	222.576569	-18.398254	-0.941593	-86.259308	195.233917	-18.398254
-86.259308	195.233917	-18.398254	-0.541593	-129.734238	77.057472	-18.398254
-129.734238	77.057472	-18.398254	0.058407	114.239227	52.048611	0.308827
114.239227	52.048611	0.308827	3.058407	95.415237	176.601944	0.000221
95.415237	176.601944	0.000221	-1.141593	31.450773	-47.571259	-58.519547
15.784858	222.576569	-18.398254	-0.941593	15.784858	222.576569	-18.398254
15.784858	222.576569	-18.398254	-0.941593	15.784858	222.576569	-18.398254
15.784858	222.576569	-18.398254	-0.941593	-86.259308	195.233917	-18.398254
-86.259308	195.233917	-18.398254	-0.541593	-129.734238	77.057472	-18.398254
-129.734238	77.057472	-18.398254	0.058407	114.239227	52.048611	0.308827
114.239227	52.048611	0.308827	3.058407	95.415237	176.601944	0.000221
95.415237	176.601944	0.000221	-1.141593	31.450773	-47.571259	-58.519547
15.784858	222.576569	-18.398254	-0.941593	15.784858	222.576569	-18.398254
15.784858	222.576569	-18.398254	-0.941593	15.784858	222.576569	-18.398254
15.784858	222.576569	-18.398254	-0.941593	-86.259308	195.233917	-18.398254
-86.259308	195.233917	-18.398254	-0.541593	-129.734238	77.057472	-18.398254
-129.734238	77.057472	-18.398254	0.058407	114.239227	52.048611	0.308827
114.239227	52.048611	0.308827	3.058407	95.415237	176.601944	0.000221
95.415237	176.601944	0.000221	-1.141593	31.450773	-47.571259	-58.519547
15.784858	222.576569	-18.398254	-0.941593	15.784858	222.576569	-18.398254
15.784858	222.576569	-18.398254	-0.941593	15.784858	222.576569	-18.398254
15.784858	222.576569	-18.398254	-0.941593	-86.259308	195.233917	-18.398254
-86.259308	195.233917	-18.398254	-0.541593	-129.734238	77.057472	-18.398254
-129.734238	77.057472	-18.398254	0.058407	114.239227	52.048611	0.308827
114.239227	52.048611	0.308827	3.058407	95.415237	176.601944	0.000221
95.415237	176.601944	0.000221	-1.141593	31.450773	-47.571259	-58.519547
15.784858	222.576569	-18.398254	-0.941593	15.784858	222.576569	-18.398254
15.784858	222.576569	-18.398254	-0.941593	15.784858	222.576569	-18.398254
15.784858	222.576569	-18.398254	-0.941593	-86.259308	195.233917	-18.398254
-86.259308	195.233917	-18.398254	-0.541593	-129.734238	77.057472	-18.398254
-129.734238	77.057472	-18.398254	0.058407	114.239227	52.048611	0.308827
114.239227	52.048611	0.308827	3.058407	95.415237	176.601944	0.000221
95.415237	176.601944	0.000221	-1.141593	31.450773	-47.571259	-58.519547
15.784858	222.576569	-18.398254	-0.941593	15.784858	222.576569	-18.398254
15.784858	222.576569	-18.398254	-0.941593	15.784858	222.576569	-18.398254
15.784858	222.576569	-18.398254	-0.941593	-86.259308	195.233917	-18.398254
-86.259308	195.233917	-18.398254	-0.541593	-129.734238	77.057472	-18.398254
-129.734238	77.057472	-18.398254	0.058407	114.239227	52.048611	0.308827
114.239227	52.048611	0.308827	3.058407	95.415237	176.601944	0.000221
95.415237	176.601944	0.000221	-1.141593	31.450773	-47.571259	-58.519547
15.784858	222.576569	-18.398254	-0.941593	15.784858	222.576569	-18.398254
15.784858	222.576569	-18.398254	-0.941593	15.784858	222.576569	-18.398254
15.784858	222.576569	-18.398254	-0.941593	-86.259308	195.233917	-18.398254
-86.259308	195.233917	-18.398254	-0.541593	-129.734238	77.057472	-18.398254
-129.734238	77.057472	-18.398254	0.058407	114.239227	52.048611	0.308827
114.239227	52.048611	0.308827	3.058407	95.415237	176.601944	0.000221
95.415237	176.601944	0.000221	-1.141593	31.450773	-47.571259	-58.519547
15.784858	222.576569	-18.398254	-0.941593	15.784858	222.576569	-18.398254
15.784858	222.576569	-18.398254	-0.941593	15.784858	222.576569	-18.398254
15.784858	222.576569	-18.398254	-0.941593	-86.259308	195.233917	-18.398254
-86.259308	195.233917	-18.398254	-0.541593	-129.734238	77.057472	-18.398254
-129.734238	77.057472	-18.398254	0.058407	114.239227	52.048611	0.308827
114.239227	52.048611	0.308827	3.058407	95.415237	176.601944	0.000221
95.415237	176.601944	0.000221	-1.141593	31.450773	-47.571259	-58.519547
15.784858	222.576569	-18.398254	-0.941593	15.784858	222.576569	-18.398254
15.784858	222.576569	-18.398254	-0.941593	15.784858	222.576569	-18.398254
15.784858	222.576569	-18.398254	-0.941593	-86.259308	195.233917	-18.398254
-86.259308	195.233917	-18.398254	-0.541593	-129.734238	77.057472	-18.398254
-129.734238	77.057472	-18.398254	0.058407	114.239227	52.048611	0.308827
114.239227	52.048611	0.308827	3.058407	95.415237	176.601944	0.000221
95.415237	176.601944	0.000221	-1.141593	31.450773	-47.571259	-58.519547
15.784858	222.576569	-18.398254	-0.941593	15.784858	222.576569	-18.398254
15.784858	222.576569	-18.398254	-0.941593	15.784858	222.576569	-18.398254
15.784858	222.576569	-18.398254	-0.941593	-86.259308	195.233917	-18.398254
-86.259308	195.233917	-18.398254	-0.541593	-129.734238	77.057472	-18.398254
-129.734238	77.057472	-18.398254	0.058407	114.239227	52.048611	0.308827
114.239227	52.048611	0.308827	3.058407	95.415237	176.601944	0.000221
95.415237	176.601944	0.000221	-1.141593	31.450773	-47.571259	-58.519547
15.784858	222.576569	-18.398254	-0.941593	15.784858	222.576569	-18.398254
15.784858	222.576569	-18.398254	-0.941593	15.784858	222.576569	-18.398254
15.784858	222.576569	-18.398254	-0.941593	-86.259308	195.233917	-18.398254
-86.259308	195.233917	-18.398254	-0.541593	-129.734238	77.057472	-18.398254
-129.734238	77.057472	-18.398254	0.058407	114.239227	52.048611	0.308827
114.239227	52.048611	0.308827	3.058407	95.415237	176.601944	0.000221
95.415237	176.601944	0.000221	-1.141593	31.450773	-47.571259	-58.519547
15.784858	222.576569	-18.398254	-0.941593	15.784858	222.576569	-18.398254
15.784858	222.576569	-18.398254	-0.941593	15.784858	222.576569	-18.398254
15.784858	222.576569	-18.398254	-0.941593	-86.259308	195.233917	-18.398254
-86.259308	195.233917	-18.398254	-0.541593	-129.734238	77.057472	-18.398254
-129.734238	77.057472	-18.398254	0.058407	114.239227	52.048611	0.308827
114.239227	52.048611	0.308827	3.058407	95.415237	176.601944	0.000221
95.415237	176.601944	0.000221	-1.141593	31.450773	-47.571259	-58.519547
15.784858	222.576569	-18.398254	-0.941593	15.784858	222.576569	-18.398254
15.784858	222.576569	-18.398254	-0.941593	15.784858	222.576569	-18.398254
15.784858	222.576569	-18.398254	-0.941593	-86.259308	195.233917	-18.398254
-86.259308	195.233917	-18.398254	-0.541593	-129.734238	77.057472	-18.398254
-129.734238	77.057472	-18.398254	0.058407	114.239227	52.048611	0.308827
114.239227	52.048611	0.308827	3.058407	95.415237	176.601944	0.000221
95.415237	176.601944	0.000221	-1.141593	31.450773	-47.571259	-58.519547
