-37.812630	156.806595	-13.828442	0.000000	0.000000	-0.741593
-36.722260	155.985245	-13.826556	0.000000	0.000000	-0.741593
-35.642284	155.150269	-13.824585	0.000000	0.000000	-0.741593
-34.572880	154.301788	-13.822531	0.000000	0.000000	-0.741593
-33.514214	153.439941	-13.820394	0.000000	0.000000	-0.741593
-32.466454	152.564850	-13.818170	0.000000	0.000000	-0.741593
-31.429762	151.676651	-13.815866	0.000000	0.000000	-0.741593
-30.404306	150.775513	-13.813472	0.000000	0.000000	-0.741593
-29.390247	149.861557	-13.810999	0.000000	0.000000	-0.741593
-28.387745	148.934921	-13.808442	0.000000	0.000000	-0.741593
-27.396955	147.995758	-13.805801	0.000000	0.000000	-0.741593
-26.418039	147.044235	-13.803082	0.000000	0.000000	-0.741593
-25.451149	146.080475	-13.800276	0.000000	0.000000	-0.741593
-24.496433	145.104630	-13.797387	0.000000	0.000000	-0.741593
-23.554052	144.116882	-13.794414	0.000000	0.000000	-0.741593
-22.624149	143.117355	-13.791362	0.000000	0.000000	-0.741593
-21.706865	142.106232	-13.788226	0.000000	0.000000	-0.741593
-20.802355	141.083664	-13.785005	0.000000	0.000000	-0.741593
-19.910759	140.049789	-13.781705	0.000000	0.000000	-0.741593
-19.032217	139.004807	-13.778321	0.000000	0.000000	-0.741593
-18.166862	137.948868	-13.774854	0.000000	0.000000	-0.741593
-17.314838	136.882141	-13.771309	0.000000	0.000000	-0.741593
-16.476278	135.804779	-13.767682	0.000000	0.000000	-0.741593
-15.651315	134.716965	-13.763970	0.000000	0.000000	-0.941593
-14.840076	133.618866	-13.760176	0.000000	0.000000	-0.941593
-14.042692	132.510666	-13.756303	0.000000	0.000000	-0.941593
-13.259291	131.392532	-13.752351	0.000000	0.000000	-0.941593
-12.489994	130.264633	-13.748313	0.000000	0.000000	-0.941593
-11.734918	129.127167	-13.744199	0.000000	0.000000	-0.941593
-10.994191	127.980286	-13.740000	0.000000	0.000000	-0.941593
-10.267925	126.824196	-13.735722	0.000000	0.000000	-0.941593
-9.556237	125.659065	-13.731363	0.000000	0.000000	-0.941593
-8.859235	124.485085	-13.726925	0.000000	0.000000	-0.941593
-8.177035	123.302437	-13.722407	0.000000	0.000000	-0.941593
-7.509739	122.111305	-13.717810	0.000000	0.000000	-0.941593
-6.857457	120.911880	-13.713129	0.000000	0.000000	-0.941593
-6.220287	119.704353	-13.708375	0.000000	0.000000	-0.941593
-5.598334	118.488907	-13.703540	0.000000	0.000000	-0.941593
-4.991697	117.265747	-13.698625	0.000000	0.000000	-0.941593
-4.400468	116.035049	-13.693628	0.000000	0.000000	-0.941593
-3.824742	114.797028	-13.688557	0.000000	0.000000	-0.941593
-3.264615	113.551865	-13.683402	0.000000	0.000000	-0.941593
-2.720169	112.299759	-13.678174	0.000000	0.000000	-0.941593
-2.191491	111.040901	-13.672865	0.000000	0.000000	-0.941593
-1.678666	109.775505	-13.667480	0.000000	0.000000	-0.941593
-1.181769	108.503754	-13.662019	0.000000	0.000000	-0.941593
-0.700891	107.225868	-13.656475	0.000000	0.000000	-0.941593
-0.236099	105.942032	-13.650860	0.000000	0.000000	-0.941593
0.212531	104.652451	-13.645159	0.000000	0.000000	-0.941593
0.644930	103.357338	-13.639390	0.000000	0.000000	-0.941593
1.061032	102.056885	-13.633542	0.000000	0.000000	-0.941593
1.460764	100.751305	-13.627618	0.000000	0.000000	-0.941593
1.844067	99.440804	-13.621617	0.000000	0.000000	-0.941593
2.210878	98.125587	-13.615540	0.000000	0.000000	-0.941593
2.561146	96.805862	-13.609390	0.000000	0.000000	-1.141593
2.894805	95.481834	-13.603161	0.000000	0.000000	-1.141593
3.211808	94.153717	-13.596859	0.000000	0.000000	-1.141593
3.512109	92.821716	-13.590478	0.000000	0.000000	-1.141593
3.795652	91.486046	-13.584026	0.000000	0.000000	-1.141593
4.062401	90.146919	-13.577503	0.000000	0.000000	-1.141593
4.312308	88.804535	-13.570906	0.000000	0.000000	-1.141593
4.545331	87.459122	-13.564228	0.000000	0.000000	-1.141593
4.761439	86.110870	-13.557479	0.000000	0.000000	-1.141593
4.960598	84.760017	-13.550659	0.000000	0.000000	-1.141593
5.142769	83.406761	-13.543761	0.000000	0.000000	-1.141593
5.307934	82.051315	-13.536796	0.000000	0.000000	-1.141593
5.456059	80.693909	-13.529757	0.000000	0.000000	-1.141593
5.587122	79.334732	-13.522644	0.000000	0.000000	-1.141593
5.701103	77.974022	-13.515460	0.000000	0.000000	-1.141593
5.797984	76.611984	-13.508204	0.000000	0.000000	-1.141593
5.877750	75.248825	-13.500879	0.000000	0.000000	-1.141593
5.940387	73.884773	-13.493482	0.000000	0.000000	-1.141593
5.985885	72.520035	-13.486011	0.000000	0.000000	-1.141593
6.014238	71.154831	-13.478468	0.000000	0.000000	-1.141593
6.025445	69.789375	-13.470864	0.000000	0.000000	-1.141593
12.763029	81.455719	-13.463186	0.000000	0.000000	0.000000
37.056156	126.168533	-13.455438	0.000000	0.000000	-1.141593
101.300133	244.407166	-13.447610	0.000000	0.000000	0.000000
-236.083801	-87.192337	-155.534668	0.000000	0.000000	0.000000
-136.901245	-51.863693	-81.812424	0.000000	0.000000	0.000000
-137.935974	-51.540474	-82.423195	0.000000	0.000000	0.000000
-138.968796	-51.205017	-83.032837	0.000000	0.000000	0.000000
-139.999588	-50.857330	-83.641296	0.000000	0.000000	0.000000
-141.028168	-50.497429	-84.248573	0.000000	0.000000	0.000000
-142.054413	-50.125320	-84.854630	0.000000	0.000000	0.000000
-143.078156	-49.741032	-85.459450	0.000000	0.000000	0.000000
-144.099258	-49.344574	-86.063011	0.000000	0.000000	0.000000
-145.117569	-48.935966	-86.665283	0.000000	0.000000	0.000000
-146.132935	-48.515236	-87.266235	0.000000	0.000000	0.000000
-147.145218	-48.082401	-87.865868	0.000000	0.000000	0.000000
-148.154266	-47.637489	-88.464134	0.000000	0.000000	0.258407
-149.159943	-47.180527	-89.061012	0.000000	0.000000	0.258407
-150.162064	-46.711544	-89.656494	0.000000	0.000000	0.258407
-151.160522	-46.230572	-90.250542	0.000000	0.000000	0.000000
-152.155151	-45.737644	-90.843140	0.000000	0.000000	0.000000
-153.145813	-45.232796	-91.434258	0.000000	0.000000	0.000000
-154.132355	-44.716057	-92.023880	0.000000	0.000000	0.000000
-155.114624	-44.187469	-92.611984	0.000000	0.000000	0.000000
-156.092499	-43.647079	-93.198532	0.000000	0.000000	0.000000
-157.065811	-43.094917	-93.783524	0.000000	0.000000	0.000000
-158.034424	-42.531036	-94.366920	0.000000	0.000000	0.000000
-158.998199	-41.955479	-94.948700	0.000000	0.000000	0.000000
-159.956985	-41.368290	-95.528839	0.000000	0.000000	0.000000
-160.910645	-40.769520	-96.107315	0.000000	0.000000	0.000000
-161.859024	-40.159222	-96.684105	0.000000	0.000000	0.000000
-162.802002	-39.537441	-97.259201	0.000000	0.000000	0.000000
-163.739410	-38.904243	-97.832558	0.000000	0.000000	0.000000
-164.671143	-38.259674	-98.404167	0.000000	0.000000	0.000000
-165.597015	-37.603794	-98.974007	0.000000	0.000000	0.000000
-166.516937	-36.936668	-99.542046	0.000000	0.000000	0.000000
-167.430725	-36.258350	-100.108261	0.000000	0.000000	0.000000
-168.338272	-35.568909	-100.672638	0.000000	0.000000	0.000000
-169.239426	-34.868404	-101.235153	0.000000	0.000000	0.000000
-170.134048	-34.156910	-101.795776	0.000000	0.000000	0.000000
-171.022018	-33.434486	-102.354500	0.000000	0.000000	0.000000
-171.903183	-32.701206	-102.911285	0.000000	0.000000	0.000000
-172.777405	-31.957140	-103.466118	0.000000	0.000000	0.000000
-173.644577	-31.202362	-104.018982	0.000000	0.000000	0.000000
-174.504547	-30.436947	-104.569847	0.000000	0.000000	0.000000
-175.357178	-29.660973	-105.118698	0.000000	0.000000	0.000000
-176.202362	-28.874514	-105.665512	0.000000	0.000000	0.000000
-177.039948	-28.077654	-106.210258	0.000000	0.000000	0.000000
-177.869812	-27.270472	-106.752922	0.000000	0.000000	0.058407
-178.691833	-26.453051	-107.293480	0.000000	0.000000	0.058407
-179.505859	-25.625479	-107.831924	0.000000	0.000000	0.000000
-180.311798	-24.787838	-108.368202	0.000000	0.000000	0.000000
-181.109512	-23.940216	-108.902328	0.000000	0.000000	0.000000
-181.898865	-23.082705	-109.434265	0.000000	0.000000	0.000000
-182.679749	-22.215395	-109.963982	0.000000	0.000000	0.000000
-183.452026	-21.338377	-110.491478	0.000000	0.000000	0.000000
-184.215591	-20.451748	-111.016724	0.000000	0.000000	0.000000
-184.970322	-19.555599	-111.539696	0.000000	0.000000	0.000000
-185.716080	-18.650030	-112.060371	0.000000	0.000000	0.000000
-186.452774	-17.735140	-112.578728	0.000000	0.000000	0.000000
-187.180283	-16.811028	-113.094757	0.000000	0.000000	0.000000
-187.898468	-15.877793	-113.608437	0.000000	0.000000	0.000000
-188.607239	-14.935544	-114.119728	0.000000	0.000000	0.000000
-189.306488	-13.984379	-114.628632	0.000000	0.000000	0.000000
-189.996063	-13.024404	-115.135132	0.000000	0.000000	0.000000
-190.675903	-12.055730	-115.639183	0.000000	0.000000	0.000000
-191.345871	-11.078463	-116.140785	0.000000	0.000000	0.000000
-192.005859	-10.092713	-116.639915	0.000000	0.000000	0.000000
-192.655762	-9.098594	-117.136543	0.000000	0.000000	0.000000
-193.295486	-8.096215	-117.630661	0.000000	0.000000	0.000000
-193.924927	-7.085689	-118.122246	0.000000	0.000000	0.000000
-194.543961	-6.067135	-118.611275	0.000000	0.000000	0.000000
-195.152512	-5.040667	-119.097733	0.000000	0.000000	0.000000
-195.750458	-4.006405	-119.581604	0.000000	0.000000	0.000000
-196.337708	-2.964463	-120.062866	0.000000	0.000000	0.000000
-196.914185	-1.914965	-120.541496	0.000000	0.000000	0.000000
-197.479752	-0.858035	-121.017479	0.000000	0.000000	0.000000
-198.034348	0.206211	-121.490784	0.000000	0.000000	0.000000
-198.577881	1.277642	-121.961418	0.000000	0.000000	0.000000
-199.110229	2.356138	-122.429344	0.000000	0.000000	0.000000
-199.631332	3.441573	-122.894547	0.000000	0.000000	-0.141593
-200.141098	4.533818	-123.356995	0.000000	0.000000	0.000000
-200.639435	5.632743	-123.816696	0.000000	0.000000	0.000000
-201.126236	6.738218	-124.273621	0.000000	0.000000	0.000000
-201.601456	7.850121	-124.727745	0.000000	0.000000	0.000000
-202.064987	8.968311	-125.179062	0.000000	0.000000	0.000000
-202.516754	10.092656	-125.627548	0.000000	0.000000	0.000000
-202.956680	11.223027	-126.073181	0.000000	0.000000	0.000000
-203.384689	12.359285	-126.515953	0.000000	0.000000	0.000000
-203.800705	13.501302	-126.955833	0.000000	0.000000	0.000000
-204.204651	14.648930	-127.392807	0.000000	0.000000	0.000000
-204.596451	15.802035	-127.826874	0.000000	0.000000	0.000000
-204.976044	16.960489	-128.257996	0.000000	0.000000	0.000000
-205.343338	18.124140	-128.686172	0.000000	0.000000	0.000000
-205.698303	19.292850	-129.111374	0.000000	0.000000	0.000000
-206.040833	20.466480	-129.533585	0.000000	0.000000	0.000000
-206.370895	21.644886	-129.952805	0.000000	0.000000	0.000000
-206.688400	22.827934	-130.369003	0.000000	0.000000	0.000000
-206.993317	24.015465	-130.782166	0.000000	0.000000	0.000000
-207.285553	25.207344	-131.192261	0.000000	0.000000	0.000000
-207.565094	26.403433	-131.599304	0.000000	0.000000	0.000000
-207.831833	27.603573	-132.003250	0.000000	0.000000	0.000000
-208.085754	28.807619	-132.404099	0.000000	0.000000	0.000000
-208.326782	30.015430	-132.801834	0.000000	0.000000	0.000000
-208.554886	31.226856	-133.196442	0.000000	0.000000	0.000000
-208.770004	32.441746	-133.587891	0.000000	0.000000	0.000000
-208.972092	33.659958	-133.976181	0.000000	0.000000	0.000000
-209.161102	34.881329	-134.361298	0.000000	0.000000	0.000000
-209.337006	36.105717	-134.743210	0.000000	0.000000	0.000000
-209.499741	37.332973	-135.121918	0.000000	0.000000	0.000000
-209.649277	38.562939	-135.497406	0.000000	0.000000	0.000000
-209.785583	39.795464	-135.869659	0.000000	0.000000	0.000000
-209.908615	41.030399	-136.238647	0.000000	0.000000	-0.341593
-210.018326	42.267597	-136.604370	0.000000	0.000000	0.000000
-210.114716	43.506889	-136.966812	0.000000	0.000000	0.000000
-210.197723	44.748135	-137.325958	0.000000	0.000000	0.000000
-210.267334	45.991177	-137.681793	0.000000	0.000000	0.000000
-210.323517	47.235851	-138.034317	0.000000	0.000000	0.000000
-210.366257	48.482018	-138.383484	0.000000	0.000000	0.000000
-210.395508	49.729507	-138.729309	0.000000	0.000000	0.000000
-210.495972	51.013256	-138.940842	0.000000	0.000000	-0.341593
-210.716766	52.355701	-138.940842	0.000000	0.000000	-0.341593
-210.920685	53.700817	-138.940842	0.000000	0.000000	-0.341593
-211.107681	55.048386	-138.940842	0.000000	0.000000	-0.341593
-211.277725	56.398201	-138.940842	0.000000	0.000000	-0.341593
-211.430801	57.750050	-138.940842	0.000000	0.000000	-0.341593
-211.566879	59.103710	-138.940842	0.000000	0.000000	-0.341593
-211.685928	60.458973	-138.940842	0.000000	0.000000	-0.341593
-211.787933	61.815632	-138.940842	0.000000	0.000000	-0.341593
-211.872894	63.173462	-138.940842	0.000000	0.000000	-0.341593
-211.940781	64.532249	-138.940842	0.000000	0.000000	-0.341593
-211.991592	65.891785	-138.940842	0.000000	0.000000	-0.341593
-212.025314	67.251846	-138.940842	0.000000	0.000000	-0.341593
-212.041931	68.612236	-138.940842	0.000000	0.000000	-0.341593
-212.041458	69.972725	-138.940842	0.000000	0.000000	-0.341593
-212.023895	71.333092	-138.940842	0.000000	0.000000	-0.341593
-211.989243	72.693138	-138.940842	0.000000	0.000000	-0.341593
-211.937500	74.052635	-138.940842	0.000000	0.000000	-0.341593
-211.868668	75.411377	-138.940842	0.000000	0.000000	-0.341593
-211.782776	76.769150	-138.940842	0.000000	0.000000	-0.341593
-211.679825	78.125732	-138.940842	0.000000	0.000000	-0.341593
-211.559830	79.480919	-138.940842	0.000000	0.000000	-0.341593
-211.422836	80.834480	-138.940842	0.000000	0.000000	-0.341593
-211.268829	82.186218	-138.940842	0.000000	0.000000	-0.341593
-211.097839	83.535927	-138.940842	0.000000	0.000000	-0.341593
-210.909912	84.883362	-138.940842	0.000000	0.000000	-0.341593
-210.705078	86.228340	-138.940842	0.000000	0.000000	-0.341593
-210.483337	87.570625	-138.940842	0.000000	0.000000	-0.341593
-210.244766	88.910042	-138.940842	0.000000	0.000000	-0.341593
-209.989380	90.246338	-138.940842	0.000000	0.000000	-0.341593
-209.717209	91.579315	-138.940842	0.000000	0.000000	-0.341593
-209.428314	92.908775	-138.940842	0.000000	0.000000	-0.341593
-209.122742	94.234505	-138.940842	0.000000	0.000000	-0.341593
-208.800537	95.556282	-138.940842	0.000000	0.000000	-0.341593
-208.461746	96.873909	-138.940842	0.000000	0.000000	-0.341593
-208.106415	98.187164	-138.940842	0.000000	0.000000	-0.341593
-207.734619	99.495865	-138.940842	0.000000	0.000000	-0.341593
-207.346405	100.799797	-138.940842	0.000000	0.000000	-0.341593
-206.941833	102.098724	-138.940842	0.000000	0.000000	-0.341593
-206.520966	103.392479	-138.940842	0.000000	0.000000	-0.341593
-206.083893	104.680840	-138.940842	0.000000	0.000000	-0.341593
-205.630646	105.963608	-138.940842	0.000000	0.000000	-0.341593
-205.161316	107.240585	-138.940842	0.000000	0.000000	-0.341593
-204.675995	108.511551	-138.940842	0.000000	0.000000	-0.341593
-204.174728	109.776329	-138.940842	0.000000	0.000000	-0.341593
-203.657623	111.034691	-138.940842	0.000000	0.000000	-0.341593
-203.124725	112.286476	-138.940842	0.000000	0.000000	-0.341593
-202.576141	113.531464	-138.940842	0.000000	0.000000	-0.341593
-202.011963	114.769447	-138.940842	0.000000	0.000000	-0.341593
-201.432281	116.000252	-138.940842	0.000000	0.000000	-0.341593
-200.837158	117.223671	-138.940842	0.000000	0.000000	-0.341593
-200.226730	118.439514	-138.940842	0.000000	0.000000	-0.341593
-199.601059	119.647598	-138.940842	0.000000	0.000000	-0.341593
-198.960266	120.847717	-138.940842	0.000000	0.000000	-0.341593
-198.304428	122.039703	-138.940842	0.000000	0.000000	-0.341593
-197.633667	123.223335	-138.940842	0.000000	0.000000	-0.341593
-196.948090	124.398460	-138.940842	0.000000	0.000000	-0.341593
-196.247803	125.564865	-138.940842	0.000000	0.000000	-0.341593
-195.532913	126.722389	-138.940842	0.000000	0.000000	-0.341593
-194.803528	127.870834	-138.940842	0.000000	0.000000	-0.341593
-194.059769	129.010010	-138.940842	0.000000	0.000000	-0.341593
-193.301758	130.139771	-138.940842	0.000000	0.000000	-0.341593
-192.529617	131.259903	-138.940842	0.000000	0.000000	-0.341593
-191.743454	132.370255	-138.940842	0.000000	0.000000	-0.341593
-190.943405	133.470627	-138.940842	0.000000	0.000000	-0.341593
-190.129578	134.560867	-138.940842	0.000000	0.000000	-0.341593
-189.302139	135.640793	-138.940842	0.000000	0.000000	-0.341593
-188.461166	136.710236	-138.940842	0.000000	0.000000	-0.341593
-187.606842	137.769028	-138.940842	0.000000	0.000000	-0.341593
-186.739273	138.817001	-138.940842	0.000000	0.000000	-0.341593
-185.858597	139.853989	-138.940842	0.000000	0.000000	-0.341593
-184.964981	140.879822	-138.940842	0.000000	0.000000	-0.341593
-184.058517	141.894363	-138.940842	0.000000	0.000000	-0.341593
-183.139404	142.897415	-138.940842	0.000000	0.000000	-0.341593
-182.207733	143.888840	-138.940842	0.000000	0.000000	-0.341593
-181.263702	144.868484	-138.940842	0.000000	0.000000	-0.341593
-180.307419	145.836182	-138.940842	0.000000	0.000000	-0.341593
-179.339050	146.791794	-138.940842	0.000000	0.000000	-0.341593
-178.358765	147.735153	-138.940842	0.000000	0.000000	-0.341593
-177.366684	148.666138	-138.940842	0.000000	0.000000	-0.341593
-176.362991	149.584564	-138.940842	0.000000	0.000000	-0.341593
-175.347839	150.490326	-138.940842	0.000000	0.000000	-0.341593
-174.321396	151.383240	-138.940842	0.000000	0.000000	-0.541593
-173.283798	152.263184	-138.940842	0.000000	0.000000	-0.541593
-172.235229	153.130035	-138.940842	0.000000	0.000000	-0.541593
-171.175842	153.983627	-138.940842	0.000000	0.000000	-0.541593
-170.105804	154.823853	-138.940842	0.000000	0.000000	-0.541593
-169.025314	155.650558	-138.940842	0.000000	0.000000	-0.541593
-167.934525	156.463623	-138.940842	0.000000	0.000000	-0.541593
-166.833588	157.262909	-138.940842	0.000000	0.000000	-0.541593
-166.340424	157.614166	-138.940842	0.000000	0.000000	-0.541593
-166.344376	157.704117	-138.812256	0.000000	0.000000	-0.541593
-166.352921	157.945541	-138.467255	0.000000	0.000000	-0.541593
-166.358505	158.189423	-138.118896	0.000000	0.000000	-0.541593
-166.361069	158.435699	-137.767197	0.000000	0.000000	-0.541593
-166.360596	158.684372	-137.412155	0.000000	0.000000	-0.541593
-166.357025	158.935364	-137.053818	0.000000	0.000000	-0.541593
-166.350311	159.188660	-136.692184	0.000000	0.000000	-0.541593
-166.340424	159.444229	-136.327255	0.000000	0.000000	-0.541593
-166.327301	159.701996	-135.959045	0.000000	0.000000	-0.541593
-166.310913	159.961960	-135.587585	0.000000	0.000000	-0.541593
-166.291229	160.224045	-135.212891	0.000000	0.000000	-0.341593
-166.268173	160.488220	-134.834961	0.000000	0.000000	-0.341593
-166.241730	160.754471	-134.453812	0.000000	0.000000	-0.341593
-166.211868	161.022705	-134.069489	0.000000	0.000000	-0.341593
-166.178513	161.292908	-133.681961	0.000000	0.000000	-0.341593
-166.141663	161.565033	-133.291275	0.000000	0.000000	-0.341593
-166.101257	161.839035	-132.897446	0.000000	0.000000	-0.341593
-166.057266	162.114868	-132.500473	0.000000	0.000000	-0.341593
-166.009644	162.392471	-132.100372	0.000000	0.000000	-0.341593
-165.958359	162.671829	-131.697174	0.000000	0.000000	-0.341593
-165.903381	162.952866	-131.290878	0.000000	0.000000	-0.341593
-165.844666	163.235550	-130.881516	0.000000	0.000000	-0.341593
-165.782181	163.519821	-130.469101	0.000000	0.000000	-0.341593
-165.715881	163.805634	-130.053650	0.000000	0.000000	-0.341593
-165.645752	164.092941	-129.635162	0.000000	0.000000	-0.341593
-165.571762	164.381683	-129.213684	0.000000	0.000000	-0.341593
-165.493851	164.671829	-128.789200	0.000000	0.000000	-0.341593
-165.412003	164.963318	-128.361740	0.000000	0.000000	-0.341593
-165.326202	165.256088	-127.931343	0.000000	0.000000	-0.341593
-165.236389	165.550110	-127.497986	0.000000	0.000000	-0.341593
-165.142563	165.845306	-127.061722	0.000000	0.000000	-0.341593
-165.044678	166.141647	-126.622536	0.000000	0.000000	-0.341593
-164.942688	166.439072	-126.180466	0.000000	0.000000	-0.341593
-164.836609	166.737518	-125.735527	0.000000	0.000000	-0.341593
-164.726379	167.036926	-125.287735	0.000000	0.000000	-0.341593
-164.611984	167.337265	-124.837112	0.000000	0.000000	-0.341593
-164.493393	167.638458	-124.383675	0.000000	0.000000	-0.341593
-164.370575	167.940460	-123.927429	0.000000	0.000000	-0.341593
-164.243530	168.243225	-123.468407	0.000000	0.000000	-0.341593
-164.112213	168.546677	-123.006615	0.000000	0.000000	-0.341593
-163.976593	168.850754	-122.542076	0.000000	0.000000	-0.341593
-163.836685	169.155426	-122.074821	0.000000	0.000000	-0.341593
-163.692429	169.460617	-121.604836	0.000000	0.000000	-0.341593
-163.543823	169.766281	-121.132179	0.000000	0.000000	-0.341593
-163.390839	170.072357	-120.656845	0.000000	0.000000	-0.341593
-163.233475	170.378769	-120.178856	0.000000	0.000000	-0.341593
-163.071686	170.685471	-119.698242	0.000000	0.000000	-0.341593
-162.905472	170.992416	-119.215004	0.000000	0.000000	-0.341593
-162.734818	171.299515	-118.729179	0.000000	0.000000	-0.341593
-162.559692	171.606750	-118.240768	0.000000	0.000000	-0.341593
-162.380096	171.914017	-117.749802	0.000000	0.000000	-0.341593
-162.196014	172.221283	-117.256294	0.000000	0.000000	-0.341593
-162.007416	172.528488	-116.760277	0.000000	0.000000	-0.341593
-161.814301	172.835556	-116.261757	0.000000	0.000000	-0.341593
-161.616653	173.142441	-115.760757	0.000000	0.000000	-0.341593
-161.414459	173.449066	-115.257301	0.000000	0.000000	-0.341593
-161.207718	173.755386	-114.751396	0.000000	0.000000	-0.341593
-160.996414	174.061310	-114.243080	0.000000	0.000000	-0.341593
-160.780548	174.366821	-113.732361	0.000000	0.000000	-0.341593
-160.560089	174.671829	-113.219261	0.000000	0.000000	-0.341593
-160.335037	174.976273	-112.703812	0.000000	0.000000	-0.341593
-160.105408	175.280090	-112.186012	0.000000	0.000000	-0.341593
-159.871170	175.583221	-111.665894	0.000000	0.000000	-0.341593
-159.632324	175.885605	-111.143486	0.000000	0.000000	-0.341593
-159.388870	176.187180	-110.618797	0.000000	0.000000	-0.341593
-159.140808	176.487869	-110.091850	0.000000	0.000000	-0.341593
-158.888123	176.787628	-109.562668	0.000000	0.000000	-0.341593
-158.630829	177.086380	-109.031273	0.000000	0.000000	-0.341593
-158.368912	177.384079	-108.497681	0.000000	0.000000	-0.341593
-158.102386	177.680634	-107.961922	0.000000	0.000000	-0.341593
-157.831223	177.976013	-107.424004	0.000000	0.000000	-0.341593
-157.555466	178.270126	-106.883965	0.000000	0.000000	-0.341593
-157.275085	178.562912	-106.341805	0.000000	0.000000	-0.341593
-156.990097	178.854324	-105.797562	0.000000	0.000000	-0.341593
-156.700516	179.144287	-105.251259	0.000000	0.000000	-0.341593
-156.406326	179.432739	-104.702904	0.000000	0.000000	-0.341593
-156.107544	179.719620	-104.152527	0.000000	0.000000	-0.341593
-155.804169	180.004852	-103.600151	0.000000	0.000000	-0.341593
-155.496216	180.288391	-103.045792	0.000000	0.000000	-0.341593
-155.183685	180.570160	-102.489479	0.000000	0.000000	-0.341593
-154.866608	180.850082	-101.931236	0.000000	0.000000	-0.341593
-154.544968	181.128128	-101.371063	0.000000	0.000000	-0.341593
-154.218796	181.404205	-100.809013	0.000000	0.000000	-0.341593
-153.888077	181.678268	-100.245087	0.000000	0.000000	-0.341593
-153.552856	181.950256	-99.679321	0.000000	0.000000	-0.341593
-153.213120	182.220078	-99.111717	0.000000	0.000000	-0.341593
-152.868912	182.487686	-98.542328	0.000000	0.000000	-0.341593
-152.520218	182.753021	-97.971146	0.000000	0.000000	-0.341593
-152.167068	183.016022	-97.398209	0.000000	0.000000	-0.341593
-151.809479	183.276627	-96.823547	0.000000	0.000000	-0.341593
-151.447464	183.534760	-96.247162	0.000000	0.000000	-0.341593
-151.081039	183.790359	-95.669090	0.000000	0.000000	-0.341593
-150.710236	184.043365	-95.089355	0.000000	0.000000	-0.341593
-150.335068	184.293732	-94.507973	0.000000	0.000000	-0.341593
-149.955551	184.541382	-93.924973	0.000000	0.000000	-0.341593
-149.571716	184.786240	-93.340378	0.000000	0.000000	-0.341593
-149.183563	185.028275	-92.754204	0.000000	0.000000	-0.341593
-148.791153	185.267395	-92.166481	0.000000	0.000000	-0.341593
-148.394485	185.503555	-91.577232	0.000000	0.000000	-0.341593
-147.993591	185.736694	-90.986473	0.000000	0.000000	-0.341593
-147.588486	185.966736	-90.394234	0.000000	0.000000	-0.341593
-147.179214	186.193649	-89.800537	0.000000	0.000000	-0.341593
-146.765808	186.417343	-89.205414	0.000000	0.000000	-0.341593
-146.348267	186.637787	-88.608864	0.000000	0.000000	-0.341593
-145.926636	186.854889	-88.010941	0.000000	0.000000	-0.341593
-145.500946	187.068604	-87.411644	0.000000	0.000000	-0.341593
-145.071228	187.278885	-86.811012	0.000000	0.000000	-0.341593
-144.637512	187.485657	-86.209061	0.000000	0.000000	-0.341593
-144.199844	187.688858	-85.605820	0.000000	0.000000	-0.341593
-143.758224	187.888443	-85.001297	0.000000	0.000000	-0.341593
-143.312714	188.084351	-84.395546	0.000000	0.000000	-0.341593
-142.863342	188.276520	-83.788567	0.000000	0.000000	-0.341593
-142.410156	188.464890	-83.180389	0.000000	0.000000	-0.341593
-141.953156	188.649414	-82.571045	0.000000	0.000000	-0.341593
-141.492416	188.830017	-81.960541	0.000000	0.000000	-0.341593
-141.027954	189.006668	-81.348915	0.000000	0.000000	-0.341593
-140.559814	189.179291	-80.736191	0.000000	0.000000	-0.341593
-140.088043	189.347855	-80.122391	0.000000	0.000000	-0.341593
-139.612671	189.512268	-79.507538	0.000000	0.000000	-0.341593
-139.133728	189.672501	-78.891655	0.000000	0.000000	-0.341593
-138.651276	189.828506	-78.274765	0.000000	0.000000	-0.341593
-138.165359	189.980209	-77.656906	0.000000	0.000000	-0.341593
-137.676010	190.127563	-77.038078	0.000000	0.000000	-0.341593
-137.183273	190.270523	-76.418327	0.000000	0.000000	-0.341593
-136.687180	190.409042	-75.797668	0.000000	0.000000	-0.341593
-136.187805	190.543045	-75.176132	0.000000	0.000000	-0.341593
-135.685181	190.672501	-74.553734	0.000000	0.000000	-0.341593
-135.179337	190.797348	-73.930504	0.000000	0.000000	-0.341593
-134.670349	190.917542	-73.306465	0.000000	0.000000	-0.341593
-134.158249	191.033035	-72.681641	0.000000	0.000000	-0.341593
-133.643082	191.143784	-72.056061	0.000000	0.000000	-0.341593
-133.124908	191.249725	-71.429741	0.000000	0.000000	-0.341593
-132.603775	191.350815	-70.802719	0.000000	0.000000	-0.341593
-132.079727	191.447006	-70.175011	0.000000	0.000000	-0.341593
-131.552826	191.538254	-69.546646	0.000000	0.000000	-0.341593
-131.023117	191.624527	-68.917633	0.000000	0.000000	-0.341593
-130.490646	191.705750	-68.288017	0.000000	0.000000	-0.341593
-129.955475	191.781906	-67.657822	0.000000	0.000000	-0.341593
-129.417664	191.852921	-67.027061	0.000000	0.000000	-0.341593
-128.877258	191.918777	-66.395767	0.000000	0.000000	-0.341593
-128.334320	191.979431	-65.763962	0.000000	0.000000	-0.341593
-127.788887	192.034821	-65.131668	0.000000	0.000000	-0.341593
-127.241035	192.084915	-64.498917	0.000000	0.000000	-0.341593
-126.690819	192.129669	-63.865726	0.000000	0.000000	-0.341593
-126.138283	192.169052	-63.232128	0.000000	0.000000	-0.341593
-125.583496	192.203018	-62.598141	0.000000	0.000000	-0.341593
-125.026520	192.231522	-61.963799	0.000000	0.000000	-0.341593
-124.467407	192.254532	-61.329117	0.000000	0.000000	-0.341593
-123.906219	192.272018	-60.694122	0.000000	0.000000	-0.341593
-123.343018	192.283920	-60.058846	0.000000	0.000000	-0.341593
-122.777863	192.290222	-59.423306	0.000000	0.000000	-0.341593
-122.210808	192.290894	-58.787533	0.000000	0.000000	-0.341593
-121.641930	192.285873	-58.151546	0.000000	0.000000	-0.341593
-121.071281	192.275146	-57.515381	0.000000	0.000000	-0.341593
-120.498924	192.258667	-56.879047	0.000000	0.000000	-0.341593
-119.924934	192.236420	-56.242584	0.000000	0.000000	-0.341593
-119.349358	192.208359	-55.606010	0.000000	0.000000	-0.341593
-118.772270	192.174454	-54.969349	0.000000	0.000000	-0.341593
-118.193733	192.134674	-54.332630	0.000000	0.000000	-0.341593
-117.613815	192.089005	-53.695877	0.000000	0.000000	-0.341593
-117.032578	192.037384	-53.059120	0.000000	0.000000	-0.341593
-116.450089	191.979828	-52.422371	0.000000	0.000000	-0.341593
-115.866417	191.916260	-51.785664	0.000000	0.000000	-0.341593
-115.281624	191.846695	-51.149029	0.000000	0.000000	-0.341593
-114.695786	191.771088	-50.512478	0.000000	0.000000	-0.341593
-114.108955	191.689423	-49.876045	0.000000	0.000000	-0.341593
-113.521217	191.601654	-49.239758	0.000000	0.000000	-0.341593
-112.932632	191.507782	-48.603630	0.000000	0.000000	-0.341593
-112.343269	191.407776	-47.967697	0.000000	0.000000	-0.341593
-111.753197	191.301605	-47.331982	0.000000	0.000000	-0.341593
-111.162498	191.189255	-46.696510	0.000000	0.000000	-0.341593
-110.571220	191.070709	-46.061302	0.000000	0.000000	-0.341593
-109.979446	190.945953	-45.426388	0.000000	0.000000	-0.341593
-109.387245	190.814957	-44.791794	0.000000	0.000000	-0.341593
-108.794693	190.677704	-44.157536	0.000000	0.000000	-0.341593
-108.201851	190.534180	-43.523651	0.000000	0.000000	-0.341593
-107.608795	190.384369	-42.890156	0.000000	0.000000	-0.341593
-107.015602	190.228256	-42.257076	0.000000	0.000000	-0.341593
-106.422333	190.065842	-41.624439	0.000000	0.000000	-0.341593
-105.829079	189.897079	-40.992275	0.000000	0.000000	-0.341593
-105.235886	189.721985	-40.360592	0.000000	0.000000	-0.341593
-104.642853	189.540527	-39.729435	0.000000	0.000000	-0.341593
-104.050034	189.352707	-39.098816	0.000000	0.000000	-0.341593
-103.457520	189.158508	-38.468773	0.000000	0.000000	-0.341593
-102.865364	188.957932	-37.839314	0.000000	0.000000	-0.341593
-102.273659	188.750961	-37.210472	0.000000	0.000000	-0.341593
-101.682465	188.537582	-36.582272	0.000000	0.000000	-0.341593
-101.091858	188.317810	-35.954735	0.000000	0.000000	-0.341593
-100.501915	188.091629	-35.327892	0.000000	0.000000	-0.341593
-99.912712	187.859024	-34.701767	0.000000	0.000000	-0.341593
-99.324318	187.619995	-34.076382	0.000000	0.000000	-0.341593
-98.736824	187.374542	-33.451759	0.000000	0.000000	-0.341593
-98.150284	187.122681	-32.827930	0.000000	0.000000	-0.341593
-97.564774	186.864380	-32.204914	0.000000	0.000000	-0.541593
-96.980392	186.599655	-31.582733	0.000000	0.000000	-0.541593
-96.397179	186.328506	-30.961422	0.000000	0.000000	-0.541593
-95.815247	186.050934	-30.340998	0.000000	0.000000	-0.541593
-95.234634	185.766937	-29.721481	0.000000	0.000000	-0.541593
-94.655441	185.476532	-29.102909	0.000000	0.000000	-0.541593
-94.077736	185.179703	-28.485294	0.000000	0.000000	-0.541593
-93.501595	184.876480	-27.868666	0.000000	0.000000	-0.541593
-92.927086	184.566833	-27.253048	0.000000	0.000000	-0.541593
-92.354294	184.250809	-26.638464	0.000000	0.000000	-0.541593
-91.783287	183.928406	-26.024939	0.000000	0.000000	-0.541593
-91.214149	183.599609	-25.412500	0.000000	0.000000	-0.541593
-90.646942	183.264450	-24.801167	0.000000	0.000000	-0.541593
-90.081757	182.922928	-24.190962	0.000000	0.000000	-0.541593
-89.518654	182.575073	-23.581917	0.000000	0.000000	-0.541593
-88.957718	182.220886	-22.974047	0.000000	0.000000	-0.541593
-88.399017	181.860367	-22.367384	0.000000	0.000000	-0.541593
-87.842636	181.493546	-21.761946	0.000000	0.000000	-0.541593
-87.288643	181.120438	-21.157761	0.000000	0.000000	-0.541593
-86.737114	180.741074	-20.554853	0.000000	0.000000	-0.541593
-86.188118	180.355438	-19.953243	0.000000	0.000000	-0.541593
-85.641731	179.963562	-19.352955	0.000000	0.000000	-0.541593
-85.098030	179.565475	-18.754013	0.000000	0.000000	-0.541593
-84.557091	179.161179	-18.156441	0.000000	0.000000	-0.541593
-84.018997	178.750717	-17.560265	0.000000	0.000000	-0.541593
-83.483803	178.334091	-16.965506	0.000000	0.000000	-0.541593
-82.951591	177.911331	-16.372183	0.000000	0.000000	-0.541593
-82.422432	177.482468	-15.780327	0.000000	0.000000	-0.541593
-81.896408	177.047516	-15.189960	0.000000	0.000000	-0.541593
-81.373581	176.606506	-14.601102	0.000000	0.000000	-0.541593
-80.854019	176.159454	-14.013782	0.000000	0.000000	-0.541593
-79.758781	175.828217	-13.842334	0.000000	0.000000	-0.541593
-78.426353	175.532440	-13.843323	0.000000	0.000000	-0.541593
-77.097748	175.219955	-13.844228	0.000000	0.000000	-0.541593
-75.773155	174.890793	-13.845046	0.000000	0.000000	-0.541593
-74.452805	174.545013	-13.845780	0.000000	0.000000	-0.541593
-73.136894	174.182678	-13.846436	0.000000	0.000000	-0.541593
-71.825630	173.803833	-13.846999	0.000000	0.000000	-0.541593
-70.519218	173.408539	-13.847482	0.000000	0.000000	-0.541593
-69.217880	172.996872	-13.847876	0.000000	0.000000	-0.541593
-67.921799	172.568878	-13.848190	0.000000	0.000000	-0.541593
-66.631187	172.124619	-13.848412	0.000000	0.000000	-0.541593
-65.346252	171.664200	-13.848557	0.000000	0.000000	-0.541593
-64.067207	171.187668	-13.848612	0.000000	0.000000	-0.541593
-62.794231	170.695099	-13.848584	0.000000	0.000000	-0.541593
-61.527546	170.186569	-13.848469	0.000000	0.000000	-0.541593
-60.267334	169.662155	-13.848273	0.000000	0.000000	-0.541593
-59.013805	169.121964	-13.847998	0.000000	0.000000	-0.541593
-57.767162	168.566055	-13.847627	0.000000	0.000000	-0.541593
-56.527588	167.994537	-13.847178	0.000000	0.000000	-0.541593
-55.295284	167.407486	-13.846640	0.000000	0.000000	-0.541593
-54.070454	166.804977	-13.846018	0.000000	0.000000	-0.541593
-52.853271	166.187149	-13.845312	0.000000	0.000000	-0.541593
-51.643948	165.554062	-13.844519	0.000000	0.000000	-0.541593
-50.442665	164.905838	-13.843648	0.000000	0.000000	-0.541593
-49.249611	164.242569	-13.842686	0.000000	0.000000	-0.541593
-48.064983	163.564346	-13.841643	0.000000	0.000000	-0.541593
-46.888958	162.871307	-13.840515	0.000000	0.000000	-0.741593
-45.721729	162.163544	-13.839300	0.000000	0.000000	-0.741593
-44.563480	161.441162	-13.837999	0.000000	0.000000	-0.741593
-43.414387	160.704285	-13.836617	0.000000	0.000000	-0.741593
-42.274632	159.953033	-13.835153	0.000000	0.000000	-0.741593
-41.144409	159.187515	-13.833603	0.000000	0.000000	-0.741593
-40.023876	158.407852	-13.831967	0.000000	0.000000	-0.741593
-38.913227	157.614166	-13.830246	0.000000	0.000000	-0.741593
