19.631918	15.883801	-52.995190	0	0	-0.95533648	0.29552023
19.626936	15.878818	-52.990425	0	0	-0.95533648	0.29552023
19.608147	15.860029	-52.972450	0	0	-0.95533648	0.29552023
19.567686	15.819568	-52.933750	0	0	-0.95533648	0.29552023
19.466734	15.718616	-52.837193	0	0	-0.95533648	0.29552023
19.257721	15.509604	-52.637268	0	0	-0.95533648	0.29552023
19.237068	15.488952	-52.617516	0	0	-0.95533648	0.29552023
19.019037	15.270921	-52.408970	0	0	-0.95533648	0.29552023
18.945150	15.197033	-52.338295	0	0	-0.95533648	0.29552023
18.882442	15.134325	-52.278316	0	0	-0.95533648	0.29552023
18.763004	15.014887	-52.164074	0	0	-0.95533648	0.29552023
18.658915	14.910797	-52.064510	0	0	-0.95533648	0.29552023
18.515795	14.767677	-51.927616	0	0	-0.95533648	0.29552023
18.413765	14.665648	-51.830025	0	0	-0.95533648	0.29552023
18.343672	14.595554	-51.762981	0	0	-0.95533648	0.29552023
18.288662	14.540545	-51.710365	0	0	-0.95533648	0.29552023
18.050751	14.302633	-51.482800	0	0	-0.95533648	0.29552023
17.946325	14.198208	-51.382919	0	0	-0.95533648	0.29552023
17.482908	13.734792	-50.939659	0	0	-0.95533648	0.29552023
17.358591	13.610475	-50.820751	0	0	-0.95533648	0.29552023
16.545204	14.895157	-50.777287	0	0	-0.95533648	0.29552023
16.626307	12.878189	-49.931309	0	0	-0.95533648	0.29552023
16.427940	12.679823	-49.930580	0	0	-0.95533648	0.29552023
16.257156	12.509039	-49.767227	0	0	-0.95533648	0.29552023
23.817188	13.213068	-49.089447	0	0	-0.99500417	0.099833397
23.865477	13.191586	-49.123260	0	0	-0.87758258	0.4794255
23.909533	13.140307	-49.154106	0	0	-0.99500417	0.099833397
22.872112	12.582179	-48.427696	0	-0	-1	-4.371139e-08
22.676954	12.540379	-48.291046	0	0	-0.99500417	0.099833397
24.037127	12.736870	-49.243450	0	0	-0.87758258	0.4794255
22.576794	12.393066	-48.220913	0	-0	-1	-4.371139e-08
22.437769	12.190367	-48.123566	0	0	-0.87758258	0.4794255
15.646687	11.898569	-49.183311	0	0	-0.95533648	0.29552023
22.366886	11.992724	-48.073933	0	0	-0.87758258	0.4794255
23.832975	12.123793	-49.100502	0	0	-0.99500417	0.099833397
23.516169	11.926918	-48.878670	0	0	-0.87758258	0.4794255
22.400194	11.749824	-48.097256	0	0	-0.87758258	0.4794255
21.444515	11.982249	-47.428082	0	-0	-1	-4.371139e-08
22.382950	11.595883	-48.085182	0	0	-0.99500417	0.099833397
24.093103	11.661524	-49.282646	0	0	-0.87758258	0.4794255
22.140423	11.304406	-47.915363	0	0	-0.99500417	0.099833397
23.769754	11.325061	-49.056232	0	0	-0.99500417	0.099833397
24.533461	11.617582	-49.590984	0	-0	-1	-4.371139e-08
20.198944	12.290527	-46.555923	0	0	-0.87758258	0.4794255
12.870002	17.868071	-49.589481	0	0	-0.95533648	0.29552023
22.030748	9.799709	-47.838570	0	0	-0.99500417	0.099833397
17.641348	12.668346	-44.765076	0	0	-0.99500417	0.099833397
19.923225	8.842605	-46.362865	0	0	-0.87758258	0.4794255
19.306677	7.692040	-45.931152	0	0	-0.92106097	0.38941839
23.748913	6.000649	-49.041641	0	0	-0.92106097	0.38941839
22.406988	5.765283	-48.102013	0	-0	-1	-4.371139e-08
24.818666	5.349087	-49.790691	0	0	-0.99500417	0.099833397
28.491911	8.289689	-39.402363	0	0	0	1
28.401022	8.248382	-39.361710	0	0	0	1
28.387571	8.242269	-39.355694	0	0	0	1
28.371016	8.234744	-39.348289	0	0	-0.82533563	0.56464246
28.329803	8.216014	-39.329857	0	0	0.98999249	0.14112005
28.189663	8.152323	-39.267174	0	0	0	1
28.079638	8.102318	-39.217960	0	0	-0.82533563	0.56464246
27.963501	8.049536	-39.166016	0	0	0	1
27.651190	7.907594	-39.026325	0	0	0.98999249	0.14112005
27.582991	7.876599	-38.995823	0	0	0	1
27.178003	7.692539	-38.814678	0	0	0.98999249	0.14112005
26.968605	7.597370	-38.721020	0	0	0	1
26.819685	7.529689	-38.654411	0	0	0	1
26.612013	7.435305	-38.561520	0	0	0	1
26.468931	7.370276	-38.497524	0	0	-0.82533563	0.56464246
26.433495	7.354171	-38.481674	0	0	-0.82533563	0.56464246
26.351950	7.317110	-38.445202	0	0	0	1
26.029285	7.170465	-38.300880	0	0	0.98999249	0.14112005
25.472494	6.917412	-38.051838	0	0	0	1
25.417830	6.892567	-38.027386	0	0	0	1
25.396029	6.882658	-38.017635	0	0	0	1
24.233253	6.354196	-37.497547	0	0	0.98999249	0.14112005
24.066847	6.278566	-37.423119	0	0	-0.82533563	0.56464246
22.507368	5.569808	-36.725594	0	0	0	1
21.278969	5.011519	-36.176155	0	0	-0.82533563	0.56464246
20.359936	4.593832	-35.765087	0	0	0	1
18.370899	3.521661	-36.467266	0	0	0	1
18.822735	3.895199	-35.077526	0	0	0.98999249	0.14112005
16.372047	2.776759	-34.025307	0	0	-0.82533563	0.56464246
16.384516	2.787066	-33.986958	0	0	-0.82533563	0.56464246
11.742290	7.994172	-32.485001	0	-0	-1	-4.371139e-08
9.057766	5.309649	-34.871563	0	0	-0.82533563	0.56464246
-1.935850	25.095333	-48.082970	0	0	0	1
-1.931216	25.112629	-48.095081	0	0	0	1
-1.930123	25.116709	-48.097939	0	0	0	1
-1.987375	24.903042	-47.948326	0	0	0	1
-1.836130	25.467493	-48.343559	0	0	0	1
-2.101784	24.476059	-47.649349	0	0	0	1
-2.116094	24.422653	-47.611958	0	0	0	1
-2.130250	24.369822	-47.574963	0	0	0	1
-2.156107	24.273325	-47.507397	0	0	0	1
-2.158320	24.265066	-47.501614	0	0	0	1
-2.166425	24.234818	-47.480431	0	0	0	1
-2.190581	24.144667	-47.417309	0	0	0	1
-2.237374	23.970030	-47.295025	0	0	0	1
-2.249355	23.925320	-47.263718	0	0	0	1
-2.273049	23.836891	-47.201801	0	0	0	1
-2.274117	23.832907	-47.199013	0	0	0	1
-2.317292	23.671772	-47.086182	0	0	0	1
-2.331361	23.619268	-47.049419	0	0	0	1
-2.338261	23.593515	-47.031387	0	0	0	1
17.150150	3.313612	-32.639221	0	0	0	1
-2.418791	23.292973	-46.820946	0	0	0	1
-2.679967	22.318253	-46.138439	0	0	0	1
-2.808396	21.838949	-45.802826	0	0	0	1
-2.913373	21.447168	-45.528500	0	0	0	1
-2.948517	21.316011	-45.436661	0	0	0	1
-3.209486	20.342058	-44.754692	0	0	0	1
-4.025707	17.295883	-42.621738	0	0	0	1
6.924803	3.176686	-32.106827	0	0	-0.82533563	0.56464246
14.899722	3.327319	-21.822523	0	0	0.98999249	0.14112005
-6.418622	8.365401	-32.485001	0	0	-0.95533648	0.29552023
-8.532260	0.477199	-30.845169	0	0	-0.87758258	0.4794255
17.089540	5.440365	-12.222234	0	0	0	1
17.137249	5.486399	-12.013083	0	0	0	1
-9.537554	-3.274610	-28.218124	0	0	-0.87758258	0.4794255
17.408140	5.747795	-10.825475	0	0	0	1
-21.871880	15.406998	-37.773369	0	0	0	1
-21.864210	15.378372	-37.753326	0	0	0	1
-21.889765	15.473750	-37.820110	0	0	0	1
-21.843927	15.302676	-37.700321	0	0	0	1
-21.919344	15.584140	-37.897404	0	0	0	1
-21.813694	15.189848	-37.621319	0	0	0	1
-21.938984	15.657436	-37.948727	0	0	0	1
-21.808832	15.171701	-37.608612	0	0	0	1
-21.941814	15.667997	-37.956123	0	0	0	1
-21.944828	15.679245	-37.963997	0	0	0	1
-21.799932	15.138491	-37.585358	0	0	0	1
-21.954855	15.716663	-37.990200	0	0	0	1
-21.791672	15.107660	-37.563770	0	0	0	1
-21.783325	15.076509	-37.541958	0	0	0	1
-21.779572	15.062503	-37.532150	0	0	0	1
-21.742437	14.923913	-37.435108	0	0	0	1
-22.017315	15.949768	-38.153419	0	0	0	1
-21.728409	14.871557	-37.398449	0	0	0	1
-22.029041	15.993530	-38.184063	0	0	0	1
-22.033485	16.010120	-38.195679	0	0	0	1
-22.234365	16.759813	-38.720619	0	0	0	1
-21.499538	14.017400	-36.800362	0	0	0	1
-21.250786	13.089043	-36.150318	0	0	0	1
-21.018581	12.222444	-35.543518	0	0	0	1
-23.422308	21.193274	-41.824963	0	0	-0.69670669	0.71735611
3.002336	-1.831027	-14.145927	0	0	-0.99500417	0.099833397
-19.276716	5.721714	-30.991659	0	0	-0.76484218	0.64421769
7.365221	4.740491	-8.312982	0	0	-0.69670669	0.71735611
-17.829563	0.320871	-27.209949	0	0	-0.82533563	0.56464246
-17.829563	0.320871	-27.209949	0	0	-0.76484218	0.64421769
3.595873	2.844742	-7.361767	0	0	-0.99500417	0.099833397
3.675478	6.190828	-6.451870	0	0	-0.69670669	0.71735611
-7.849043	2.014263	-12.738599	0	0	-0.95533648	0.29552023
-6.401507	8.429275	-8.312982	0	0	-0.98006658	0.19866933
-3.381574	2.844742	-6.751319	0	0	-0.98006658	0.19866933
-16.291500	4.093405	-15.300825	0	0	-0.92106097	0.38941839
19.967312	8.217243	0.394075	0	0	0.97095818	0.23924928
-19.176170	5.346474	-16.227974	0	0	-0.87758258	0.4794255
-7.595344	3.973818	-6.751319	0	0	-0.95533648	0.29552023
20.308073	8.546058	1.887991	0	0	-0.69670669	0.71735611
20.525677	8.756030	2.841971	0	0	0.99913515	0.041580682
-19.615112	6.984628	-12.648270	0	0	-0.87758258	0.4794255
-11.319349	9.341668	-5.213857	0	0	-0.62160997	0.7833269
20.778685	9.000169	3.951175	0	0	0	1
17.267307	7.235066	3.919970	0	0	0	1
-19.816587	7.736545	-11.005177	0	0	-0.92106097	0.38941839
4.584520	9.776628	3.938522	0	0	-0.99500417	0.099833397
10.306832	6.558715	5.539354	0	-0	-1	-4.371139e-08
-15.893244	7.770168	-5.276936	0	0	-0.62160997	0.7833269
1.890080	9.776628	4.174255	0	0	-0.99500417	0.099833397
13.513833	5.609030	6.354681	0	0	0	1
-20.198215	9.160796	-7.892896	0	0	0	1
10.721997	6.973880	6.657272	0	0	0.99913515	0.041580682
-38.569469	8.417644	-36.221256	0	0	-0.45359611	0.89120736
-20.343592	9.703349	-6.707304	0	0	0	1
21.814470	9.999640	8.492118	0	0	0.97095818	0.23924928
-5.509238	11.759269	4.174255	0	0	-0.98006658	0.19866933
4.929864	7.569814	7.885829	0	0	-0.87758258	0.4794255
-6.988837	6.237331	3.587514	0	0	-0.95533648	0.29552023
-40.594616	10.442788	-33.927765	0	0	-0.69670669	0.71735611
17.540804	8.004748	9.906018	0	0	0.98999249	0.14112005
13.368516	9.620399	10.448152	0	0	0.98999249	0.14112005
-42.140141	11.988316	-32.177441	0	0	-0.69670669	0.71735611
-20.929678	11.890651	-1.927601	0	0	0	1
-6.392222	8.463926	6.657272	0	0	-0.95533648	0.29552023
-21.163637	12.763803	-0.019584	0	0	-0.62160997	0.7833269
-43.616413	13.464588	-30.505548	0	0	-0.76484218	0.64421769
-21.251778	13.092743	0.699218	0	0	0	1
-9.999925	9.806226	8.431451	0	0	-0.95533648	0.29552023
-6.014136	9.874963	10.448152	0	0	-0.45359611	0.89120736
23.473581	11.600584	15.765751	0	0	0.97095818	0.23924928
-45.694546	15.542721	-28.152046	0	0	0	1
-46.123291	15.971465	-27.666491	0	0	0	1
-21.737322	14.904821	4.658982	0	0	-0.92106097	0.38941839
-46.862106	16.710279	-26.829777	0	0	-0.62160997	0.7833269
24.053032	12.159719	18.306091	0	0	0	1
-47.437836	17.286009	-26.177757	0	0	-0.62160997	0.7833269
24.320406	12.417719	19.478275	0	0	0.97095818	0.23924928
-49.060207	18.908381	-24.340408	0	0	-0.76484218	0.64421769
-49.286259	19.134430	-24.084404	0	0	-0.76484218	0.64421769
6.100427	7.618082	21.265423	0	0	-0.98006658	0.19866933
1.771506	8.274276	21.420994	0	0	0	1
49.644901	59.149498	3.084895	0	0	0.99913515	0.041580682
-51.268089	21.116261	-21.839966	0	0	0	1
30.222336	21.889906	23.766006	0	0	0.97095818	0.23924928
-51.528397	21.376570	-21.545162	0	0	0	1
-5.429095	12.058366	20.793526	0	0	-0.36235775	0.93203909
6.338717	13.144298	23.989084	0	0	-0.99500417	0.099833397
21.589512	26.874069	24.638121	0	0	0.98999249	0.14112005
36.593967	66.684464	4.403343	0	0	-0.54030229	0.84147099
9.028657	5.280540	24.161402	0	-0	-1	-4.371139e-08
9.069161	5.261237	24.170029	0	0	0	1
-22.823372	18.958019	13.516053	0	0	0	1
-22.840069	19.020330	13.652215	0	0	-0.92106097	0.38941839
-5.247296	12.736850	22.799013	0	0	0	1
31.022577	22.670042	27.228868	0	0	-0.87758258	0.4794255
0.084734	32.636257	24.638121	0	0	-0.69670669	0.71735611
11.042439	73.530968	4.403343	0	0	-0.76484218	0.64421769
-6.340083	14.114341	24.768440	0	0	0	1
19.992340	29.038353	28.343178	0	0	-0.98006658	0.19866933
-30.774776	48.633060	4.403343	0	0	-0.62160997	0.7833269
26.887550	14.894861	30.732780	0	0	-0.82533563	0.56464246
-23.525835	21.579641	19.244837	0	0	0	1
0.518815	34.256268	28.343178	0	0	-0.98006658	0.19866933
-23.754570	22.433294	21.110245	0	0	0	1
8.108033	16.502943	34.662434	0	-0	-1	-4.371139e-08
-59.385925	29.234098	-12.646446	0	0	0	1
-24.244398	24.261360	25.104944	0	0	-0.82533563	0.56464246
50.266731	57.016022	21.433104	0	0	0.98999249	0.14112005
44.721966	60.217293	21.993254	0	0	-0.62160997	0.7833269
-3.411135	19.589495	34.662434	0	0	-0.62160997	0.7833269
-24.448690	25.023788	26.771006	0	0	-0.69670669	0.71735611
-28.613510	40.567108	21.993254	0	0	-0.16996714	0.98544973
9.970120	69.529022	21.993254	0	0	-0.45359611	0.89120736
56.133919	65.696640	29.900742	0	0	-0.98006658	0.19866933
-69.333847	39.182018	-1.380345	0	0	0	1
37.885319	76.232475	31.744274	0	0	-0.54030229	0.84147099
-33.075275	57.218643	31.744274	0	0	-0.69670669	0.71735611
13.515948	82.762230	31.744274	0	0	-0.92106097	0.38941839
68.973640	88.315086	27.732540	0	0	-0.76484218	0.64421769
35.751534	107.495880	31.088743	0	0	-0.69670669	0.71735611
-41.034065	86.921242	31.088743	0	0	-0.62160997	0.7833269
-82.228554	52.076729	13.223024	0	0	-0.76484218	0.64421769
21.188862	111.397934	31.088743	0	0	-0.87758258	0.4794255
-36.241489	69.035118	101.725540	0	0	-0.87758258	0.4794255
-132.980865	102.829033	-57.979809	0	0	0.029199523	0.9995736
75.418030	86.784485	100.271118	0	-0	-1	-4.371139e-08
61.021111	95.096558	101.725540	0	0	-0.99500417	0.099833397
19.781773	106.146599	101.725540	0	0	-0.98006658	0.19866933
112.095078	173.500610	-32.258148	0	0	-0.62160997	0.7833269
200.934189	96.075050	-27.440653	0	0	0.99913515	0.041580682
200.934189	96.075050	-27.440653	0	0	-0.76484218	0.64421769
200.934189	96.075050	-27.440653	0	0	0.97095818	0.23924928
13.037444	237.337036	-41.541389	0	0	-0.45359611	0.89120736
1.527138	237.337036	-57.979809	0	0	-0.36235775	0.93203909
-75.786949	216.620789	-57.979809	0	0	-0.26749883	0.96355818
