94.274078	-39.231903	220.703110	0.000000	0.000000	2.858407
116.841698	-96.659355	220.703110	0.000000	0.000000	3.058407
78.391876	-144.917206	220.703110	0.000000	0.000000	2.858407
64.993851	-148.507202	220.703110	0.000000	0.000000	2.858407
61.254932	-150.665863	220.325394	0.000000	0.000000	2.858407
-6.572978	-148.507202	214.441818	0.000000	0.000000	2.258407
-42.959114	-86.180527	209.797348	0.000000	0.000000	1.858407
-9.682344	-19.164242	207.636475	0.000000	0.000000	0.258407
41.173458	-6.016168	207.678345	0.000000	0.000000	-1.541593
56.072422	8.675229	207.160568	0.000000	0.000000	-1.341593
79.975677	6.848691	209.793640	0.000000	0.000000	-1.541593
95.441643	-13.399889	214.872025	0.000000	0.000000	-2.141593
94.274078	-39.231903	220.703110	0.000000	0.000000	2.858407
116.841698	-96.659355	220.703110	0.000000	0.000000	3.058407
78.391876	-144.917206	220.703110	0.000000	0.000000	2.858407
64.993851	-148.507202	220.703110	0.000000	0.000000	2.858407
61.254932	-150.665863	220.325394	0.000000	0.000000	2.858407
-6.572978	-148.507202	214.441818	0.000000	0.000000	2.258407
-42.959114	-86.180527	209.797348	0.000000	0.000000	1.858407
-9.682344	-19.164242	207.636475	0.000000	0.000000	0.258407
41.173458	-6.016168	207.678345	0.000000	0.000000	-1.541593
56.072422	8.675229	207.160568	0.000000	0.000000	-1.341593
79.975677	6.848691	209.793640	0.000000	0.000000	-1.541593
95.441643	-13.399889	214.872025	0.000000	0.000000	-2.141593
94.274078	-39.231903	220.703110	0.000000	0.000000	2.858407
116.841698	-96.659355	220.703110	0.000000	0.000000	3.058407
78.391876	-144.917206	220.703110	0.000000	0.000000	2.858407
64.993851	-148.507202	220.703110	0.000000	0.000000	2.858407
61.254932	-150.665863	220.325394	0.000000	0.000000	2.858407
-6.572978	-148.507202	214.441818	0.000000	0.000000	2.258407
-42.959114	-86.180527	209.797348	0.000000	0.000000	1.858407
-9.682344	-19.164242	207.636475	0.000000	0.000000	0.258407
41.173458	-6.016168	207.678345	0.000000	0.000000	-1.541593
56.072422	8.675229	207.160568	0.000000	0.000000	-1.341593
79.975677	6.848691	209.793640	0.000000	0.000000	-1.541593
95.441643	-13.399889	214.872025	0.000000	0.000000	-2.141593
94.274078	-39.231903	220.703110	0.000000	0.000000	2.858407
116.841698	-96.659355	220.703110	0.000000	0.000000	3.058407
78.391876	-144.917206	220.703110	0.000000	0.000000	2.858407
64.993851	-148.507202	220.703110	0.000000	0.000000	2.858407
61.254932	-150.665863	220.325394	0.000000	0.000000	2.858407
-6.572978	-148.507202	214.441818	0.000000	0.000000	2.258407
-42.959114	-86.180527	209.797348	0.000000	0.000000	1.858407
-9.682344	-19.164242	207.636475	0.000000	0.000000	0.258407
41.173458	-6.016168	207.678345	0.000000	0.000000	-1.541593
56.072422	8.675229	207.160568	0.000000	0.000000	-1.341593
79.975677	6.848691	209.793640	0.000000	0.000000	-1.541593
95.441643	-13.399889	214.872025	0.000000	0.000000	-2.141593
94.274078	-39.231903	220.703110	0.000000	0.000000	2.858407
116.841698	-96.659355	220.703110	0.000000	0.000000	3.058407
78.391876	-144.917206	220.703110	0.000000	0.000000	2.858407
64.993851	-148.507202	220.703110	0.000000	0.000000	2.858407
61.254932	-150.665863	220.325394	0.000000	0.000000	2.858407
-6.572978	-148.507202	214.441818	0.000000	0.000000	2.258407
-42.959114	-86.180527	209.797348	0.000000	0.000000	1.858407
-9.682344	-19.164242	207.636475	0.000000	0.000000	0.258407
41.173458	-6.016168	207.678345	0.000000	0.000000	-1.541593
56.072422	8.675229	207.160568	0.000000	0.000000	-1.341593
79.975677	6.848691	209.793640	0.000000	0.000000	-1.541593
95.441643	-13.399889	214.872025	0.000000	0.000000	-2.141593
94.274078	-39.231903	220.703110	0.000000	0.000000	2.858407
116.841698	-96.659355	220.703110	0.000000	0.000000	3.058407
78.391876	-144.917206	220.703110	0.000000	0.000000	2.858407
64.993851	-148.507202	220.703110	0.000000	0.000000	2.858407
61.254932	-150.665863	220.325394	0.000000	0.000000	2.858407
-6.572978	-148.507202	214.441818	0.000000	0.000000	2.258407
-42.959114	-86.180527	209.797348	0.000000	0.000000	1.858407
-9.682344	-19.164242	207.636475	0.000000	0.000000	0.258407
41.173458	-6.016168	207.678345	0.000000	0.000000	-1.541593
56.072422	8.675229	207.160568	0.000000	0.000000	-1.341593
79.975677	6.848691	209.793640	0.000000	0.000000	-1.541593
95.441643	-13.399889	214.872025	0.000000	0.000000	-2.141593
94.274078	-39.231903	220.703110	0.000000	0.000000	2.858407
116.841698	-96.659355	220.703110	0.000000	0.000000	3.058407
78.391876	-144.917206	220.703110	0.000000	0.000000	2.858407
64.993851	-148.507202	220.703110	0.000000	0.000000	2.858407
61.254932	-150.665863	220.325394	0.000000	0.000000	2.858407
-6.572978	-148.507202	214.441818	0.000000	0.000000	2.258407
-42.959114	-86.180527	209.797348	0.000000	0.000000	1.858407
-9.682344	-19.164242	207.636475	0.000000	0.000000	0.258407
41.173458	-6.016168	207.678345	0.000000	0.000000	-1.541593
56.072422	8.675229	207.160568	0.000000	0.000000	-1.341593
79.975677	6.848691	209.793640	0.000000	0.000000	-1.541593
95.441643	-13.399889	214.872025	0.000000	0.000000	-2.141593
94.274078	-39.231903	220.703110	0.000000	0.000000	2.858407
116.841698	-96.659355	220.703110	0.000000	0.000000	3.058407
78.391876	-144.917206	220.703110	0.000000	0.000000	2.858407
64.993851	-148.507202	220.703110	0.000000	0.000000	2.858407
61.254932	-150.665863	220.325394	0.000000	0.000000	2.858407
-6.572978	-148.507202	214.441818	0.000000	0.000000	2.258407
-42.959114	-86.180527	209.797348	0.000000	0.000000	1.858407
-9.682344	-19.164242	207.636475	0.000000	0.000000	0.258407
41.173458	-6.016168	207.678345	0.000000	0.000000	-1.541593
56.072422	8.675229	207.160568	0.000000	0.000000	-1.341593
79.975677	6.848691	209.793640	0.000000	0.000000	-1.541593
95.441643	-13.399889	214.872025	0.000000	0.000000	-2.141593
94.274078	-39.231903	220.703110	0.000000	0.000000	2.858407
116.841698	-96.659355	220.703110	0.000000	0.000000	3.058407
78.391876	-144.917206	220.703110	0.000000	0.000000	2.858407
64.993851	-148.507202	220.703110	0.000000	0.000000	2.858407
61.254932	-150.665863	220.325394	0.000000	0.000000	2.858407
-6.572978	-148.507202	214.441818	0.000000	0.000000	2.258407
-42.959114	-86.180527	209.797348	0.000000	0.000000	1.858407
-9.682344	-19.164242	207.636475	0.000000	0.000000	0.258407
41.173458	-6.016168	207.678345	0.000000	0.000000	-1.541593
56.072422	8.675229	207.160568	0.000000	0.000000	-1.341593
79.975677	6.848691	209.793640	0.000000	0.000000	-1.541593
95.441643	-13.399889	214.872025	0.000000	0.000000	-2.141593
94.274078	-39.231903	220.703110	0.000000	0.000000	2.858407
116.841698	-96.659355	220.703110	0.000000	0.000000	3.058407
78.391876	-144.917206	220.703110	0.000000	0.000000	2.858407
64.993851	-148.507202	220.703110	0.000000	0.000000	2.858407
61.254932	-150.665863	220.325394	0.000000	0.000000	2.858407
-6.572978	-148.507202	214.441818	0.000000	0.000000	2.258407
-42.959114	-86.180527	209.797348	0.000000	0.000000	1.858407
-9.682344	-19.164242	207.636475	0.000000	0.000000	0.258407
41.173458	-6.016168	207.678345	0.000000	0.000000	-1.541593
56.072422	8.675229	207.160568	0.000000	0.000000	-1.341593
79.975677	6.848691	209.793640	0.000000	0.000000	-1.541593
95.441643	-13.399889	214.872025	0.000000	0.000000	-2.141593
94.274078	-39.231903	220.703110	0.000000	0.000000	2.858407
116.841698	-96.659355	220.703110	0.000000	0.000000	3.058407
78.391876	-144.917206	220.703110	0.000000	0.000000	2.858407
64.993851	-148.507202	220.703110	0.000000	0.000000	2.858407
61.254932	-150.665863	220.325394	0.000000	0.000000	2.858407
-6.572978	-148.507202	214.441818	0.000000	0.000000	2.258407
-42.959114	-86.180527	209.797348	0.000000	0.000000	1.858407
-9.682344	-19.164242	207.636475	0.000000	0.000000	0.258407
41.173458	-6.016168	207.678345	0.000000	0.000000	-1.541593
56.072422	8.675229	207.160568	0.000000	0.000000	-1.341593
79.975677	6.848691	209.793640	0.000000	0.000000	-1.541593
95.441643	-13.399889	214.872025	0.000000	0.000000	-2.141593
94.274078	-39.231903	220.703110	0.000000	0.000000	2.858407
116.841698	-96.659355	220.703110	0.000000	0.000000	3.058407
78.391876	-144.917206	220.703110	0.000000	0.000000	2.858407
64.993851	-148.507202	220.703110	0.000000	0.000000	2.858407
61.254932	-150.665863	220.325394	0.000000	0.000000	2.858407
-6.572978	-148.507202	214.441818	0.000000	0.000000	2.258407
-42.959114	-86.180527	209.797348	0.000000	0.000000	1.858407
-9.682344	-19.164242	207.636475	0.000000	0.000000	0.258407
41.173458	-6.016168	207.678345	0.000000	0.000000	-1.541593
56.072422	8.675229	207.160568	0.000000	0.000000	-1.341593
79.975677	6.848691	209.793640	0.000000	0.000000	-1.541593
95.441643	-13.399889	214.872025	0.000000	0.000000	-2.141593
94.274078	-39.231903	220.703110	0.000000	0.000000	2.858407
116.841698	-96.659355	220.703110	0.000000	0.000000	3.058407
78.391876	-144.917206	220.703110	0.000000	0.000000	2.858407
64.993851	-148.507202	220.703110	0.000000	0.000000	2.858407
61.254932	-150.665863	220.325394	0.000000	0.000000	2.858407
-6.572978	-148.507202	214.441818	0.000000	0.000000	2.258407
-42.959114	-86.180527	209.797348	0.000000	0.000000	1.858407
-9.682344	-19.164242	207.636475	0.000000	0.000000	0.258407
41.173458	-6.016168	207.678345	0.000000	0.000000	-1.541593
56.072422	8.675229	207.160568	0.000000	0.000000	-1.341593
79.975677	6.848691	209.793640	0.000000	0.000000	-1.541593
95.441643	-13.399889	214.872025	0.000000	0.000000	-2.141593
94.274078	-39.231903	220.703110	0.000000	0.000000	2.858407
116.841698	-96.659355	220.703110	0.000000	0.000000	3.058407
78.391876	-144.917206	220.703110	0.000000	0.000000	2.858407
64.993851	-148.507202	220.703110	0.000000	0.000000	2.858407
61.254932	-150.665863	220.325394	0.000000	0.000000	2.858407
-6.572978	-148.507202	214.441818	0.000000	0.000000	2.258407
-42.959114	-86.180527	209.797348	0.000000	0.000000	1.858407
-9.682344	-19.164242	207.636475	0.000000	0.000000	0.258407
41.173458	-6.016168	207.678345	0.000000	0.000000	-1.541593
56.072422	8.675229	207.160568	0.000000	0.000000	-1.341593
79.975677	6.848691	209.793640	0.000000	0.000000	-1.541593
95.441643	-13.399889	214.872025	0.000000	0.000000	-2.141593
94.274078	-39.231903	220.703110	0.000000	0.000000	2.858407
116.841698	-96.659355	220.703110	0.000000	0.000000	3.058407
78.391876	-144.917206	220.703110	0.000000	0.000000	2.858407
64.993851	-148.507202	220.703110	0.000000	0.000000	2.858407
61.254932	-150.665863	220.325394	0.000000	0.000000	2.858407
-6.572978	-148.507202	214.441818	0.000000	0.000000	2.258407
-42.959114	-86.180527	209.797348	0.000000	0.000000	1.858407
-9.682344	-19.164242	207.636475	0.000000	0.000000	0.258407
41.173458	-6.016168	207.678345	0.000000	0.000000	-1.541593
56.072422	8.675229	207.160568	0.000000	0.000000	-1.341593
79.975677	6.848691	209.793640	0.000000	0.000000	-1.541593
95.441643	-13.399889	214.872025	0.000000	0.000000	-2.141593
94.274078	-39.231903	220.703110	0.000000	0.000000	2.858407
116.841698	-96.659355	220.703110	0.000000	0.000000	3.058407
78.391876	-144.917206	220.703110	0.000000	0.000000	2.858407
64.993851	-148.507202	220.703110	0.000000	0.000000	2.858407
61.254932	-150.665863	220.325394	0.000000	0.000000	2.858407
-6.572978	-148.507202	214.441818	0.000000	0.000000	2.258407
-42.959114	-86.180527	209.797348	0.000000	0.000000	1.858407
-9.682344	-19.164242	207.636475	0.000000	0.000000	0.258407
41.173458	-6.016168	207.678345	0.000000	0.000000	-1.541593
56.072422	8.675229	207.160568	0.000000	0.000000	-1.341593
79.975677	6.848691	209.793640	0.000000	0.000000	-1.541593
95.441643	-13.399889	214.872025	0.000000	0.000000	-2.141593
94.274078	-39.231903	220.703110	0.000000	0.000000	2.858407
116.841698	-96.659355	220.703110	0.000000	0.000000	3.058407
78.391876	-144.917206	220.703110	0.000000	0.000000	2.858407
64.993851	-148.507202	220.703110	0.000000	0.000000	2.858407
61.254932	-150.665863	220.325394	0.000000	0.000000	2.858407
-6.572978	-148.507202	214.441818	0.000000	0.000000	2.258407
-42.959114	-86.180527	209.797348	0.000000	0.000000	1.858407
-9.682344	-19.164242	207.636475	0.000000	0.000000	0.258407
41.173458	-6.016168	207.678345	0.000000	0.000000	-1.541593
56.072422	8.675229	207.160568	0.000000	0.000000	-1.341593
79.975677	6.848691	209.793640	0.000000	0.000000	-1.541593
95.441643	-13.399889	214.872025	0.000000	0.000000	-2.141593
94.274078	-39.231903	220.703110	0.000000	0.000000	2.858407
116.841698	-96.659355	220.703110	0.000000	0.000000	3.058407
78.391876	-144.917206	220.703110	0.000000	0.000000	2.858407
64.993851	-148.507202	220.703110	0.000000	0.000000	2.858407
61.254932	-150.665863	220.325394	0.000000	0.000000	2.858407
-6.572978	-148.507202	214.441818	0.000000	0.000000	2.258407
-42.959114	-86.180527	209.797348	0.000000	0.000000	1.858407
-9.682344	-19.164242	207.636475	0.000000	0.000000	0.258407
41.173458	-6.016168	207.678345	0.000000	0.000000	-1.541593
56.072422	8.675229	207.160568	0.000000	0.000000	-1.341593
79.975677	6.848691	209.793640	0.000000	0.000000	-1.541593
95.441643	-13.399889	214.872025	0.000000	0.000000	-2.141593
94.274078	-39.231903	220.703110	0.000000	0.000000	2.858407
116.841698	-96.659355	220.703110	0.000000	0.000000	3.058407
78.391876	-144.917206	220.703110	0.000000	0.000000	2.858407
64.993851	-148.507202	220.703110	0.000000	0.000000	2.858407
61.254932	-150.665863	220.325394	0.000000	0.000000	2.858407
-6.572978	-148.507202	214.441818	0.000000	0.000000	2.258407
-42.959114	-86.180527	209.797348	0.000000	0.000000	1.858407
-9.682344	-19.164242	207.636475	0.000000	0.000000	0.258407
41.173458	-6.016168	207.678345	0.000000	0.000000	-1.541593
56.072422	8.675229	207.160568	0.000000	0.000000	-1.341593
79.975677	6.848691	209.793640	0.000000	0.000000	-1.541593
95.441643	-13.399889	214.872025	0.000000	0.000000	-2.141593
94.274078	-39.231903	220.703110	0.000000	0.000000	2.858407
116.841698	-96.659355	220.703110	0.000000	0.000000	3.058407
78.391876	-144.917206	220.703110	0.000000	0.000000	2.858407
64.993851	-148.507202	220.703110	0.000000	0.000000	2.858407
61.254932	-150.665863	220.325394	0.000000	0.000000	2.858407
-6.572978	-148.507202	214.441818	0.000000	0.000000	2.258407
-42.959114	-86.180527	209.797348	0.000000	0.000000	1.858407
-9.682344	-19.164242	207.636475	0.000000	0.000000	0.258407
41.173458	-6.016168	207.678345	0.000000	0.000000	-1.541593
56.072422	8.675229	207.160568	0.000000	0.000000	-1.341593
79.975677	6.848691	209.793640	0.000000	0.000000	-1.541593
95.441643	-13.399889	214.872025	0.000000	0.000000	-2.141593
