129.212021	139.368286	-0.589814	0.000000	0.000000	-1.541593
118.247643	27.718853	-1.562482	0.000000	0.000000	3.058407
450.614349	-18.724993	-2.237246	0.000000	0.000000	3.058407
-110.597565	101.981659	-96.012291	0.000000	0.000000	-1.141593
-46.957077	187.799255	-121.067139	0.000000	0.000000	-1.141593
16.074209	204.688431	-121.067139	0.000000	0.000000	-1.141593
39.512718	218.220657	-82.415085	0.000000	0.000000	-1.141593
80.406578	204.688431	-29.190990	0.000000	0.000000	-1.341593
129.212021	139.368286	-0.589814	0.000000	0.000000	-1.541593
118.247643	27.718853	-1.562482	0.000000	0.000000	3.058407
450.614349	-18.724993	-2.237246	0.000000	0.000000	3.058407
-110.597565	101.981659	-96.012291	0.000000	0.000000	-1.141593
-46.957077	187.799255	-121.067139	0.000000	0.000000	-1.141593
16.074209	204.688431	-121.067139	0.000000	0.000000	-1.141593
39.512718	218.220657	-82.415085	0.000000	0.000000	-1.141593
80.406578	204.688431	-29.190990	0.000000	0.000000	-1.341593
129.212021	139.368286	-0.589814	0.000000	0.000000	-1.541593
118.247643	27.718853	-1.562482	0.000000	0.000000	3.058407
450.614349	-18.724993	-2.237246	0.000000	0.000000	3.058407
-110.597565	101.981659	-96.012291	0.000000	0.000000	-1.141593
-46.957077	187.799255	-121.067139	0.000000	0.000000	-1.141593
16.074209	204.688431	-121.067139	0.000000	0.000000	-1.141593
39.512718	218.220657	-82.415085	0.000000	0.000000	-1.141593
80.406578	204.688431	-29.190990	0.000000	0.000000	-1.341593
129.212021	139.368286	-0.589814	0.000000	0.000000	-1.541593
118.247643	27.718853	-1.562482	0.000000	0.000000	3.058407
450.614349	-18.724993	-2.237246	0.000000	0.000000	3.058407
-110.597565	101.981659	-96.012291	0.000000	0.000000	-1.141593
-46.957077	187.799255	-121.067139	0.000000	0.000000	-1.141593
16.074209	204.688431	-121.067139	0.000000	0.000000	-1.141593
39.512718	218.220657	-82.415085	0.000000	0.000000	-1.141593
80.406578	204.688431	-29.190990	0.000000	0.000000	-1.341593
129.212021	139.368286	-0.589814	0.000000	0.000000	-1.541593
118.247643	27.718853	-1.562482	0.000000	0.000000	3.058407
450.614349	-18.724993	-2.237246	0.000000	0.000000	3.058407
-110.597565	101.981659	-96.012291	0.000000	0.000000	-1.141593
-46.957077	187.799255	-121.067139	0.000000	0.000000	-1.141593
16.074209	204.688431	-121.067139	0.000000	0.000000	-1.141593
39.512718	218.220657	-82.415085	0.000000	0.000000	-1.141593
80.406578	204.688431	-29.190990	0.000000	0.000000	-1.341593
129.212021	139.368286	-0.589814	0.000000	0.000000	-1.541593
118.247643	27.718853	-1.562482	0.000000	0.000000	3.058407
450.614349	-18.724993	-2.237246	0.000000	0.000000	3.058407
-110.597565	101.981659	-96.012291	0.000000	0.000000	-1.141593
-46.957077	187.799255	-121.067139	0.000000	0.000000	-1.141593
16.074209	204.688431	-121.067139	0.000000	0.000000	-1.141593
39.512718	218.220657	-82.415085	0.000000	0.000000	-1.141593
80.406578	204.688431	-29.190990	0.000000	0.000000	-1.341593
129.212021	139.368286	-0.589814	0.000000	0.000000	-1.541593
118.247643	27.718853	-1.562482	0.000000	0.000000	3.058407
450.614349	-18.724993	-2.237246	0.000000	0.000000	3.058407
-110.597565	101.981659	-96.012291	0.000000	0.000000	-1.141593
-46.957077	187.799255	-121.067139	0.000000	0.000000	-1.141593
16.074209	204.688431	-121.067139	0.000000	0.000000	-1.141593
39.512718	218.220657	-82.415085	0.000000	0.000000	-1.141593
80.406578	204.688431	-29.190990	0.000000	0.000000	-1.341593
129.212021	139.368286	-0.589814	0.000000	0.000000	-1.541593
118.247643	27.718853	-1.562482	0.000000	0.000000	3.058407
450.614349	-18.724993	-2.237246	0.000000	0.000000	3.058407
-110.597565	101.981659	-96.012291	0.000000	0.000000	-1.141593
-46.957077	187.799255	-121.067139	0.000000	0.000000	-1.141593
16.074209	204.688431	-121.067139	0.000000	0.000000	-1.141593
39.512718	218.220657	-82.415085	0.000000	0.000000	-1.141593
80.406578	204.688431	-29.190990	0.000000	0.000000	-1.341593
129.212021	139.368286	-0.589814	0.000000	0.000000	-1.541593
118.247643	27.718853	-1.562482	0.000000	0.000000	3.058407
450.614349	-18.724993	-2.237246	0.000000	0.000000	3.058407
-110.597565	101.981659	-96.012291	0.000000	0.000000	-1.141593
-46.957077	187.799255	-121.067139	0.000000	0.000000	-1.141593
16.074209	204.688431	-121.067139	0.000000	0.000000	-1.141593
39.512718	218.220657	-82.415085	0.000000	0.000000	-1.141593
80.406578	204.688431	-29.190990	0.000000	0.000000	-1.341593
129.212021	139.368286	-0.589814	0.000000	0.000000	-1.541593
118.247643	27.718853	-1.562482	0.000000	0.000000	3.058407
450.614349	-18.724993	-2.237246	0.000000	0.000000	3.058407
-110.597565	101.981659	-96.012291	0.000000	0.000000	-1.141593
-46.957077	187.799255	-121.067139	0.000000	0.000000	-1.141593
16.074209	204.688431	-121.067139	0.000000	0.000000	-1.141593
39.512718	218.220657	-82.415085	0.000000	0.000000	-1.141593
80.406578	204.688431	-29.190990	0.000000	0.000000	-1.341593
129.212021	139.368286	-0.589814	0.000000	0.000000	-1.541593
118.247643	27.718853	-1.562482	0.000000	0.000000	3.058407
450.614349	-18.724993	-2.237246	0.000000	0.000000	3.058407
-110.597565	101.981659	-96.012291	0.000000	0.000000	-1.141593
-46.957077	187.799255	-121.067139	0.000000	0.000000	-1.141593
16.074209	204.688431	-121.067139	0.000000	0.000000	-1.141593
39.512718	218.220657	-82.415085	0.000000	0.000000	-1.141593
80.406578	204.688431	-29.190990	0.000000	0.000000	-1.341593
129.212021	139.368286	-0.589814	0.000000	0.000000	-1.541593
118.247643	27.718853	-1.562482	0.000000	0.000000	3.058407
450.614349	-18.724993	-2.237246	0.000000	0.000000	3.058407
-110.597565	101.981659	-96.012291	0.000000	0.000000	-1.141593
-46.957077	187.799255	-121.067139	0.000000	0.000000	-1.141593
16.074209	204.688431	-121.067139	0.000000	0.000000	-1.141593
39.512718	218.220657	-82.415085	0.000000	0.000000	-1.141593
80.406578	204.688431	-29.190990	0.000000	0.000000	-1.341593
129.212021	139.368286	-0.589814	0.000000	0.000000	-1.541593
118.247643	27.718853	-1.562482	0.000000	0.000000	3.058407
450.614349	-18.724993	-2.237246	0.000000	0.000000	3.058407
-110.597565	101.981659	-96.012291	0.000000	0.000000	-1.141593
-46.957077	187.799255	-121.067139	0.000000	0.000000	-1.141593
16.074209	204.688431	-121.067139	0.000000	0.000000	-1.141593
39.512718	218.220657	-82.415085	0.000000	0.000000	-1.141593
80.406578	204.688431	-29.190990	0.000000	0.000000	-1.341593
129.212021	139.368286	-0.589814	0.000000	0.000000	-1.541593
118.247643	27.718853	-1.562482	0.000000	0.000000	3.058407
450.614349	-18.724993	-2.237246	0.000000	0.000000	3.058407
-110.597565	101.981659	-96.012291	0.000000	0.000000	-1.141593
-46.957077	187.799255	-121.067139	0.000000	0.000000	-1.141593
16.074209	204.688431	-121.067139	0.000000	0.000000	-1.141593
39.512718	218.220657	-82.415085	0.000000	0.000000	-1.141593
80.406578	204.688431	-29.190990	0.000000	0.000000	-1.341593
129.212021	139.368286	-0.589814	0.000000	0.000000	-1.541593
118.247643	27.718853	-1.562482	0.000000	0.000000	3.058407
450.614349	-18.724993	-2.237246	0.000000	0.000000	3.058407
-110.597565	101.981659	-96.012291	0.000000	0.000000	-1.141593
-46.957077	187.799255	-121.067139	0.000000	0.000000	-1.141593
16.074209	204.688431	-121.067139	0.000000	0.000000	-1.141593
39.512718	218.220657	-82.415085	0.000000	0.000000	-1.141593
80.406578	204.688431	-29.190990	0.000000	0.000000	-1.341593
129.212021	139.368286	-0.589814	0.000000	0.000000	-1.541593
118.247643	27.718853	-1.562482	0.000000	0.000000	3.058407
450.614349	-18.724993	-2.237246	0.000000	0.000000	3.058407
-110.597565	101.981659	-96.012291	0.000000	0.000000	-1.141593
-46.957077	187.799255	-121.067139	0.000000	0.000000	-1.141593
16.074209	204.688431	-121.067139	0.000000	0.000000	-1.141593
39.512718	218.220657	-82.415085	0.000000	0.000000	-1.141593
80.406578	204.688431	-29.190990	0.000000	0.000000	-1.341593
129.212021	139.368286	-0.589814	0.000000	0.000000	-1.541593
118.247643	27.718853	-1.562482	0.000000	0.000000	3.058407
450.614349	-18.724993	-2.237246	0.000000	0.000000	3.058407
-110.597565	101.981659	-96.012291	0.000000	0.000000	-1.141593
-46.957077	187.799255	-121.067139	0.000000	0.000000	-1.141593
16.074209	204.688431	-121.067139	0.000000	0.000000	-1.141593
39.512718	218.220657	-82.415085	0.000000	0.000000	-1.141593
80.406578	204.688431	-29.190990	0.000000	0.000000	-1.341593
129.212021	139.368286	-0.589814	0.000000	0.000000	-1.541593
118.247643	27.718853	-1.562482	0.000000	0.000000	3.058407
450.614349	-18.724993	-2.237246	0.000000	0.000000	3.058407
-110.597565	101.981659	-96.012291	0.000000	0.000000	-1.141593
-46.957077	187.799255	-121.067139	0.000000	0.000000	-1.141593
16.074209	204.688431	-121.067139	0.000000	0.000000	-1.141593
39.512718	218.220657	-82.415085	0.000000	0.000000	-1.141593
80.406578	204.688431	-29.190990	0.000000	0.000000	-1.341593
129.212021	139.368286	-0.589814	0.000000	0.000000	-1.541593
118.247643	27.718853	-1.562482	0.000000	0.000000	3.058407
450.614349	-18.724993	-2.237246	0.000000	0.000000	3.058407
-110.597565	101.981659	-96.012291	0.000000	0.000000	-1.141593
-46.957077	187.799255	-121.067139	0.000000	0.000000	-1.141593
16.074209	204.688431	-121.067139	0.000000	0.000000	-1.141593
39.512718	218.220657	-82.415085	0.000000	0.000000	-1.141593
80.406578	204.688431	-29.190990	0.000000	0.000000	-1.341593
129.212021	139.368286	-0.589814	0.000000	0.000000	-1.541593
118.247643	27.718853	-1.562482	0.000000	0.000000	3.058407
450.614349	-18.724993	-2.237246	0.000000	0.000000	3.058407
-110.597565	101.981659	-96.012291	0.000000	0.000000	-1.141593
-46.957077	187.799255	-121.067139	0.000000	0.000000	-1.141593
16.074209	204.688431	-121.067139	0.000000	0.000000	-1.141593
39.512718	218.220657	-82.415085	0.000000	0.000000	-1.141593
80.406578	204.688431	-29.190990	0.000000	0.000000	-1.341593
