-134.322769	-19.375401	12.550123	0.858407	-202.935135	-111.999557	12.521753
-202.935135	-111.999557	12.521753	1.458407	-184.276672	-201.998764	-9.308864
-184.276672	-201.998764	-9.308864	1.858407	-153.350494	-230.839661	-64.512589
-153.350494	-230.839661	-64.512589	1.858407	-134.322769	-230.839661	-91.687004
-134.322769	-230.839661	-91.687004	1.858407	-100.097145	-240.010391	-91.687004
-100.097145	-240.010391	-91.687004	2.058407	5.225679	-193.447769	-91.687004
5.225679	-193.447769	-91.687004	2.258407	69.180466	-130.572006	-92.289764
69.180466	-130.572006	-92.289764	0.000000	-59.089638	-91.494202	209.784729
-134.322769	-19.375401	12.550123	0.858407	-202.935135	-111.999557	12.521753
-202.935135	-111.999557	12.521753	1.458407	-184.276672	-201.998764	-9.308864
-184.276672	-201.998764	-9.308864	1.858407	-153.350494	-230.839661	-64.512589
-153.350494	-230.839661	-64.512589	1.858407	-134.322769	-230.839661	-91.687004
-134.322769	-230.839661	-91.687004	1.858407	-100.097145	-240.010391	-91.687004
-100.097145	-240.010391	-91.687004	2.058407	5.225679	-193.447769	-91.687004
5.225679	-193.447769	-91.687004	2.258407	69.180466	-130.572006	-92.289764
69.180466	-130.572006	-92.289764	0.000000	-59.089638	-91.494202	209.784729
-134.322769	-19.375401	12.550123	0.858407	-202.935135	-111.999557	12.521753
-202.935135	-111.999557	12.521753	1.458407	-184.276672	-201.998764	-9.308864
-184.276672	-201.998764	-9.308864	1.858407	-153.350494	-230.839661	-64.512589
-153.350494	-230.839661	-64.512589	1.858407	-134.322769	-230.839661	-91.687004
-134.322769	-230.839661	-91.687004	1.858407	-100.097145	-240.010391	-91.687004
-100.097145	-240.010391	-91.687004	2.058407	5.225679	-193.447769	-91.687004
5.225679	-193.447769	-91.687004	2.258407	69.180466	-130.572006	-92.289764
69.180466	-130.572006	-92.289764	0.000000	-59.089638	-91.494202	209.784729
-134.322769	-19.375401	12.550123	0.858407	-202.935135	-111.999557	12.521753
-202.935135	-111.999557	12.521753	1.458407	-184.276672	-201.998764	-9.308864
-184.276672	-201.998764	-9.308864	1.858407	-153.350494	-230.839661	-64.512589
-153.350494	-230.839661	-64.512589	1.858407	-134.322769	-230.839661	-91.687004
-134.322769	-230.839661	-91.687004	1.858407	-100.097145	-240.010391	-91.687004
-100.097145	-240.010391	-91.687004	2.058407	5.225679	-193.447769	-91.687004
5.225679	-193.447769	-91.687004	2.258407	69.180466	-130.572006	-92.289764
69.180466	-130.572006	-92.289764	0.000000	-59.089638	-91.494202	209.784729
-134.322769	-19.375401	12.550123	0.858407	-202.935135	-111.999557	12.521753
-202.935135	-111.999557	12.521753	1.458407	-184.276672	-201.998764	-9.308864
-184.276672	-201.998764	-9.308864	1.858407	-153.350494	-230.839661	-64.512589
-153.350494	-230.839661	-64.512589	1.858407	-134.322769	-230.839661	-91.687004
-134.322769	-230.839661	-91.687004	1.858407	-100.097145	-240.010391	-91.687004
-100.097145	-240.010391	-91.687004	2.058407	5.225679	-193.447769	-91.687004
5.225679	-193.447769	-91.687004	2.258407	69.180466	-130.572006	-92.289764
69.180466	-130.572006	-92.289764	0.000000	-59.089638	-91.494202	209.784729
-134.322769	-19.375401	12.550123	0.858407	-202.935135	-111.999557	12.521753
-202.935135	-111.999557	12.521753	1.458407	-184.276672	-201.998764	-9.308864
-184.276672	-201.998764	-9.308864	1.858407	-153.350494	-230.839661	-64.512589
-153.350494	-230.839661	-64.512589	1.858407	-134.322769	-230.839661	-91.687004
-134.322769	-230.839661	-91.687004	1.858407	-100.097145	-240.010391	-91.687004
-100.097145	-240.010391	-91.687004	2.058407	5.225679	-193.447769	-91.687004
5.225679	-193.447769	-91.687004	2.258407	69.180466	-130.572006	-92.289764
69.180466	-130.572006	-92.289764	0.000000	-59.089638	-91.494202	209.784729
-134.322769	-19.375401	12.550123	0.858407	-202.935135	-111.999557	12.521753
-202.935135	-111.999557	12.521753	1.458407	-184.276672	-201.998764	-9.308864
-184.276672	-201.998764	-9.308864	1.858407	-153.350494	-230.839661	-64.512589
-153.350494	-230.839661	-64.512589	1.858407	-134.322769	-230.839661	-91.687004
-134.322769	-230.839661	-91.687004	1.858407	-100.097145	-240.010391	-91.687004
-100.097145	-240.010391	-91.687004	2.058407	5.225679	-193.447769	-91.687004
5.225679	-193.447769	-91.687004	2.258407	69.180466	-130.572006	-92.289764
69.180466	-130.572006	-92.289764	0.000000	-59.089638	-91.494202	209.784729
-134.322769	-19.375401	12.550123	0.858407	-202.935135	-111.999557	12.521753
-202.935135	-111.999557	12.521753	1.458407	-184.276672	-201.998764	-9.308864
-184.276672	-201.998764	-9.308864	1.858407	-153.350494	-230.839661	-64.512589
-153.350494	-230.839661	-64.512589	1.858407	-134.322769	-230.839661	-91.687004
-134.322769	-230.839661	-91.687004	1.858407	-100.097145	-240.010391	-91.687004
-100.097145	-240.010391	-91.687004	2.058407	5.225679	-193.447769	-91.687004
5.225679	-193.447769	-91.687004	2.258407	69.180466	-130.572006	-92.289764
69.180466	-130.572006	-92.289764	0.000000	-59.089638	-91.494202	209.784729
-134.322769	-19.375401	12.550123	0.858407	-202.935135	-111.999557	12.521753
-202.935135	-111.999557	12.521753	1.458407	-184.276672	-201.998764	-9.308864
-184.276672	-201.998764	-9.308864	1.858407	-153.350494	-230.839661	-64.512589
-153.350494	-230.839661	-64.512589	1.858407	-134.322769	-230.839661	-91.687004
-134.322769	-230.839661	-91.687004	1.858407	-100.097145	-240.010391	-91.687004
-100.097145	-240.010391	-91.687004	2.058407	5.225679	-193.447769	-91.687004
5.225679	-193.447769	-91.687004	2.258407	69.180466	-130.572006	-92.289764
69.180466	-130.572006	-92.289764	0.000000	-59.089638	-91.494202	209.784729
-134.322769	-19.375401	12.550123	0.858407	-202.935135	-111.999557	12.521753
-202.935135	-111.999557	12.521753	1.458407	-184.276672	-201.998764	-9.308864
-184.276672	-201.998764	-9.308864	1.858407	-153.350494	-230.839661	-64.512589
-153.350494	-230.839661	-64.512589	1.858407	-134.322769	-230.839661	-91.687004
-134.322769	-230.839661	-91.687004	1.858407	-100.097145	-240.010391	-91.687004
-100.097145	-240.010391	-91.687004	2.058407	5.225679	-193.447769	-91.687004
5.225679	-193.447769	-91.687004	2.258407	69.180466	-130.572006	-92.289764
69.180466	-130.572006	-92.289764	0.000000	-59.089638	-91.494202	209.784729
-134.322769	-19.375401	12.550123	0.858407	-202.935135	-111.999557	12.521753
-202.935135	-111.999557	12.521753	1.458407	-184.276672	-201.998764	-9.308864
-184.276672	-201.998764	-9.308864	1.858407	-153.350494	-230.839661	-64.512589
-153.350494	-230.839661	-64.512589	1.858407	-134.322769	-230.839661	-91.687004
-134.322769	-230.839661	-91.687004	1.858407	-100.097145	-240.010391	-91.687004
-100.097145	-240.010391	-91.687004	2.058407	5.225679	-193.447769	-91.687004
5.225679	-193.447769	-91.687004	2.258407	69.180466	-130.572006	-92.289764
69.180466	-130.572006	-92.289764	0.000000	-59.089638	-91.494202	209.784729
-134.322769	-19.375401	12.550123	0.858407	-202.935135	-111.999557	12.521753
-202.935135	-111.999557	12.521753	1.458407	-184.276672	-201.998764	-9.308864
-184.276672	-201.998764	-9.308864	1.858407	-153.350494	-230.839661	-64.512589
-153.350494	-230.839661	-64.512589	1.858407	-134.322769	-230.839661	-91.687004
-134.322769	-230.839661	-91.687004	1.858407	-100.097145	-240.010391	-91.687004
-100.097145	-240.010391	-91.687004	2.058407	5.225679	-193.447769	-91.687004
5.225679	-193.447769	-91.687004	2.258407	69.180466	-130.572006	-92.289764
69.180466	-130.572006	-92.289764	0.000000	-59.089638	-91.494202	209.784729
-134.322769	-19.375401	12.550123	0.858407	-202.935135	-111.999557	12.521753
-202.935135	-111.999557	12.521753	1.458407	-184.276672	-201.998764	-9.308864
-184.276672	-201.998764	-9.308864	1.858407	-153.350494	-230.839661	-64.512589
-153.350494	-230.839661	-64.512589	1.858407	-134.322769	-230.839661	-91.687004
-134.322769	-230.839661	-91.687004	1.858407	-100.097145	-240.010391	-91.687004
-100.097145	-240.010391	-91.687004	2.058407	5.225679	-193.447769	-91.687004
5.225679	-193.447769	-91.687004	2.258407	69.180466	-130.572006	-92.289764
69.180466	-130.572006	-92.289764	0.000000	-59.089638	-91.494202	209.784729
-134.322769	-19.375401	12.550123	0.858407	-202.935135	-111.999557	12.521753
-202.935135	-111.999557	12.521753	1.458407	-184.276672	-201.998764	-9.308864
-184.276672	-201.998764	-9.308864	1.858407	-153.350494	-230.839661	-64.512589
-153.350494	-230.839661	-64.512589	1.858407	-134.322769	-230.839661	-91.687004
-134.322769	-230.839661	-91.687004	1.858407	-100.097145	-240.010391	-91.687004
-100.097145	-240.010391	-91.687004	2.058407	5.225679	-193.447769	-91.687004
5.225679	-193.447769	-91.687004	2.258407	69.180466	-130.572006	-92.289764
69.180466	-130.572006	-92.289764	0.000000	-59.089638	-91.494202	209.784729
-134.322769	-19.375401	12.550123	0.858407	-202.935135	-111.999557	12.521753
-202.935135	-111.999557	12.521753	1.458407	-184.276672	-201.998764	-9.308864
-184.276672	-201.998764	-9.308864	1.858407	-153.350494	-230.839661	-64.512589
-153.350494	-230.839661	-64.512589	1.858407	-134.322769	-230.839661	-91.687004
-134.322769	-230.839661	-91.687004	1.858407	-100.097145	-240.010391	-91.687004
-100.097145	-240.010391	-91.687004	2.058407	5.225679	-193.447769	-91.687004
5.225679	-193.447769	-91.687004	2.258407	69.180466	-130.572006	-92.289764
69.180466	-130.572006	-92.289764	0.000000	-59.089638	-91.494202	209.784729
-134.322769	-19.375401	12.550123	0.858407	-202.935135	-111.999557	12.521753
-202.935135	-111.999557	12.521753	1.458407	-184.276672	-201.998764	-9.308864
-184.276672	-201.998764	-9.308864	1.858407	-153.350494	-230.839661	-64.512589
-153.350494	-230.839661	-64.512589	1.858407	-134.322769	-230.839661	-91.687004
-134.322769	-230.839661	-91.687004	1.858407	-100.097145	-240.010391	-91.687004
-100.097145	-240.010391	-91.687004	2.058407	5.225679	-193.447769	-91.687004
5.225679	-193.447769	-91.687004	2.258407	69.180466	-130.572006	-92.289764
69.180466	-130.572006	-92.289764	0.000000	-59.089638	-91.494202	209.784729
-134.322769	-19.375401	12.550123	0.858407	-202.935135	-111.999557	12.521753
-202.935135	-111.999557	12.521753	1.458407	-184.276672	-201.998764	-9.308864
-184.276672	-201.998764	-9.308864	1.858407	-153.350494	-230.839661	-64.512589
-153.350494	-230.839661	-64.512589	1.858407	-134.322769	-230.839661	-91.687004
-134.322769	-230.839661	-91.687004	1.858407	-100.097145	-240.010391	-91.687004
-100.097145	-240.010391	-91.687004	2.058407	5.225679	-193.447769	-91.687004
5.225679	-193.447769	-91.687004	2.258407	69.180466	-130.572006	-92.289764
69.180466	-130.572006	-92.289764	0.000000	-59.089638	-91.494202	209.784729
-134.322769	-19.375401	12.550123	0.858407	-202.935135	-111.999557	12.521753
-202.935135	-111.999557	12.521753	1.458407	-184.276672	-201.998764	-9.308864
-184.276672	-201.998764	-9.308864	1.858407	-153.350494	-230.839661	-64.512589
-153.350494	-230.839661	-64.512589	1.858407	-134.322769	-230.839661	-91.687004
-134.322769	-230.839661	-91.687004	1.858407	-100.097145	-240.010391	-91.687004
-100.097145	-240.010391	-91.687004	2.058407	5.225679	-193.447769	-91.687004
5.225679	-193.447769	-91.687004	2.258407	69.180466	-130.572006	-92.289764
69.180466	-130.572006	-92.289764	0.000000	-59.089638	-91.494202	209.784729
-134.322769	-19.375401	12.550123	0.858407	-202.935135	-111.999557	12.521753
-202.935135	-111.999557	12.521753	1.458407	-184.276672	-201.998764	-9.308864
-184.276672	-201.998764	-9.308864	1.858407	-153.350494	-230.839661	-64.512589
-153.350494	-230.839661	-64.512589	1.858407	-134.322769	-230.839661	-91.687004
-134.322769	-230.839661	-91.687004	1.858407	-100.097145	-240.010391	-91.687004
-100.097145	-240.010391	-91.687004	2.058407	5.225679	-193.447769	-91.687004
5.225679	-193.447769	-91.687004	2.258407	69.180466	-130.572006	-92.289764
69.180466	-130.572006	-92.289764	0.000000	-59.089638	-91.494202	209.784729
-134.322769	-19.375401	12.550123	0.858407	-202.935135	-111.999557	12.521753
-202.935135	-111.999557	12.521753	1.458407	-184.276672	-201.998764	-9.308864
-184.276672	-201.998764	-9.308864	1.858407	-153.350494	-230.839661	-64.512589
-153.350494	-230.839661	-64.512589	1.858407	-134.322769	-230.839661	-91.687004
-134.322769	-230.839661	-91.687004	1.858407	-100.097145	-240.010391	-91.687004
-100.097145	-240.010391	-91.687004	2.058407	5.225679	-193.447769	-91.687004
5.225679	-193.447769	-91.687004	2.258407	69.180466	-130.572006	-92.289764
69.180466	-130.572006	-92.289764	0.000000	-59.089638	-91.494202	209.784729
