-29.386728	15.516666	-0.588727	0	0	-0.36235775	0.93203909
-29.386728	15.516666	-0.588727	0	0	-0.26749883	0.96355818
-29.386728	15.516666	-0.588727	0	0	-0.45359611	0.89120736
-32.394524	18.524464	-3.465688	0	0	-0.26749883	0.96355818
-23.483877	20.016125	2.132972	0	0	-0.36235775	0.93203909
-23.470362	20.000334	2.144030	0	0	-0.36235775	0.93203909
-23.457008	19.984732	2.154954	0	0	-0.45359611	0.89120736
-23.440866	19.965870	2.168161	0	0	-0.36235775	0.93203909
-23.416386	19.937265	2.188191	0	0	-0.45359611	0.89120736
-23.399269	19.917265	2.202194	0	0	-0.45359611	0.89120736
-23.378263	19.892723	2.219379	0	0	-0.36235775	0.93203909
-23.354918	19.865444	2.238480	0	0	-0.45359611	0.89120736
-23.326466	19.832199	2.261759	0	0	-0.45359611	0.89120736
-23.287312	19.786449	2.293792	0	0	-0.45359611	0.89120736
-23.251801	19.744957	2.322845	0	0	-0.36235775	0.93203909
-23.199007	19.683271	2.366038	0	0	-0.36235775	0.93203909
-23.164057	19.642435	2.394633	0	0	-0.45359611	0.89120736
-23.127472	19.599686	2.424566	0	0	-0.36235775	0.93203909
-23.089306	19.555092	2.455791	0	0	-0.45359611	0.89120736
-23.072832	19.535845	2.469268	0	0	-0.36235775	0.93203909
-23.018541	19.472408	2.513686	0	0	-0.26749883	0.96355818
-23.011728	19.464447	2.519260	0	0	-0.54030229	0.84147099
-23.008547	19.460732	2.521863	0	0	-0.54030229	0.84147099
-22.774172	19.186878	2.713617	0	0	-0.62160997	0.7833269
-35.959751	22.089687	-5.761683	0	0	-0.54030229	0.84147099
-17.970621	13.574223	6.643641	0	0	0	1
-15.029657	13.474031	6.713795	0	0	0	1
-14.481896	13.455371	6.726861	0	0	0	1
-14.460491	13.454641	6.727372	0	0	0	1
-16.100147	23.343794	5.962956	0	0	0	1
-12.130919	14.785932	5.795193	0	0	-0.69670669	0.71735611
-12.299818	15.416273	6.628794	0	0	0	1
-12.179988	14.084813	6.339097	0	0	-0.62160997	0.7833269
-12.302014	13.381108	6.778861	0	0	0	1
-12.085874	14.000928	6.445402	0	0	-0.54030229	0.84147099
-15.680861	28.034494	-3.481550	0	0	-0.54030229	0.84147099
-11.851848	13.744422	6.524466	0	0	-0.69670669	0.71735611
-11.831710	13.669271	6.577088	0	0	-0.69670669	0.71735611
-11.749454	13.362284	6.792042	0	0	0	1
-9.792128	18.944773	6.422050	0	0	0	1
-9.700238	18.880692	6.428738	0	0	0	1
-9.124873	18.479450	6.470612	0	0	0	1
-9.097992	18.460705	6.472569	0	0	0	1
-9.017373	18.404482	6.478436	0	0	0	1
-7.673224	17.467113	6.576262	0	0	0	1
-2.473307	13.840851	6.954709	0	0	0	1
-26.602430	-13.286091	5.069150	0	0	0	1
-26.788967	-13.336073	4.938536	0	0	0	1
-26.793482	-13.337282	4.935374	0	0	0	1
-26.863478	-13.356038	4.886363	0	0	0	1
-26.883574	-13.361423	4.872293	0	0	0	1
-26.898359	-13.365384	4.861938	0	0	0	1
-26.942202	-13.377131	4.831240	0	0	0	1
-26.966187	-13.383558	4.814445	0	0	0	1
-26.989658	-13.389848	4.798010	0	0	0	1
-27.001171	-13.392933	4.789948	0	0	0	1
-27.001858	-13.393116	4.789469	0	0	0	1
-27.014402	-13.396478	4.780684	0	0	0	1
-27.016306	-13.396988	4.779351	0	0	0	1
-27.027693	-13.400040	4.771378	0	0	0	1
-27.028828	-13.400344	4.770583	0	0	0	1
-27.031654	-13.401100	4.768605	0	0	0	1
-27.033365	-13.401559	4.767406	0	0	0	1
-27.040773	-13.403543	4.762220	0	0	0	1
-27.052748	-13.406753	4.753835	0	0	0	1
-26.789165	-13.336125	6.311269	0	0	0.1288445	0.99166481
-0.694753	12.600541	7.084151	0	0	0	1
-0.631176	12.556205	7.088778	0	0	0	1
-21.776571	-11.993005	8.448254	0	0	0	1
-0.111642	14.495133	5.731126	0	0	-0.76484218	0.64421769
0.189347	15.618439	4.944579	0	0	-0.76484218	0.64421769
0.254862	15.862946	4.773373	0	0	-0.76484218	0.64421769
-1.522285	26.671318	6.028630	0	0	0	1
-1.349830	26.279573	6.061206	0	0	0	1
-1.344242	26.266878	6.062262	0	0	0	1
-1.338603	26.254068	6.063327	0	0	0	1
-1.328890	26.232006	6.065161	0	0	0	1
-1.328087	26.230181	6.065313	0	0	0	1
-1.313530	26.197113	6.068063	0	0	0	1
-1.304859	26.177418	6.069701	0	0	0	1
-1.295603	26.156391	6.071449	0	0	0	1
-1.283522	26.128948	6.073731	0	0	0	1
-1.270389	26.099113	6.076212	0	0	0	1
-1.249775	26.052290	6.080106	0	0	0	1
-1.247532	26.047192	6.080530	0	0	0	1
-1.231956	26.011812	6.083472	0	0	0	1
-1.224789	25.995531	6.084826	0	0	0	1
-1.206487	25.953957	6.088283	0	0	0	1
-1.199452	25.937977	6.089612	0	0	0	1
-1.198435	25.935663	6.089804	0	0	0	1
-1.197762	25.934137	6.089931	0	0	0	1
-1.166301	25.862669	6.095873	0	0	0	1
1.094501	18.996519	2.579222	0	0	-0.82533563	0.56464246
-21.599180	-13.625654	8.572464	0	0	0	1
0.885486	21.201859	6.483443	0	0	0	1
-35.779591	-15.745103	-1.356766	0	0	0	1
1.381669	20.074736	6.577168	0	0	0	1
1.430855	19.963005	6.586459	0	0	0	1
1.699223	21.253372	5.631279	0	0	-0.95533648	0.29552023
1.870387	21.892164	6.453545	0	0	0	1
2.042058	26.220875	-2.133354	0	0	-0.76484218	0.64421769
-25.438154	-17.776459	7.928099	0	0	0.22720209	0.97384763
-25.498404	-17.788013	7.911724	0	0	0.029199523	0.9995736
-21.184713	-17.440289	8.862677	0	0	0	1
-22.939333	-19.404728	7.634079	0	0	0.1288445	0.99166481
-22.556395	53.694336	-3.537179	0	0	0	1
7.616714	5.911292	7.754928	0	0	0	1
-26.196587	-23.051489	5.353325	0	0	0.1288445	0.99166481
9.841743	15.869506	2.919267	0	0	-0.82533563	0.56464246
9.941744	19.488642	5.619979	0	0	0	1
10.086088	18.997971	5.601255	0	0	-0.69670669	0.71735611
-27.260809	-24.242973	4.608149	0	0	0.32328956	0.94630009
-28.358372	-25.471785	3.839626	0	0	0.029199523	0.9995736
-36.039886	-25.780020	-1.539026	0	0	0.22720209	0.97384763
-38.303265	-25.860823	1.695500	0	0	0.1288445	0.99166481
13.732542	16.796173	0.235467	0	0	-0.87758258	0.4794255
-26.712931	-28.418354	2.780503	0	0	0	1
15.125953	13.420529	0.572332	0	0	-0.95533648	0.29552023
9.938356	-3.495016	8.468082	0	0	0	1
10.113798	-3.283181	8.345237	0	0	0	1
10.141479	-3.249759	8.325855	0	0	0	1
10.538638	-2.770216	8.047761	0	-0	-1	-4.371139e-08
-26.904795	-29.145494	2.409582	0	0	0	1
-32.020447	-29.571775	1.275415	0	0	0.029199523	0.9995736
17.054331	15.348908	-0.051826	0	0	-0.87758258	0.4794255
17.086697	15.381274	-1.303123	0	0	-0.95533648	0.29552023
-69.567871	9.223160	-23.616055	0	0	0.029199523	0.9995736
-69.567871	9.223160	-23.616055	0	0	-0.070737201	0.99749499
-69.567871	9.223160	-23.616055	0	0	-0.16996714	0.98544973
-29.729141	-31.434563	0.835080	0	0	0	1
-30.547081	-32.252502	0.307518	0	0	0.32328956	0.94630009
-41.897392	-30.815680	-1.108700	0	0	-0.070737201	0.99749499
-27.964096	-33.160110	0.361692	0	0	0.32328956	0.94630009
18.546919	6.899241	2.440302	0	0	-0.92106097	0.38941839
-59.794769	45.924706	-24.519798	0	0	-0.16996714	0.98544973
-32.092999	-33.798420	-2.365539	0	0	0	1
-35.841167	-33.849384	-1.399882	0	0	0.1288445	0.99166481
19.881382	8.510516	1.505901	0	0	-0.98006658	0.19866933
20.028931	8.688669	1.402587	0	0	0	1
17.535107	-1.459473	3.148780	0	0	-0.99500417	0.099833397
20.483919	9.238038	1.084000	0	0	-0.92106097	0.38941839
19.019930	1.959564	2.109097	0	0	-0.99500417	0.099833397
-8.728607	61.845692	3.280377	0	0	0	1
-36.868378	-34.999432	-2.119143	0	0	0	1
-32.352364	-36.879551	-3.601533	0	0	0.32328956	0.94630009
-35.028404	-36.733829	-2.582889	0	0	0.50484609	0.86320938
16.870260	-13.937869	5.944023	0	0	0.97095818	0.23924928
16.870260	-13.937869	5.944023	0	0	-0.99500417	0.099833397
16.870260	-13.937869	5.944023	0	0	0.99913515	0.041580682
9.064089	-22.934151	9.913455	0	0	0	1
9.107028	-22.977091	9.872383	0	0	0.98999249	0.14112005
17.238491	-14.036535	5.686185	0	0	0.97095818	0.23924928
11.472217	-21.619034	9.867846	0	0	0	1
25.393337	0.646134	-2.353611	0	-0	-1	-4.371139e-08
10.391188	-24.261251	8.644083	0	0	0.90407214	0.42737988
26.698559	4.553701	-1.758195	0	0	0	1
11.431482	-25.301546	7.649040	0	0	0.90407214	0.42737988
27.884026	3.835655	-2.322090	0	0	0.99913515	0.041580682
20.981016	-15.039343	3.816706	0	0	0.97095818	0.23924928
-30.747288	-43.708050	-5.018902	0	0	0.32328956	0.94630009
21.677067	-15.225848	2.578261	0	0	0.97095818	0.23924928
19.137775	-24.179596	5.631386	0	0	0.90407214	0.42737988
27.543900	-12.683104	-0.089147	0	0	-0.99500417	0.099833397
6.469263	-37.113441	4.845328	0	0	0.73739371	0.67546319
5.779789	-37.643250	4.474352	0	0	0.73739371	0.67546319
8.987761	-35.178165	6.200422	0	0	0.97095818	0.23924928
5.606976	-37.776043	4.381368	0	0	0.73739371	0.67546319
5.487814	-37.867611	4.317253	0	0	0.73739371	0.67546319
5.487412	-37.867920	4.317037	0	0	0.73739371	0.67546319
5.483700	-37.870773	4.315040	0	0	0	1
5.474270	-37.878017	4.309966	0	0	0.73739371	0.67546319
5.462835	-37.886806	4.303813	0	0	0	1
5.451193	-37.895752	4.297549	0	0	0.73739371	0.67546319
5.448409	-37.897892	4.296051	0	0	0	1
5.442854	-37.902161	4.293062	0	0	0.73739371	0.67546319
5.433107	-37.909649	4.287817	0	0	0.73739371	0.67546319
5.426130	-37.915009	4.284063	0	0	0.73739371	0.67546319
5.398827	-37.935989	4.269373	0	0	0.73739371	0.67546319
5.389069	-37.943489	4.264122	0	0	0.73739371	0.67546319
5.385653	-37.946114	4.262284	0	0	0.73739371	0.67546319
5.384579	-37.946938	4.261707	0	0	0.73739371	0.67546319
5.372484	-37.956234	4.255198	0	0	0.73739371	0.67546319
5.369398	-37.958603	4.253539	0	0	0.73739371	0.67546319
5.324137	-37.993385	4.229186	0	0	0.73739371	0.67546319
5.300972	-38.011185	4.216721	0	0	0.73739371	0.67546319
2.634337	-40.060291	2.781921	0	0	0.90407214	0.42737988
2.576907	-40.104424	2.751021	0	0	0	1
14.659446	-30.819908	9.252108	0	0	0.97095818	0.23924928
14.659446	-30.819908	9.252108	0	0	0.98999249	0.14112005
14.659446	-30.819908	9.252108	0	0	0.99913515	0.041580682
29.137209	-12.495798	-0.989750	0	0	-0.99500417	0.099833397
21.934210	-24.492697	4.462479	0	0	0.98999249	0.14112005
22.195709	-24.564526	4.327371	0	0	0.99913515	0.041580682
30.202066	-12.370616	-1.591650	0	0	0	1
3.041236	-41.837318	2.035912	0	0	0.90407214	0.42737988
23.181271	-24.835236	3.818164	0	0	0.99913515	0.041580682
-18.254416	-53.214619	-7.119637	0	0	0.58850112	0.8084964
-18.254416	-53.214619	-7.119637	0	0	0.66627604	0.74570519
-18.254416	-53.214619	-7.119637	0	0	0.50484609	0.86320938
20.464951	-34.335014	6.490422	0	0	0.80114363	0.59847213
16.946709	-38.002270	6.354656	0	0	0	1
-12.980143	-59.299927	-8.963210	0	0	0.50484609	0.86320938
-82.267792	68.397728	-51.169529	0	0	-0.26749883	0.96355818
-33.526077	94.633743	-50.114845	0	0	-0.54030229	0.84147099
-37.245010	108.512993	-22.518860	0	0	-0.26749883	0.96355818
57.319359	53.714340	-24.708454	0	0	-0.95533648	0.29552023
-114.406891	21.237738	-55.012672	0	0	-0.070737201	0.99749499
21.828070	96.375252	-51.601952	0	0	-0.76484218	0.64421769
1.090204	126.371307	-2.741713	0	0	0	1
-120.213264	-38.369038	-60.477859	0	0	0.1288445	0.99166481
73.549240	71.843819	-55.309616	0	0	-0.87758258	0.4794255
-95.401573	-97.106995	-62.920269	0	0	0.41614682	0.90929743
108.673485	22.960981	-60.666996	0	0	-0.98006658	0.19866933
-40.330578	-135.603973	-64.809280	0	0	0.66627604	0.74570519
116.151482	-40.540192	-63.573437	0	0	0.99913515	0.041580682
28.747694	-137.775131	-65.638748	0	0	0.85688874	0.51550139
87.579247	-101.449310	-65.186394	0	0	0.97095818	0.23924928
