-67.155342	-106.831131	-45.930054	0	0	0.32328956	0.94630009
-66.935112	-106.610901	-45.719406	0	0	0.32328956	0.94630009
-67.416801	-107.092590	-46.180138	0	0	0.32328956	0.94630009
-66.470001	-106.145790	-45.274525	0	0	0.32328956	0.94630009
-66.339920	-106.015709	-45.150101	0	0	0.66627604	0.74570519
-66.174301	-105.850090	-44.991684	0	0	0.66627604	0.74570519
-66.124481	-105.800270	-44.944035	0	0	0.66627604	0.74570519
-66.029762	-105.705551	-44.853432	0	0	0.32328956	0.94630009
-65.384964	-105.060753	-44.236683	0	0	0.66627604	0.74570519
-65.314552	-104.990341	-44.169334	0	0	0.32328956	0.94630009
-64.594795	-104.270584	-43.480885	0	0	0.66627604	0.74570519
-63.698532	-103.374321	-42.623611	0	0	0.66627604	0.74570519
-63.622303	-103.298096	-42.550697	0	0	0.32328956	0.94630009
-63.369766	-103.045555	-42.309143	0	0	0.32328956	0.94630009
-63.356384	-103.032173	-42.296345	0	0	0.32328956	0.94630009
-62.759792	-102.435585	-41.725708	0	0	0.66627604	0.74570519
-62.151161	-101.826950	-41.143547	0	0	0.32328956	0.94630009
-61.712166	-101.387955	-40.723648	0	0	0.32328956	0.94630009
-60.488327	-100.164116	-39.553047	0	0	0.66627604	0.74570519
-60.212780	-99.888573	-39.289486	0	0	0.32328956	0.94630009
-60.065048	-99.740837	-39.148178	0	0	0.32328956	0.94630009
-58.200916	-97.876709	-37.365135	0	0	0.32328956	0.94630009
-57.485527	-97.161316	-36.680862	0	0	0.66627604	0.74570519
-55.059261	-94.735054	-34.360138	0	0	0.58850112	0.8084964
-82.368942	-94.511955	-29.420025	0	0	0.58850112	0.8084964
-82.617577	-94.137642	-29.594122	0	0	0.58850112	0.8084964
-81.687912	-93.363678	-28.943163	0	0	0.1288445	0.99166481
-79.828758	-92.403397	-27.641373	0	0	0.1288445	0.99166481
-51.379299	-91.055092	-30.840250	0	0	0.58850112	0.8084964
-85.563606	-92.935112	-31.656952	0	0	0.1288445	0.99166481
-84.751503	-91.797676	-31.088312	0	0	0.58850112	0.8084964
-79.975487	-90.625885	-27.744112	0	0	0.1288445	0.99166481
-85.122421	-91.773544	-31.348032	0	0	0.1288445	0.99166481
-86.352371	-92.275566	-32.209251	0	0	0.1288445	0.99166481
-85.810463	-91.830742	-31.829803	0	0	0.1288445	0.99166481
-78.591339	-89.537102	-26.774920	0	0	0.1288445	0.99166481
-85.001617	-90.539627	-31.263445	0	0	0.1288445	0.99166481
-82.975349	-89.692619	-29.844635	0	0	0.58850112	0.8084964
-84.217468	-89.989403	-30.714380	0	0	0.58850112	0.8084964
-82.073372	-88.719627	-29.213064	0	0	0.58850112	0.8084964
-82.613678	-87.624657	-29.591391	0	0	0.1288445	0.99166481
-81.668579	-86.741356	-28.929626	0	0	0.58850112	0.8084964
-77.218185	-86.330017	-25.813425	0	0	0.1288445	0.99166481
-80.232887	-86.046661	-27.924345	0	0	0.1288445	0.99166481
-78.656479	-84.054176	-26.820534	0	0	0.1288445	0.99166481
-80.368057	-83.252243	-28.018990	0	0	0.58850112	0.8084964
-75.333961	-83.825470	-24.494078	0	0	0.1288445	0.99166481
-76.130226	-81.028015	-25.051630	0	0	0.58850112	0.8084964
-45.944569	-85.620361	-25.641922	0	0	0.41614682	0.90929743
-74.247238	-76.888062	-23.733147	0	0	0.58850112	0.8084964
-70.930206	-71.366028	-21.410536	0	0	0.58850112	0.8084964
-39.770554	-79.446342	-19.736467	0	0	0.41614682	0.90929743
-85.765045	-89.412209	-5.408439	0	0	0	1
-88.006821	-83.396713	-8.873898	0	0	0.58850112	0.8084964
-88.556145	-81.922676	-9.723071	0	0	0	1
-88.649231	-81.672882	-9.866975	0	0	0.58850112	0.8084964
-88.690033	-81.563416	-9.930039	0	0	0.029199523	0.9995736
-88.824921	-81.201462	-10.138557	0	0	0.58850112	0.8084964
-64.064545	-67.481499	-16.603151	0	0	0.22720209	0.97384763
-89.421928	-79.599472	-11.061441	0	0	0.58850112	0.8084964
-89.670998	-78.931114	-11.446475	0	0	0	1
-62.183357	-80.859451	-3.772010	0	0	0	1
-90.002838	-78.040672	-11.959448	0	0	0.029199523	0.9995736
-90.078239	-77.838356	-12.076001	0	0	0.029199523	0.9995736
-90.250816	-77.375259	-12.342784	0	0	0.41614682	0.90929743
-90.423462	-76.911987	-12.609669	0	0	0	1
-90.739372	-76.064293	-13.098016	0	0	0.58850112	0.8084964
-90.872902	-75.705978	-13.304438	0	0	0.50484609	0.86320938
-90.915627	-75.591347	-13.370479	0	0	0	1
-91.163841	-74.925278	-13.754189	0	0	0.50484609	0.86320938
-91.195389	-74.840637	-13.802950	0	0	0	1
-91.323212	-74.497635	-14.000550	0	0	0.029199523	0.9995736
-92.497017	-74.515129	-14.706216	0	0	0.32328956	0.94630009
-91.659637	-73.594894	-14.520609	0	0	0	1
-91.920288	-73.588684	-14.680844	0	0	0.32328956	0.94630009
-91.697464	-73.493378	-14.579090	0	0	0.58850112	0.8084964
-93.172722	-73.755821	-15.381801	0	0	0.32328956	0.94630009
-92.572334	-73.430534	-15.131613	0	0	0.32328956	0.94630009
-91.857170	-73.064827	-14.825974	0	0	0.50484609	0.86320938
-91.876587	-73.012741	-14.855982	0	0	0	1
-91.904190	-72.938667	-14.898652	0	0	0	1
-92.024590	-72.615601	-15.084768	0	0	0.58850112	0.8084964
-92.045586	-72.559258	-15.117227	0	0	0.32328956	0.94630009
-92.205879	-72.129128	-15.365021	0	0	0	1
-92.278725	-71.933655	-15.477630	0	0	0	1
-92.300262	-71.875862	-15.510922	0	0	0.58850112	0.8084964
-92.345772	-71.753746	-15.581272	0	0	0	1
-92.513298	-71.304222	-15.840240	0	0	0.50484609	0.86320938
-92.530220	-71.258804	-15.866405	0	0	0	1
-92.604904	-71.058403	-15.981853	0	0	0.029199523	0.9995736
-92.629379	-70.992722	-16.019690	0	0	0.50484609	0.86320938
-92.878746	-70.323578	-16.405176	0	0	0.029199523	0.9995736
-93.274933	-69.260468	-17.017620	0	0	0.50484609	0.86320938
-93.392456	-68.945107	-17.199297	0	0	-0.070737201	0.99749499
-93.606476	-68.370811	-17.530138	0	0	0	1
-50.791275	-90.467064	3.678181	0	0	0.66627604	0.74570519
-94.125916	-66.976967	-18.333118	0	0	0.50484609	0.86320938
-97.191109	-108.107353	0.851746	0	0	0	1
-94.398392	-66.245819	-18.754324	0	0	-0.070737201	0.99749499
-94.445679	-66.118935	-18.827421	0	0	0.50484609	0.86320938
-54.418919	-64.394066	-9.849208	0	0	0.22720209	0.97384763
-55.469631	-63.407726	-10.584927	0	0	0	1
-50.854729	-67.739876	-7.353536	0	0	0	1
-50.533836	-68.041107	-7.128844	0	0	0	1
-50.528339	-68.046272	-7.124996	0	0	0.32328956	0.94630009
-57.383514	-61.611111	-11.925040	0	0	0.22720209	0.97384763
-49.334267	-69.167183	-6.288897	0	0	0.58850112	0.8084964
-49.227406	-69.267494	-6.214072	0	0	0.32328956	0.94630009
-11.002789	-119.044830	-49.982159	0	0	0.58850112	0.8084964
-10.998854	-119.030144	-49.971874	0	0	0.58850112	0.8084964
-10.911039	-118.702415	-49.742397	0	0	0.73739371	0.67546319
-10.885691	-118.607811	-49.676155	0	0	0.73739371	0.67546319
-10.745599	-118.084984	-49.310066	0	0	0.73739371	0.67546319
-10.687428	-117.867882	-49.158051	0	0	0.73739371	0.67546319
-10.624951	-117.634720	-48.994789	0	0	0.58850112	0.8084964
-10.594942	-117.522728	-48.916367	0	0	0.73739371	0.67546319
-58.763592	-60.315590	-12.891381	0	0	0.32328956	0.94630009
-10.419843	-116.869247	-48.458797	0	0	0.73739371	0.67546319
-10.216623	-116.110825	-47.927742	0	0	0.58850112	0.8084964
-48.132030	-70.295753	-5.447083	0	0	0	1
-48.076847	-70.347557	-5.408442	0	0	0.32328956	0.94630009
-48.076847	-70.347557	-5.408442	0	0	0.58850112	0.8084964
-10.027338	-115.404396	-47.433098	0	0	0.58850112	0.8084964
-9.957092	-115.142235	-47.249535	0	0	0.73739371	0.67546319
-9.730540	-114.296730	-46.657505	0	0	0.73739371	0.67546319
-9.697347	-114.172852	-46.570763	0	0	0.58850112	0.8084964
-9.569712	-113.696510	-46.237225	0	0	0.66627604	0.74570519
-9.551494	-113.628525	-46.189617	0	0	0.73739371	0.67546319
-60.224014	-58.944645	-13.913980	0	0	0	1
-9.277178	-112.604759	-45.472775	0	0	0.58850112	0.8084964
-95.679977	-62.806877	-20.735458	0	0	0	1
-8.984394	-111.512077	-44.707668	0	0	0.66627604	0.74570519
-8.771226	-110.716522	-44.150616	0	0	0.66627604	0.74570519
-95.906822	-62.198170	-21.086128	0	0	-0.070737201	0.99749499
-8.377036	-109.245384	-43.120514	0	0	0.66627604	0.74570519
-8.180043	-108.510201	-42.605728	0	0	0.58850112	0.8084964
-8.023252	-107.925049	-42.196003	0	0	0.66627604	0.74570519
-73.060379	-119.091484	12.092577	0	0	0.73739371	0.67546319
-96.533066	-60.517731	-22.054209	0	0	-0.070737201	0.99749499
-7.435154	-105.730232	-40.659180	0	0	0.58850112	0.8084964
-6.552760	-102.437096	-38.353294	0	0	0.58850112	0.8084964
-5.288692	-97.719528	-35.050022	0	0	0.58850112	0.8084964
-3.560195	-91.268692	-30.533096	0	0	0.66627604	0.74570519
-24.790930	-64.466721	-5.408439	0	0	0.58850112	0.8084964
-24.831976	-64.507767	-4.767543	0	0	0.58850112	0.8084964
-102.373016	-44.847038	-31.081909	0	0	-0.16996714	0.98544973
-1.362393	-83.066383	-24.789780	0	0	0.66627604	0.74570519
-24.930096	-64.605888	-3.235528	0	0	0.58850112	0.8084964
-24.976891	-64.652679	-2.504877	0	0	0.58850112	0.8084964
-122.131470	-152.400711	-5.408439	0	0	0.66627604	0.74570519
-2.950509	-88.993317	14.694053	0	0	0.66627604	0.74570519
-13.217208	-127.309151	30.748911	0	0	0.85688874	0.51550139
5.755737	-56.501160	-6.188610	0	0	0	1
6.054286	-55.386959	-5.408437	0	0	0	1
6.030263	-55.476616	-4.383678	0	0	0	1
5.998385	-55.595585	-3.023832	0	0	0	1
5.990788	-55.623936	-2.699780	0	0	0	1
29.734690	-84.299095	-40.615597	0	0	0	1
29.870842	-84.807228	-40.971390	0	0	0	1
29.692305	-84.140907	-40.504833	0	0	0	1
29.676552	-84.082123	-40.463669	0	0	0	1
29.996572	-85.276459	-41.299950	0	0	0	1
29.999077	-85.285805	-41.306496	0	0	0	1
30.114933	-85.718178	-41.609249	0	0	0	1
30.121578	-85.742981	-41.626614	0	0	0	1
29.410933	-83.090813	-39.769550	0	0	0	1
29.395962	-83.034950	-39.730431	0	0	0	1
30.250860	-86.225471	-41.964458	0	0	0	1
30.271744	-86.303406	-42.019028	0	0	0	1
29.211279	-82.345695	-39.247810	0	0	0	1
29.000525	-81.559158	-38.697067	0	0	0	1
28.992374	-81.528740	-38.675770	0	0	0	1
30.599810	-87.527771	-42.876335	0	0	0	1
28.841162	-80.964401	-38.280621	0	0	0	1
30.867580	-88.527100	-43.576077	0	0	0	1
30.874870	-88.554306	-43.595127	0	0	0	1
28.372103	-79.213852	-37.054867	0	0	0	1
28.334389	-79.073097	-36.956314	0	0	0	1
5.941887	-55.806438	-0.613781	0	0	0	1
27.773586	-76.980164	-35.490822	0	0	0	1
27.555754	-76.167191	-34.921574	0	0	0	1
26.899635	-73.718529	-33.207001	0	0	0	1
5.907768	-55.933773	0.841656	0	0	0	1
26.024351	-70.451920	-30.919699	0	0	0	1
24.803106	-65.894180	-27.728333	0	0	0	1
23.104382	-59.554447	-23.289206	0	0	0	1
18.805422	-43.510513	-8.910583	0	0	0	1
18.332876	-41.746944	-10.820258	0	0	0	1
21.667139	-54.190590	3.860799	0	0	0	1
18.198311	-41.244743	-3.264751	0	0	0	1
18.120863	-40.955704	-3.423842	0	0	0	1
18.108074	-40.907974	-3.450114	0	0	0	1
17.102327	-37.154480	-7.604579	0	0	0	1
17.819967	-39.832748	-4.041930	0	0	0	1
17.405315	-38.285244	-4.893694	0	0	0	1
16.859484	-36.248177	-6.969978	0	0	0	1
17.188570	-37.476337	-5.338927	0	0	0	1
28.675207	-80.345055	17.643106	0	0	0.73739371	0.67546319
-79.490082	-229.590591	-27.404226	0	0	0.80114363	0.59847213
33.751484	-45.385284	-5.636821	0	0	0	1
33.014172	-44.647968	-4.931580	0	0	0	1
32.820297	-44.454094	-4.746138	0	0	0	1
32.236122	-43.869923	-4.187376	0	0	0	1
35.112511	-46.746307	-6.938644	0	0	0	1
35.999786	-47.633587	-7.787325	0	0	0	1
36.008862	-47.642658	-7.796005	0	0	0	1
36.170563	-47.804359	-7.950671	0	0	0	1
30.587582	-42.221378	-2.610544	0	0	0	1
36.312717	-47.946518	-8.086645	0	0	0	1
36.349976	-47.983772	-8.122279	0	0	0	1
36.814766	-48.448566	-8.566854	0	0	0	1
37.153557	-48.787357	-8.890908	0	0	0	1
37.290085	-48.923885	-9.021498	0	0	0	1
37.297756	-48.931557	-9.028836	0	0	0	1
37.342289	-48.976086	-9.071429	0	0	0	1
37.369507	-49.003304	-9.097464	0	0	0	1
29.343901	-40.977699	-1.420962	0	0	0	1
37.643154	-49.276951	-9.359207	0	0	0	1
37.854954	-49.488750	-9.561793	0	0	0	1
37.898880	-49.532681	-9.603810	0	0	0	1
37.938568	-49.572365	-9.641771	0	0	0	1
38.567982	-50.201778	-10.243806	0	0	0	1
39.035557	-50.669353	-10.691041	0	0	0	1
29.382511	-41.016308	-0.818112	0	0	0	1
40.026363	-51.660160	-11.638749	0	0	0	1
40.510441	-52.144241	-12.101772	0	0	0	1
40.585300	-52.219097	-12.173374	0	0	0	1
29.697868	-41.331665	-0.403008	0	0	0	1
55.450123	-36.755695	-6.912910	0	0	0	1
-35.745716	-256.905609	-79.424980	0	0	0.85688874	0.51550139
0.211671	-249.255661	-125.015457	0	0	0.80114363	0.59847213
127.910027	-56.171268	-57.649876	0	0	0.98999249	0.14112005
67.854027	-226.562393	-140.229431	0	0	0.73739371	0.67546319
-242.197266	-7.412385	-83.510880	0	0	0	1
139.149338	-150.783142	-106.450005	0	0	0.90407214	0.42737988
