19.530031	-43.694279	91.867531	0.000000	0.000000	3.058407
80.691956	-142.943512	91.867531	0.000000	0.000000	3.058407
25.320551	-245.535919	91.867531	0.000000	0.000000	2.858407
-39.184532	-262.820007	91.867531	0.000000	0.000000	2.658407
-39.184532	-262.820007	91.867531	0.000000	0.000000	2.658407
-47.635834	-262.820007	91.128136	0.000000	0.000000	2.458407
-146.274719	-200.991455	81.048935	0.000000	0.000000	2.058407
-143.144363	-82.756302	73.676918	0.000000	0.000000	1.658407
19.530031	-43.694279	91.867531	0.000000	0.000000	3.058407
80.691956	-142.943512	91.867531	0.000000	0.000000	3.058407
25.320551	-245.535919	91.867531	0.000000	0.000000	2.858407
-39.184532	-262.820007	91.867531	0.000000	0.000000	2.658407
-39.184532	-262.820007	91.867531	0.000000	0.000000	2.658407
-47.635834	-262.820007	91.128136	0.000000	0.000000	2.458407
-146.274719	-200.991455	81.048935	0.000000	0.000000	2.058407
-143.144363	-82.756302	73.676918	0.000000	0.000000	1.658407
19.530031	-43.694279	91.867531	0.000000	0.000000	3.058407
80.691956	-142.943512	91.867531	0.000000	0.000000	3.058407
25.320551	-245.535919	91.867531	0.000000	0.000000	2.858407
-39.184532	-262.820007	91.867531	0.000000	0.000000	2.658407
-39.184532	-262.820007	91.867531	0.000000	0.000000	2.658407
-47.635834	-262.820007	91.128136	0.000000	0.000000	2.458407
-146.274719	-200.991455	81.048935	0.000000	0.000000	2.058407
-143.144363	-82.756302	73.676918	0.000000	0.000000	1.658407
19.530031	-43.694279	91.867531	0.000000	0.000000	3.058407
80.691956	-142.943512	91.867531	0.000000	0.000000	3.058407
25.320551	-245.535919	91.867531	0.000000	0.000000	2.858407
-39.184532	-262.820007	91.867531	0.000000	0.000000	2.658407
-39.184532	-262.820007	91.867531	0.000000	0.000000	2.658407
-47.635834	-262.820007	91.128136	0.000000	0.000000	2.458407
-146.274719	-200.991455	81.048935	0.000000	0.000000	2.058407
-143.144363	-82.756302	73.676918	0.000000	0.000000	1.658407
19.530031	-43.694279	91.867531	0.000000	0.000000	3.058407
80.691956	-142.943512	91.867531	0.000000	0.000000	3.058407
25.320551	-245.535919	91.867531	0.000000	0.000000	2.858407
-39.184532	-262.820007	91.867531	0.000000	0.000000	2.658407
-39.184532	-262.820007	91.867531	0.000000	0.000000	2.658407
-47.635834	-262.820007	91.128136	0.000000	0.000000	2.458407
-146.274719	-200.991455	81.048935	0.000000	0.000000	2.058407
-143.144363	-82.756302	73.676918	0.000000	0.000000	1.658407
19.530031	-43.694279	91.867531	0.000000	0.000000	3.058407
80.691956	-142.943512	91.867531	0.000000	0.000000	3.058407
25.320551	-245.535919	91.867531	0.000000	0.000000	2.858407
-39.184532	-262.820007	91.867531	0.000000	0.000000	2.658407
-39.184532	-262.820007	91.867531	0.000000	0.000000	2.658407
-47.635834	-262.820007	91.128136	0.000000	0.000000	2.458407
-146.274719	-200.991455	81.048935	0.000000	0.000000	2.058407
-143.144363	-82.756302	73.676918	0.000000	0.000000	1.658407
19.530031	-43.694279	91.867531	0.000000	0.000000	3.058407
80.691956	-142.943512	91.867531	0.000000	0.000000	3.058407
25.320551	-245.535919	91.867531	0.000000	0.000000	2.858407
-39.184532	-262.820007	91.867531	0.000000	0.000000	2.658407
-39.184532	-262.820007	91.867531	0.000000	0.000000	2.658407
-47.635834	-262.820007	91.128136	0.000000	0.000000	2.458407
-146.274719	-200.991455	81.048935	0.000000	0.000000	2.058407
-143.144363	-82.756302	73.676918	0.000000	0.000000	1.658407
19.530031	-43.694279	91.867531	0.000000	0.000000	3.058407
80.691956	-142.943512	91.867531	0.000000	0.000000	3.058407
25.320551	-245.535919	91.867531	0.000000	0.000000	2.858407
-39.184532	-262.820007	91.867531	0.000000	0.000000	2.658407
-39.184532	-262.820007	91.867531	0.000000	0.000000	2.658407
-47.635834	-262.820007	91.128136	0.000000	0.000000	2.458407
-146.274719	-200.991455	81.048935	0.000000	0.000000	2.058407
-143.144363	-82.756302	73.676918	0.000000	0.000000	1.658407
19.530031	-43.694279	91.867531	0.000000	0.000000	3.058407
80.691956	-142.943512	91.867531	0.000000	0.000000	3.058407
25.320551	-245.535919	91.867531	0.000000	0.000000	2.858407
-39.184532	-262.820007	91.867531	0.000000	0.000000	2.658407
-39.184532	-262.820007	91.867531	0.000000	0.000000	2.658407
-47.635834	-262.820007	91.128136	0.000000	0.000000	2.458407
-146.274719	-200.991455	81.048935	0.000000	0.000000	2.058407
-143.144363	-82.756302	73.676918	0.000000	0.000000	1.658407
19.530031	-43.694279	91.867531	0.000000	0.000000	3.058407
80.691956	-142.943512	91.867531	0.000000	0.000000	3.058407
25.320551	-245.535919	91.867531	0.000000	0.000000	2.858407
-39.184532	-262.820007	91.867531	0.000000	0.000000	2.658407
-39.184532	-262.820007	91.867531	0.000000	0.000000	2.658407
-47.635834	-262.820007	91.128136	0.000000	0.000000	2.458407
-146.274719	-200.991455	81.048935	0.000000	0.000000	2.058407
-143.144363	-82.756302	73.676918	0.000000	0.000000	1.658407
19.530031	-43.694279	91.867531	0.000000	0.000000	3.058407
80.691956	-142.943512	91.867531	0.000000	0.000000	3.058407
25.320551	-245.535919	91.867531	0.000000	0.000000	2.858407
-39.184532	-262.820007	91.867531	0.000000	0.000000	2.658407
-39.184532	-262.820007	91.867531	0.000000	0.000000	2.658407
-47.635834	-262.820007	91.128136	0.000000	0.000000	2.458407
-146.274719	-200.991455	81.048935	0.000000	0.000000	2.058407
-143.144363	-82.756302	73.676918	0.000000	0.000000	1.658407
19.530031	-43.694279	91.867531	0.000000	0.000000	3.058407
80.691956	-142.943512	91.867531	0.000000	0.000000	3.058407
25.320551	-245.535919	91.867531	0.000000	0.000000	2.858407
-39.184532	-262.820007	91.867531	0.000000	0.000000	2.658407
-39.184532	-262.820007	91.867531	0.000000	0.000000	2.658407
-47.635834	-262.820007	91.128136	0.000000	0.000000	2.458407
-146.274719	-200.991455	81.048935	0.000000	0.000000	2.058407
-143.144363	-82.756302	73.676918	0.000000	0.000000	1.658407
19.530031	-43.694279	91.867531	0.000000	0.000000	3.058407
80.691956	-142.943512	91.867531	0.000000	0.000000	3.058407
25.320551	-245.535919	91.867531	0.000000	0.000000	2.858407
-39.184532	-262.820007	91.867531	0.000000	0.000000	2.658407
-39.184532	-262.820007	91.867531	0.000000	0.000000	2.658407
-47.635834	-262.820007	91.128136	0.000000	0.000000	2.458407
-146.274719	-200.991455	81.048935	0.000000	0.000000	2.058407
-143.144363	-82.756302	73.676918	0.000000	0.000000	1.658407
19.530031	-43.694279	91.867531	0.000000	0.000000	3.058407
80.691956	-142.943512	91.867531	0.000000	0.000000	3.058407
25.320551	-245.535919	91.867531	0.000000	0.000000	2.858407
-39.184532	-262.820007	91.867531	0.000000	0.000000	2.658407
-39.184532	-262.820007	91.867531	0.000000	0.000000	2.658407
-47.635834	-262.820007	91.128136	0.000000	0.000000	2.458407
-146.274719	-200.991455	81.048935	0.000000	0.000000	2.058407
-143.144363	-82.756302	73.676918	0.000000	0.000000	1.658407
19.530031	-43.694279	91.867531	0.000000	0.000000	3.058407
80.691956	-142.943512	91.867531	0.000000	0.000000	3.058407
25.320551	-245.535919	91.867531	0.000000	0.000000	2.858407
-39.184532	-262.820007	91.867531	0.000000	0.000000	2.658407
-39.184532	-262.820007	91.867531	0.000000	0.000000	2.658407
-47.635834	-262.820007	91.128136	0.000000	0.000000	2.458407
-146.274719	-200.991455	81.048935	0.000000	0.000000	2.058407
-143.144363	-82.756302	73.676918	0.000000	0.000000	1.658407
19.530031	-43.694279	91.867531	0.000000	0.000000	3.058407
80.691956	-142.943512	91.867531	0.000000	0.000000	3.058407
25.320551	-245.535919	91.867531	0.000000	0.000000	2.858407
-39.184532	-262.820007	91.867531	0.000000	0.000000	2.658407
-39.184532	-262.820007	91.867531	0.000000	0.000000	2.658407
-47.635834	-262.820007	91.128136	0.000000	0.000000	2.458407
-146.274719	-200.991455	81.048935	0.000000	0.000000	2.058407
-143.144363	-82.756302	73.676918	0.000000	0.000000	1.658407
19.530031	-43.694279	91.867531	0.000000	0.000000	3.058407
80.691956	-142.943512	91.867531	0.000000	0.000000	3.058407
25.320551	-245.535919	91.867531	0.000000	0.000000	2.858407
-39.184532	-262.820007	91.867531	0.000000	0.000000	2.658407
-39.184532	-262.820007	91.867531	0.000000	0.000000	2.658407
-47.635834	-262.820007	91.128136	0.000000	0.000000	2.458407
-146.274719	-200.991455	81.048935	0.000000	0.000000	2.058407
-143.144363	-82.756302	73.676918	0.000000	0.000000	1.658407
19.530031	-43.694279	91.867531	0.000000	0.000000	3.058407
80.691956	-142.943512	91.867531	0.000000	0.000000	3.058407
25.320551	-245.535919	91.867531	0.000000	0.000000	2.858407
-39.184532	-262.820007	91.867531	0.000000	0.000000	2.658407
-39.184532	-262.820007	91.867531	0.000000	0.000000	2.658407
-47.635834	-262.820007	91.128136	0.000000	0.000000	2.458407
-146.274719	-200.991455	81.048935	0.000000	0.000000	2.058407
-143.144363	-82.756302	73.676918	0.000000	0.000000	1.658407
19.530031	-43.694279	91.867531	0.000000	0.000000	3.058407
80.691956	-142.943512	91.867531	0.000000	0.000000	3.058407
25.320551	-245.535919	91.867531	0.000000	0.000000	2.858407
-39.184532	-262.820007	91.867531	0.000000	0.000000	2.658407
-39.184532	-262.820007	91.867531	0.000000	0.000000	2.658407
-47.635834	-262.820007	91.128136	0.000000	0.000000	2.458407
-146.274719	-200.991455	81.048935	0.000000	0.000000	2.058407
-143.144363	-82.756302	73.676918	0.000000	0.000000	1.658407
19.530031	-43.694279	91.867531	0.000000	0.000000	3.058407
80.691956	-142.943512	91.867531	0.000000	0.000000	3.058407
25.320551	-245.535919	91.867531	0.000000	0.000000	2.858407
-39.184532	-262.820007	91.867531	0.000000	0.000000	2.658407
-39.184532	-262.820007	91.867531	0.000000	0.000000	2.658407
-47.635834	-262.820007	91.128136	0.000000	0.000000	2.458407
-146.274719	-200.991455	81.048935	0.000000	0.000000	2.058407
-143.144363	-82.756302	73.676918	0.000000	0.000000	1.658407
