-55.669266	-37.377254	15.711287	0	0	0.73739371	0.67546319
-55.690792	-37.373829	15.711693	0	0	0	1
-55.862972	-37.346447	15.714934	0	0	0.22720209	0.97384763
-55.314377	-37.700264	15.766465	0	0	0.22720209	0.97384763
-55.377808	-37.763695	15.612150	0	0	0.73739371	0.67546319
-55.324924	-37.710812	15.887809	0	0	0.73739371	0.67546319
-55.327938	-37.713825	15.458479	0	0	0.73739371	0.67546319
-55.248783	-37.634670	15.953081	0	0	0.73739371	0.67546319
-55.145138	-37.531025	15.834220	0	0	0	1
-55.143478	-37.529362	15.830557	0	0	0	1
-55.177639	-37.563526	15.905875	0	0	0	1
-55.294708	-37.680592	15.280540	0	0	0.73739371	0.67546319
-56.404285	-37.260353	15.725123	0	0	0	1
-55.381878	-37.767761	15.062743	0	0	0.22720209	0.97384763
-56.569012	-37.234158	15.728224	0	0	0	1
-56.602791	-37.228786	15.728860	0	0	0.73739371	0.67546319
-56.596436	-37.247414	15.312264	0	0	0	1
-56.661339	-37.229645	15.489497	0	0	0	1
-55.486904	-37.872791	14.820110	0	0	0.32328956	0.94630009
-56.744381	-37.210060	15.641844	0	0	0.73739371	0.67546319
-55.386635	-37.772522	14.724815	0	0	0.73739371	0.67546319
-56.808460	-37.223057	15.094954	0	0	0.1288445	0.99166481
-56.715851	-37.252121	14.754358	0	0	0.73739371	0.67546319
-55.625328	-38.011215	14.423391	0	0	0.22720209	0.97384763
-56.993877	-37.204048	14.850728	0	0	0.1288445	0.99166481
-57.370693	-37.113029	15.592703	0	0	0.73739371	0.67546319
-57.379620	-37.106236	15.719913	0	0	0.73739371	0.67546319
-57.359604	-37.121468	15.434711	0	0	0.73739371	0.67546319
-57.380421	-37.105625	15.731318	0	0	0.1288445	0.99166481
-57.381275	-37.104973	15.743513	0	0	0	1
-57.346878	-37.131153	15.253385	0	0	0.73739371	0.67546319
-55.703712	-38.089600	14.072024	0	0	-0.070737201	0.99749499
-57.332870	-37.141811	15.053809	0	0	0	1
-55.686642	-38.072529	14.005122	0	0	0.1288445	0.99166481
-57.316837	-37.154015	14.825388	0	0	0.1288445	0.99166481
-56.581650	-37.304859	14.009773	0	0	0.1288445	0.99166481
-57.308590	-37.160290	14.707852	0	0	0	1
-55.428204	-37.814091	13.838515	0	0	0.22720209	0.97384763
-55.254993	-37.640881	13.710815	0	0	0.73739371	0.67546319
-55.236954	-37.622841	13.664566	0	0	0.73739371	0.67546319
-55.262100	-37.647987	13.597346	0	0	0.1288445	0.99166481
-56.815525	-38.020954	13.976810	0	0	0.029199523	0.9995736
-55.161331	-37.547215	13.593760	0	0	0	1
-56.225296	-38.611183	13.976810	0	0	0.1288445	0.99166481
-55.253513	-37.639400	13.511311	0	0	0.73739371	0.67546319
-56.655907	-37.308765	13.639641	0	0	0	1
-57.608242	-37.123215	14.463385	0	0	0	1
-57.000401	-37.249149	13.760261	0	0	0.73739371	0.67546319
-57.255882	-37.200405	13.956873	0	0	0.1288445	0.99166481
-55.169842	-37.555725	13.360759	0	0	0	1
-57.017044	-37.248390	13.715909	0	0	0	1
-56.424572	-37.355545	13.399278	0	0	0.73739371	0.67546319
-57.098320	-37.238342	13.649454	0	0	-0.070737201	0.99749499
-57.240757	-37.211914	13.741402	0	0	0.73739371	0.67546319
-57.237755	-37.214199	13.698592	0	0	0.73739371	0.67546319
-57.456280	-37.171558	13.889124	0	0	-0.070737201	0.99749499
-57.076984	-37.245354	13.563522	0	0	0.73739371	0.67546319
-57.497391	-37.627277	13.907926	0	0	0.029199523	0.9995736
-57.233559	-37.217392	13.638843	0	0	-0.070737201	0.99749499
-57.230453	-37.219757	13.594562	0	0	0.73739371	0.67546319
-57.227444	-37.222042	13.551717	0	0	0	1
-57.838135	-37.101624	14.113899	0	0	0.73739371	0.67546319
-57.212406	-37.233486	13.337464	0	0	0	1
-52.320663	-37.909817	15.648255	0	0	0	1
-52.336487	-38.003044	15.829122	0	0	0	1
-57.981201	-40.367088	14.997998	0	0	0.66627604	0.74570519
-57.080601	-37.333797	11.459470	0	0	0.73739371	0.67546319
-57.867947	-40.253830	12.798880	0	0	-0.070737201	0.99749499
-51.972523	-38.133255	11.669019	0	0	0.80114363	0.59847213
-49.873821	-38.298965	15.602198	0	0	0.85688874	0.51550139
-56.968510	-37.419102	9.862409	0	0	-0.070737201	0.99749499
-61.012684	-37.109093	12.798880	0	0	0.50484609	0.86320938
-49.407681	-38.563873	15.953212	0	0	0.66627604	0.74570519
-49.403065	-38.546658	15.919274	0	0	0	1
-49.402866	-38.545914	15.917808	0	0	0	1
-49.400703	-38.537846	15.901902	0	0	0	1
-49.394161	-38.513428	15.853769	0	0	0	1
-49.381313	-38.465477	15.759238	0	0	0	1
-49.377785	-38.452301	15.612150	0	0	0.41614682	0.90929743
-49.368954	-38.419350	15.458479	0	0	0.41614682	0.90929743
-49.358650	-38.380898	15.592501	0	0	0	1
-49.364700	-38.403473	15.280540	0	0	0.41614682	0.90929743
-49.439667	-38.683254	14.997998	0	0	0.73739371	0.67546319
-49.369816	-38.422562	15.062743	0	0	0.66627604	0.74570519
-49.387302	-38.487831	14.820110	0	0	0.66627604	0.74570519
-49.387314	-38.487873	14.724815	0	0	0.32328956	0.94630009
-49.371326	-38.428207	14.426773	0	0	0	1
-49.544842	-39.075764	14.005122	0	0	0.73739371	0.67546319
-49.375141	-38.442432	14.076283	0	0	0	1
-49.377563	-38.451485	13.853216	0	0	0	1
-49.768181	-39.909283	13.976810	0	0	0.66627604	0.74570519
-49.378944	-38.456635	13.726384	0	0	0.22720209	0.97384763
-49.379429	-38.458435	13.681961	0	0	0	1
-49.380154	-38.461147	13.615149	0	0	0	1
-49.380238	-38.461468	13.607302	0	0	0.22720209	0.97384763
-49.381088	-38.464630	13.529315	0	0	0	1
-49.382843	-38.471180	13.367979	0	0	0.22720209	0.97384763
-51.826721	-38.226833	10.002480	0	0	0.1288445	0.99166481
-49.821373	-40.107796	12.798880	0	0	0.50484609	0.86320938
-63.599236	-36.150391	15.049185	0	0	0	1
-46.977287	-38.909679	15.830663	0	0	0	1
-46.764088	-38.793537	15.543662	0	0	0	1
-46.619003	-39.156517	16.181974	0	0	0	1
-56.725620	-37.603947	6.401701	0	0	0.66627604	0.74570519
-56.715275	-37.611816	6.254334	0	0	0	1
-55.461388	-37.818626	6.056070	0	0	0.029199523	0.9995736
-55.436680	-37.822567	6.055312	0	0	0	1
-56.694569	-37.627575	5.959314	0	0	0	1
-56.683983	-37.635632	5.808491	0	0	0.66627604	0.74570519
-56.683426	-37.636055	5.800556	0	0	0	1
-51.523430	-38.421486	6.535837	0	0	0	1
-46.268417	-39.023861	11.953485	0	0	0	1
-56.659821	-37.654022	5.464200	0	0	0.029199523	0.9995736
-65.895355	-35.796162	14.833715	0	0	-0.36235775	0.93203909
-65.896362	-35.795467	14.846324	0	0	0	1
-65.900116	-35.792885	14.893354	0	0	0.58850112	0.8084964
-65.882698	-35.804871	14.675154	0	0	0	1
-65.906265	-35.788654	14.970387	0	0	0.58850112	0.8084964
-65.916092	-35.781887	15.093568	0	0	-0.36235775	0.93203909
-65.868195	-35.814854	14.493469	0	0	-0.36235775	0.93203909
-65.918724	-35.780079	15.126456	0	0	0.58850112	0.8084964
-65.919174	-35.779762	15.132182	0	0	0	1
-65.919815	-35.779327	15.140139	0	0	-0.36235775	0.93203909
-65.919998	-35.779198	15.142480	0	0	0	1
-52.778099	-38.255394	5.768762	0	0	0	1
-65.931328	-35.771400	15.284435	0	0	-0.36235775	0.93203909
-65.852455	-35.825687	14.296274	0	0	0.58850112	0.8084964
-65.834396	-35.838116	14.070016	0	0	0	1
-65.824806	-35.844715	13.949941	0	0	-0.36235775	0.93203909
-65.807991	-35.856289	13.739260	0	0	0.58850112	0.8084964
-65.980896	-35.737286	15.905387	0	0	0	1
-65.781898	-35.874245	13.412380	0	0	0	1
-65.764854	-35.885979	13.198799	0	0	0	1
-65.761414	-35.888348	13.155693	0	0	0.58850112	0.8084964
-65.760612	-35.888901	13.145662	0	0	0.58850112	0.8084964
-65.748001	-35.897575	12.987754	0	0	0.41614682	0.90929743
-65.744606	-35.899914	12.945172	0	0	0.41614682	0.90929743
-65.739906	-35.903149	12.886310	0	0	0.58850112	0.8084964
-65.736031	-35.905815	12.837770	0	0	0.41614682	0.90929743
-65.732948	-35.907936	12.799109	0	0	0	1
-65.715363	-35.920040	12.578802	0	0	0	1
-65.697914	-35.932049	12.360229	0	0	0.50484609	0.86320938
-51.466160	-38.458244	5.881251	0	0	0.22720209	0.97384763
-51.464424	-38.459358	5.861412	0	0	0.73739371	0.67546319
-56.608253	-37.693264	4.729487	0	0	0.029199523	0.9995736
-65.553764	-36.031258	10.554372	0	0	0	1
-56.590080	-37.707096	4.470524	0	0	0.029199523	0.9995736
-51.687801	-38.455563	5.115547	0	0	0	1
-44.284260	-39.187931	15.496984	0	0	0	1
-44.283257	-39.191677	15.412208	0	0	0.73739371	0.67546319
-44.282288	-39.195290	15.330371	0	0	0	1
-56.571861	-37.720959	4.210961	0	0	0	1
-44.279438	-39.205925	15.089683	0	0	0.66627604	0.74570519
-44.278236	-39.210411	14.988111	0	0	0	1
-49.462646	-38.769020	6.029407	0	0	0.41614682	0.90929743
-44.274990	-39.222523	14.713969	0	0	0	1
-44.270905	-39.237770	14.368881	0	0	0.50484609	0.86320938
-44.269394	-39.243412	14.241170	0	0	0.80114363	0.59847213
-44.268661	-39.246140	14.179466	0	0	0.80114363	0.59847213
-44.268162	-39.248016	14.136981	0	0	0.73739371	0.67546319
-44.266533	-39.254086	13.999579	0	0	0.41614682	0.90929743
-44.266014	-39.256031	13.955551	0	0	0.41614682	0.90929743
-44.265244	-39.258900	13.890638	0	0	0.73739371	0.67546319
-44.265030	-39.259697	13.872515	0	0	0	1
-44.264221	-39.262711	13.804324	0	0	0	1
-44.262135	-39.270508	13.627858	0	0	0.41614682	0.90929743
-49.465641	-38.780197	5.754038	0	0	0.32328956	0.94630009
-44.255810	-39.294102	13.093779	0	0	0	1
-65.423180	-36.121132	8.918442	0	0	0	1
-51.348763	-38.533588	4.539403	0	0	0	1
-51.522079	-44.053062	6.520422	0	0	0.80114363	0.59847213
-51.345490	-39.606987	4.501997	0	0	0.32328956	0.94630009
-49.472694	-38.806507	5.105701	0	0	0	1
-44.981258	-40.973114	10.352296	0	0	0.41614682	0.90929743
-56.440804	-37.820698	2.343668	0	0	0.029199523	0.9995736
-56.440804	-37.820698	2.343668	0	0	0.66627604	0.74570519
-45.532181	-39.365971	6.620857	0	0	0	1
-65.146660	-36.311455	5.454164	0	0	0.58850112	0.8084964
-46.748165	-39.242893	4.981731	0	0	0	1
-65.126839	-36.325089	5.205929	0	0	0	1
-65.126572	-36.325275	5.202532	0	0	0	1
-51.150169	-38.661049	2.269449	0	0	0	1
-51.150169	-38.985012	2.269449	0	0	0.32328956	0.94630009
-45.420879	-39.417690	5.814679	0	0	0.50484609	0.86320938
-65.096291	-36.346119	4.823169	0	0	-0.26749883	0.96355818
-65.095688	-36.346535	4.815614	0	0	0.58850112	0.8084964
-45.407108	-39.424088	5.714954	0	0	0	1
-65.085014	-36.353878	4.681930	0	0	-0.26749883	0.96355818
-41.159592	-39.800354	12.708636	0	0	0	1
-44.175011	-39.595657	6.268186	0	0	0.50484609	0.86320938
-65.025604	-36.394764	3.937677	0	0	0	1
-44.171013	-39.610573	5.930522	0	0	0	1
-64.985275	-36.422523	3.432394	0	0	0	1
-64.980423	-36.425861	3.371629	0	0	0	1
-44.163040	-39.640331	5.256967	0	0	0.50484609	0.86320938
-44.160358	-39.650341	5.030366	0	0	0	1
-64.905716	-36.477280	2.435690	0	0	0	1
-44.993938	-39.616077	2.722311	0	0	0	1
-44.393482	-39.707340	2.811067	0	0	0	1
-44.926373	-39.647472	2.232928	0	0	0	1
-44.134144	-39.748173	2.815941	0	0	0	1
-41.797520	-48.243217	20.386229	0	0	0.90407214	0.42737988
-41.731758	-48.714005	12.416745	0	0	0.80114363	0.59847213
-43.286327	-39.959728	0.986650	0	0	0.58850112	0.8084964
-36.935699	-40.522678	11.434189	0	0	0	1
-36.065945	-40.494976	15.342287	0	0	0	1
-36.057957	-40.496246	15.342136	0	0	0	1
-35.690331	-40.554714	15.335217	0	0	0	1
-35.684727	-40.560318	15.223665	0	0	0	1
-35.681866	-40.563179	15.166753	0	0	0	1
-35.681225	-40.563820	15.154026	0	0	0.73739371	0.67546319
-35.673439	-40.571606	14.999132	0	0	0.58850112	0.8084964
-35.671265	-40.573780	14.955873	0	0	0.58850112	0.8084964
-35.656391	-40.560112	15.334578	0	0	0.90407214	0.42737988
-35.668171	-40.576874	14.894320	0	0	0.73739371	0.67546319
-35.666393	-40.578651	14.858911	0	0	0	1
-35.663803	-40.581242	14.807403	0	0	0.58850112	0.8084964
-35.653675	-40.591370	14.605848	0	0	0	1
-35.635799	-40.609245	14.250230	0	0	0.58850112	0.8084964
-35.574627	-40.670418	13.033065	0	0	0	1
-35.498463	-40.746582	11.517677	0	0	0.66627604	0.74570519
-40.448364	-47.933311	5.260181	0	0	0.66627604	0.74570519
-36.028866	-40.810387	8.025574	0	0	0.97095818	0.23924928
-40.997944	-46.451714	2.232928	0	0	0.90407214	0.42737988
-35.325005	-40.920040	8.066461	0	0	0.97095818	0.23924928
-35.282875	-40.962170	7.228229	0	-0	-1	-4.371139e-08
-40.655811	-47.044304	2.232928	0	0	0.94222235	0.33498812
-35.260666	-40.984379	6.786340	0	-0	-1	-4.371139e-08
-34.781384	-41.011574	7.936223	0	0	0	1
-34.790051	-41.018398	7.742538	0	0	0.66627604	0.74570519
-35.224758	-41.020287	6.071877	0	-0	-1	-4.371139e-08
-35.203674	-41.041370	5.652345	0	0	0	1
-38.672153	-51.396908	7.472487	0	0	0.97095818	0.23924928
-35.088039	-41.157005	3.351615	0	-0	-1	-4.371139e-08
-34.998432	-41.182430	3.085792	0	0	0	1
-35.034344	-41.210701	2.283247	0	0	0	1
-29.970411	-44.041344	20.087490	0	0	0	1
-30.213476	-44.773769	7.086450	0	0	0	1
-27.929216	-46.492821	8.931900	0	0	0	1
-30.474443	-45.088924	-0.280371	0	0	0	1
-31.456949	-44.859550	-8.208744	0	0	0	1
-31.155680	-45.089363	-8.008596	0	0	0	1
-23.134102	-49.183449	25.647581	0	0	0	1
-24.696262	-49.658508	1.294359	0	0	0	1
-119.498344	-27.333965	14.357040	0	0	0	1
-66.508255	-102.384094	12.416745	0	0	0.80114363	0.59847213
-152.359619	-26.868822	19.673649	0	0	0	1
-125.376167	-107.762054	12.416745	0	0	0.73739371	0.67546319
-154.269760	-78.868469	12.416745	0	0	0.58850112	0.8084964
-187.154724	-107.057777	2.435690	0	0	0.66627604	0.74570519
58.982826	-135.227875	10.083974	0	0	0.99913515	0.041580682
-169.301605	-233.301331	2.343668	0	0	0.80114363	0.59847213
13.314479	-254.149353	10.083974	0	0	0.97095818	0.23924928
-86.751152	-280.961853	10.083974	0	0	0.90407214	0.42737988
