-46.913048	40.934425	81.324844	0	0	0.029199523	0.9995736
-46.943813	40.894188	81.376480	0	0	-0.87758258	0.4794255
-46.877972	40.977547	81.267647	0	0	0.029199523	0.9995736
-46.967373	40.858505	81.423454	0	0	-0.87758258	0.4794255
-46.989487	40.820065	81.466919	0	0	-0.87758258	0.4794255
-46.796883	41.075558	81.202217	0	0	-0.87758258	0.4794255
-46.736824	41.155926	81.130608	0	0	-0.87758258	0.4794255
-46.297451	41.697418	81.033752	0	0	-0.87758258	0.4794255
-46.183880	41.852028	80.944771	0	0	-0.87758258	0.4794255
-46.145657	41.707569	79.429375	0	0	-0.87758258	0.4794255
-45.832150	43.018299	80.491585	0	0	-0.87758258	0.4794255
-45.634205	37.074928	80.467934	0	0	-0.87758258	0.4794255
-41.835129	42.326801	86.788910	0	0	-0.16996714	0.98544973
-54.157322	33.690155	81.324844	0	0	-0.45359611	0.89120736
-54.152584	33.685417	81.376480	0	0	-0.16996714	0.98544973
-54.161343	33.694176	81.267647	0	0	-0.54030229	0.84147099
-54.146523	33.679356	81.423454	0	0	-0.16996714	0.98544973
-54.169804	33.702637	81.202217	0	0	-0.16996714	0.98544973
-54.138359	33.671192	81.466919	0	0	-0.16996714	0.98544973
-54.179958	33.712795	81.130608	0	0	-0.16996714	0.98544973
-54.231018	33.763855	81.033752	0	0	-0.16996714	0.98544973
-54.251537	33.784370	80.944771	0	0	-0.26749883	0.96355818
-54.658806	34.191643	80.491585	0	0	-0.26749883	0.96355818
-54.160194	33.693031	79.429375	0	0	-0.16996714	0.98544973
-55.751053	35.283886	83.091141	0	0	0.22720209	0.97384763
-51.588146	31.120983	80.467934	0	0	0.22720209	0.97384763
-52.314548	31.847383	86.788910	0	0	-0.26749883	0.96355818
-50.541481	30.074314	86.401176	0	0	-0.36235775	0.93203909
-51.132355	30.665188	87.722534	0	0	-0.82533563	0.56464246
-55.098354	34.631191	90.337219	0	0	0.22720209	0.97384763
-47.929317	27.462151	88.440155	0	0	-0.45359611	0.89120736
-34.137497	47.660046	87.722534	0	0	-0.92106097	0.38941839
-29.045492	51.250267	79.519806	0	0	-0.54030229	0.84147099
-29.032185	51.235474	79.566986	0	0	-0.36235775	0.93203909
-29.059355	51.265129	79.467552	0	0	-0.54030229	0.84147099
-29.019342	51.220806	79.610291	0	0	-0.36235775	0.93203909
-29.085657	51.301140	79.412971	0	0	-0.36235775	0.93203909
-29.005211	51.203289	79.650085	0	0	-0.45359611	0.89120736
-29.110222	51.332653	79.349907	0	0	-0.36235775	0.93203909
-29.237850	51.546787	79.310333	0	0	-0.36235775	0.93203909
-29.281939	51.610367	79.237282	0	0	-0.36235775	0.93203909
-29.727253	52.316463	78.864616	0	0	-0.45359611	0.89120736
-29.324034	51.419537	77.730003	0	0	-0.36235775	0.93203909
-27.124411	47.761562	78.598015	0	0	-0.95533648	0.29552023
-29.196577	51.419216	86.401176	0	0	-0.36235775	0.93203909
-27.934566	50.352295	85.384636	0	0	-0.45359611	0.89120736
-28.639303	51.740959	86.344879	0	0	-0.36235775	0.93203909
-28.187923	51.095032	87.121490	0	0	-0.95533648	0.29552023
-26.157761	54.086422	87.759827	0	0	0	1
-30.295280	60.739658	83.091141	0	0	-0.95533648	0.29552023
-25.869785	55.064983	87.210312	0	0	-0.26749883	0.96355818
-69.906715	49.439548	69.954330	0	0	-0.26749883	0.96355818
-29.721773	67.387497	90.337219	0	0	-0.95533648	0.29552023
-24.016243	70.748909	89.220016	0	0	0	1
-57.575573	1.141350	81.324844	0	0	-0.16996714	0.98544973
-57.594215	1.146346	81.376480	0	0	-0.070737201	0.99749499
-57.553623	1.135469	81.267647	0	0	-0.16996714	0.98544973
-57.607277	1.149845	81.423454	0	0	-0.070737201	0.99749499
-57.502468	1.121762	81.202217	0	0	-0.070737201	0.99749499
-57.618301	1.152799	81.466919	0	0	-0.070737201	0.99749499
-57.466530	1.112131	81.130608	0	0	-0.070737201	0.99749499
-57.191959	1.038561	81.033752	0	0	-0.070737201	0.99749499
-57.124649	1.020525	80.944771	0	0	-0.070737201	0.99749499
-57.088047	1.010718	80.491585	0	0	-0.070737201	0.99749499
-57.052872	1.001292	79.429375	0	0	-0.16996714	0.98544973
-55.417519	0.563101	80.467934	0	0	-0.36235775	0.93203909
-53.185902	-0.034859	86.788910	0	0	-0.070737201	0.99749499
-47.022289	-1.686393	83.091141	0	0	0.41614682	0.90929743
-47.337223	-1.602007	87.722534	0	0	-0.26749883	0.96355818
-43.667076	-2.585420	86.401176	0	0	-0.070737201	0.99749499
-39.418850	-3.723729	90.337219	0	0	-0.26749883	0.96355818
-39.986794	-3.571549	69.954330	0	0	-0.16996714	0.98544973
-36.799026	-4.425709	88.440155	0	0	-0.16996714	0.98544973
-35.998600	97.279640	77.368111	0	0	-0.070737201	0.99749499
-38.402584	99.784729	73.020111	0	0	-0.070737201	0.99749499
-35.271336	-19.211960	80.134193	0	0	0.1288445	0.99166481
-35.286842	-19.216116	80.192467	0	0	0.1288445	0.99166481
-35.254120	-19.207348	80.069504	0	0	0	1
-35.300640	-19.219812	80.244324	0	0	0.1288445	0.99166481
-35.230873	-19.201118	79.982132	0	0	0.1288445	0.99166481
-35.313522	-19.223265	80.292732	0	0	0.1288445	0.99166481
-35.207790	-19.194935	79.895393	0	0	0.1288445	0.99166481
-35.191341	-19.190527	79.833580	0	0	0.58850112	0.8084964
-35.175976	-19.186409	79.775826	0	0	0.029199523	0.9995736
-35.145370	-19.178209	79.660820	0	0	0.1288445	0.99166481
-35.113163	-19.169579	79.539780	0	0	0.1288445	0.99166481
-35.092857	-19.164137	79.463470	0	0	-0.16996714	0.98544973
-35.043293	-19.150858	79.277214	0	0	-0.070737201	0.99749499
-34.957359	-19.127831	78.954277	0	0	0.1288445	0.99166481
-34.738396	-19.069159	78.131393	0	0	0.029199523	0.9995736
-35.894257	-19.378872	82.475128	0	0	-0.16996714	0.98544973
-36.264004	-19.477945	83.864647	0	0	0.1288445	0.99166481
-34.265255	-18.942383	76.353340	0	0	0.58850112	0.8084964
-28.792568	-17.475981	55.786938	0	0	-0.16996714	0.98544973
-33.311714	-36.891560	62.011379	0	0	0.1288445	0.99166481
-33.330303	-36.910149	62.073189	0	0	0.1288445	0.99166481
-33.291122	-36.870968	61.942902	0	0	0.029199523	0.9995736
-33.291161	-36.871006	61.943027	0	0	0.1288445	0.99166481
-33.346802	-36.926647	62.128056	0	0	0.1288445	0.99166481
-33.362507	-36.942352	62.180283	0	0	0.1288445	0.99166481
-33.260784	-36.840630	61.842007	0	0	0.1288445	0.99166481
-33.231792	-36.811638	61.745605	0	0	0.1288445	0.99166481
-33.447540	-37.027386	62.463043	0	0	-0.070737201	0.99749499
-33.132011	-36.711861	61.413799	0	0	0	1
-33.088818	-36.668663	61.270153	0	0	0.1288445	0.99166481
-32.857159	-36.437004	60.499802	0	0	0.1288445	0.99166481
-32.711044	-36.290890	60.013912	0	0	0.1288445	0.99166481
-32.444786	-36.024632	59.128510	0	0	0.029199523	0.9995736
-34.207695	-37.787540	64.990845	0	0	0.029199523	0.9995736
-32.116879	-35.696724	58.038090	0	0	-0.16996714	0.98544973
-31.285643	-34.865490	55.273911	0	0	0.80114363	0.59847213
-30.972231	-34.552078	54.231697	0	0	0.80114363	0.59847213
-22.293913	-25.873758	25.372971	0	0	-0.16996714	0.98544973
-70.591278	114.976425	32.466587	0	0	-0.070737201	0.99749499
-11.136712	-22.074114	-16.077137	0	0	0.22720209	0.97384763
-11.136712	-22.074114	-16.077137	0	0	0.22720209	0.97384763
-11.136712	-22.074114	-16.077137	0	0	0.22720209	0.97384763
-11.136712	-22.074114	-16.077137	0	0	0.22720209	0.97384763
-11.136712	-22.074114	-16.077137	0	0	0.22720209	0.97384763
-11.136712	-22.074114	-16.077137	0	0	0.80114363	0.59847213
-11.136712	-22.074114	-16.077137	0	0	0.80114363	0.59847213
-11.136712	-22.074114	-16.077137	0	0	0.22720209	0.97384763
-11.136712	-22.074114	-16.077137	0	0	0.22720209	0.97384763
-11.136712	-22.074114	-16.077137	0	0	0.22720209	0.97384763
-11.136712	-22.074114	-16.077137	0	0	0.22720209	0.97384763
-11.136712	-22.074114	-16.077137	0	0	0.32328956	0.94630009
-11.136712	-22.074114	-16.077137	0	0	0.32328956	0.94630009
-11.136712	-22.074114	-16.077137	0	0	0.22720209	0.97384763
-11.136712	-22.074114	-16.077137	0	0	0.22720209	0.97384763
-11.136712	-22.074114	-16.077137	0	0	0.22720209	0.97384763
-11.136712	-22.074114	-16.077137	0	0	0.22720209	0.97384763
-11.136712	-22.074114	-16.077137	0	0	0.22720209	0.97384763
-11.136712	-22.074114	-16.077137	0	0	0.22720209	0.97384763
-23.601131	-68.591957	5.247031	0	0	0	1
-192.179779	109.647934	40.595131	0	0	0.22720209	0.97384763
-116.218819	-119.798668	50.425297	0	0	0.80114363	0.59847213
-248.359421	12.341934	50.425297	0	0	0.41614682	0.90929743
-226.196747	-70.370270	50.425297	0	0	0.58850112	0.8084964
