-59.092033	-38.330612	7.869690	0	0	0.58850112	0.8084964
-59.028450	-38.429077	7.997688	0	0	0.58850112	0.8084964
-59.149250	-38.237148	7.728875	0	0	0.58850112	0.8084964
-58.912243	-38.285172	7.819759	0	0	0.73739371	0.67546319
-59.004898	-38.178692	7.674834	0	0	0.58850112	0.8084964
-58.774994	-38.388042	7.963341	0	0	0.73739371	0.67546319
-59.162254	-38.115501	7.598945	0	0	0.73739371	0.67546319
-59.386913	-38.040211	7.524673	0	0	0.58850112	0.8084964
-59.468777	-37.946514	7.472729	0	0	0.58850112	0.8084964
-59.592613	-37.833763	7.430040	0	0	0.58850112	0.8084964
-59.816525	-37.693993	7.391143	0	0	0.73739371	0.67546319
-60.155376	-37.498116	7.368238	0	0	0.73739371	0.67546319
-60.450832	-37.300533	7.367743	0	0	0.58850112	0.8084964
-60.798580	-37.056934	7.391515	0	0	0.73739371	0.67546319
-58.676491	-36.344505	8.705360	0	0	0.73739371	0.67546319
-61.220078	-36.753464	7.443636	0	0	0.58850112	0.8084964
-60.495972	-36.005928	8.734105	0	0	0.58850112	0.8084964
-61.632088	-36.401054	7.530436	0	0	0.73739371	0.67546319
-59.088512	-35.358067	9.185339	0	0	0.73739371	0.67546319
-61.159500	-35.917133	8.809058	0	0	0.58850112	0.8084964
-61.559475	-35.851070	8.324241	0	0	0.58850112	0.8084964
-61.869434	-35.845329	8.055992	0	0	0.58850112	0.8084964
-62.122181	-35.853413	7.807542	0	0	0.66627604	0.74570519
-56.515800	-37.837193	4.927829	0	0	0.80114363	0.59847213
-62.335003	-35.867874	7.610099	0	0	0.58850112	0.8084964
-58.762257	-34.243946	9.757544	0	0	0.73739371	0.67546319
-54.843662	-37.565777	9.425753	0	0	0.85688874	0.51550139
-58.430965	-33.933754	9.860333	0	0	0.73739371	0.67546319
-57.886765	-34.227467	10.410026	0	0	0.73739371	0.67546319
-58.235004	-33.943546	10.287914	0	0	0.66627604	0.74570519
-59.350166	-33.273018	9.325808	0	0	0.66627604	0.74570519
-58.602432	-33.498192	10.507937	0	0	0.73739371	0.67546319
-65.630745	-42.105740	7.209128	0	0	0.73739371	0.67546319
-65.600548	-42.146664	7.144085	0	0	0.73739371	0.67546319
-65.581802	-42.212654	7.335648	0	0	0.73739371	0.67546319
-65.674950	-42.004765	7.069627	0	0	0.73739371	0.67546319
-65.532043	-42.289227	7.280722	0	0	0.73739371	0.67546319
-65.659096	-42.020496	7.002605	0	0	0.73739371	0.67546319
-65.720779	-41.902069	6.936382	0	0	0.73739371	0.67546319
-65.439529	-42.371662	6.836036	0	0	0.73739371	0.67546319
-65.804993	-41.745693	6.876297	0	0	0.73739371	0.67546319
-65.862289	-41.637810	6.826836	0	0	0.73739371	0.67546319
-65.939194	-41.497963	6.788888	0	0	0.73739371	0.67546319
-66.053581	-41.294960	6.761056	0	0	0.73739371	0.67546319
-66.222679	-41.001072	6.755300	0	0	0.73739371	0.67546319
-66.383095	-40.725525	6.768447	0	0	0.73739371	0.67546319
-66.440804	-40.827236	7.920985	0	0	0.73739371	0.67546319
-66.578484	-40.393963	6.807611	0	0	0.66627604	0.74570519
-55.592869	-34.930367	14.007559	0	0	0.85688874	0.51550139
-66.820580	-39.986919	6.877855	0	0	0.66627604	0.74570519
-67.006149	-39.929314	8.385474	0	0	0.66627604	0.74570519
-67.053696	-39.792034	8.071622	0	0	0.50484609	0.86320938
-67.083900	-39.548660	6.979676	0	0	0.66627604	0.74570519
-67.267151	-39.443390	8.192043	0	0	0.50484609	0.86320938
-67.361359	-39.200790	7.738115	0	0	0.50484609	0.86320938
-55.741482	-34.571625	14.523927	0	0	0	1
-67.422913	-39.051632	7.494961	0	0	0.50484609	0.86320938
-63.855808	-44.977066	6.049206	0	0	0.73739371	0.67546319
-67.465385	-38.938313	7.267754	0	0	0.66627604	0.74570519
-67.498741	-38.849159	7.088442	0	0	0.50484609	0.86320938
-67.444511	-39.256649	8.880435	0	0	0.66627604	0.74570519
-66.985382	-40.446869	11.137754	0	0	0.41614682	0.90929743
-64.740746	-44.328377	11.101697	0	0	0.80114363	0.59847213
-65.451698	-43.195595	11.665306	0	0	0.50484609	0.86320938
-68.096245	-37.982151	8.047944	0	0	0.66627604	0.74570519
-68.056717	-37.822788	6.745960	0	0	0.66627604	0.74570519
-68.277832	-37.632870	7.849307	0	0	0.66627604	0.74570519
-65.685768	-41.110397	2.065349	0	0	0.66627604	0.74570519
-68.226013	-37.530624	6.752041	0	0	0.66627604	0.74570519
-63.174751	-46.694523	9.122915	0	0	0.80114363	0.59847213
-66.409660	-41.734665	12.798706	0	0	0.66627604	0.74570519
-68.322693	-37.246033	6.082583	0	0	0.66627604	0.74570519
-68.744133	-36.666298	6.941106	0	0	0.66627604	0.74570519
-63.114712	-45.563599	2.065349	0	0	0.58850112	0.8084964
-65.808693	-43.117302	14.751683	0	0	0.80114363	0.59847213
-51.622421	-37.861420	16.132097	0	0	0.66627604	0.74570519
-52.039448	-37.247906	16.640343	0	0	0.94222235	0.33498812
-54.332214	-34.492008	17.957914	0	0	0.85688874	0.51550139
-54.355610	-34.468609	17.960051	0	0	0.80114363	0.59847213
-54.400837	-34.423386	17.964180	0	0	0.85688874	0.51550139
-54.263046	-34.561176	17.951597	0	0	0.85688874	0.51550139
-54.257347	-34.566875	17.951077	0	0	0.85688874	0.51550139
-54.461975	-34.362247	17.969763	0	0	0.85688874	0.51550139
-54.150013	-34.674210	17.941277	0	0	0.85688874	0.51550139
-54.607948	-34.216274	17.983093	0	0	0.85688874	0.51550139
-54.693005	-34.131218	17.990860	0	0	0.85688874	0.51550139
-54.808865	-34.015354	18.001440	0	0	0	1
-54.838142	-33.986080	18.004114	0	0	0.85688874	0.51550139
-54.899792	-33.924431	18.009743	0	0	0.80114363	0.59847213
-54.899792	-33.924431	18.009743	0	0	0.85688874	0.51550139
-53.161369	-35.662853	17.850996	0	0	0.90407214	0.42737988
-61.057655	-49.480171	4.086476	0	0	0.66627604	0.74570519
-52.326809	-36.554249	17.638792	0	0	0.90407214	0.42737988
-52.668427	-36.155792	17.805983	0	0	0.80114363	0.59847213
-51.333950	-37.708031	17.163057	0	0	0.66627604	0.74570519
-52.292324	-36.531895	17.771639	0	0	0	1
-51.222214	-37.602009	17.673922	0	0	0.66627604	0.74570519
-51.738808	-36.730751	18.569752	0	0	0.66627604	0.74570519
-52.726254	-37.133930	19.437223	0	0	0.90407214	0.42737988
-48.215622	-41.681686	14.831644	0	0	0.94222235	0.33498812
-62.226570	-49.408897	15.249880	0	0	0.85688874	0.51550139
-49.133453	-39.617325	17.658924	0	0	0.94222235	0.33498812
-47.593975	-42.107548	15.243352	0	0	0	1
-49.604118	-38.836227	18.444715	0	0	0.97095818	0.23924928
-60.733208	-51.665726	13.365346	0	0	0.80114363	0.59847213
-48.269608	-46.940651	2.123516	0	0	0.80114363	0.59847213
-47.564556	-41.259666	17.339918	0	0	0.94222235	0.33498812
-50.146992	-37.525791	20.330950	0	0	0.94222235	0.33498812
-47.061695	-41.762527	17.293999	0	0	0.90407214	0.42737988
-44.395050	-44.429169	17.050489	0	0	0.90407214	0.42737988
-72.688049	-31.857203	18.496702	0	0	0.58850112	0.8084964
-77.585197	-38.330612	6.251748	0	0	0.58850112	0.8084964
-77.579498	-38.285172	6.186586	0	0	0.58850112	0.8084964
-77.590919	-38.388042	6.317161	0	0	0.58850112	0.8084964
-77.595825	-38.429077	6.373253	0	0	0.58850112	0.8084964
-77.573402	-38.237148	6.116970	0	0	0.58850112	0.8084964
-77.567619	-38.178692	6.050807	0	0	0.58850112	0.8084964
-77.562225	-38.115501	5.989157	0	0	0.58850112	0.8084964
-77.557480	-38.040211	5.934954	0	0	0.58850112	0.8084964
-77.553589	-37.946514	5.890512	0	0	0.58850112	0.8084964
-77.550827	-37.833763	5.858900	0	0	0.58850112	0.8084964
-77.549149	-37.693993	5.839740	0	0	0.58850112	0.8084964
-77.549736	-37.498116	5.846429	0	0	0.58850112	0.8084964
-77.551933	-37.300533	5.871590	0	0	0.58850112	0.8084964
-77.556641	-37.056934	5.925374	0	0	0.58850112	0.8084964
-77.564369	-36.753464	6.013696	0	0	0.58850112	0.8084964
-77.575035	-36.401054	6.135609	0	0	0.58850112	0.8084964
-77.654594	-36.344505	7.044991	0	0	0.58850112	0.8084964
-77.587288	-35.867874	6.275697	0	0	0.58850112	0.8084964
-77.602814	-35.853413	6.453162	0	0	0.58850112	0.8084964
-77.622467	-35.845329	6.677780	0	0	0.58850112	0.8084964
-77.670914	-36.005928	7.231492	0	0	0.58850112	0.8084964
-77.643402	-35.851070	6.917079	0	0	0.58850112	0.8084964
-77.682457	-35.917133	7.363486	0	0	0.58850112	0.8084964
-77.699402	-35.358067	7.557097	0	0	0.58850112	0.8084964
-77.559448	-34.616165	5.957488	0	0	0.58850112	0.8084964
-77.746605	-34.243946	8.096629	0	0	0.58850112	0.8084964
-77.751808	-33.532455	8.156139	0	0	0.58850112	0.8084964
-77.680214	-32.507492	7.337795	0	0	0.50484609	0.86320938
-77.248123	-33.292206	2.398973	0	0	0.50484609	0.86320938
-78.111603	-33.594692	12.268564	0	0	0.58850112	0.8084964
-77.986046	-31.901747	10.833449	0	0	0.1288445	0.99166481
-77.668259	-30.234255	7.201193	0	0	0.50484609	0.86320938
-77.248123	-30.408888	2.398973	0	0	0.41614682	0.90929743
-53.026825	-32.151867	26.561897	0	0	0.80114363	0.59847213
-77.538147	-29.391039	5.713982	0	0	0.50484609	0.86320938
-77.540359	-29.383265	5.739304	0	0	0.50484609	0.86320938
-77.549736	-29.350357	5.846476	0	0	0	1
-77.577332	-29.253532	6.161821	0	0	0.50484609	0.86320938
-77.580284	-29.243162	6.195601	0	0	0.50484609	0.86320938
-77.937988	-29.947908	10.284202	0	0	0.50484609	0.86320938
-77.771461	-28.572208	8.380811	0	0	0.50484609	0.86320938
-78.092789	-29.919577	12.053541	0	0	0.029199523	0.9995736
-78.260918	-29.765703	13.975250	0	0	0.50484609	0.86320938
-78.023598	-27.687349	11.262689	0	0	0.029199523	0.9995736
-51.394058	-32.950851	28.407911	0	0	0.85688874	0.51550139
-41.088238	-45.712093	21.591383	0	0	0.94222235	0.33498812
-78.378662	-26.441242	15.321101	0	0	0.50484609	0.86320938
-81.854912	-28.225300	6.403881	0	0	0.50484609	0.86320938
-81.856354	-28.232203	6.378740	0	0	0.50484609	0.86320938
-81.852539	-28.213978	6.445118	0	0	0.50484609	0.86320938
-81.849792	-28.200838	6.492979	0	0	0.50484609	0.86320938
-81.849335	-28.198671	6.500869	0	0	0.50484609	0.86320938
-81.861061	-28.254667	6.296912	0	0	0.50484609	0.86320938
-81.861221	-28.255445	6.294076	0	0	0	1
-81.862808	-28.263004	6.266550	0	0	0.50484609	0.86320938
-81.866409	-28.280207	6.203894	0	0	0.50484609	0.86320938
-81.866989	-28.282972	6.193816	0	0	0.50484609	0.86320938
-81.842644	-28.166727	6.617217	0	0	0	1
-81.869957	-28.297136	6.142228	0	0	0.50484609	0.86320938
-81.870750	-28.300957	6.128310	0	0	0	1
-81.871605	-28.305008	6.113558	0	0	0.50484609	0.86320938
-81.872604	-28.309807	6.096082	0	0	0.50484609	0.86320938
-81.872711	-28.310316	6.094225	0	0	0.50484609	0.86320938
-81.873322	-28.313215	6.083664	0	0	0.50484609	0.86320938
-81.831261	-28.112349	6.815280	0	0	0.41614682	0.90929743
-81.817123	-28.044849	7.061134	0	0	0.50484609	0.86320938
-81.801964	-27.972439	7.324874	0	0	0.50484609	0.86320938
-81.780037	-27.867731	7.706254	0	0	0.50484609	0.86320938
-81.779129	-27.863379	7.722107	0	0	0.50484609	0.86320938
-81.775864	-27.847805	7.778830	0	0	0.50484609	0.86320938
-81.761620	-27.779747	8.026714	0	0	0.50484609	0.86320938
-81.741287	-27.682661	8.380335	0	0	0.50484609	0.86320938
-81.707771	-27.522617	8.963264	0	0	0.50484609	0.86320938
-81.707687	-27.522192	8.964808	0	0	0.50484609	0.86320938
-81.693489	-27.454391	9.211760	0	0	0.41614682	0.90929743
-82.017921	-29.003775	3.568438	0	0	0.50484609	0.86320938
-81.682236	-27.400642	9.407535	0	0	0.50484609	0.86320938
-81.679817	-27.389097	9.449581	0	0	0.50484609	0.86320938
-77.248123	-54.924011	2.398973	0	0	0.58850112	0.8084964
-81.657417	-27.282108	9.839272	0	0	0.50484609	0.86320938
-82.056900	-29.189936	2.890381	0	0	0.029199523	0.9995736
-82.056900	-29.189936	2.890381	0	0	0.41614682	0.90929743
-78.623199	-25.940371	18.116150	0	0	0.029199523	0.9995736
-81.550774	-26.772823	11.694240	0	0	0.50484609	0.86320938
-81.537827	-26.711000	11.919416	0	0	0.50484609	0.86320938
-81.492126	-26.492748	12.714356	0	0	0.50484609	0.86320938
-38.668488	-48.585533	20.284809	0	0	0.66627604	0.74570519
-81.412781	-26.113813	14.094552	0	0	0	1
-81.407707	-26.089596	14.182762	0	0	-0.16996714	0.98544973
-81.366890	-25.894636	14.892867	0	0	0.50484609	0.86320938
-81.318680	-25.664415	15.731402	0	0	-0.16996714	0.98544973
-81.292389	-25.538870	16.188675	0	0	0.50484609	0.86320938
-81.233322	-25.256783	17.216124	0	0	0.50484609	0.86320938
-81.225571	-25.219732	17.351070	0	0	0.50484609	0.86320938
-81.225571	-25.219732	17.351070	0	0	-0.16996714	0.98544973
-37.880058	-46.482658	27.131248	0	0	0.97095818	0.23924928
-38.372997	-45.292763	28.843979	0	0	0.97095818	0.23924928
-87.372986	-25.540899	11.440606	0	0	0.50484609	0.86320938
-87.373528	-25.541447	11.438281	0	0	0.50484609	0.86320938
-87.348450	-25.516077	11.546096	0	0	0.50484609	0.86320938
-87.347298	-25.514910	11.551051	0	0	0	1
-87.401230	-25.569469	11.319188	0	0	0.50484609	0.86320938
-87.402634	-25.570894	11.313140	0	0	0.50484609	0.86320938
-87.341270	-25.508810	11.576976	0	0	0.50484609	0.86320938
-87.412109	-25.580477	11.272415	0	0	0.41614682	0.90929743
-87.423103	-25.591597	11.225153	0	0	0.50484609	0.86320938
-87.445915	-25.614676	11.127079	0	0	0.50484609	0.86320938
-87.456169	-25.625055	11.082970	0	0	0.50484609	0.86320938
-87.464592	-25.633572	11.046771	0	0	0.41614682	0.90929743
-87.465599	-25.634590	11.042447	0	0	0.41614682	0.90929743
-87.276237	-25.443012	11.856596	0	0	0.50484609	0.86320938
-87.473320	-25.642403	11.009244	0	0	0.41614682	0.90929743
-87.477776	-25.646910	10.990090	0	0	0.41614682	0.90929743
-87.488808	-25.658075	10.942639	0	0	0	1
-87.489433	-25.658709	10.939952	0	0	0.41614682	0.90929743
-87.494156	-25.663483	10.919661	0	0	0.41614682	0.90929743
-87.494202	-25.663527	10.919472	0	0	0.41614682	0.90929743
-87.158356	-25.323753	12.363417	0	0	0.50484609	0.86320938
-87.146095	-25.311350	12.416130	0	0	0.50484609	0.86320938
-87.080101	-25.244587	12.699850	0	0	0.50484609	0.86320938
-86.950905	-25.113882	13.255309	0	0	0	1
-87.801132	-25.974051	9.599833	0	0	0.41614682	0.90929743
-86.824760	-24.986265	13.797652	0	0	0.50484609	0.86320938
-86.777008	-24.937954	14.002956	0	0	0	1
-86.760078	-24.920826	14.075748	0	0	0.41614682	0.90929743
-86.660583	-24.820168	14.503516	0	0	0	1
-86.566093	-24.724567	14.909792	0	0	-0.45359611	0.89120736
-86.535675	-24.693796	15.040565	0	0	-0.45359611	0.89120736
-86.530052	-24.688112	15.064719	0	0	0.50484609	0.86320938
-88.256111	-26.434343	7.643710	0	0	0.41614682	0.90929743
-88.282394	-26.460934	7.530708	0	0	-0.26749883	0.96355818
-86.127831	-24.281183	16.794056	0	0	0.50484609	0.86320938
-86.127831	-24.281183	16.794056	0	0	-0.45359611	0.89120736
-53.546696	-35.277527	39.136650	0	0	0	1
-49.138084	-69.771820	2.065349	0	0	0.73739371	0.67546319
-63.048412	-34.413330	41.797699	0	0	0	1
-66.188568	-33.989437	42.135406	0	0	0.50484609	0.86320938
-31.258686	-63.072750	2.673022	0	0	0.80114363	0.59847213
-74.599579	-32.812176	42.876053	0	0	0	1
-27.917332	-60.906891	15.545808	0	0	0.80114363	0.59847213
-51.293365	-37.530857	46.529572	0	0	0.90407214	0.42737988
-80.666939	-31.469215	41.476265	0	0	0	1
-86.036156	-29.845591	38.532787	0	0	0	1
-92.558731	-26.645157	30.146511	0	0	-0.26749883	0.96355818
-49.548527	-38.389336	48.782135	0	0	0	1
-92.783119	-26.727642	30.612417	0	0	0	1
-57.004383	-37.923370	51.701275	0	0	0.85688874	0.51550139
-86.827118	-30.606186	42.015537	0	0	0	1
-62.228058	-37.474941	53.268707	0	0	0.80114363	0.59847213
-81.180130	-32.883289	47.342072	0	0	0.029199523	0.9995736
-74.186409	-34.940857	50.951668	0	0	0	1
-69.970222	-36.647728	54.954956	0	0	0.73739371	0.67546319
-76.445000	-35.555771	54.797665	0	0	0	1
-81.811043	-34.621716	54.553371	0	0	0	1
-89.204094	-32.891888	52.481709	0	0	0.66627604	0.74570519
-99.599480	-29.233311	44.765205	0	0	0.58850112	0.8084964
-114.279251	-18.891531	13.595372	0	0	0	1
-132.420914	-18.139332	22.193062	0	0	0.41614682	0.90929743
26.734610	-115.558830	69.958435	0	0	0.99913515	0.041580682
-216.069351	-95.632027	53.131542	0	0	0.66627604	0.74570519
-9.911131	-232.724365	69.958435	0	0	0.98999249	0.14112005
-196.905533	-217.739349	62.179413	0	0	0.80114363	0.59847213
-119.903214	-262.196655	69.958435	0	0	0.90407214	0.42737988
