-107.258293	-60.225468	24.595343	0.000000	0.000000	1.858407
-105.961426	-57.994396	18.320549	0.000000	0.000000	1.858407
-111.737816	-63.885693	14.015077	0.000000	0.000000	0.000000
-117.220840	-69.290375	8.434321	0.000000	0.000000	1.858407
-122.210472	-74.001480	1.703767	0.000000	0.000000	1.658407
-126.530823	-77.849373	-5.967757	0.000000	0.000000	0.000000
-130.050705	-80.721878	-14.310077	0.000000	0.000000	0.000000
-132.695999	-82.574318	-23.021475	0.000000	0.000000	0.000000
-134.453033	-83.429001	-31.802860	0.000000	0.000000	1.658407
-135.362259	-83.364525	-40.386742	0.000000	0.000000	0.000000
-135.505646	-82.499237	-48.556965	0.000000	0.000000	1.458407
-134.991043	-80.972809	-56.157681	0.000000	0.000000	1.458407
-133.937469	-78.929863	-63.092213	0.000000	0.000000	0.000000
-134.876511	-78.905876	-64.286980	0.000000	0.000000	1.258407
-136.328308	-79.373642	-64.286980	0.000000	0.000000	1.258407
-137.785889	-79.823135	-64.286980	0.000000	0.000000	1.258407
-139.248978	-80.254272	-64.286980	0.000000	0.000000	1.258407
-140.717377	-80.666992	-64.286980	0.000000	0.000000	1.258407
-142.190857	-81.061226	-64.286980	0.000000	0.000000	1.258407
-143.669174	-81.436913	-64.286980	0.000000	0.000000	1.258407
-145.152100	-81.793999	-64.286980	0.000000	0.000000	1.258407
-146.639374	-82.132416	-64.286980	0.000000	0.000000	1.258407
-148.130798	-82.452118	-64.286980	0.000000	0.000000	1.258407
-149.626114	-82.753052	-64.286980	0.000000	0.000000	1.258407
-151.125107	-83.035179	-64.286980	0.000000	0.000000	1.458407
-152.627502	-83.298439	-64.286980	0.000000	0.000000	1.458407
-154.133102	-83.542809	-64.286980	0.000000	0.000000	1.458407
-155.641663	-83.768227	-64.286980	0.000000	0.000000	1.458407
-157.152924	-83.974678	-64.286980	0.000000	0.000000	1.458407
-158.666672	-84.162125	-64.286980	0.000000	0.000000	1.458407
-160.182648	-84.330528	-64.286980	0.000000	0.000000	1.458407
-161.700623	-84.479874	-64.286980	0.000000	0.000000	1.458407
-163.220352	-84.610130	-64.286980	0.000000	0.000000	1.458407
-164.741577	-84.721283	-64.286980	0.000000	0.000000	1.458407
-166.264114	-84.813309	-64.286980	0.000000	0.000000	1.458407
-167.787674	-84.886200	-64.286980	0.000000	0.000000	1.458407
-169.312027	-84.939926	-64.286980	0.000000	0.000000	1.458407
-170.836945	-84.974510	-64.286980	0.000000	0.000000	1.258407
-172.362152	-84.989914	-64.286980	0.000000	0.000000	1.258407
-173.887466	-84.986160	-64.286980	0.000000	0.000000	1.258407
-175.412598	-84.963234	-64.286980	0.000000	0.000000	1.258407
-176.937302	-84.921150	-64.286980	0.000000	0.000000	1.258407
-178.461380	-84.859909	-64.286980	0.000000	0.000000	1.258407
-179.984558	-84.779518	-64.286980	0.000000	0.000000	1.258407
-181.506607	-84.680000	-64.286980	0.000000	0.000000	1.258407
-183.027298	-84.561356	-64.286980	0.000000	0.000000	1.258407
-184.546371	-84.423615	-64.286980	0.000000	0.000000	1.258407
-186.063583	-84.266800	-64.286980	0.000000	0.000000	1.258407
-187.578720	-84.090927	-64.286980	0.000000	0.000000	1.258407
-189.091507	-83.896027	-64.286980	0.000000	0.000000	1.258407
-190.601746	-83.682137	-64.286980	0.000000	0.000000	1.258407
-192.109161	-83.449280	-64.286980	0.000000	0.000000	1.258407
-193.613541	-83.197510	-64.286980	0.000000	0.000000	1.258407
-195.114655	-82.926842	-64.286980	0.000000	0.000000	1.258407
-196.612213	-82.637344	-64.286980	0.000000	0.000000	1.258407
-198.106033	-82.329048	-64.286980	0.000000	0.000000	1.258407
-199.595856	-82.002007	-64.286980	0.000000	0.000000	1.258407
-201.081467	-81.656265	-64.286980	0.000000	0.000000	1.258407
-202.562607	-81.291878	-64.286980	0.000000	0.000000	1.258407
-204.039047	-80.908913	-64.286980	0.000000	0.000000	1.258407
-205.510559	-80.507431	-64.286980	0.000000	0.000000	1.258407
-206.976913	-80.087486	-64.286980	0.000000	0.000000	1.258407
-208.437881	-79.649147	-64.286980	0.000000	0.000000	1.258407
-209.893219	-79.192482	-64.286980	0.000000	0.000000	1.258407
-211.342697	-78.717567	-64.286980	0.000000	0.000000	1.258407
-212.786087	-78.224472	-64.286980	0.000000	0.000000	1.258407
-214.223175	-77.713280	-64.286980	0.000000	0.000000	1.258407
-215.653732	-77.184074	-64.286980	0.000000	0.000000	1.258407
-217.077530	-76.636932	-64.286980	0.000000	0.000000	1.258407
-218.494324	-76.071938	-64.286980	0.000000	0.000000	1.258407
-219.903915	-75.489189	-64.286980	0.000000	0.000000	1.258407
-221.306076	-74.888771	-64.286980	0.000000	0.000000	1.258407
-222.700577	-74.270775	-64.286980	0.000000	0.000000	1.258407
-224.087204	-73.635315	-64.286980	0.000000	0.000000	1.258407
-225.465729	-72.982483	-64.286980	0.000000	0.000000	1.258407
-226.835953	-72.312370	-64.286980	0.000000	0.000000	1.258407
-228.197647	-71.625092	-64.286980	0.000000	0.000000	1.058407
-229.550583	-70.920761	-64.286980	0.000000	0.000000	1.058407
-230.894577	-70.199486	-64.286980	0.000000	0.000000	1.058407
-232.229401	-69.461372	-64.286980	0.000000	0.000000	1.058407
-233.554825	-68.706551	-64.286980	0.000000	0.000000	1.058407
-234.870682	-67.935127	-64.286980	0.000000	0.000000	1.058407
-236.176727	-67.147240	-64.286980	0.000000	0.000000	1.058407
-237.472778	-66.342995	-64.286980	0.000000	0.000000	1.058407
-238.758621	-65.522522	-64.286980	0.000000	0.000000	1.058407
-240.034042	-64.685966	-64.286980	0.000000	0.000000	1.058407
-241.298859	-63.833447	-64.286980	0.000000	0.000000	1.058407
-242.552856	-62.965099	-64.286980	0.000000	0.000000	1.058407
-243.795837	-62.081062	-64.286980	0.000000	0.000000	1.058407
-245.027634	-61.181477	-64.286980	0.000000	0.000000	1.058407
-246.248016	-60.266483	-64.286980	0.000000	0.000000	1.058407
-247.456802	-59.336227	-64.286980	0.000000	0.000000	1.058407
-248.653809	-58.390854	-64.286980	0.000000	0.000000	1.058407
-249.838837	-57.430511	-64.286980	0.000000	0.000000	1.058407
-251.011703	-56.455360	-64.286980	0.000000	0.000000	1.058407
-252.172226	-55.465538	-64.286980	0.000000	0.000000	1.058407
-253.320221	-54.461216	-64.286980	0.000000	0.000000	1.058407
-254.455490	-53.442551	-64.286980	0.000000	0.000000	1.058407
-255.577881	-52.409698	-64.286980	0.000000	0.000000	1.058407
-256.687195	-51.362820	-64.286980	0.000000	0.000000	1.058407
-257.783295	-50.302090	-64.286980	0.000000	0.000000	1.058407
-258.865936	-49.227669	-64.286980	0.000000	0.000000	1.058407
-259.935028	-48.139725	-64.286980	0.000000	0.000000	1.058407
-260.990356	-47.038433	-64.286980	0.000000	0.000000	1.058407
-262.031738	-45.923965	-64.286980	0.000000	0.000000	1.058407
-263.059052	-44.796505	-64.286980	0.000000	0.000000	1.058407
-264.072113	-43.656223	-64.286980	0.000000	0.000000	1.058407
-265.070770	-42.503296	-64.286980	0.000000	0.000000	1.058407
-266.054871	-41.337917	-64.286980	0.000000	0.000000	1.058407
-267.024231	-40.160259	-64.286980	0.000000	0.000000	1.058407
-267.978729	-38.970516	-64.286980	0.000000	0.000000	0.858407
-268.918182	-37.768871	-64.286980	0.000000	0.000000	0.858407
-269.842468	-36.555515	-64.286980	0.000000	0.000000	0.858407
-270.751465	-35.330643	-64.286980	0.000000	0.000000	0.858407
-271.644958	-34.094444	-64.286980	0.000000	0.000000	0.858407
-272.522858	-32.847115	-64.286980	0.000000	0.000000	0.858407
-273.385040	-31.588852	-64.286980	0.000000	0.000000	0.858407
-274.231293	-30.319853	-64.286980	0.000000	0.000000	0.858407
-275.061584	-29.040323	-64.286980	0.000000	0.000000	0.858407
-275.875702	-27.750462	-64.286980	0.000000	0.000000	0.858407
-276.673553	-26.450468	-64.286980	0.000000	0.000000	0.858407
-277.454987	-25.140553	-64.286980	0.000000	0.000000	0.858407
-278.219940	-23.820921	-64.286980	0.000000	0.000000	0.858407
-278.968231	-22.491781	-64.286980	0.000000	0.000000	0.858407
-279.699738	-21.153343	-64.286980	0.000000	0.000000	0.858407
-280.414398	-19.805820	-64.286980	0.000000	0.000000	0.858407
-281.112061	-18.449421	-64.286980	0.000000	0.000000	0.858407
-281.792603	-17.084364	-64.286980	0.000000	0.000000	0.858407
-282.455963	-15.710861	-64.286980	0.000000	0.000000	0.858407
-283.102020	-14.329132	-64.286980	0.000000	0.000000	0.858407
-283.730621	-12.939394	-64.286980	0.000000	0.000000	0.858407
-284.341736	-11.541866	-64.286980	0.000000	0.000000	0.858407
-284.935242	-10.136768	-64.286980	0.000000	0.000000	0.858407
-285.511047	-8.724324	-64.286980	0.000000	0.000000	0.858407
-286.069061	-7.304756	-64.286980	0.000000	0.000000	0.858407
-286.609192	-5.878288	-64.286980	0.000000	0.000000	0.858407
-287.131348	-4.445146	-64.286980	0.000000	0.000000	0.858407
-287.635437	-3.005555	-64.286980	0.000000	0.000000	0.858407
-288.121429	-1.559743	-64.286980	0.000000	0.000000	0.858407
-288.589203	-0.107939	-64.286980	0.000000	0.000000	0.858407
-289.038696	1.349629	-64.286980	0.000000	0.000000	0.858407
-289.469818	2.812730	-64.286980	0.000000	0.000000	0.858407
-289.882538	4.281134	-64.286980	0.000000	0.000000	0.858407
-290.276764	5.754607	-64.286980	0.000000	0.000000	0.858407
-290.652466	7.232918	-64.286980	0.000000	0.000000	0.658407
-291.009552	8.715835	-64.286980	0.000000	0.000000	0.658407
-291.347961	10.203118	-64.286980	0.000000	0.000000	0.658407
-291.667664	11.694539	-64.286980	0.000000	0.000000	0.658407
-291.968597	13.189859	-64.286980	0.000000	0.000000	0.658407
-292.250732	14.688843	-64.286980	0.000000	0.000000	0.658407
-292.513977	16.191256	-64.286980	0.000000	0.000000	0.658407
-292.758362	17.696854	-64.286980	0.000000	0.000000	0.658407
-292.983765	19.205404	-64.286980	0.000000	0.000000	0.658407
-293.190216	20.716671	-64.286980	0.000000	0.000000	0.658407
-293.377686	22.230412	-64.286980	0.000000	0.000000	0.658407
-293.546082	23.746387	-64.286980	0.000000	0.000000	0.658407
-293.695435	25.264360	-64.286980	0.000000	0.000000	0.658407
-293.825684	26.784092	-64.286980	0.000000	0.000000	0.658407
-293.936829	28.305334	-64.286980	0.000000	0.000000	0.658407
-294.028870	29.827860	-64.286980	0.000000	0.000000	0.658407
-294.101746	31.351419	-64.286980	0.000000	0.000000	0.658407
-294.155487	32.875774	-64.286980	0.000000	0.000000	0.658407
-294.190063	34.400684	-64.286980	0.000000	0.000000	0.658407
-294.205475	35.925907	-64.286980	0.000000	0.000000	0.658407
-294.201721	37.451206	-64.286980	0.000000	0.000000	0.658407
-294.178772	38.976337	-64.286980	0.000000	0.000000	0.658407
-294.136688	40.501057	-64.286980	0.000000	0.000000	0.658407
-294.075470	42.025127	-64.286980	0.000000	0.000000	0.658407
-293.995056	43.548306	-64.286980	0.000000	0.000000	0.658407
-293.895538	45.070362	-64.286980	0.000000	0.000000	0.658407
-293.776917	46.591038	-64.286980	0.000000	0.000000	0.658407
-293.639160	48.110107	-64.286980	0.000000	0.000000	0.658407
-293.482330	49.627331	-64.286980	0.000000	0.000000	0.658407
-293.306488	51.142456	-64.286980	0.000000	0.000000	0.658407
-293.111572	52.655258	-64.286980	0.000000	0.000000	0.658407
-292.897675	54.165485	-64.286980	0.000000	0.000000	0.658407
-292.664825	55.672909	-64.286980	0.000000	0.000000	0.458407
-292.413055	57.177292	-64.286980	0.000000	0.000000	0.458407
-292.142395	58.678383	-64.286980	0.000000	0.000000	0.458407
-291.852905	60.175953	-64.286980	0.000000	0.000000	0.458407
-291.544586	61.669777	-64.286980	0.000000	0.000000	0.458407
-291.217560	63.159607	-64.286980	0.000000	0.000000	0.458407
-290.871826	64.645203	-64.286980	0.000000	0.000000	0.458407
-290.507446	66.126343	-64.286980	0.000000	0.000000	0.458407
-290.124481	67.602791	-64.286980	0.000000	0.000000	0.458407
-289.722992	69.074303	-64.286980	0.000000	0.000000	0.458407
-289.303040	70.540665	-64.286980	0.000000	0.000000	0.458407
-288.864685	72.001617	-64.286980	0.000000	0.000000	0.458407
-288.408020	73.456955	-64.286980	0.000000	0.000000	0.458407
-287.933105	74.906441	-64.286980	0.000000	0.000000	0.458407
-287.880707	75.062706	-64.286980	0.000000	0.000000	0.458407
-287.880707	75.062706	-64.286980	0.000000	0.000000	0.458407
-287.880707	75.062706	-64.286980	0.000000	0.000000	0.458407
-287.880707	75.062706	-64.286980	0.000000	0.000000	0.458407
-287.880707	75.062706	-64.286980	0.000000	0.000000	0.458407
-287.880707	75.062706	-64.286980	0.000000	0.000000	0.458407
-287.880707	75.062706	-64.286980	0.000000	0.000000	0.458407
-287.880707	75.062706	-64.286980	0.000000	0.000000	0.458407
-287.880707	75.062706	-64.286980	0.000000	0.000000	0.458407
-287.880707	75.062706	-64.286980	0.000000	0.000000	0.458407
-287.880707	75.062706	-64.286980	0.000000	0.000000	0.458407
-287.880707	75.062706	-64.286980	0.000000	0.000000	0.458407
-287.880707	75.062706	-64.286980	0.000000	0.000000	0.458407
-287.880707	75.062706	-64.286980	0.000000	0.000000	0.458407
-287.880707	75.062706	-64.286980	0.000000	0.000000	0.458407
-287.880707	75.062706	-64.286980	0.000000	0.000000	0.458407
-287.880707	75.062706	-64.286980	0.000000	0.000000	0.458407
-287.880707	75.062706	-64.286980	0.000000	0.000000	0.458407
-287.880707	75.062706	-64.286980	0.000000	0.000000	0.458407
-287.880707	75.062706	-64.286980	0.000000	0.000000	0.458407
-287.880707	75.062706	-64.286980	0.000000	0.000000	0.458407
-287.880707	75.062706	-64.286980	0.000000	0.000000	0.458407
-287.880707	75.062706	-64.286980	0.000000	0.000000	0.458407
-287.880707	75.062706	-64.286980	0.000000	0.000000	0.458407
-287.880707	75.062706	-64.286980	0.000000	0.000000	0.458407
-287.880707	75.062706	-64.286980	0.000000	0.000000	0.458407
-287.880707	75.062706	-64.286980	0.000000	0.000000	0.458407
-287.880707	75.062706	-64.286980	0.000000	0.000000	0.458407
-287.880707	75.062706	-64.286980	0.000000	0.000000	0.458407
-287.880707	75.062706	-64.286980	0.000000	0.000000	0.458407
-287.880707	75.062706	-64.286980	0.000000	0.000000	0.458407
-287.880707	75.062706	-64.286980	0.000000	0.000000	0.458407
-287.880707	75.062706	-64.286980	0.000000	0.000000	0.458407
-287.880707	75.062706	-64.286980	0.000000	0.000000	0.458407
-287.880707	75.062706	-64.286980	0.000000	0.000000	0.458407
-287.880707	75.062706	-64.286980	0.000000	0.000000	0.458407
-287.880707	75.062706	-64.286980	0.000000	0.000000	0.458407
-287.880707	75.062706	-64.286980	0.000000	0.000000	0.458407
-287.880707	75.062706	-64.286980	0.000000	0.000000	0.458407
-287.880707	75.062706	-64.286980	0.000000	0.000000	0.458407
-287.880707	75.062706	-64.286980	0.000000	0.000000	0.458407
-287.880707	75.062706	-64.286980	0.000000	0.000000	0.458407
-287.880707	75.062706	-64.286980	0.000000	0.000000	0.458407
-287.880707	75.062706	-64.286980	0.000000	0.000000	0.458407
-287.880707	75.062706	-64.286980	0.000000	0.000000	0.458407
-287.880707	75.062706	-64.286980	0.000000	0.000000	0.458407
-287.880707	75.062706	-64.286980	0.000000	0.000000	0.458407
-287.880707	75.062706	-64.286980	0.000000	0.000000	0.458407
-287.880707	75.062706	-64.286980	0.000000	0.000000	0.458407
-287.880707	75.062706	-64.286980	0.000000	0.000000	0.458407
-287.880707	75.062706	-64.286980	0.000000	0.000000	0.458407
-287.880707	75.062706	-64.286980	0.000000	0.000000	0.458407
-287.880707	75.062706	-64.286980	0.000000	0.000000	0.458407
-287.880707	75.062706	-64.286980	0.000000	0.000000	0.458407
-287.880707	75.062706	-64.286980	0.000000	0.000000	0.458407
-287.880707	75.062706	-64.286980	0.000000	0.000000	0.458407
-287.880707	75.062706	-64.286980	0.000000	0.000000	0.458407
-287.880707	75.062706	-64.286980	0.000000	0.000000	0.458407
-287.880707	75.062706	-64.286980	0.000000	0.000000	0.458407
-287.880707	75.062706	-64.286980	0.000000	0.000000	0.458407
-287.880707	75.062706	-64.286980	0.000000	0.000000	0.458407
-287.880707	75.062706	-64.286980	0.000000	0.000000	0.458407
-287.880707	75.062706	-64.286980	0.000000	0.000000	0.458407
-287.880707	75.062706	-64.286980	0.000000	0.000000	0.458407
-287.880707	75.062706	-64.286980	0.000000	0.000000	0.458407
-287.880707	75.062706	-64.286980	0.000000	0.000000	0.458407
-287.880707	75.062706	-64.286980	0.000000	0.000000	0.458407
-287.880707	75.062706	-64.286980	0.000000	0.000000	0.458407
-287.880707	75.062706	-64.286980	0.000000	0.000000	0.458407
-287.880707	75.062706	-64.286980	0.000000	0.000000	0.458407
-287.880707	75.062706	-64.286980	0.000000	0.000000	0.458407
-287.880707	75.062706	-64.286980	0.000000	0.000000	0.458407
-287.880707	75.062706	-64.286980	0.000000	0.000000	0.458407
-287.880707	75.062706	-64.286980	0.000000	0.000000	0.458407
-287.880707	75.062706	-64.286980	0.000000	0.000000	0.458407
-287.880707	75.062706	-64.286980	0.000000	0.000000	0.458407
-287.880707	75.062706	-64.286980	0.000000	0.000000	0.458407
-287.880707	75.062706	-64.286980	0.000000	0.000000	0.458407
-287.880707	75.062706	-64.286980	0.000000	0.000000	0.458407
-287.880707	75.062706	-64.286980	0.000000	0.000000	0.458407
-287.880707	75.062706	-64.286980	0.000000	0.000000	0.458407
-287.880707	75.062706	-64.286980	0.000000	0.000000	0.458407
-287.880707	75.062706	-64.286980	0.000000	0.000000	0.458407
-287.880707	75.062706	-64.286980	0.000000	0.000000	0.458407
-287.880707	75.062706	-64.286980	0.000000	0.000000	0.458407
-287.880707	75.062706	-64.286980	0.000000	0.000000	0.458407
-287.880707	75.062706	-64.286980	0.000000	0.000000	0.458407
-287.880707	75.062706	-64.286980	0.000000	0.000000	0.458407
-287.880707	75.062706	-64.286980	0.000000	0.000000	0.458407
-287.880707	75.062706	-64.286980	0.000000	0.000000	0.458407
-287.880707	75.062706	-64.286980	0.000000	0.000000	0.458407
-287.880707	75.062706	-64.286980	0.000000	0.000000	0.458407
-287.880707	75.062706	-64.286980	0.000000	0.000000	0.458407
-287.880707	75.062706	-64.286980	0.000000	0.000000	0.458407
-287.880707	75.062706	-64.286980	0.000000	0.000000	0.458407
-287.880707	75.062706	-64.286980	0.000000	0.000000	0.458407
-287.880707	75.062706	-64.286980	0.000000	0.000000	0.458407
-287.880707	75.062706	-64.286980	0.000000	0.000000	0.458407
-287.880707	75.062706	-64.286980	0.000000	0.000000	0.458407
-287.880707	75.062706	-64.286980	0.000000	0.000000	0.458407
-287.880707	75.062706	-64.286980	0.000000	0.000000	0.458407
-287.880707	75.062706	-64.286980	0.000000	0.000000	0.458407
-287.880707	75.062706	-64.286980	0.000000	0.000000	0.458407
-287.880707	75.062706	-64.286980	0.000000	0.000000	0.458407
-287.880707	75.062706	-64.286980	0.000000	0.000000	0.458407
-287.880707	75.062706	-64.286980	0.000000	0.000000	0.458407
-287.880707	75.062706	-64.286980	0.000000	0.000000	0.458407
-287.880707	75.062706	-64.286980	0.000000	0.000000	0.458407
-287.880707	75.062706	-64.286980	0.000000	0.000000	0.458407
-287.880707	75.062706	-64.286980	0.000000	0.000000	0.458407
-287.880707	75.062706	-64.286980	0.000000	0.000000	0.458407
-287.880707	75.062706	-64.286980	0.000000	0.000000	0.458407
-287.880707	75.062706	-64.286980	0.000000	0.000000	0.458407
-287.880707	75.062706	-64.286980	0.000000	0.000000	0.458407
-287.880707	75.062706	-64.286980	0.000000	0.000000	0.458407
-287.880707	75.062706	-64.286980	0.000000	0.000000	0.458407
-287.880707	75.062706	-64.286980	0.000000	0.000000	0.458407
-287.880707	75.062706	-64.286980	0.000000	0.000000	0.458407
-287.880707	75.062706	-64.286980	0.000000	0.000000	0.458407
-287.880707	75.062706	-64.286980	0.000000	0.000000	0.458407
-287.880707	75.062706	-64.286980	0.000000	0.000000	0.458407
-287.880707	75.062706	-64.286980	0.000000	0.000000	0.458407
-287.880707	75.062706	-64.286980	0.000000	0.000000	0.458407
-287.880707	75.062706	-64.286980	0.000000	0.000000	0.458407
-287.880707	75.062706	-64.286980	0.000000	0.000000	0.458407
-287.880707	75.062706	-64.286980	0.000000	0.000000	0.458407
-287.880707	75.062706	-64.286980	0.000000	0.000000	0.458407
-287.880707	75.062706	-64.286980	0.000000	0.000000	0.458407
-287.880707	75.062706	-64.286980	0.000000	0.000000	0.458407
-287.880707	75.062706	-64.286980	0.000000	0.000000	0.458407
-287.880707	75.062706	-64.286980	0.000000	0.000000	0.458407
-287.880707	75.062706	-64.286980	0.000000	0.000000	0.458407
-287.880707	75.062706	-64.286980	0.000000	0.000000	0.458407
-287.880707	75.062706	-64.286980	0.000000	0.000000	0.458407
-287.880707	75.062706	-64.286980	0.000000	0.000000	0.458407
-287.880707	75.062706	-64.286980	0.000000	0.000000	0.458407
-287.880707	75.062706	-64.286980	0.000000	0.000000	0.458407
-287.880707	75.062706	-64.286980	0.000000	0.000000	0.458407
-287.880707	75.062706	-64.286980	0.000000	0.000000	0.458407
-287.880707	75.062706	-64.286980	0.000000	0.000000	0.458407
-287.880707	75.062706	-64.286980	0.000000	0.000000	0.458407
-287.880707	75.062706	-64.286980	0.000000	0.000000	0.458407
-287.880707	75.062706	-64.286980	0.000000	0.000000	0.458407
-287.880707	75.062706	-64.286980	0.000000	0.000000	0.458407
-287.880707	75.062706	-64.286980	0.000000	0.000000	0.458407
-287.880707	75.062706	-64.286980	0.000000	0.000000	0.458407
-287.880707	75.062706	-64.286980	0.000000	0.000000	0.458407
-287.880707	75.062706	-64.286980	0.000000	0.000000	0.458407
-287.880707	75.062706	-64.286980	0.000000	0.000000	0.458407
-287.880707	75.062706	-64.286980	0.000000	0.000000	0.458407
-287.880707	75.062706	-64.286980	0.000000	0.000000	0.458407
-287.880707	75.062706	-64.286980	0.000000	0.000000	0.458407
-287.880707	75.062706	-64.286980	0.000000	0.000000	0.458407
-287.880707	75.062706	-64.286980	0.000000	0.000000	0.458407
-287.880707	75.062706	-64.286980	0.000000	0.000000	0.458407
-287.880707	75.062706	-64.286980	0.000000	0.000000	0.458407
-287.880707	75.062706	-64.286980	0.000000	0.000000	0.458407
-287.880707	75.062706	-64.286980	0.000000	0.000000	0.458407
-287.880707	75.062706	-64.286980	0.000000	0.000000	0.458407
-287.880707	75.062706	-64.286980	0.000000	0.000000	0.458407
-287.880707	75.062706	-64.286980	0.000000	0.000000	0.458407
-287.880707	75.062706	-64.286980	0.000000	0.000000	0.458407
-287.880707	75.062706	-64.286980	0.000000	0.000000	0.458407
-287.880707	75.062706	-64.286980	0.000000	0.000000	0.458407
-287.880707	75.062706	-64.286980	0.000000	0.000000	0.458407
-287.880707	75.062706	-64.286980	0.000000	0.000000	0.458407
-287.880707	75.062706	-64.286980	0.000000	0.000000	0.458407
-287.880707	75.062706	-64.286980	0.000000	0.000000	0.458407
-287.880707	75.062706	-64.286980	0.000000	0.000000	0.458407
-287.880707	75.062706	-64.286980	0.000000	0.000000	0.458407
-287.880707	75.062706	-64.286980	0.000000	0.000000	0.458407
-287.880707	75.062706	-64.286980	0.000000	0.000000	0.458407
-287.880707	75.062706	-64.286980	0.000000	0.000000	0.458407
-287.880707	75.062706	-64.286980	0.000000	0.000000	0.458407
-287.880707	75.062706	-64.286980	0.000000	0.000000	0.458407
-287.880707	75.062706	-64.286980	0.000000	0.000000	0.458407
-287.880707	75.062706	-64.286980	0.000000	0.000000	0.458407
-287.880707	75.062706	-64.286980	0.000000	0.000000	0.458407
-287.880707	75.062706	-64.286980	0.000000	0.000000	0.458407
-287.880707	75.062706	-64.286980	0.000000	0.000000	0.458407
-287.880707	75.062706	-64.286980	0.000000	0.000000	0.458407
-287.880707	75.062706	-64.286980	0.000000	0.000000	0.458407
-287.880707	75.062706	-64.286980	0.000000	0.000000	0.458407
-287.880707	75.062706	-64.286980	0.000000	0.000000	0.458407
-287.880707	75.062706	-64.286980	0.000000	0.000000	0.458407
-287.880707	75.062706	-64.286980	0.000000	0.000000	0.458407
-287.880707	75.062706	-64.286980	0.000000	0.000000	0.458407
-287.880707	75.062706	-64.286980	0.000000	0.000000	0.458407
-287.881744	75.081055	-64.260735	0.000000	0.000000	0.458407
-287.905029	75.545975	-63.595924	0.000000	0.000000	0.458407
-287.922485	76.012321	-62.929470	0.000000	0.000000	0.458407
-287.934174	76.480034	-62.261391	0.000000	0.000000	0.458407
-287.939972	76.949020	-61.591713	0.000000	0.000000	0.458407
-287.939941	77.419220	-60.920471	0.000000	0.000000	0.458407
-287.934021	77.890549	-60.247681	0.000000	0.000000	0.458407
-287.922180	78.362946	-59.573376	0.000000	0.000000	0.458407
-287.904419	78.836334	-58.897579	0.000000	0.000000	0.458407
-287.880707	79.310631	-58.220318	0.000000	0.000000	0.458407
-287.851044	79.785767	-57.541618	0.000000	0.000000	0.458407
-287.815369	80.261665	-56.861507	0.000000	0.000000	0.458407
-287.773712	80.738258	-56.180016	0.000000	0.000000	0.458407
-287.726044	81.215454	-55.497169	0.000000	0.000000	0.458407
-287.672333	81.693192	-54.812988	0.000000	0.000000	0.458407
-287.612579	82.171394	-54.127506	0.000000	0.000000	0.458407
-287.546783	82.649971	-53.440754	0.000000	0.000000	0.458407
-287.474915	83.128860	-52.752743	0.000000	0.000000	0.458407
-287.396973	83.607986	-52.063522	0.000000	0.000000	0.458407
-287.312927	84.087257	-51.373100	0.000000	0.000000	0.458407
-287.222809	84.566612	-50.681511	0.000000	0.000000	0.458407
-287.126556	85.045967	-49.988785	0.000000	0.000000	0.458407
-287.024200	85.525238	-49.294945	0.000000	0.000000	0.458407
-286.915741	86.004364	-48.600018	0.000000	0.000000	0.458407
-286.801147	86.483253	-47.904037	0.000000	0.000000	0.458407
-286.680420	86.961830	-47.207027	0.000000	0.000000	0.458407
-286.553589	87.440025	-46.509014	0.000000	0.000000	0.458407
-286.420593	87.917755	-45.810024	0.000000	0.000000	0.458407
-286.281494	88.394936	-45.110088	0.000000	0.000000	0.458407
-286.136261	88.871498	-44.409233	0.000000	0.000000	0.458407
-285.984863	89.347366	-43.707489	0.000000	0.000000	0.458407
-285.827362	89.822449	-43.004875	0.000000	0.000000	0.458407
-285.663727	90.296684	-42.301430	0.000000	0.000000	0.458407
-285.493988	90.769989	-41.597168	0.000000	0.000000	0.458407
-285.318115	91.242271	-40.892132	0.000000	0.000000	0.458407
-285.136139	91.713470	-40.186340	0.000000	0.000000	0.458407
-284.948029	92.183510	-39.479824	0.000000	0.000000	0.458407
-284.753845	92.652290	-38.772614	0.000000	0.000000	0.458407
-284.553589	93.119759	-38.064732	0.000000	0.000000	0.458407
-284.347229	93.585823	-37.356209	0.000000	0.000000	0.458407
-284.134827	94.050415	-36.647072	0.000000	0.000000	0.458407
-283.916351	94.513443	-35.937347	0.000000	0.000000	0.458407
-283.691833	94.974846	-35.227062	0.000000	0.000000	0.458407
-283.461273	95.434532	-34.516258	0.000000	0.000000	0.458407
-283.224701	95.892433	-33.804943	0.000000	0.000000	0.458407
-282.982147	96.348465	-33.093155	0.000000	0.000000	0.458407
-282.733612	96.802559	-32.380928	0.000000	0.000000	0.458407
-282.479095	97.254639	-31.668278	0.000000	0.000000	0.458407
-282.218658	97.704620	-30.955248	0.000000	0.000000	0.458407
-281.952271	98.152428	-30.241848	0.000000	0.000000	0.458407
-281.679993	98.597992	-29.528122	0.000000	0.000000	0.458407
-281.401825	99.041229	-28.814085	0.000000	0.000000	0.458407
-281.117798	99.482071	-28.099773	0.000000	0.000000	0.458407
-280.827942	99.920433	-27.385214	0.000000	0.000000	0.458407
-280.532257	100.356255	-26.670437	0.000000	0.000000	0.458407
-280.230774	100.789444	-25.955469	0.000000	0.000000	0.458407
-279.923553	101.219933	-25.240335	0.000000	0.000000	0.458407
-279.610596	101.647652	-24.525070	0.000000	0.000000	0.458407
-279.291931	102.072525	-23.809689	0.000000	0.000000	0.458407
-278.967590	102.494476	-23.094238	0.000000	0.000000	0.458407
-278.637604	102.913429	-22.378733	0.000000	0.000000	0.458407
-278.302002	103.329315	-21.663206	0.000000	0.000000	0.458407
-277.960785	103.742065	-20.947687	0.000000	0.000000	0.458407
-277.614075	104.151596	-20.232201	0.000000	0.000000	0.458407
-277.261810	104.557846	-19.516775	0.000000	0.000000	0.458407
-276.904053	104.960739	-18.801445	0.000000	0.000000	0.458407
-276.540894	105.360199	-18.086227	0.000000	0.000000	0.458407
-276.172302	105.756165	-17.371161	0.000000	0.000000	0.458407
-275.798309	106.148567	-16.656273	0.000000	0.000000	0.458407
-275.419037	106.537323	-15.941586	0.000000	0.000000	0.458407
-275.034424	106.922371	-15.227126	0.000000	0.000000	0.458407
-274.644592	107.303650	-14.512936	0.000000	0.000000	0.458407
-274.249512	107.681076	-13.799025	0.000000	0.000000	0.458407
-273.849304	108.054588	-13.085438	0.000000	0.000000	0.458407
-273.443939	108.424126	-12.372186	0.000000	0.000000	0.458407
-273.033478	108.789604	-11.659314	0.000000	0.000000	0.458407
-272.618011	109.150978	-10.946846	0.000000	0.000000	0.458407
-272.197540	109.508163	-10.234799	0.000000	0.000000	0.458407
-271.772095	109.861107	-9.523215	0.000000	0.000000	0.458407
-271.341766	110.209732	-8.812116	0.000000	0.000000	0.458407
-270.906586	110.553986	-8.101525	0.000000	0.000000	0.458407
-270.466614	110.893806	-7.391481	0.000000	0.000000	0.458407
-270.021851	111.229111	-6.682005	0.000000	0.000000	0.458407
-269.572418	111.559860	-5.973122	0.000000	0.000000	0.458407
-269.118317	111.885979	-5.264876	0.000000	0.000000	0.458407
-268.659607	112.207405	-4.557274	0.000000	0.000000	0.458407
-268.196350	112.524086	-3.850357	0.000000	0.000000	0.458407
-267.728607	112.835953	-3.144140	0.000000	0.000000	0.458407
-267.256439	113.142952	-2.438677	0.000000	0.000000	0.458407
-266.360199	114.208359	-2.343910	0.000000	0.000000	0.458407
-265.384003	115.381889	-2.344881	0.000000	0.000000	0.458407
-264.393127	116.543068	-2.345808	0.000000	0.000000	0.458407
-263.387756	117.691704	-2.346688	0.000000	0.000000	0.458407
-262.367981	118.827629	-2.347515	0.000000	0.000000	0.458407
-261.334045	119.950653	-2.348293	0.000000	0.000000	0.458407
-260.286072	121.060600	-2.349032	0.000000	0.000000	0.258407
-259.224213	122.157295	-2.349705	0.000000	0.000000	0.258407
-258.148682	123.240578	-2.350352	0.000000	0.000000	0.258407
-257.059601	124.310257	-2.350936	0.000000	0.000000	0.258407
-255.957153	125.366173	-2.351473	0.000000	0.000000	0.258407
-254.841522	126.408165	-2.351962	0.000000	0.000000	0.258407
-253.712891	127.436050	-2.352402	0.000000	0.000000	0.258407
-252.571426	128.449692	-2.352800	0.000000	0.000000	0.258407
-251.417313	129.448898	-2.353133	0.000000	0.000000	0.258407
-250.250732	130.433548	-2.353441	0.000000	0.000000	0.258407
-249.071854	131.403458	-2.353683	0.000000	0.000000	0.258407
-247.880890	132.358475	-2.353876	0.000000	0.000000	0.258407
-246.678009	133.298462	-2.354028	0.000000	0.000000	0.258407
-245.463394	134.223267	-2.354137	0.000000	0.000000	0.258407
-244.237274	135.132751	-2.354190	0.000000	0.000000	0.258407
-242.999802	136.026749	-2.354186	0.000000	0.000000	0.258407
-241.751205	136.905121	-2.354131	0.000000	0.000000	0.258407
-240.491638	137.767761	-2.354046	0.000000	0.000000	0.258407
-239.221344	138.614502	-2.353898	0.000000	0.000000	0.258407
-237.940506	139.445236	-2.353716	0.000000	0.000000	0.258407
-236.649307	140.259796	-2.353476	0.000000	0.000000	0.258407
-235.347992	141.058075	-2.353184	0.000000	0.000000	0.258407
-234.036743	141.839951	-2.352845	0.000000	0.000000	0.258407
-232.715759	142.605286	-2.352457	0.000000	0.000000	0.258407
-231.385269	143.353958	-2.352023	0.000000	0.000000	0.258407
-230.045456	144.085876	-2.351545	0.000000	0.000000	0.258407
-228.696564	144.800903	-2.351015	0.000000	0.000000	0.258407
-227.338760	145.498917	-2.350433	0.000000	0.000000	0.258407
-225.972321	146.179825	-2.349805	0.000000	0.000000	0.258407
-224.597412	146.843521	-2.349120	0.000000	0.000000	0.258407
-223.214264	147.489883	-2.348405	0.000000	0.000000	0.258407
-221.823090	148.118835	-2.347634	0.000000	0.000000	0.058407
-220.424133	148.730240	-2.346809	0.000000	0.000000	0.058407
-219.017609	149.324036	-2.345936	0.000000	0.000000	0.058407
-217.603714	149.900101	-2.345017	0.000000	0.000000	0.058407
-216.182693	150.458374	-2.344045	0.000000	0.000000	0.058407
-214.754761	150.998749	-2.343031	0.000000	0.000000	0.058407
-213.320129	151.521133	-2.341965	0.000000	0.000000	0.058407
-211.879074	152.025467	-2.340854	0.000000	0.000000	0.058407
-210.431763	152.511642	-2.339695	0.000000	0.000000	0.058407
-208.978455	152.979614	-2.338491	0.000000	0.000000	0.058407
-207.519394	153.429276	-2.337231	0.000000	0.000000	0.058407
-206.054779	153.860596	-2.335923	0.000000	0.000000	0.058407
-204.584854	154.273468	-2.334574	0.000000	0.000000	0.058407
-203.109863	154.667831	-2.333171	0.000000	0.000000	0.058407
-201.630005	155.043640	-2.331722	0.000000	0.000000	0.058407
-200.145569	155.400833	-2.330227	0.000000	0.000000	0.058407
-198.656738	155.739349	-2.328681	0.000000	0.000000	0.058407
-197.163742	156.059128	-2.327091	0.000000	0.000000	0.058407
-195.666870	156.360138	-2.325464	0.000000	0.000000	0.058407
-194.166321	156.642303	-2.323769	0.000000	0.000000	0.058407
-192.662338	156.905609	-2.322034	0.000000	0.000000	0.058407
-191.155151	157.149994	-2.320253	0.000000	0.000000	0.058407
-189.645035	157.375427	-2.318422	0.000000	0.000000	0.058407
-188.132172	157.581863	-2.316552	0.000000	0.000000	0.058407
-186.616837	157.769287	-2.314631	0.000000	0.000000	0.058407
-185.099258	157.937653	-2.312660	0.000000	0.000000	0.058407
-183.579697	158.086945	-2.310640	0.000000	0.000000	0.058407
-182.058365	158.217133	-2.308574	0.000000	0.000000	0.058407
-180.535492	158.328186	-2.306463	0.000000	0.000000	0.058407
-179.011353	158.420120	-2.304311	0.000000	0.000000	0.058407
-177.486176	158.492874	-2.302103	0.000000	0.000000	0.058407
-175.960175	158.546478	-2.299857	0.000000	0.000000	0.058407
-174.433655	158.580902	-2.297552	0.000000	0.000000	-0.141593
-172.906784	158.596146	-2.295204	0.000000	0.000000	-0.141593
-171.379852	158.592209	-2.292814	0.000000	0.000000	-0.141593
-169.853073	158.569092	-2.290384	0.000000	0.000000	-0.141593
-168.326721	158.526779	-2.287905	0.000000	0.000000	-0.141593
-166.800995	158.465302	-2.285371	0.000000	0.000000	-0.141593
-165.276169	158.384659	-2.282793	0.000000	0.000000	-0.141593
-163.752457	158.284882	-2.280183	0.000000	0.000000	-0.141593
-162.230133	158.165955	-2.277508	0.000000	0.000000	-0.141593
-160.709396	158.027908	-2.274800	0.000000	0.000000	-0.141593
-159.190521	157.870773	-2.272040	0.000000	0.000000	-0.141593
-157.673721	157.694565	-2.269239	0.000000	0.000000	-0.141593
-156.159271	157.499329	-2.266390	0.000000	0.000000	-0.141593
-154.647369	157.285065	-2.263495	0.000000	0.000000	-0.141593
-153.138275	157.051819	-2.260563	0.000000	0.000000	-0.141593
-151.632233	156.799652	-2.257574	0.000000	0.000000	-0.141593
-150.129456	156.528564	-2.254551	0.000000	0.000000	-0.141593
-148.630219	156.238632	-2.251475	0.000000	0.000000	-0.141593
-147.134720	155.929871	-2.248359	0.000000	0.000000	-0.141593
-145.643219	155.602356	-2.245198	0.000000	0.000000	-0.141593
-144.155945	155.256134	-2.241992	0.000000	0.000000	-0.141593
-142.673141	154.891235	-2.238739	0.000000	0.000000	-0.141593
-141.195023	154.507751	-2.235441	0.000000	0.000000	-0.141593
-139.721832	154.105728	-2.232110	0.000000	0.000000	-0.141593
-138.253815	153.685211	-2.228721	0.000000	0.000000	-0.141593
-136.791183	153.246307	-2.225295	0.000000	0.000000	-0.141593
-135.334183	152.789047	-2.221824	0.000000	0.000000	-0.141593
-133.883026	152.313522	-2.218317	0.000000	0.000000	-0.141593
-132.437958	151.819794	-2.214760	0.000000	0.000000	-0.141593
-130.999207	151.307953	-2.211158	0.000000	0.000000	-0.141593
-129.566986	150.778076	-2.207519	0.000000	0.000000	-0.141593
-128.141541	150.230255	-2.203831	0.000000	0.000000	-0.141593
-126.723068	149.664566	-2.200101	0.000000	0.000000	-0.341593
-125.311829	149.081085	-2.196329	0.000000	0.000000	-0.341593
-123.908012	148.479935	-2.192513	0.000000	0.000000	-0.341593
-122.511864	147.861191	-2.188659	0.000000	0.000000	-0.341593
-121.123589	147.224960	-2.184762	0.000000	0.000000	-0.341593
-119.743408	146.571320	-2.180824	0.000000	0.000000	-0.341593
-118.371552	145.900406	-2.176841	0.000000	0.000000	-0.341593
-117.008224	145.212311	-2.172816	0.000000	0.000000	-0.341593
-115.653648	144.507126	-2.168751	0.000000	0.000000	-0.341593
-114.308022	143.784988	-2.164647	0.000000	0.000000	-0.341593
-112.971573	143.046005	-2.160502	0.000000	0.000000	-0.341593
-111.644516	142.290283	-2.156314	0.000000	0.000000	-0.341593
-110.327049	141.517944	-2.152082	0.000000	0.000000	-0.341593
-109.019386	140.729126	-2.147813	0.000000	0.000000	-0.341593
-107.721733	139.923935	-2.143502	0.000000	0.000000	-0.341593
-106.434303	139.102493	-2.139147	0.000000	0.000000	-0.341593
-105.157272	138.264954	-2.134755	0.000000	0.000000	-0.341593
-103.890869	137.411423	-2.130330	0.000000	0.000000	-0.341593
-102.635284	136.542053	-2.125857	0.000000	0.000000	-0.341593
-101.390709	135.656982	-2.121347	0.000000	0.000000	-0.341593
-100.157349	134.756332	-2.116797	0.000000	0.000000	-0.341593
-98.935402	133.840271	-2.112206	0.000000	0.000000	-0.341593
-97.725060	132.908920	-2.107578	0.000000	0.000000	-0.341593
-96.526505	131.962433	-2.102916	0.000000	0.000000	-0.341593
-95.339928	131.000977	-2.098206	0.000000	0.000000	-0.341593
-94.165520	130.024673	-2.093468	0.000000	0.000000	-0.341593
-93.003471	129.033691	-2.088680	0.000000	0.000000	-0.341593
-91.853951	128.028198	-2.083857	0.000000	0.000000	-0.341593
-90.717163	127.008339	-2.078997	0.000000	0.000000	-0.341593
-89.593269	125.974266	-2.074101	0.000000	0.000000	-0.341593
-88.482445	124.926163	-2.069166	0.000000	0.000000	-0.341593
-87.384872	123.864182	-2.064192	0.000000	0.000000	-0.541593
-86.300728	122.788498	-2.059189	0.000000	0.000000	-0.541593
-85.230179	121.699272	-2.054142	0.000000	0.000000	-0.541593
-84.173386	120.596687	-2.049058	0.000000	0.000000	-0.541593
-83.130539	119.480904	-2.043937	0.000000	0.000000	-0.541593
-82.101784	118.352112	-2.038782	0.000000	0.000000	-0.541593
-81.087280	117.210480	-2.033590	0.000000	0.000000	-0.541593
-80.087204	116.056190	-2.028363	0.000000	0.000000	-0.541593
-79.101700	114.889435	-2.023097	0.000000	0.000000	-0.541593
-78.130928	113.710381	-2.017795	0.000000	0.000000	-0.541593
-77.175041	112.519218	-2.012458	0.000000	0.000000	-0.541593
-76.539261	113.097145	-2.007093	0.000000	0.000000	0.000000
-96.113991	236.323776	-2.001688	0.000000	0.000000	-0.541593
