32.115593	175.650970	10.781094	0	0	-0.36235775	0.93203909
32.128544	175.614105	10.778563	0	0	-0.95533648	0.29552023
32.102585	175.688126	10.784182	0	0	-0.36235775	0.93203909
32.141403	175.577408	10.776379	0	0	-0.95533648	0.29552023
32.089558	175.725571	10.787953	0	0	-0.95533648	0.29552023
32.154163	175.540817	10.774411	0	0	-0.95533648	0.29552023
32.076279	175.763779	10.792965	0	0	-0.95533648	0.29552023
32.063118	175.801819	10.798346	0	0	-0.95533648	0.29552023
32.046143	175.843643	10.807955	0	0	-0.95533648	0.29552023
32.045948	175.873459	10.813766	0	0	-0.95533648	0.29552023
31.947561	175.915466	10.815448	0	0	-0.95533648	0.29552023
31.395517	176.236862	10.737637	0	0	-0.95533648	0.29552023
31.958294	177.213501	10.517762	0	0	-0.36235775	0.93203909
31.432653	179.201645	10.678427	0	0	-0.95533648	0.29552023
30.114052	182.524094	13.821681	0	0	-0.36235775	0.93203909
28.156570	189.113525	14.670055	0	0	-0.36235775	0.93203909
27.186806	189.113525	14.754899	0	0	-0.36235775	0.93203909
28.000824	193.038635	12.889853	0	0	-0.82533563	0.56464246
20.108053	193.038635	13.580381	0	0	-0.87758258	0.4794255
28.105778	206.209579	14.089498	0	0	-0.62160997	0.7833269
7.434433	206.209579	15.898005	0	0	-0.69670669	0.71735611
36.978886	223.928925	14.393698	0	0	-0.95533648	0.29552023
44.888374	231.138733	6.703667	0	0	-0.36235775	0.93203909
-26.933746	159.828751	10.781094	0	0	-0.62160997	0.7833269
-26.923660	159.791107	10.778563	0	0	-0.62160997	0.7833269
-26.943907	159.866669	10.784182	0	0	-0.62160997	0.7833269
-26.913626	159.753662	10.776379	0	0	-0.62160997	0.7833269
-26.954140	159.904861	10.787953	0	0	-0.62160997	0.7833269
-26.903624	159.716324	10.774411	0	0	-0.62160997	0.7833269
-26.964581	159.943817	10.792965	0	0	-0.62160997	0.7833269
-26.974974	159.982605	10.798346	0	0	-0.62160997	0.7833269
-26.986567	160.025879	10.807955	0	0	-0.62160997	0.7833269
-26.994032	160.053741	10.813766	0	0	-0.62160997	0.7833269
-27.011127	160.117538	10.815448	0	0	-0.54030229	0.84147099
-27.128454	160.555405	10.737637	0	0	-0.54030229	0.84147099
-27.334915	161.325928	10.517762	0	0	-0.69670669	0.71735611
-27.867165	163.312317	10.678427	0	0	-0.54030229	0.84147099
-28.786104	166.741837	13.821681	0	0	-0.69670669	0.71735611
-30.629551	173.621674	14.754899	0	0	-0.69670669	0.71735611
-32.085014	179.053543	13.580381	0	0	-0.62160997	0.7833269
-36.226723	194.510605	15.898005	0	0	-0.69670669	0.71735611
-38.677456	203.656860	14.393697	0	0	-0.45359611	0.89120736
-39.950073	208.406342	6.703667	0	0	-0.26749883	0.96355818
113.105698	128.891312	9.018201	0	0	-0.87758258	0.4794255
113.092964	128.869263	9.018201	0	0	-0.87758258	0.4794255
113.118530	128.913544	9.018201	0	0	-0.87758258	0.4794255
113.080292	128.847321	9.018201	0	0	-0.87758258	0.4794255
113.131485	128.935989	9.018201	0	0	-0.87758258	0.4794255
113.144707	128.958893	9.018201	0	0	-0.87758258	0.4794255
113.067635	128.825394	9.018201	0	0	-0.87758258	0.4794255
113.157898	128.981720	9.018201	0	0	-0.87758258	0.4794255
113.171761	129.005737	9.018201	0	0	-0.87758258	0.4794255
113.178215	129.016922	9.018201	0	0	-0.82533563	0.56464246
113.179375	129.018936	9.018201	0	0	-0.82533563	0.56464246
113.184624	129.028015	9.018201	0	0	-0.87758258	0.4794255
113.742966	129.995087	9.018201	0	0	-0.87758258	0.4794255
114.472450	131.258606	9.018201	0	0	-0.82533563	0.56464246
115.581459	133.179459	9.018201	0	0	-0.92106097	0.38941839
117.632889	136.732651	9.018201	0	0	-0.87758258	0.4794255
117.702957	136.854004	9.018201	0	0	-0.92106097	0.38941839
120.167664	141.123016	9.018201	0	0	-0.82533563	0.56464246
135.226486	167.205643	9.018201	0	0	-0.76484218	0.64421769
140.325790	176.037903	9.018201	0	0	-0.62160997	0.7833269
-70.481819	73.053566	10.781094	0	0	-0.36235775	0.93203909
-70.506897	73.078644	10.784182	0	0	-0.36235775	0.93203909
-70.456909	73.028648	10.778563	0	0	-0.36235775	0.93203909
-70.432129	73.003876	10.776379	0	0	-0.36235775	0.93203909
-70.532135	73.103882	10.787953	0	0	-0.36235775	0.93203909
-70.407455	72.979202	10.774411	0	0	-0.36235775	0.93203909
-70.557877	73.129623	10.792965	0	0	-0.36235775	0.93203909
-70.583481	73.155220	10.798346	0	0	-0.36235775	0.93203909
-70.612877	73.184624	10.807955	0	0	-0.36235775	0.93203909
-70.627876	73.199623	10.813766	0	0	-0.36235775	0.93203909
-70.698082	73.269829	10.815448	0	0	-0.36235775	0.93203909
-71.134796	73.706543	10.737637	0	0	-0.36235775	0.93203909
-71.341728	73.913475	10.517762	0	0	-0.36235775	0.93203909
-72.598625	75.170372	10.678427	0	0	-0.36235775	0.93203909
-74.919144	77.490891	13.821681	0	0	-0.45359611	0.89120736
-79.677490	82.249237	14.754899	0	0	-0.36235775	0.93203909
-85.179420	87.751167	13.580381	0	0	-0.36235775	0.93203909
-91.839310	94.411049	6.703667	0	0	0.029199523	0.9995736
-92.189140	94.760887	14.393697	0	0	-0.26749883	0.96355818
-98.101700	100.673447	15.898005	0	0	-0.26749883	0.96355818
115.599182	31.026615	10.235948	0	0	-0.95533648	0.29552023
115.598175	31.026033	10.235948	0	0	-0.95533648	0.29552023
115.623451	31.040627	10.235948	0	0	-0.95533648	0.29552023
115.610680	31.033251	10.235948	0	0	-0.95533648	0.29552023
115.604424	31.029638	10.235948	0	0	-0.95533648	0.29552023
115.591904	31.022411	10.235948	0	0	-0.95533648	0.29552023
115.630035	31.044426	10.235948	0	0	-0.95533648	0.29552023
115.617012	31.036905	10.235948	0	0	-0.95533648	0.29552023
115.636642	31.048239	10.235948	0	0	-0.95533648	0.29552023
115.642021	31.051344	10.235948	0	0	-0.95533648	0.29552023
115.654778	31.058712	10.235948	0	0	-0.95533648	0.29552023
115.324318	30.867920	10.235948	0	0	-0.95533648	0.29552023
116.169296	31.355768	10.235948	0	0	-0.98006658	0.19866933
116.635963	31.625198	10.235948	0	0	-0.95533648	0.29552023
117.085670	31.884836	10.235948	0	0	-0.98006658	0.19866933
114.134102	30.180748	10.235948	0	0	-0.98006658	0.19866933
117.743546	32.264660	10.235948	0	0	-0.98006658	0.19866933
110.332069	27.985645	10.235948	0	0	-0.98006658	0.19866933
140.163116	45.208603	10.235948	0	0	-0.95533648	0.29552023
149.217163	50.435966	10.235948	0	0	0.99913515	0.041580682
