73.105980	125.223900	-23.841021	0	0	-0.62160997	0.7833269
73.032066	125.251556	-23.932920	0	0	-0.99500417	0.099833397
72.931839	125.289803	-23.969145	0	0	-0.99500417	0.099833397
73.309906	124.985054	-23.957901	0	0	-0.62160997	0.7833269
72.776115	125.381401	-23.903999	0	0	-0.99500417	0.099833397
73.423660	124.846802	-23.881542	0	0	-0.99500417	0.099833397
73.571938	124.634079	-23.801756	0	0	-0.99500417	0.099833397
73.678535	124.556190	-23.462976	0	0	-0.99500417	0.099833397
74.175102	123.877235	-23.586687	0	0	-0.99500417	0.099833397
74.945305	123.775078	-22.987831	0	0	-0.99500417	0.099833397
76.217133	122.867203	-20.453449	0	0	-0.99500417	0.099833397
76.656967	120.715866	-22.240763	0	0	-0.99500417	0.099833397
76.907364	121.552315	-18.265772	0	0	-0.62160997	0.7833269
78.292923	126.090919	-13.623714	0	0	-0.62160997	0.7833269
79.751350	117.276917	-9.086795	0	0	-0.99500417	0.099833397
77.751732	134.628448	-8.791215	0	0	-0.62160997	0.7833269
79.829155	143.029129	-6.618619	0	0	-0.99500417	0.099833397
90.169342	115.372360	4.297884	0	0	-0.82533563	0.56464246
90.154999	115.365623	4.304223	0	0	-0.87758258	0.4794255
90.099693	115.377937	4.342070	0	0	-0.87758258	0.4794255
89.968925	115.455124	4.448387	0	0	-0.87758258	0.4794255
90.336487	115.154755	4.120342	0	0	-0.82533563	0.56464246
90.371399	115.062019	4.066700	0	0	-0.87758258	0.4794255
90.351677	114.929947	4.032423	0	0	-0.87758258	0.4794255
90.420326	114.906662	3.982641	0	0	-0.87758258	0.4794255
90.798714	114.448524	3.592793	0	0	-0.76484218	0.64421769
90.679337	114.348511	3.630170	0	0	-0.87758258	0.4794255
91.001274	114.505157	3.489791	0	0	-0.87758258	0.4794255
90.241158	113.854042	3.722765	0	0	-0.62160997	0.7833269
88.039436	112.491783	4.580951	0	-0	-1	-4.371139e-08
91.550804	112.116905	2.320416	0	-0	-1	-4.371139e-08
90.042542	119.307274	5.752398	0	0	-0.62160997	0.7833269
80.132133	156.922028	-36.189659	0	0	-0.98006658	0.19866933
88.884781	128.200790	9.568115	0	0	-0.62160997	0.7833269
80.014977	156.464813	-1.413981	0	0	-0.99500417	0.099833397
90.762321	136.716858	11.411089	0	-0	-1	-4.371139e-08
32.082584	136.216080	-23.841021	0	0	-0.82533563	0.56464246
32.084549	136.223404	-23.932920	0	0	-0.76484218	0.64421769
32.099861	136.280563	-23.903999	0	0	-0.76484218	0.64421769
32.087395	136.234039	-23.969145	0	0	-0.76484218	0.64421769
32.036533	136.044220	-23.957901	0	0	-0.82533563	0.56464246
32.009590	135.943665	-23.881542	0	0	-0.76484218	0.64421769
31.966343	135.782272	-23.801756	0	0	-0.76484218	0.64421769
31.954010	135.736237	-23.462976	0	0	-0.76484218	0.64421769
31.817537	135.226913	-23.586687	0	0	-0.76484218	0.64421769
31.843590	135.324142	-22.987831	0	0	-0.76484218	0.64421769
31.701818	134.795044	-20.453449	0	0	-0.69670669	0.71735611
31.193447	132.897781	-22.240763	0	0	-0.62160997	0.7833269
31.419333	133.740799	-18.265772	0	0	-0.82533563	0.56464246
32.646797	138.321762	-13.623714	0	0	-0.82533563	0.56464246
30.540993	130.462784	-9.086795	0	0	-0.45359611	0.89120736
34.744930	146.152084	-8.791215	0	0	-0.76484218	0.64421769
105.002106	142.563339	4.822997	0	-0	-1	-4.371139e-08
36.984261	154.509384	-6.618619	0	0	-0.98006658	0.19866933
90.698540	150.296646	16.204103	0	0	-0.99500417	0.099833397
40.477779	167.547379	-36.189659	0	0	-0.95533648	0.29552023
40.355625	167.091492	-1.413981	0	0	-0.98006658	0.19866933
109.783768	61.696106	19.535273	0	0	-0.95533648	0.29552023
109.740311	61.671017	19.535273	0	0	-0.95533648	0.29552023
109.833290	61.724701	19.535273	0	0	-0.95533648	0.29552023
109.858742	61.739391	19.535273	0	0	-0.95533648	0.29552023
109.877838	61.750420	19.535273	0	0	-0.95533648	0.29552023
109.681702	61.637177	19.535273	0	0	-0.95533648	0.29552023
109.924057	61.777103	19.535273	0	0	-0.95533648	0.29552023
109.604568	61.592648	19.535273	0	0	-0.95533648	0.29552023
110.002487	61.822384	19.535273	0	0	-0.95533648	0.29552023
110.494972	62.106724	19.535273	0	0	-0.92106097	0.38941839
110.535904	62.130352	19.535273	0	0	-0.95533648	0.29552023
111.044968	62.424259	19.535273	0	0	-0.99500417	0.099833397
111.096657	62.454102	19.535273	0	0	-0.95533648	0.29552023
111.326653	62.586891	19.535273	0	0	-0.76484218	0.64421769
114.049408	64.158875	19.535273	0	0	0.99913515	0.041580682
117.340370	66.058914	19.535273	0	0	0.99913515	0.041580682
122.536041	69.058640	19.535273	0	0	-0.87758258	0.4794255
128.493225	72.498016	19.535273	0	0	-0.82533563	0.56464246
128.779068	72.663048	19.535273	0	0	0.98999249	0.14112005
151.531723	85.799301	19.535273	0	0	0.99913515	0.041580682
115.703438	203.282104	19.591602	0	0	-0.54030229	0.84147099
67.993607	230.995300	-30.641647	0	0	-0.54030229	0.84147099
67.702774	230.995300	-31.056997	0	0	-0.54030229	0.84147099
-32.223423	97.000969	-23.841021	0	0	-0.62160997	0.7833269
-32.235291	97.045258	-23.932920	0	0	-0.62160997	0.7833269
-32.251564	97.105988	-23.969145	0	0	-0.62160997	0.7833269
-32.284897	97.230385	-23.903999	0	0	-0.62160997	0.7833269
-32.150051	96.727142	-23.957901	0	0	-0.62160997	0.7833269
-32.107868	96.569717	-23.881542	0	0	-0.62160997	0.7833269
-32.044754	96.334175	-23.801756	0	0	-0.62160997	0.7833269
-32.018143	96.234848	-23.462976	0	0	-0.62160997	0.7833269
-31.815140	95.477242	-23.586687	0	0	-0.62160997	0.7833269
-31.738007	95.189369	-22.987831	0	0	-0.62160997	0.7833269
-31.425842	94.024353	-20.453449	0	0	-0.54030229	0.84147099
-30.858543	91.907166	-22.240763	0	0	-0.54030229	0.84147099
-31.050882	92.624992	-18.265772	0	0	-0.62160997	0.7833269
-32.092720	96.513176	-13.623714	0	0	-0.69670669	0.71735611
58.163490	233.551346	-31.056997	0	0	-0.45359611	0.89120736
-34.263355	104.614105	-8.791215	0	0	-0.69670669	0.71735611
-29.791521	87.924988	-9.086795	0	0	-0.54030229	0.84147099
-36.224365	111.932686	-6.618619	0	0	-0.36235775	0.93203909
-39.677292	124.819183	-36.189659	0	0	-0.26749883	0.96355818
-39.570835	124.421883	-1.413981	0	0	-0.36235775	0.93203909
73.105980	-4.007056	19.556850	0	-0	-1	-4.371139e-08
73.032066	-4.007056	19.556850	0	-0	-1	-4.371139e-08
72.931839	-4.007056	19.556850	0	-0	-1	-4.371139e-08
73.309906	-4.007056	19.556850	0	-0	-1	-4.371139e-08
73.423660	-4.007056	19.556850	0	-0	-1	-4.371139e-08
72.776115	-4.007056	19.556850	0	-0	-1	-4.371139e-08
73.571938	-4.007056	19.556850	0	-0	-1	-4.371139e-08
73.678535	-4.007056	19.556850	0	-0	-1	-4.371139e-08
74.175102	-4.007056	19.556850	0	-0	-1	-4.371139e-08
74.945305	-4.007056	19.556850	0	-0	-1	-4.371139e-08
76.217133	-4.007056	19.556850	0	-0	-1	-4.371139e-08
76.656967	-4.007056	19.556850	0	0	-0.99500417	0.099833397
76.907364	-4.007056	19.556850	0	0	0.98999249	0.14112005
77.751732	-4.007056	19.556850	0	0	0.97095818	0.23924928
78.292915	-4.007056	19.556850	0	0	0.97095818	0.23924928
67.702774	-4.007056	19.556850	0	0	0.99913515	0.041580682
79.751350	-4.007056	19.556850	0	0	-0.98006658	0.19866933
79.829155	-4.007056	19.556850	0	0	-0.99500417	0.099833397
80.014977	-4.007056	19.556850	0	0	-0.99500417	0.099833397
80.132133	-4.007056	19.556850	0	0	0.98999249	0.14112005
-36.754044	28.041677	-10.586675	0	0	-0.45359611	0.89120736
-36.819046	28.106680	-10.648849	0	0	-0.45359611	0.89120736
-36.640495	27.928131	-10.478066	0	0	-0.45359611	0.89120736
-36.878433	28.166069	-10.705655	0	0	-0.45359611	0.89120736
-36.941906	28.229542	-10.766367	0	0	-0.45359611	0.89120736
-36.528984	27.816620	-10.371407	0	0	-0.45359611	0.89120736
-36.378956	27.666592	-10.227903	0	0	-0.45359611	0.89120736
-36.204498	27.492132	-10.061032	0	0	-0.45359611	0.89120736
-35.841812	27.129448	-9.714125	0	0	-0.45359611	0.89120736
-35.346024	26.633657	-9.239902	0	0	-0.36235775	0.93203909
-33.766605	25.054239	-7.729186	0	0	-0.36235775	0.93203909
-33.464153	24.751791	-7.439892	0	0	-0.45359611	0.89120736
-33.448139	24.735777	-7.424575	0	0	-0.36235775	0.93203909
-32.360847	23.648481	-6.384577	0	0	-0.36235775	0.93203909
-31.919292	23.206928	-5.962230	0	0	-0.36235775	0.93203909
-35.956169	27.243807	-6.618619	0	0	-0.36235775	0.93203909
-40.965580	32.253212	-7.424858	0	0	0	1
-26.906418	18.194052	-1.167408	0	0	-0.45359611	0.89120736
-49.270260	40.557896	-22.558453	0	0	-0.45359611	0.89120736
-59.028221	197.037827	-31.056997	0	0	-0.26749883	0.96355818
-85.867035	77.154663	-31.560833	0	0	0	1
