8.044825	-30.079142	20.747580	0	0	0.58850112	0.8084964
7.634143	-29.345871	20.810329	0	0	0.58850112	0.8084964
6.995956	-30.639046	20.788862	0	0	0.99913515	0.041580682
7.337662	-31.336058	20.903887	0	0	0	1
5.782692	-29.571758	21.029480	0	0	0.58850112	0.8084964
5.469897	-29.510201	20.845129	0	0	0	1
6.577878	-32.238884	21.608126	0	0	0.99913515	0.041580682
5.668188	-31.227516	21.525484	0	0	0	1
5.662748	-31.217718	21.523331	0	0	0	1
6.035977	-31.890028	21.671118	0	0	0.73739371	0.67546319
5.280443	-30.529058	21.371950	0	0	0	1
5.368309	-30.903830	21.502539	0	0	0	1
6.296192	-32.358761	21.774155	0	0	0.99913515	0.041580682
4.971971	-29.973394	21.249805	0	0	0.58850112	0.8084964
5.139894	-31.028126	21.649157	0	0	0.50484609	0.86320938
5.346630	-31.481426	21.766813	0	0	0	1
4.859130	-29.770130	21.205124	0	0	0	1
4.831502	-30.346098	21.471064	0	0	0.90407214	0.42737988
3.964824	-28.304689	21.027369	0	0	0.73739371	0.67546319
4.065682	-27.930813	21.127666	0	0	0.90407214	0.42737988
3.871674	-28.042824	21.108067	0	0	0.90407214	0.42737988
2.629087	-32.674488	23.384733	0	0	0	1
12.868640	-25.255325	20.747580	0	0	0.80114363	0.59847213
12.624158	-25.010843	20.788862	0	0	0.73739371	0.67546319
13.146564	-25.533249	20.756659	0	0	0.97095818	0.23924928
13.226138	-25.612823	21.071671	0	0	0.80114363	0.59847213
12.296664	-24.683350	20.810329	0	0	0.85688874	0.51550139
12.231715	-24.618401	21.233805	0	0	0.90407214	0.42737988
11.959251	-24.345936	20.704021	0	0	0.97095818	0.23924928
11.901238	-24.287924	21.138304	0	0	0.90407214	0.42737988
11.483883	-23.870567	21.029480	0	0	0.85688874	0.51550139
11.404575	-23.791260	21.030441	0	0	0.94222235	0.33498812
11.297847	-23.684532	20.790047	0	0	0.97095818	0.23924928
11.462564	-23.849249	23.185654	0	0	0.94222235	0.33498812
13.808556	-26.195240	17.853043	0	0	0.66627604	0.74570519
4.109365	-35.635830	24.101351	0	0	0.50484609	0.86320938
9.941414	-22.328098	21.027369	0	0	0.94222235	0.33498812
9.804905	-22.191589	21.127666	0	0	0.90407214	0.42737988
0.305710	-31.651175	23.863836	0	0	0	1
0.059398	-30.731924	23.952972	0	0	0.41614682	0.90929743
1.726310	-24.126869	19.964626	0	0	0	1
9.538705	-21.925390	23.453321	0	0	0.85688874	0.51550139
-0.283672	-31.719738	24.130577	0	0	0.98999249	0.14112005
-0.086694	-30.186703	24.932438	0	0	0.98999249	0.14112005
-0.065982	-30.264002	25.645386	0	0	0.41614682	0.90929743
-1.025324	-26.683687	22.199665	0	0	0	1
8.335983	-20.722670	23.952972	0	0	0.97095818	0.23924928
8.070095	-20.456779	24.932438	0	0	0.85688874	0.51550139
-1.951327	-27.544128	22.951820	0	0	0.41614682	0.90929743
8.278929	-20.665613	25.645386	0	0	0.97095818	0.23924928
-2.061232	-31.094477	24.566885	0	0	0	1
-1.778263	-30.722805	25.645386	0	0	0.41614682	0.90929743
-2.235635	-30.762510	24.932438	0	0	0.97095818	0.23924928
-1.693311	-24.190725	22.861877	0	0	0.58850112	0.8084964
13.844834	-19.879255	22.032171	0	-0	-1	-4.371139e-08
-1.805863	-23.770678	22.973455	0	0	0	1
6.916999	-19.303684	15.748445	0	0	0.66627604	0.74570519
-1.586074	-24.590939	25.786322	0	0	0.73739371	0.67546319
-1.345633	-25.488279	27.212816	0	0	0.80114363	0.59847213
-1.863241	-21.644966	23.103786	0	0	0.98999249	0.14112005
-4.973854	-30.352659	25.406893	0	0	0	1
4.304749	-16.691435	18.063898	0	0	0	1
-1.477844	-24.994860	30.387590	0	0	0.73739371	0.67546319
-1.317111	-25.594721	31.003769	0	0	0.73739371	0.67546319
-1.349325	-25.474501	31.046631	0	0	0.73739371	0.67546319
-1.347070	-25.482914	31.161688	0	0	0.80114363	0.59847213
-5.059364	-25.359077	25.671268	0	0	0.97095818	0.23924928
-1.350752	-25.469172	31.245718	0	0	0.80114363	0.59847213
-2.727145	-20.332403	23.886774	0	0	0.41614682	0.90929743
-1.352092	-25.464172	31.314997	0	0	0.80114363	0.59847213
-1.399962	-25.285517	31.475344	0	0	0.80114363	0.59847213
20.671146	-23.207788	15.967822	0	0	0.94222235	0.33498812
-3.281231	-20.602915	24.346224	0	0	0.41614682	0.90929743
-6.095912	-29.233343	26.401360	0	0	0	1
2.420489	-14.807175	19.734076	0	0	0.80114363	0.59847213
-6.628997	-26.600389	26.954561	0	0	0.58850112	0.8084964
5.010864	-14.326763	17.555998	0	0	-0.99500417	0.099833397
2.265126	-14.651811	19.871788	0	0	0.73739371	0.67546319
3.642705	-13.656659	18.741890	0	0	0.98999249	0.14112005
-2.773899	-17.047586	24.052631	0	0	0.99913515	0.041580682
1.634117	-14.020802	20.431103	0	0	0.80114363	0.59847213
1.107922	-13.494607	20.897512	0	0	0	1
0.986686	-13.373371	21.004974	0	0	0.66627604	0.74570519
0.971593	-13.358278	27.212816	0	0	0.94222235	0.33498812
-9.413683	-30.491920	29.166342	0	0	0.66627604	0.74570519
-9.412216	-30.895952	29.149574	0	0	0.73739371	0.67546319
-9.412096	-30.929041	29.148201	0	0	0.66627604	0.74570519
-9.411971	-30.963467	29.146772	0	0	0	1
-9.415594	-29.965540	29.188189	0	0	0.58850112	0.8084964
-9.411674	-31.045343	29.143375	0	0	0.66627604	0.74570519
-9.415697	-29.937126	29.189367	0	0	0.73739371	0.67546319
-9.416355	-29.755833	29.196892	0	0	0.66627604	0.74570519
-9.409636	-31.606354	29.120092	0	0	0.80114363	0.59847213
-9.417785	-29.362101	29.213232	0	0	0.97095818	0.23924928
-9.409555	-31.628603	29.119169	0	0	0.22720209	0.97384763
-9.409524	-31.637455	29.118801	0	0	0.73739371	0.67546319
-9.409446	-31.658846	29.117914	0	0	0.73739371	0.67546319
-9.408902	-31.808540	29.111702	0	0	0.73739371	0.67546319
-9.407857	-32.096519	29.099751	0	0	0.73739371	0.67546319
-9.407170	-32.285564	29.091904	0	0	0.58850112	0.8084964
-9.420211	-28.694162	29.240952	0	0	0	1
-9.421579	-28.317144	29.256599	0	0	0.58850112	0.8084964
0.436243	-12.822928	25.786322	0	0	0.90407214	0.42737988
-9.405066	-32.865360	29.067842	0	0	0.66627604	0.74570519
-9.404396	-33.049778	29.060188	0	0	0.66627604	0.74570519
13.143085	-11.052170	20.747580	0	0	0.94222235	0.33498812
12.758714	-10.949178	20.756659	0	-0	-1	-4.371139e-08
12.576597	-10.900380	20.810329	0	0	0.97095818	0.23924928
12.304455	-10.827459	20.788862	0	0	0.94222235	0.33498812
12.172927	-10.792216	21.071671	0	0	0.97095818	0.23924928
-9.400442	-34.138649	29.014999	0	0	0.22720209	0.97384763
-9.427419	-26.708858	29.323345	0	0	0.97095818	0.23924928
-9.399258	-34.464741	29.001465	0	0	0	1
10.905643	-10.452649	21.029480	0	0	0.97095818	0.23924928
10.835701	-10.433908	21.233805	0	0	0.97095818	0.23924928
10.641539	-10.381883	20.704021	0	-0	-1	-4.371139e-08
10.583890	-10.366436	20.790047	0	0	0.99913515	0.041580682
10.535330	-10.353424	21.138304	0	0	0.97095818	0.23924928
10.095603	-10.235600	21.030441	0	0	0.99913515	0.041580682
-9.431705	-25.528551	29.372330	0	0	0.97095818	0.23924928
1.632232	-14.018917	31.003769	0	0	0.90407214	0.42737988
8.892781	-9.913304	21.027369	0	0	0.99913515	0.041580682
8.893414	-9.913474	21.127666	0	0	0.97095818	0.23924928
9.213311	-9.999190	17.853043	0	0	0.94222235	0.33498812
1.458361	-13.845046	31.046631	0	0	0.90407214	0.42737988
8.686492	-9.858029	23.185654	0	0	0.99913515	0.041580682
1.460597	-13.847282	31.161688	0	0	0.94222235	0.33498812
1.437520	-13.824205	31.245718	0	0	0.94222235	0.33498812
1.424321	-13.811007	31.314997	0	0	0.94222235	0.33498812
1.384056	-13.770741	31.475344	0	0	0.94222235	0.33498812
0.862371	-13.249056	30.387590	0	0	0.90407214	0.42737988
1.504421	-13.719950	31.588745	0	0	0.99913515	0.041580682
-1.165204	-11.301815	22.909286	0	0	-0.99500417	0.099833397
-9.444738	-21.938829	29.521307	0	0	0.97095818	0.23924928
5.604111	-9.032107	23.453321	0	0	0.97095818	0.23924928
-10.896491	-28.339466	30.506409	0	0	0.66627604	0.74570519
5.633019	-9.039853	17.231571	0	0	0.85688874	0.51550139
-9.448721	-20.841970	29.566828	0	0	0.1288445	0.99166481
8.526627	-8.355499	23.347183	0	0	-0.95533648	0.29552023
-2.045502	-10.870658	23.672312	0	0	-0.99500417	0.099833397
-2.184305	-10.802674	23.792624	0	0	0.58850112	0.8084964
-11.530384	-29.225895	31.009867	0	0	0.73739371	0.67546319
3.806008	-8.550307	23.952972	0	0	0.99913515	0.041580682
-2.271951	-10.852445	24.786186	0	0	-0.99500417	0.099833397
4.138937	-8.639516	25.645386	0	0	0.99913515	0.041580682
3.722129	-8.527832	24.932438	0	0	0.97095818	0.23924928
11.763865	-8.736225	27.698898	0	0	0.80114363	0.59847213
2.043417	-8.089948	20.311911	0	0	-0.95533648	0.29552023
0.967247	-8.169518	21.221403	0	0	0.80114363	0.59847213
0.707605	-8.188715	21.440832	0	0	-0.95533648	0.29552023
-5.754842	-12.358262	26.760529	0	0	0.32328956	0.94630009
-12.432677	-28.782511	31.792011	0	0	0.94222235	0.33498812
10.727798	-7.622315	14.966855	0	0	0.99913515	0.041580682
-12.626925	-28.738523	31.958416	0	0	0.1288445	0.99166481
0.568546	-7.682832	21.578186	0	0	0.90407214	0.42737988
-12.687448	-28.746744	32.009422	0	0	0.73739371	0.67546319
-12.736496	-28.529001	32.059376	0	0	0	1
-12.741060	-28.546038	32.062595	0	0	0.1288445	0.99166481
-12.753790	-28.742458	32.065842	0	0	0.73739371	0.67546319
-12.795153	-28.747913	32.100704	0	0	0.73739371	0.67546319
-12.804707	-28.743793	32.108967	0	0	0.73739371	0.67546319
-12.791118	-28.505449	32.106598	0	0	0	1
-12.836104	-28.505058	32.144760	0	0	0.1288445	0.99166481
-0.224821	-7.470250	22.259096	0	0	0	1
-0.959621	-7.273361	22.889744	0	0	0.80114363	0.59847213
-4.678040	-9.581279	25.954142	0	0	0.99913515	0.041580682
-1.867025	-7.030223	23.668530	0	0	0.90407214	0.42737988
-5.069896	-9.484818	27.238779	0	0	0.50484609	0.86320938
-2.212660	-6.937610	23.965172	0	0	0.94222235	0.33498812
0.638306	-5.319890	21.609821	0	0	-0.87758258	0.4794255
-3.160111	-6.683741	24.778328	0	0	0.90407214	0.42737988
18.970081	-9.147364	32.398235	0	0	-0.99500417	0.099833397
-7.333245	-9.875276	28.194355	0	0	0	1
-7.457205	-9.680273	28.306961	0	0	0.85688874	0.51550139
-0.248624	-13.618013	40.598404	0	0	0.97095818	0.23924928
1.795214	-3.636732	20.693480	0	0	0.94222235	0.33498812
-4.283551	-6.382717	25.742527	0	0	0.97095818	0.23924928
1.279580	-3.632647	21.130875	0	0	0.99913515	0.041580682
1.129161	-3.672952	21.256876	0	0	0.99913515	0.041580682
0.643505	-3.803083	21.663692	0	0	-0.95533648	0.29552023
0.584069	-3.819009	21.713480	0	-0	-1	-4.371139e-08
0.436849	-3.858456	21.836802	0	0	-0.76484218	0.64421769
-4.189254	-6.407983	26.820349	0	0	0.98999249	0.14112005
-0.052444	-3.989562	22.246664	0	0	0	1
-0.122566	-4.008351	22.305403	0	0	0	1
-0.184154	-4.024853	22.356995	0	-0	-1	-4.371139e-08
-0.567615	-4.127601	22.678205	0	0	-0.98006658	0.19866933
-0.819053	-4.194974	22.888826	0	-0	-1	-4.371139e-08
-0.835341	-4.199338	22.902472	0	0	-0.98006658	0.19866933
-0.836022	-4.199521	22.903040	0	0	0	1
-0.839539	-4.200463	22.905987	0	-0	-1	-4.371139e-08
-0.885038	-4.212655	22.944099	0	0	0	1
-2.242724	-4.576446	24.081387	0	0	0.94222235	0.33498812
-7.972563	-8.869564	28.775114	0	0	0.66627604	0.74570519
-2.668027	-4.690405	24.437649	0	0	0.97095818	0.23924928
3.446367	-2.546228	19.335268	0	0	-0.82533563	0.56464246
-3.376182	-4.880155	25.030846	0	0	-0.98006658	0.19866933
-3.911845	-6.482315	29.991146	0	0	0.97095818	0.23924928
-3.848434	-6.499306	30.715933	0	0	0.97095818	0.23924928
-3.847085	-6.499668	30.731365	0	0	0.97095818	0.23924928
-4.145824	-5.086380	25.675549	0	0	0.98999249	0.14112005
-3.837126	-6.502336	30.845196	0	0	0.98999249	0.14112005
-3.830166	-6.504201	30.924742	0	0	0.98999249	0.14112005
26.006723	-8.353615	23.325640	0	0	0.98999249	0.14112005
-3.824368	-6.505754	30.991018	0	0	0.98999249	0.14112005
-9.488623	-9.852327	30.022913	0	0	0.66627604	0.74570519
-4.445829	-5.166766	25.926851	0	-0	-1	-4.371139e-08
-4.445829	-5.166766	25.926851	0	0	0.99913515	0.041580682
-3.809775	-6.509665	31.157816	0	0	0.97095818	0.23924928
-4.181090	-5.095829	28.952827	0	0	0.99913515	0.041580682
-8.663436	-7.782751	29.402704	0	0	0.32328956	0.94630009
-4.118960	-5.079181	29.662979	0	0	0.99913515	0.041580682
-4.117412	-5.078766	29.680679	0	0	0.99913515	0.041580682
-4.107496	-5.076110	29.794012	0	0	0.99913515	0.041580682
-4.100523	-5.074241	29.873711	0	0	0.99913515	0.041580682
-4.094735	-5.072690	29.939877	0	0	0.99913515	0.041580682
-4.079197	-5.068527	30.117468	0	0	0.99913515	0.041580682
28.764954	-9.188904	17.384054	0	0	0.97095818	0.23924928
-8.785091	-7.904407	31.302204	0	0	0.32328956	0.94630009
-4.346368	-3.465683	25.907873	0	0	-0.98006658	0.19866933
-4.346368	-3.465683	25.907873	0	0	-0.99500417	0.099833397
-4.346368	-3.465683	25.907873	0	0	0.99913515	0.041580682
-4.346368	-3.465683	25.907873	0	-0	-1	-4.371139e-08
0.792360	-0.929601	21.647875	0	0	0	1
-4.203996	-3.323311	28.130838	0	0	0.99913515	0.041580682
-4.161150	-3.280464	28.799833	0	0	0.99913515	0.041580682
-4.159445	-3.278760	28.826447	0	0	0.99913515	0.041580682
-4.152205	-3.271520	28.939495	0	0	0.99913515	0.041580682
-4.147028	-3.266343	29.020321	0	-0	-1	-4.371139e-08
-4.142754	-3.262069	29.087061	0	-0	-1	-4.371139e-08
-4.131007	-3.250322	29.270475	0	-0	-1	-4.371139e-08
-12.803403	-11.062657	32.787212	0	0	0.41614682	0.90929743
-12.632993	-10.790956	32.653149	0	0	0.41614682	0.90929743
-13.008370	-11.389457	32.948460	0	0	0.32328956	0.94630009
-12.574672	-10.697969	32.607269	0	0	0.41614682	0.90929743
-13.156907	-11.626284	33.065315	0	0	0.41614682	0.90929743
-13.205935	-11.704453	33.103886	0	0	0.32328956	0.94630009
-12.398277	-10.416727	32.468498	0	0	0.1288445	0.99166481
-13.226901	-11.737882	33.120377	0	0	0.41614682	0.90929743
-13.277822	-11.819069	33.160439	0	0	0.41614682	0.90929743
-13.495846	-12.166685	33.331955	0	0	0.32328956	0.94630009
-13.848516	-12.728982	33.609402	0	0	0	1
-9.500718	-6.521219	30.161158	0	0	0	1
-1.857092	-0.976407	23.892710	0	0	-0.62160997	0.7833269
-14.290011	-13.315905	34.625359	0	0	0	1
-9.626752	-6.554990	31.601736	0	0	0.029199523	0.9995736
-9.064661	-5.101622	29.845943	0	0	-0.36235775	0.93203909
-9.064661	-5.101622	29.845943	0	0	-0.26749883	0.96355818
-5.665728	-2.140536	27.077553	0	0	-0.45359611	0.89120736
-5.665728	-2.140536	27.077553	0	0	-0.54030229	0.84147099
-5.665728	-2.140536	27.077553	0	0	-0.82533563	0.56464246
-14.830695	-14.034689	35.869564	0	0	-0.16996714	0.98544973
-0.157304	0.723381	22.516665	0	0	0	1
-5.646979	-2.070566	27.877319	0	0	-0.45359611	0.89120736
-5.632624	-2.016993	28.489660	0	0	-0.45359611	0.89120736
-5.631691	-2.013512	28.529449	0	0	-0.45359611	0.89120736
-5.629041	-2.003621	28.642498	0	0	-0.45359611	0.89120736
-5.627104	-1.996392	28.725128	0	0	-0.45359611	0.89120736
-5.625514	-1.990456	28.792971	0	0	-0.45359611	0.89120736
31.616522	-8.568382	25.780447	0	0	-0.92106097	0.38941839
-5.621231	-1.974472	28.975677	0	0	-0.45359611	0.89120736
-8.610913	-3.775772	29.512125	0	0	-0.26749883	0.96355818
-8.610913	-3.775772	29.512125	0	0	-0.45359611	0.89120736
-9.057766	-3.996340	29.882565	0	0	-0.16996714	0.98544973
1.802297	1.891815	20.899895	0	0	-0.87758258	0.4794255
-15.578287	-15.028536	37.589901	0	0	0.1288445	0.99166481
-9.312262	-5.035277	32.676033	0	0	-0.36235775	0.93203909
-15.654097	-15.129317	37.764351	0	0	0.22720209	0.97384763
-15.695379	-15.184198	37.859348	0	0	0.1288445	0.99166481
-7.566845	-2.270398	28.684637	0	0	-0.26749883	0.96355818
-7.566845	-2.270398	28.684637	0	0	-0.54030229	0.84147099
-7.566845	-2.270398	28.684637	0	0	-0.69670669	0.71735611
-10.012719	-4.467707	30.674215	0	0	0	1
-15.730749	-15.231219	37.940742	0	0	0.029199523	0.9995736
-15.759525	-15.269473	38.006958	0	0	0.029199523	0.9995736
-15.771947	-15.285987	38.035545	0	0	0.029199523	0.9995736
-15.783248	-15.301011	38.061550	0	0	0.029199523	0.9995736
-10.241729	-4.580747	30.864063	0	0	0.1288445	0.99166481
-9.018440	-3.368245	29.873350	0	0	-0.54030229	0.84147099
-10.300800	-4.609905	30.913034	0	0	0.1288445	0.99166481
1.513613	2.394298	21.163994	0	0	-0.87758258	0.4794255
-10.640029	-4.777349	31.194252	0	0	0.029199523	0.9995736
-11.510160	-5.206848	31.915586	0	0	0	1
-9.364148	-8.483462	40.343437	0	0	0.32328956	0.94630009
-12.321230	-5.607194	32.587959	0	0	-0.16996714	0.98544973
-12.480715	-5.685916	32.720173	0	0	0.029199523	0.9995736
-9.266322	-2.143894	30.130587	0	0	0	1
-12.772340	-5.829863	32.961929	0	0	-0.16996714	0.98544973
-12.772340	-5.829863	32.961929	0	0	-0.070737201	0.99749499
-8.907375	-3.479310	34.141010	0	0	-0.45359611	0.89120736
-9.927978	-2.458708	30.679548	0	0	0	1
-4.706033	1.441094	26.401384	0	0	-0.36235775	0.93203909
-4.696139	1.478017	26.394415	0	0	-0.36235775	0.93203909
-12.991622	-5.897939	33.541267	0	0	0.029199523	0.9995736
-13.053602	-5.917181	33.705017	0	0	0.029199523	0.9995736
-9.842384	-2.101013	30.620712	0	0	-0.16996714	0.98544973
-13.102773	-5.932446	33.834923	0	0	0.029199523	0.9995736
-13.141590	-5.944497	33.937477	0	0	-0.070737201	0.99749499
-13.174270	-5.954642	34.023815	0	0	-0.070737201	0.99749499
-13.200581	-5.962811	34.093327	0	0	-0.070737201	0.99749499
-13.225347	-5.970499	34.158756	0	0	0	1
-10.767982	-2.032114	31.408230	0	0	0.029199523	0.9995736
14.382208	4.267337	14.388346	0	0	-0.99500417	0.099833397
-10.964060	-2.017519	31.575058	0	0	0.029199523	0.9995736
-11.023793	-2.013072	31.625879	0	0	0	1
16.336552	4.396418	24.279747	0	0	0.97095818	0.23924928
-11.090095	-2.008137	31.682291	0	0	0	1
-11.140694	-2.004371	31.725342	0	0	-0.070737201	0.99749499
-11.141932	-2.004279	31.726395	0	0	-0.070737201	0.99749499
-11.186735	-2.000944	31.764515	0	0	-0.070737201	0.99749499
26.006723	1.185753	24.160227	0	0	0.98999249	0.14112005
-8.471077	1.104240	29.581051	0	0	-0.62160997	0.7833269
-3.923737	4.360660	25.850206	0	0	-0.95533648	0.29552023
30.297182	-32.216656	50.130974	0	0	0.85688874	0.51550139
-10.620767	-6.821335	42.963375	0	0	0.029199523	0.9995736
25.534719	2.866498	17.384054	0	0	0.98999249	0.14112005
25.554918	2.871911	24.160227	0	0	0.98999249	0.14112005
37.737473	-7.669385	15.504867	0	0	-0.95533648	0.29552023
-11.933626	-0.453059	32.457321	0	0	0	1
19.719006	5.893402	28.792337	0	0	0.94222235	0.33498812
-9.921097	-9.040412	49.039497	0	0	0.50484609	0.86320938
11.830565	9.228857	15.513952	0	0	-0.69670669	0.71735611
9.347683	10.228368	17.384054	0	0	-0.98006658	0.19866933
-2.674290	9.023662	24.969887	0	0	-0.92106097	0.38941839
9.982450	10.863134	17.369867	0	0	-0.69670669	0.71735611
-10.651514	-4.676426	47.983761	0	0	-0.26749883	0.96355818
-11.335910	-7.012957	51.137493	0	0	0.029199523	0.9995736
23.981384	7.851632	33.767975	0	0	-0.98006658	0.19866933
-1.596910	13.044497	24.210802	0	0	0	1
-10.506043	8.698841	31.598427	0	0	-0.95533648	0.29552023
13.155896	14.036581	24.160227	0	0	-0.99500417	0.099833397
-10.489673	8.637744	34.644840	0	0	-0.62160997	0.7833269
-10.928149	10.274160	33.284332	0	0	-0.16996714	0.98544973
9.429736	17.402193	25.555071	0	0	-0.54030229	0.84147099
8.526627	17.923603	25.646307	0	0	-0.54030229	0.84147099
-8.111871	-11.269668	62.291454	0	0	0.50484609	0.86320938
-11.433026	-4.467021	56.916477	0	0	0	1
18.970081	16.531462	34.644840	0	0	-0.62160997	0.7833269
-10.821246	-9.940560	63.094189	0	0	0.32328956	0.94630009
0.120533	19.454084	27.196243	0	0	-0.36235775	0.93203909
11.763865	19.672110	30.184305	0	0	-0.54030229	0.84147099
17.310429	18.191114	34.644840	0	0	-0.62160997	0.7833269
-12.184943	14.964578	38.304008	0	0	-0.76484218	0.64421769
0.652558	21.439629	34.644840	0	0	-0.69670669	0.71735611
0.954995	22.568336	30.184305	0	0	-0.36235775	0.93203909
-10.866594	-1.520091	64.731750	0	0	-0.26749883	0.96355818
-12.829704	-7.413218	68.211655	0	0	0.029199523	0.9995736
-19.299614	6.912929	55.146526	0	0	-0.16996714	0.98544973
-13.758734	20.838045	44.589783	0	0	-0.87758258	0.4794255
-13.129101	-4.012558	76.302704	0	0	-0.16996714	0.98544973
46.775448	21.588083	28.063433	0	0	-0.82533563	0.56464246
66.149643	-10.028440	42.468990	0	0	-0.99500417	0.099833397
50.808964	24.928387	18.050373	0	0	-0.76484218	0.64421769
7.397470	46.611980	39.845779	0	0	0	1
73.106277	-11.924246	64.138145	0	0	-0.99500417	0.099833397
39.416496	45.485863	23.843813	0	0	-0.62160997	0.7833269
8.118750	49.303833	41.099586	0	0	-0.92106097	0.38941839
31.616522	47.844112	30.715900	0	0	-0.87758258	0.4794255
-31.845398	19.458714	93.790878	0	0	-0.26749883	0.96355818
-21.892237	51.192696	77.075272	0	0	-0.26749883	0.96355818
-23.910917	58.726509	85.137947	0	0	-0.45359611	0.89120736
116.851540	-11.038401	54.012882	0	0	0.98999249	0.14112005
96.682961	48.501900	46.873955	0	0	-0.87758258	0.4794255
23.257170	105.801186	67.414780	0	0	-0.82533563	0.56464246
66.149643	101.387154	52.216595	0	0	-0.54030229	0.84147099
131.487366	66.299042	69.613197	0	0	-0.95533648	0.29552023
-33.218384	93.462440	122.312271	0	0	0	1
142.382568	73.478851	60.808674	0	0	-0.99500417	0.099833397
30.738163	133.720627	80.419029	0	0	0	1
-23.758530	-13.222579	193.128693	0	0	0.32328956	0.94630009
-23.328846	-1.279545	192.886307	0	0	-0.070737201	0.99749499
-19.298843	6.912158	196.390701	0	0	-0.26749883	0.96355818
22.836687	-91.383591	195.372955	0	0	0.99913515	0.041580682
-11.647999	12.960675	202.776596	0	0	-0.45359611	0.89120736
116.851540	117.699890	65.276024	0	0	-0.98006658	0.19866933
116.835373	117.716057	65.276024	0	0	-0.98006658	0.19866933
2.541724	28.490091	209.049362	0	0	-0.45359611	0.89120736
94.257904	155.206146	77.691757	0	0	-0.92106097	0.38941839
40.047520	168.463638	96.601540	0	0	0	1
73.203415	167.297531	80.031410	0	0	-0.45359611	0.89120736
111.417686	-94.278816	200.860794	0	0	0.99913515	0.041580682
72.056129	72.936821	209.049362	0	0	0.99913515	0.041580682
158.215530	-24.515892	208.061325	0	0	0.99913515	0.041580682
158.215530	-13.222579	209.049362	0	0	0.99913515	0.041580682
145.305328	34.958939	209.049362	0	0	0.99913515	0.041580682
