-13.103412	-38.269169	21.537870	0	0	0.80114363	0.59847213
-13.024428	-38.246048	21.597759	0	0	0.029199523	0.9995736
-13.172103	-38.304996	21.470097	0	0	0.029199523	0.9995736
-13.215543	-38.327320	21.399063	0	0	0.80114363	0.59847213
-12.937460	-38.229771	21.654011	0	0	0.80114363	0.59847213
-13.271910	-38.326336	21.330452	0	0	0.80114363	0.59847213
-13.319463	-38.332188	21.257919	0	0	0.029199523	0.9995736
-13.358543	-38.341614	21.181154	0	0	0.80114363	0.59847213
-13.390244	-38.354149	21.102791	0	0	0.80114363	0.59847213
-13.409487	-38.321156	21.023401	0	0	0.80114363	0.59847213
-13.423698	-38.349899	20.919418	0	0	0.029199523	0.9995736
-13.441723	-38.433155	20.829294	0	0	0.029199523	0.9995736
-13.462774	-38.451515	20.748491	0	0	0.80114363	0.59847213
-13.507154	-38.447723	20.675205	0	0	0.029199523	0.9995736
-13.572074	-38.420444	20.613607	0	0	0.80114363	0.59847213
-13.652995	-38.296684	20.568193	0	0	0.80114363	0.59847213
-13.639122	-38.333305	20.558172	0	0	0.029199523	0.9995736
-13.681924	-38.325615	20.521498	0	0	0.80114363	0.59847213
-13.745757	-38.261780	20.521498	0	0	0.80114363	0.59847213
-13.702257	-38.345947	20.454245	0	0	-0.070737201	0.99749499
-13.855366	-38.192841	20.454245	0	0	-0.070737201	0.99749499
-14.004870	-37.944809	20.568193	0	0	0.80114363	0.59847213
-13.265859	-37.909550	19.833271	0	0	-0.070737201	0.99749499
-13.727379	-38.371071	19.885859	0	0	0.029199523	0.9995736
-13.570436	-38.214127	19.821777	0	0	-0.070737201	0.99749499
-14.037349	-38.681038	19.946405	0	0	0.80114363	0.59847213
-13.968147	-38.611839	19.886013	0	0	0.80114363	0.59847213
-13.925894	-37.858669	19.821777	0	0	-0.070737201	0.99749499
-14.126917	-37.971531	19.885859	0	0	-0.070737201	0.99749499
-14.185987	-38.829678	19.993008	0	0	0.80114363	0.59847213
-14.370202	-38.348186	19.946405	0	0	0.80114363	0.59847213
-14.314967	-38.265018	19.886013	0	0	0.80114363	0.59847213
-14.444169	-38.571495	19.993008	0	0	0.80114363	0.59847213
-13.958725	-37.216682	19.833271	0	0	-0.16996714	0.98544973
-13.500174	-38.143864	19.014303	0	0	0.80114363	0.59847213
-13.927914	-38.571602	19.047354	0	0	0.80114363	0.59847213
-13.923992	-37.720043	19.014303	0	0	0.80114363	0.59847213
-17.029379	-36.002510	21.141256	0	0	0.1288445	0.99166481
-17.003752	-35.948586	21.195755	0	0	0.66627604	0.74570519
-17.057245	-36.061909	21.077606	0	0	0.66627604	0.74570519
-16.978750	-35.896530	21.245747	0	0	0.22720209	0.97384763
-17.072603	-36.100445	21.009411	0	0	0.1288445	0.99166481
-17.081434	-36.126904	20.945602	0	0	0.1288445	0.99166481
-17.090654	-36.154888	20.876942	0	0	0.66627604	0.74570519
-17.098925	-36.182102	20.803289	0	0	0.1288445	0.99166481
-17.106525	-36.208553	20.727360	0	0	0.1288445	0.99166481
-17.091299	-36.195461	20.651453	0	0	0.1288445	0.99166481
-17.099466	-36.227695	20.548080	0	0	0.66627604	0.74570519
-17.133076	-36.301952	20.456381	0	0	0.66627604	0.74570519
-17.140272	-36.328312	20.376980	0	0	0.1288445	0.99166481
-17.047585	-36.188099	20.260809	0	0	0.22720209	0.97384763
-17.144480	-36.347710	20.307751	0	0	0.66627604	0.74570519
-17.144726	-36.357773	20.252687	0	0	0.1288445	0.99166481
-17.120255	-36.323471	20.206497	0	0	0.66627604	0.74570519
-17.114029	-36.317108	20.181225	0	0	0.1288445	0.99166481
-17.107372	-36.315292	20.125715	0	0	0.66627604	0.74570519
-17.038967	-36.290257	19.591675	0	0	0.58850112	0.8084964
-16.934248	-36.121792	19.517864	0	0	0.66627604	0.74570519
-17.267586	-36.675381	19.653704	0	0	-0.16996714	0.98544973
-16.667631	-35.652695	19.559608	0	0	0.66627604	0.74570519
-17.213181	-36.591732	19.593227	0	0	-0.16996714	0.98544973
-17.385963	-36.873051	19.695818	0	0	-0.16996714	0.98544973
-16.813477	-36.051800	18.722397	0	0	-0.16996714	0.98544973
-11.553307	-36.196995	16.966467	0	0	0.80114363	0.59847213
-15.618524	-33.735130	20.133724	0	0	0.22720209	0.97384763
-15.428713	-33.607723	18.982979	0	0	0.73739371	0.67546319
-11.943166	-32.509754	20.875628	0	0	0	1
-13.753017	-32.980301	18.046518	0	0	0.73739371	0.67546319
-15.225230	-33.471138	17.749340	0	0	0.73739371	0.67546319
-9.135872	-33.779560	18.360514	0	0	0.73739371	0.67546319
-9.886333	-34.530025	16.750973	0	0	0.73739371	0.67546319
-15.229100	-33.426239	16.892035	0	0	0.73739371	0.67546319
-15.058816	-33.359436	16.740435	0	0	0.029199523	0.9995736
-12.930366	-32.622166	16.657532	0	0	0.73739371	0.67546319
-14.976997	-33.304516	16.244402	0	0	0	1
-18.092834	-42.736523	18.125582	0	0	0.80114363	0.59847213
-19.988909	-35.169422	18.828684	0	0	0	1
-8.877961	-31.423685	20.305304	0	0	0	1
-17.397789	-42.041477	14.500904	0	0	0.80114363	0.59847213
-8.100413	-31.079271	18.882761	0	0	0.22720209	0.97384763
-21.928896	-38.900463	18.125582	0	0	0.80114363	0.59847213
-6.280095	-30.923786	21.471811	0	0	0.32328956	0.94630009
-5.799229	-30.442919	20.639170	0	0	0.22720209	0.97384763
-5.374513	-30.168064	19.388773	0	0	0.32328956	0.94630009
-1.931187	-41.262756	21.537870	0	0	0.50484609	0.86320938
-1.920117	-41.221439	21.597759	0	0	0.66627604	0.74570519
-1.944746	-41.313358	21.470097	0	0	0.66627604	0.74570519
-1.910222	-41.184513	21.654011	0	0	0.50484609	0.86320938
-1.953237	-41.345047	21.399063	0	0	0.50484609	0.86320938
-1.956766	-41.358219	21.330452	0	0	0.50484609	0.86320938
-1.961415	-41.375565	21.257919	0	0	0.66627604	0.74570519
-1.966389	-41.394131	21.181154	0	0	0.50484609	0.86320938
-1.971647	-41.413754	21.102791	0	0	0.50484609	0.86320938
-1.964687	-41.387779	21.023401	0	0	0.50484609	0.86320938
-1.972826	-41.418152	20.919418	0	0	0.66627604	0.74570519
-1.994847	-41.500336	20.829294	0	0	0.66627604	0.74570519
-2.000847	-41.522728	20.748491	0	0	0.50484609	0.86320938
-2.002872	-41.530285	20.675205	0	0	0.66627604	0.74570519
-2.000401	-41.521065	20.613607	0	0	0.50484609	0.86320938
-1.910484	-41.185490	20.568193	0	0	0.50484609	0.86320938
-1.983107	-41.456524	20.558172	0	0	0.66627604	0.74570519
-1.972370	-41.416451	20.521498	0	0	0.50484609	0.86320938
-1.962477	-41.379528	20.454245	0	0	0.66627604	0.74570519
-2.035801	-41.653179	19.946405	0	0	0.50484609	0.86320938
-1.925340	-41.240932	19.885859	0	0	0.73739371	0.67546319
-2.096583	-41.880024	19.993008	0	0	0.50484609	0.86320938
-2.011309	-41.561771	19.886013	0	0	0.50484609	0.86320938
-1.883658	-41.085377	19.821777	0	0	0.73739371	0.67546319
-1.725362	-40.494602	19.833271	0	0	0.73739371	0.67546319
-1.848875	-40.955563	19.014303	0	0	0.41614682	0.90929743
-2.680207	-44.058132	18.125582	0	0	0.66627604	0.74570519
-23.306028	-36.133236	14.500904	0	0	-0.36235775	0.93203909
-0.697296	-36.657810	19.047354	0	0	0.32328956	0.94630009
-7.578784	-30.578150	12.920514	0	0	0.029199523	0.9995736
-13.877656	-32.566605	9.579522	0	0	-0.070737201	0.99749499
-0.549623	-36.106686	16.966467	0	0	0.32328956	0.94630009
-2.080651	-41.820560	14.500904	0	0	0.22720209	0.97384763
-3.245470	-32.875610	13.787673	0	0	0.32328956	0.94630009
-0.114624	-34.483246	16.750973	0	0	0.41614682	0.90929743
-15.667389	-40.311081	7.494153	0	0	0.80114363	0.59847213
0.294105	-32.957851	20.841499	0	0	0.50484609	0.86320938
0.308363	-32.904640	20.233280	0	0	0.50484609	0.86320938
0.332272	-32.815411	19.213381	0	0	0.50484609	0.86320938
0.354842	-32.731178	18.250624	0	0	0.50484609	0.86320938
-15.358710	-40.002399	6.096247	0	0	-0.070737201	0.99749499
-13.685313	-38.329002	4.747221	0	0	0.029199523	0.9995736
-9.720207	-34.363899	4.302719	0	0	0.80114363	0.59847213
-12.853165	-31.927296	4.265212	0	0	0.1288445	0.99166481
-12.996318	-31.975023	4.236315	0	0	0.1288445	0.99166481
-15.045463	-32.668003	4.004229	0	0	0.73739371	0.67546319
-19.525625	-34.242760	4.602961	0	0	-0.070737201	0.99749499
-6.122477	-30.766167	4.914260	0	0	0.22720209	0.97384763
0.128279	-33.576721	7.494153	0	0	0.41614682	0.90929743
-22.310125	-46.953815	6.154573	0	0	0.029199523	0.9995736
-14.272036	-38.915726	1.606897	0	0	0.80114363	0.59847213
-26.688583	-36.831348	6.873919	0	0	0	1
-4.004065	-48.998840	7.124590	0	0	0.80114363	0.59847213
-24.972359	-44.291584	6.154573	0	0	0.029199523	0.9995736
6.604026	-32.988575	21.537870	0	0	0.73739371	0.67546319
6.603537	-32.986752	21.597759	0	0	0.85688874	0.51550139
6.608382	-33.004833	21.470097	0	0	0.85688874	0.51550139
6.605294	-32.993305	21.654011	0	0	0.73739371	0.67546319
6.611053	-33.014801	21.399063	0	0	0.73739371	0.67546319
6.607031	-32.999790	21.330452	0	0	0.73739371	0.67546319
6.605308	-32.993359	21.257919	0	0	0.85688874	0.51550139
6.605047	-32.992386	21.181154	0	0	0.73739371	0.67546319
6.606058	-32.996159	21.102791	0	0	0.73739371	0.67546319
6.596520	-32.960560	21.023401	0	0	0.73739371	0.67546319
6.602754	-32.983826	20.919418	0	0	0.85688874	0.51550139
6.622361	-33.057003	20.829294	0	0	0.85688874	0.51550139
6.625540	-33.068867	20.748491	0	0	0.73739371	0.67546319
6.621619	-33.054234	20.675205	0	0	0.85688874	0.51550139
6.610451	-33.012554	20.613607	0	0	0.73739371	0.67546319
6.584175	-32.914490	20.558172	0	0	0.85688874	0.51550139
6.559151	-32.821098	20.521498	0	0	0.73739371	0.67546319
6.462551	-32.460583	20.568193	0	0	0.73739371	0.67546319
6.534573	-32.729370	20.454245	0	0	0.85688874	0.51550139
6.589795	-32.935463	19.993008	0	0	0.73739371	0.67546319
6.538922	-32.745602	19.946405	0	0	0.73739371	0.67546319
6.521830	-32.681812	19.886013	0	0	0.73739371	0.67546319
6.461055	-32.455002	19.885859	0	0	0.85688874	0.51550139
6.446305	-32.399952	19.821777	0	0	0.85688874	0.51550139
6.283610	-31.792767	19.833271	0	0	0.85688874	0.51550139
6.207437	-31.508482	20.077482	0	0	0.73739371	0.67546319
6.198346	-31.474554	19.689684	0	0	0.73739371	0.67546319
6.411777	-32.271091	19.014303	0	0	0.73739371	0.67546319
6.183211	-31.418072	19.044092	0	0	0.73739371	0.67546319
6.167643	-31.359970	18.379982	0	0	0.73739371	0.67546319
6.170655	-31.371212	18.125582	0	0	0.80114363	0.59847213
6.146691	-31.281776	17.486219	0	0	0.73739371	0.67546319
-0.747723	-36.846004	4.747220	0	0	0.41614682	0.90929743
6.124249	-31.198025	16.528940	0	0	0.73739371	0.67546319
6.118073	-31.174974	16.265465	0	0	0.73739371	0.67546319
-4.231860	-49.848984	6.154573	0	0	0.80114363	0.59847213
0.432797	-32.440247	6.096247	0	0	0.50484609	0.86320938
-27.004126	-36.860336	5.396905	0	0	-0.36235775	0.93203909
6.071092	-30.999638	14.261362	0	0	0.73739371	0.67546319
-25.120571	-49.764263	7.124590	0	0	0.41614682	0.90929743
7.625189	-36.524582	14.250195	0	0	0.50484609	0.86320938
0.595106	-31.834499	4.302719	0	0	0.50484609	0.86320938
0.681596	-31.511715	4.312076	0	0	0.50484609	0.86320938
-23.512518	-35.428310	1.133746	0	0	0	1
0.072843	-33.783611	1.606897	0	0	0.85688874	0.51550139
-4.216611	-28.860302	0.453140	0	0	0.32328956	0.94630009
-4.199069	-28.842760	0.179239	0	0	0.32328956	0.94630009
5.903687	-30.374872	7.120260	0	0	0.85688874	0.51550139
-6.338511	-29.386637	-1.255871	0	0	0	1
-33.895336	-40.989498	7.124590	0	0	0.1288445	0.99166481
-6.329453	-29.377935	-1.359399	0	0	0.029199523	0.9995736
5.882194	-30.294662	6.203448	0	0	0.73739371	0.67546319
7.314561	-35.640327	6.154573	0	0	0.94222235	0.33498812
10.806079	-28.559870	20.628403	0	0	0.85688874	0.51550139
10.810110	-28.563900	20.691353	0	0	0.85688874	0.51550139
10.801640	-28.555429	20.559093	0	0	0.85688874	0.51550139
10.813972	-28.567762	20.751638	0	0	0.85688874	0.51550139
10.797041	-28.550831	20.487297	0	0	0.85688874	0.51550139
10.792449	-28.546240	20.415600	0	0	0.85688874	0.51550139
10.787672	-28.541462	20.341009	0	0	0.85688874	0.51550139
10.782675	-28.536465	20.262985	0	0	0.85688874	0.51550139
10.777619	-28.531410	20.184042	0	0	0.85688874	0.51550139
10.772364	-28.526154	20.101980	0	0	0.85688874	0.51550139
10.765817	-28.519608	19.999765	0	0	0.85688874	0.51550139
10.760357	-28.514147	19.914518	0	0	0.85688874	0.51550139
10.755213	-28.509003	19.834202	0	0	0.85688874	0.51550139
10.750361	-28.504152	19.758451	0	0	0.85688874	0.51550139
10.746074	-28.499865	19.691500	0	0	0.85688874	0.51550139
10.741924	-28.495714	19.626720	0	0	0.85688874	0.51550139
10.739492	-28.493282	19.588747	0	0	0.85688874	0.51550139
10.738870	-28.492661	19.579025	0	0	0.85688874	0.51550139
10.733871	-28.487661	19.500977	0	0	0.85688874	0.51550139
10.722706	-28.476496	19.326649	0	0	0.85688874	0.51550139
10.704469	-28.458260	19.041893	0	0	0.85688874	0.51550139
10.703716	-28.457506	19.030146	0	0	0.85688874	0.51550139
10.700149	-28.453939	18.974436	0	0	0.85688874	0.51550139
10.696198	-28.449989	18.912760	0	0	0.85688874	0.51550139
10.695760	-28.449551	18.905909	0	0	0.85688874	0.51550139
10.694386	-28.448175	18.884449	0	0	0.85688874	0.51550139
10.692047	-28.445837	18.847950	0	0	0.85688874	0.51550139
10.690032	-28.443823	18.816483	0	0	0.85688874	0.51550139
10.640196	-28.393988	18.038359	0	0	0.85688874	0.51550139
10.585066	-28.338856	17.177570	0	0	0.85688874	0.51550139
10.555975	-28.309765	16.723345	0	0	0.85688874	0.51550139
10.548231	-28.302021	16.602442	0	0	0.85688874	0.51550139
10.479779	-28.233570	15.533649	0	0	0.85688874	0.51550139
10.470243	-28.224033	15.384756	0	0	0.85688874	0.51550139
5.846318	-30.160770	4.673057	0	0	0.73739371	0.67546319
0.784301	-31.128414	-0.069064	0	0	0.50484609	0.86320938
5.836573	-30.124399	4.257349	0	0	0.73739371	0.67546319
10.308856	-28.062647	12.864891	0	0	0.85688874	0.51550139
0.794389	-31.090765	-0.499406	0	0	0.50484609	0.86320938
5.819121	-30.059271	3.512913	0	0	0.73739371	0.67546319
5.818585	-30.057270	3.490045	0	0	0.73739371	0.67546319
-11.482755	-30.959072	-4.939826	0	0	-0.16996714	0.98544973
-11.424647	-30.920069	-5.292108	0	0	0.32328956	0.94630009
-6.104608	-29.161928	-3.929395	0	0	0	1
-11.386823	-30.894678	-5.521429	0	0	0	1
-3.968710	-28.612400	-3.417529	0	0	0.32328956	0.94630009
5.750242	-29.802210	0.574705	0	0	0.85688874	0.51550139
0.873068	-30.797132	-3.855642	0	0	0.50484609	0.86320938
9.816950	-27.570740	5.184406	0	0	0.85688874	0.51550139
9.805068	-27.558859	4.998879	0	0	0.85688874	0.51550139
9.789927	-27.543716	4.762470	0	0	0.85688874	0.51550139
16.220621	-31.058130	14.929946	0	0	0.73739371	0.67546319
9.691936	-27.445726	3.232465	0	0	0.85688874	0.51550139
9.682311	-27.436102	3.082192	0	0	0.85688874	0.51550139
9.659454	-27.413244	2.725307	0	0	0.85688874	0.51550139
9.650253	-27.404043	2.581646	0	0	0.85688874	0.51550139
15.332890	-24.384104	19.375517	0	0	0.97095818	0.23924928
15.338638	-24.385645	19.441235	0	0	0.97095818	0.23924928
15.326559	-24.382408	19.303167	0	0	0.97095818	0.23924928
15.344148	-24.387119	19.504198	0	0	0.97095818	0.23924928
15.320111	-24.380680	19.229462	0	0	0.97095818	0.23924928
15.313727	-24.378969	19.156494	0	0	0.97095818	0.23924928
15.307084	-24.377190	19.080561	0	0	0.97095818	0.23924928
15.300145	-24.375330	19.001249	0	0	0.97095818	0.23924928
15.293130	-24.373449	18.921064	0	0	0.97095818	0.23924928
15.286027	-24.371548	18.839884	0	0	0.97095818	0.23924928
15.276955	-24.369116	18.736181	0	0	0.97095818	0.23924928
15.272863	-24.368019	18.689419	0	0	0.97095818	0.23924928
15.271729	-24.367716	18.676462	0	0	0.97095818	0.23924928
15.269166	-24.367029	18.647161	0	0	0.97095818	0.23924928
15.262033	-24.365118	18.565619	0	0	0.97095818	0.23924928
15.255328	-24.363321	18.488987	0	0	0.97095818	0.23924928
15.249434	-24.361742	18.421623	0	0	0.97095818	0.23924928
15.244281	-24.360361	18.362717	0	0	0.97095818	0.23924928
15.243937	-24.360270	18.358795	0	0	0.97095818	0.23924928
15.241241	-24.359547	18.327963	0	0	0.97095818	0.23924928
15.239800	-24.359159	18.311502	0	0	0.97095818	0.23924928
15.232991	-24.357336	18.233681	0	0	0.97095818	0.23924928
15.189267	-24.345619	17.733910	0	0	0.97095818	0.23924928
15.185330	-24.344564	17.688911	0	0	0.97095818	0.23924928
15.181157	-24.343447	17.641211	0	0	0.97095818	0.23924928
15.180340	-24.343227	17.631870	0	0	0.97095818	0.23924928
15.176893	-24.342304	17.592472	0	0	0.97095818	0.23924928
15.176335	-24.342155	17.586096	0	0	0.97095818	0.23924928
15.106555	-24.323458	16.788507	0	0	0.97095818	0.23924928
15.039343	-24.305449	16.020264	0	0	0.97095818	0.23924928
15.014414	-24.298769	15.735331	0	0	0.97095818	0.23924928
14.971064	-24.287153	15.239827	0	0	0	1
14.903792	-24.269127	14.470916	0	0	0	1
14.899270	-24.267916	14.419229	0	0	0	1
9.506448	-29.736471	-0.176688	0	0	0.73739371	0.67546319
14.640441	-24.198563	11.460797	0	0	0	1
5.640776	-29.393677	-4.094854	0	0	0.73739371	0.67546319
9.438069	-27.191860	-0.731340	0	0	0.85688874	0.51550139
16.497004	-22.439617	15.710909	0	0	0	1
17.640650	-24.096418	15.505728	0	0	0.90407214	0.42737988
13.954699	-24.014818	3.622730	0	0	0	1
13.929833	-24.008156	3.338515	0	0	0	1
13.920118	-24.005552	3.227478	0	0	0	1
9.214632	-26.968422	-4.220033	0	0	0.85688874	0.51550139
14.768710	-29.784853	0.376312	0	0	0.73739371	0.67546319
13.824238	-23.979862	2.131556	0	0	0	1
13.823402	-23.979637	2.122008	0	0	0	1
13.806469	-23.975100	1.928453	0	0	0	1
13.785413	-23.969458	1.687784	0	0	0	1
13.477757	-23.887022	-1.828733	0	0	0	1
13.261690	-23.829126	-4.298399	0	0	0	1
23.221994	-19.388422	2.065627	0	0	0	1
23.748442	-19.201279	1.956319	0	0	0.90407214	0.42737988
-23.574808	-39.075638	68.369576	0	0	-0.16996714	0.98544973
-52.270145	-44.923515	-6.389452	0	0	0.73739371	0.67546319
-52.267246	-44.922283	-6.393812	0	0	0.73739371	0.67546319
-52.272476	-44.924507	-6.385948	0	0	0	1
-52.272842	-44.924664	-6.385397	0	0	0.73739371	0.67546319
-52.251591	-44.915623	-6.417359	0	0	0.73739371	0.67546319
-52.237869	-44.909786	-6.437999	0	0	0.73739371	0.67546319
-52.220718	-44.902489	-6.463796	0	0	0.73739371	0.67546319
-52.199699	-44.893551	-6.495409	0	0	0.73739371	0.67546319
-52.350925	-44.957878	-6.267953	0	0	0.22720209	0.97384763
-52.176224	-44.883564	-6.530718	0	0	0.73739371	0.67546319
-52.143059	-44.869453	-6.580605	0	0	0.73739371	0.67546319
-52.105316	-44.853397	-6.637374	0	0	0.73739371	0.67546319
-52.081467	-44.843254	-6.673244	0	0	0.73739371	0.67546319
-52.070629	-44.838642	-6.689544	0	0	0.73739371	0.67546319
-52.061760	-44.834869	-6.702883	0	0	-0.36235775	0.93203909
-52.054554	-44.831802	-6.713726	0	0	0	1
-52.034962	-44.823467	-6.743196	0	0	0	1
-52.024384	-44.818970	-6.759106	0	0	0.73739371	0.67546319
-52.023537	-44.818607	-6.760376	0	0	0.73739371	0.67546319
-52.014141	-44.814610	-6.774510	0	0	0	1
-52.008026	-44.812012	-6.783704	0	0	0.73739371	0.67546319
-52.008080	-44.812031	-6.783629	0	0	0.73739371	0.67546319
-51.954956	-44.789433	-6.863532	0	0	0.73739371	0.67546319
-51.902256	-44.767017	-6.942794	0	0	0.73739371	0.67546319
-51.897739	-44.765095	-6.949587	0	0	-0.45359611	0.89120736
-52.705776	-45.108833	-5.734222	0	0	0.73739371	0.67546319
-51.811317	-44.728329	-7.079576	0	0	0	1
-51.711002	-44.685654	-7.230464	0	0	0	1
-51.646240	-44.658108	-7.327867	0	0	0.73739371	0.67546319
-51.340599	-44.528088	-7.787584	0	0	0.73739371	0.67546319
-53.423008	-45.413944	-4.655431	0	0	0	1
-50.934689	-44.355412	-8.398115	0	0	-0.45359611	0.89120736
-50.282623	-44.078022	-9.378886	0	0	0.73739371	0.67546319
-50.262100	-44.069290	-9.409759	0	0	-0.45359611	0.89120736
-49.743744	-43.848782	-10.189417	0	0	0.73739371	0.67546319
-49.661182	-43.813660	-10.313597	0	0	0	1
-49.634720	-43.802402	-10.353397	0	0	0.73739371	0.67546319
-49.392723	-43.699459	-10.717386	0	0	-0.45359611	0.89120736
-49.084751	-43.568447	-11.180610	0	0	0.73739371	0.67546319
-56.265079	-46.622967	-0.380666	0	0	0.73739371	0.67546319
-46.355045	-42.407227	-15.286361	0	0	-0.45359611	0.89120736
-46.242641	-42.359409	-15.455428	0	0	-0.45359611	0.89120736
-46.031559	-42.269615	-15.772920	0	0	-0.26749883	0.96355818
28.673361	-17.551292	2.802021	0	0	0.85688874	0.51550139
-44.485420	-41.611885	-18.098467	0	0	0.73739371	0.67546319
-43.871227	-41.350605	-19.022280	0	0	-0.16996714	0.98544973
-39.174915	-39.352791	-26.086006	0	0	-0.45359611	0.89120736
-13.269952	-36.045574	77.970856	0	0	0.029199523	0.9995736
-36.267918	-38.116150	-30.458426	0	0	0	1
-8.976272	-34.739780	81.169037	0	0	0.32328956	0.94630009
-1.123848	-38.249722	81.327858	0	0	0.50484609	0.86320938
-30.884331	-35.825966	-38.555885	0	0	0	1
-29.395849	-35.192764	-40.794716	0	0	0	1
-2.784759	-32.474873	-44.552864	0	0	0.32328956	0.94630009
-6.931499	-30.080750	-44.971783	0	0	0.32328956	0.94630009
0.208605	-33.276939	-44.552864	0	0	0.32328956	0.94630009
5.846671	-30.162086	-44.552864	0	0	0.50484609	0.86320938
6.626072	-24.379862	-44.637138	0	0	0.80114363	0.59847213
9.664301	-22.865210	-45.416740	0	0	0.85688874	0.51550139
-20.687336	-31.488153	-53.893200	0	0	0	1
44.012257	-36.969566	82.497963	0	0	-0.99500417	0.099833397
48.201279	-9.206317	-27.270458	0	0	0.85688874	0.51550139
48.256538	-9.191511	-27.192236	0	0	0.85688874	0.51550139
48.144630	-9.221497	-27.350649	0	0	0.85688874	0.51550139
48.095871	-9.234562	-27.419674	0	0	0.85688874	0.51550139
48.312122	-9.176617	-27.113552	0	0	0	1
48.046051	-9.247910	-27.490198	0	0	0.85688874	0.51550139
47.996696	-9.261135	-27.560062	0	0	0.85688874	0.51550139
47.947838	-9.274227	-27.629227	0	0	0.85688874	0.51550139
47.900372	-9.286945	-27.696417	0	0	0.85688874	0.51550139
47.860451	-9.297643	-27.752930	0	0	0.85688874	0.51550139
47.805466	-9.312375	-27.830763	0	0	0.85688874	0.51550139
47.750874	-9.327003	-27.908045	0	0	0.85688874	0.51550139
47.705238	-9.339231	-27.972641	0	0	0	1
47.657410	-9.352047	-28.040348	0	0	0.85688874	0.51550139
48.775471	-9.052464	-26.457645	0	0	0.85688874	0.51550139
47.610329	-9.364662	-28.106997	0	0	0.85688874	0.51550139
47.570606	-9.375305	-28.163225	0	0	0	1
47.525288	-9.387449	-28.227379	0	0	0.85688874	0.51550139
47.490147	-9.396865	-28.277122	0	0	0	1
47.464703	-9.403683	-28.313141	0	0	0.85688874	0.51550139
47.230335	-9.466481	-28.644907	0	0	-0.69670669	0.71735611
47.179790	-9.480024	-28.716457	0	0	0.85688874	0.51550139
47.134094	-9.492270	-28.781147	0	0	0.85688874	0.51550139
47.050045	-9.514790	-28.900122	0	0	0.85688874	0.51550139
47.047455	-9.515484	-28.903790	0	0	0.85688874	0.51550139
47.027988	-9.520700	-28.931343	0	0	0	1
46.843933	-9.570018	-29.191893	0	0	-0.69670669	0.71735611
46.820843	-9.576204	-29.224575	0	0	0.85688874	0.51550139
49.604195	-8.830407	-25.284519	0	0	-0.69670669	0.71735611
46.503319	-9.661284	-29.674055	0	0	-0.69670669	0.71735611
45.793804	-9.851398	-30.678431	0	0	0.85688874	0.51550139
44.985714	-10.067925	-31.822346	0	0	0.85688874	0.51550139
52.694618	-8.002332	-20.909784	0	0	0.85688874	0.51550139
43.706310	-10.410741	-33.633442	0	0	0.85688874	0.51550139
52.733200	-7.991993	-20.855165	0	0	0.85688874	0.51550139
42.044006	-10.856153	-35.986565	0	0	0	1
41.831371	-10.913129	-36.287567	0	0	-0.76484218	0.64421769
54.966015	-7.393713	-17.694441	0	0	0.85688874	0.51550139
40.885368	-11.166610	-37.626713	0	0	-0.87758258	0.4794255
39.987930	-11.407078	-38.897106	0	0	-0.76484218	0.64421769
56.522549	-6.976640	-15.491043	0	0	0.85688874	0.51550139
38.669655	-11.760308	-40.763226	0	0	-0.76484218	0.64421769
37.160435	-12.164702	-42.899647	0	0	0	1
36.737427	-12.278047	-43.498447	0	0	0	1
36.375519	-12.375020	-44.010761	0	0	0.90407214	0.42737988
35.673386	-12.563156	-45.004684	0	0	-0.76484218	0.64421769
34.570400	-12.858701	-46.566051	0	0	0.90407214	0.42737988
26.860939	-14.924444	-57.479401	0	0	0.90407214	0.42737988
72.615570	-2.664528	7.289905	0	0	0.99913515	0.041580682
74.227966	-6.467950	88.111908	0	0	0	1
-76.846703	-138.929581	25.024935	0	0	0.85688874	0.51550139
110.006950	7.354462	60.220367	0	0	-0.95533648	0.29552023
133.327560	-56.000683	41.468739	0	0	0.99913515	0.041580682
-9.347185	-232.906357	33.133430	0	0	0.97095818	0.23924928
150.539200	-168.292984	41.468739	0	0	0.99913515	0.041580682
85.925835	-232.906357	41.468739	0	0	0.99913515	0.041580682
