-149.777679	-51.703400	-58.062229	0.000000	0.000000	1.058407
-240.529404	31.317463	-58.716339	0.000000	0.000000	0.458407
-214.205231	151.619354	-58.716339	0.000000	0.000000	0.058407
-206.131165	159.693420	-58.716339	0.000000	0.000000	0.058407
-206.131165	159.693420	-58.716339	0.000000	0.000000	0.058407
-159.116318	186.837448	-12.363546	0.000000	0.000000	-0.141593
-38.900902	159.693420	-12.201571	0.000000	0.000000	-0.741593
-149.777679	-51.703400	-58.062229	0.000000	0.000000	1.058407
-240.529404	31.317463	-58.716339	0.000000	0.000000	0.458407
-214.205231	151.619354	-58.716339	0.000000	0.000000	0.058407
-206.131165	159.693420	-58.716339	0.000000	0.000000	0.058407
-206.131165	159.693420	-58.716339	0.000000	0.000000	0.058407
-159.116318	186.837448	-12.363546	0.000000	0.000000	-0.141593
-38.900902	159.693420	-12.201571	0.000000	0.000000	-0.741593
-149.777679	-51.703400	-58.062229	0.000000	0.000000	1.058407
-240.529404	31.317463	-58.716339	0.000000	0.000000	0.458407
-214.205231	151.619354	-58.716339	0.000000	0.000000	0.058407
-206.131165	159.693420	-58.716339	0.000000	0.000000	0.058407
-206.131165	159.693420	-58.716339	0.000000	0.000000	0.058407
-159.116318	186.837448	-12.363546	0.000000	0.000000	-0.141593
-38.900902	159.693420	-12.201571	0.000000	0.000000	-0.741593
-149.777679	-51.703400	-58.062229	0.000000	0.000000	1.058407
-240.529404	31.317463	-58.716339	0.000000	0.000000	0.458407
-214.205231	151.619354	-58.716339	0.000000	0.000000	0.058407
-206.131165	159.693420	-58.716339	0.000000	0.000000	0.058407
-206.131165	159.693420	-58.716339	0.000000	0.000000	0.058407
-159.116318	186.837448	-12.363546	0.000000	0.000000	-0.141593
-38.900902	159.693420	-12.201571	0.000000	0.000000	-0.741593
-149.777679	-51.703400	-58.062229	0.000000	0.000000	1.058407
-240.529404	31.317463	-58.716339	0.000000	0.000000	0.458407
-214.205231	151.619354	-58.716339	0.000000	0.000000	0.058407
-206.131165	159.693420	-58.716339	0.000000	0.000000	0.058407
-206.131165	159.693420	-58.716339	0.000000	0.000000	0.058407
-159.116318	186.837448	-12.363546	0.000000	0.000000	-0.141593
-38.900902	159.693420	-12.201571	0.000000	0.000000	-0.741593
-149.777679	-51.703400	-58.062229	0.000000	0.000000	1.058407
-240.529404	31.317463	-58.716339	0.000000	0.000000	0.458407
-214.205231	151.619354	-58.716339	0.000000	0.000000	0.058407
-206.131165	159.693420	-58.716339	0.000000	0.000000	0.058407
-206.131165	159.693420	-58.716339	0.000000	0.000000	0.058407
-159.116318	186.837448	-12.363546	0.000000	0.000000	-0.141593
-38.900902	159.693420	-12.201571	0.000000	0.000000	-0.741593
-149.777679	-51.703400	-58.062229	0.000000	0.000000	1.058407
-240.529404	31.317463	-58.716339	0.000000	0.000000	0.458407
-214.205231	151.619354	-58.716339	0.000000	0.000000	0.058407
-206.131165	159.693420	-58.716339	0.000000	0.000000	0.058407
-206.131165	159.693420	-58.716339	0.000000	0.000000	0.058407
-159.116318	186.837448	-12.363546	0.000000	0.000000	-0.141593
-38.900902	159.693420	-12.201571	0.000000	0.000000	-0.741593
-149.777679	-51.703400	-58.062229	0.000000	0.000000	1.058407
-240.529404	31.317463	-58.716339	0.000000	0.000000	0.458407
-214.205231	151.619354	-58.716339	0.000000	0.000000	0.058407
-206.131165	159.693420	-58.716339	0.000000	0.000000	0.058407
-206.131165	159.693420	-58.716339	0.000000	0.000000	0.058407
-159.116318	186.837448	-12.363546	0.000000	0.000000	-0.141593
-38.900902	159.693420	-12.201571	0.000000	0.000000	-0.741593
-149.777679	-51.703400	-58.062229	0.000000	0.000000	1.058407
-240.529404	31.317463	-58.716339	0.000000	0.000000	0.458407
-214.205231	151.619354	-58.716339	0.000000	0.000000	0.058407
-206.131165	159.693420	-58.716339	0.000000	0.000000	0.058407
-206.131165	159.693420	-58.716339	0.000000	0.000000	0.058407
-159.116318	186.837448	-12.363546	0.000000	0.000000	-0.141593
-38.900902	159.693420	-12.201571	0.000000	0.000000	-0.741593
-149.777679	-51.703400	-58.062229	0.000000	0.000000	1.058407
-240.529404	31.317463	-58.716339	0.000000	0.000000	0.458407
-214.205231	151.619354	-58.716339	0.000000	0.000000	0.058407
-206.131165	159.693420	-58.716339	0.000000	0.000000	0.058407
-206.131165	159.693420	-58.716339	0.000000	0.000000	0.058407
-159.116318	186.837448	-12.363546	0.000000	0.000000	-0.141593
-38.900902	159.693420	-12.201571	0.000000	0.000000	-0.741593
-149.777679	-51.703400	-58.062229	0.000000	0.000000	1.058407
-240.529404	31.317463	-58.716339	0.000000	0.000000	0.458407
-214.205231	151.619354	-58.716339	0.000000	0.000000	0.058407
-206.131165	159.693420	-58.716339	0.000000	0.000000	0.058407
-206.131165	159.693420	-58.716339	0.000000	0.000000	0.058407
-159.116318	186.837448	-12.363546	0.000000	0.000000	-0.141593
-38.900902	159.693420	-12.201571	0.000000	0.000000	-0.741593
-149.777679	-51.703400	-58.062229	0.000000	0.000000	1.058407
-240.529404	31.317463	-58.716339	0.000000	0.000000	0.458407
-214.205231	151.619354	-58.716339	0.000000	0.000000	0.058407
-206.131165	159.693420	-58.716339	0.000000	0.000000	0.058407
-206.131165	159.693420	-58.716339	0.000000	0.000000	0.058407
-159.116318	186.837448	-12.363546	0.000000	0.000000	-0.141593
-38.900902	159.693420	-12.201571	0.000000	0.000000	-0.741593
-149.777679	-51.703400	-58.062229	0.000000	0.000000	1.058407
-240.529404	31.317463	-58.716339	0.000000	0.000000	0.458407
-214.205231	151.619354	-58.716339	0.000000	0.000000	0.058407
-206.131165	159.693420	-58.716339	0.000000	0.000000	0.058407
-206.131165	159.693420	-58.716339	0.000000	0.000000	0.058407
-159.116318	186.837448	-12.363546	0.000000	0.000000	-0.141593
-38.900902	159.693420	-12.201571	0.000000	0.000000	-0.741593
-149.777679	-51.703400	-58.062229	0.000000	0.000000	1.058407
-240.529404	31.317463	-58.716339	0.000000	0.000000	0.458407
-214.205231	151.619354	-58.716339	0.000000	0.000000	0.058407
-206.131165	159.693420	-58.716339	0.000000	0.000000	0.058407
-206.131165	159.693420	-58.716339	0.000000	0.000000	0.058407
-159.116318	186.837448	-12.363546	0.000000	0.000000	-0.141593
-38.900902	159.693420	-12.201571	0.000000	0.000000	-0.741593
-149.777679	-51.703400	-58.062229	0.000000	0.000000	1.058407
-240.529404	31.317463	-58.716339	0.000000	0.000000	0.458407
-214.205231	151.619354	-58.716339	0.000000	0.000000	0.058407
-206.131165	159.693420	-58.716339	0.000000	0.000000	0.058407
-206.131165	159.693420	-58.716339	0.000000	0.000000	0.058407
-159.116318	186.837448	-12.363546	0.000000	0.000000	-0.141593
-38.900902	159.693420	-12.201571	0.000000	0.000000	-0.741593
-149.777679	-51.703400	-58.062229	0.000000	0.000000	1.058407
-240.529404	31.317463	-58.716339	0.000000	0.000000	0.458407
-214.205231	151.619354	-58.716339	0.000000	0.000000	0.058407
-206.131165	159.693420	-58.716339	0.000000	0.000000	0.058407
-206.131165	159.693420	-58.716339	0.000000	0.000000	0.058407
-159.116318	186.837448	-12.363546	0.000000	0.000000	-0.141593
-38.900902	159.693420	-12.201571	0.000000	0.000000	-0.741593
-149.777679	-51.703400	-58.062229	0.000000	0.000000	1.058407
-240.529404	31.317463	-58.716339	0.000000	0.000000	0.458407
-214.205231	151.619354	-58.716339	0.000000	0.000000	0.058407
-206.131165	159.693420	-58.716339	0.000000	0.000000	0.058407
-206.131165	159.693420	-58.716339	0.000000	0.000000	0.058407
-159.116318	186.837448	-12.363546	0.000000	0.000000	-0.141593
-38.900902	159.693420	-12.201571	0.000000	0.000000	-0.741593
-149.777679	-51.703400	-58.062229	0.000000	0.000000	1.058407
-240.529404	31.317463	-58.716339	0.000000	0.000000	0.458407
-214.205231	151.619354	-58.716339	0.000000	0.000000	0.058407
-206.131165	159.693420	-58.716339	0.000000	0.000000	0.058407
-206.131165	159.693420	-58.716339	0.000000	0.000000	0.058407
-159.116318	186.837448	-12.363546	0.000000	0.000000	-0.141593
-38.900902	159.693420	-12.201571	0.000000	0.000000	-0.741593
-149.777679	-51.703400	-58.062229	0.000000	0.000000	1.058407
-240.529404	31.317463	-58.716339	0.000000	0.000000	0.458407
-214.205231	151.619354	-58.716339	0.000000	0.000000	0.058407
-206.131165	159.693420	-58.716339	0.000000	0.000000	0.058407
-206.131165	159.693420	-58.716339	0.000000	0.000000	0.058407
-159.116318	186.837448	-12.363546	0.000000	0.000000	-0.141593
-38.900902	159.693420	-12.201571	0.000000	0.000000	-0.741593
-149.777679	-51.703400	-58.062229	0.000000	0.000000	1.058407
-240.529404	31.317463	-58.716339	0.000000	0.000000	0.458407
-214.205231	151.619354	-58.716339	0.000000	0.000000	0.058407
-206.131165	159.693420	-58.716339	0.000000	0.000000	0.058407
-206.131165	159.693420	-58.716339	0.000000	0.000000	0.058407
-159.116318	186.837448	-12.363546	0.000000	0.000000	-0.141593
-38.900902	159.693420	-12.201571	0.000000	0.000000	-0.741593
