23.341305	3.562883	3.235523	0	0	-0.95533648	0.29552023
23.351952	3.533680	3.227125	0	0	-0.16996714	0.98544973
23.330956	3.596590	3.244382	0	0	-0.16996714	0.98544973
23.362738	3.508082	3.218679	0	0	-0.95533648	0.29552023
23.321354	3.635737	3.253151	0	0	-0.95533648	0.29552023
23.312481	3.682718	3.262336	0	0	-0.95533648	0.29552023
23.393421	3.708758	3.191237	0	0	-0.16996714	0.98544973
23.306747	3.737417	3.271248	0	0	-0.16996714	0.98544973
23.341228	3.756416	3.243069	0	0	-0.16996714	0.98544973
23.471031	3.739317	3.139385	0	0	-0.95533648	0.29552023
23.411917	3.793973	3.192912	0	0	-0.95533648	0.29552023
23.300104	3.812523	3.284036	0	0	-0.95533648	0.29552023
23.355196	3.828553	3.246974	0	0	-0.16996714	0.98544973
23.494829	3.734189	3.093272	0	0	-0.95533648	0.29552023
23.310999	3.879690	3.290580	0	0	-0.95533648	0.29552023
23.472883	3.940878	3.164125	0	0	-0.26749883	0.96355818
23.396797	4.009470	3.228733	0	0	-0.16996714	0.98544973
23.333664	4.027658	3.284181	0	0	-0.95533648	0.29552023
23.287495	4.067122	3.328955	0	0	-0.95533648	0.29552023
23.568171	3.226056	2.879909	0	0	-0.16996714	0.98544973
23.590446	3.192689	2.895460	0	0	-0.95533648	0.29552023
23.562433	3.162041	2.910479	0	0	-0.95533648	0.29552023
23.572126	3.137155	2.922637	0	0	-0.95533648	0.29552023
23.262667	3.372634	2.649276	0	0	-0.26749883	0.96355818
23.754103	3.299662	2.614797	0	0	-0.16996714	0.98544973
22.197243	1.437956	2.796302	0	0	-0.95533648	0.29552023
21.280069	1.828419	4.996438	0	0	-0.070737201	0.99749499
21.273968	1.851192	5.011725	0	0	-0.16996714	0.98544973
21.286703	1.803661	4.979817	0	0	-0.69670669	0.71735611
21.272602	1.856286	5.015146	0	0	-0.69670669	0.71735611
21.292715	1.781225	4.964755	0	0	-0.070737201	0.99749499
21.266495	1.879082	5.030449	0	0	-0.070737201	0.99749499
21.264225	1.887555	5.036138	0	0	-0.070737201	0.99749499
21.262087	1.895533	5.041493	0	0	-0.62160997	0.7833269
21.254452	1.924025	5.060621	0	0	-0.070737201	0.99749499
21.247763	1.948987	5.077379	0	0	-0.070737201	0.99749499
21.245113	1.958876	5.084018	0	0	-0.62160997	0.7833269
21.243502	1.964891	5.088056	0	0	-0.62160997	0.7833269
21.232615	2.005521	5.115332	0	0	-0.62160997	0.7833269
21.228460	2.021031	5.125744	0	0	-0.070737201	0.99749499
21.228186	2.022054	5.126431	0	0	-0.54030229	0.84147099
21.216379	2.066115	5.156011	0	0	-0.070737201	0.99749499
21.204891	2.108986	5.184791	0	0	-0.54030229	0.84147099
21.192162	2.156493	5.216684	0	0	0	1
21.379110	1.458796	4.748298	0	0	-0.45359611	0.89120736
21.177750	2.210283	5.252795	0	0	-0.070737201	0.99749499
21.392063	1.410450	4.715842	0	0	0	1
21.397150	1.391471	4.703100	0	0	-0.16996714	0.98544973
21.399448	1.382893	4.697342	0	0	-0.070737201	0.99749499
21.402849	1.370202	4.688822	0	0	-0.070737201	0.99749499
21.419201	1.309173	4.647851	0	0	-0.62160997	0.7833269
21.651989	0.440397	4.064614	0	0	-0.95533648	0.29552023
22.464972	0.119654	2.115230	0	0	0	1
23.104908	0.289819	0.594412	0	0	0	1
23.032785	-0.099473	0.753875	0	0	-0.76484218	0.64421769
21.977098	-0.772927	3.250072	0	0	-0.95533648	0.29552023
22.164387	-1.471894	2.780833	0	0	-0.95533648	0.29552023
22.203285	-1.617069	2.683372	0	0	-0.82533563	0.56464246
29.339838	3.562883	2.710720	0	0	-0.62160997	0.7833269
29.339190	3.533680	2.703310	0	0	-0.76484218	0.64421769
29.340528	3.596590	2.718612	0	0	-0.76484218	0.64421769
29.338539	3.508082	2.695864	0	0	-0.62160997	0.7833269
29.341217	3.635737	2.726481	0	0	-0.62160997	0.7833269
29.341948	3.682718	2.734826	0	0	-0.62160997	0.7833269
29.336390	3.708758	2.671295	0	0	-0.76484218	0.64421769
29.342678	3.737417	2.743173	0	0	-0.76484218	0.64421769
29.340494	3.756416	2.718201	0	0	-0.76484218	0.64421769
29.332478	3.739317	2.626575	0	0	-0.62160997	0.7833269
29.328653	3.734189	2.582878	0	0	-0.62160997	0.7833269
29.336676	3.793973	2.674562	0	0	-0.62160997	0.7833269
29.343739	3.812523	2.755287	0	0	-0.62160997	0.7833269
29.340939	3.828553	2.723289	0	0	-0.76484218	0.64421769
29.344389	3.879690	2.762727	0	0	-0.62160997	0.7833269
29.334639	3.940878	2.651288	0	0	-0.82533563	0.56464246
29.339670	4.009470	2.708798	0	0	-0.82533563	0.56464246
29.344006	4.027658	2.758344	0	0	-0.62160997	0.7833269
29.310686	3.226056	2.377504	0	0	-0.76484218	0.64421769
29.312206	3.192689	2.394871	0	0	-0.62160997	0.7833269
29.313297	3.162041	2.407344	0	0	-0.62160997	0.7833269
29.347542	4.067123	2.798770	0	0	-0.62160997	0.7833269
29.314426	3.137155	2.420251	0	0	-0.62160997	0.7833269
29.288342	3.372634	2.122097	0	0	-0.76484218	0.64421769
29.289080	3.299662	2.130549	0	0	-0.76484218	0.64421769
29.222967	1.459481	1.374873	0	0	-0.62160997	0.7833269
29.227194	0.466202	1.423181	0	0	-0.82533563	0.56464246
19.812571	0.300771	8.447295	0	0	-0.76484218	0.64421769
29.137493	0.149898	0.397892	0	0	-0.98006658	0.19866933
29.098692	0.276100	-0.045595	0	0	-0.87758258	0.4794255
22.917261	-4.281663	1.910194	0	0	0	1
22.100672	-5.101079	2.815765	0	0	-0.76484218	0.64421769
21.833351	-5.333577	3.445848	0	0	-0.82533563	0.56464246
22.005335	-5.705332	3.023666	0	0	0	1
24.064632	-5.827623	1.356826	0	0	0	1
23.375570	-5.992096	1.966733	0	0	0	1
28.751392	0.109158	-4.015255	0	0	0	1
28.478361	-2.954278	-3.012088	0	0	0	1
28.816036	-3.009888	-3.276378	0	0	0	1
28.964184	-4.999738	-1.583040	0	0	-0.82533563	0.56464246
23.960869	-8.176456	2.038937	0	0	0	1
23.174675	-6.567964	9.668679	0	0	-0.76484218	0.64421769
28.890907	-6.622438	-2.420592	0	0	0	1
30.886030	-6.040042	-4.213498	0	0	0	1
31.470448	-6.383986	-4.607997	0	0	0	1
18.920416	-11.297227	10.201159	0	0	0.22720209	0.97384763
18.919359	-11.296360	10.203705	0	0	-0.82533563	0.56464246
19.665241	-12.558797	8.383996	0	0	-0.070737201	0.99749499
19.666937	-12.560493	8.379898	0	0	-0.16996714	0.98544973
19.657913	-12.551470	8.401709	0	0	0	1
19.672911	-12.566466	8.365458	0	0	-0.16996714	0.98544973
19.656895	-12.550450	8.404174	0	0	-0.16996714	0.98544973
19.655830	-12.549385	8.406748	0	0	-0.16996714	0.98544973
19.680153	-12.573708	8.347952	0	0	-0.070737201	0.99749499
19.647976	-12.541533	8.425731	0	0	-0.070737201	0.99749499
19.688915	-12.582472	8.326767	0	0	-0.070737201	0.99749499
19.638231	-12.531788	8.449286	0	0	-0.16996714	0.98544973
19.638025	-12.531581	8.449788	0	0	-0.070737201	0.99749499
19.629612	-12.523168	8.470123	0	0	-0.16996714	0.98544973
19.627573	-12.521129	8.475053	0	0	-0.16996714	0.98544973
19.706816	-12.600371	8.283497	0	0	-0.070737201	0.99749499
19.617472	-12.511028	8.499470	0	0	0	1
19.613209	-12.506765	8.509775	0	0	0	1
19.604019	-12.497574	8.531992	0	0	-0.070737201	0.99749499
19.590015	-12.483571	8.565843	0	0	-0.070737201	0.99749499
19.565298	-12.458855	8.625592	0	0	-0.070737201	0.99749499
19.844715	-12.738272	7.950145	0	0	-0.070737201	0.99749499
19.845377	-12.738933	7.948546	0	0	-0.070737201	0.99749499
19.846706	-12.740263	7.945332	0	0	-0.16996714	0.98544973
19.849009	-12.742564	7.939768	0	0	-0.070737201	0.99749499
19.860149	-12.753706	7.912836	0	0	-0.070737201	0.99749499
19.925661	-12.819217	7.754472	0	0	0	1
19.942734	-12.836289	7.713201	0	0	-0.16996714	0.98544973
20.337772	-13.231329	6.758257	0	0	-0.82533563	0.56464246
20.580473	-13.474029	6.171567	0	0	0	1
38.610744	-5.252932	1.692955	0	0	-0.87758258	0.4794255
38.600285	-5.269950	1.686689	0	0	-0.87758258	0.4794255
38.623249	-5.232419	1.699505	0	0	-0.87758258	0.4794255
38.591408	-5.284195	1.680230	0	0	-0.87758258	0.4794255
38.638275	-5.207491	1.705786	0	0	-0.82533563	0.56464246
38.656887	-5.176379	1.712195	0	0	-0.82533563	0.56464246
38.679596	-5.138102	1.718234	0	0	-0.87758258	0.4794255
38.683426	-5.118930	1.646592	0	0	-0.87758258	0.4794255
38.694458	-5.107775	1.692037	0	0	-0.87758258	0.4794255
38.711132	-5.085039	1.727165	0	0	-0.82533563	0.56464246
38.712502	-5.060351	1.599643	0	0	-0.82533563	0.56464246
38.729321	-5.047703	1.693830	0	0	-0.87758258	0.4794255
38.724899	-5.046982	1.645945	0	0	-0.82533563	0.56464246
38.743275	-5.030138	1.731562	0	0	-0.82533563	0.56464246
38.712917	-5.051979	1.555892	0	0	-0.82533563	0.56464246
38.489796	-5.409456	1.390280	0	0	-0.82533563	0.56464246
38.497269	-5.393265	1.371724	0	0	-0.87758258	0.4794255
38.470592	-5.445189	1.404409	0	0	-0.82533563	0.56464246
38.463291	-5.460264	1.418284	0	0	-0.82533563	0.56464246
38.812172	-4.908863	1.720492	0	0	-0.82533563	0.56464246
38.801453	-4.909076	1.615584	0	0	-0.87758258	0.4794255
38.816330	-4.893003	1.671002	0	0	-0.87758258	0.4794255
38.820694	-4.900974	1.759742	0	0	-0.82533563	0.56464246
38.556507	-5.246511	1.119410	0	0	-0.87758258	0.4794255
38.464802	-5.404322	1.113507	0	0	-0.87758258	0.4794255
18.025005	-10.918562	12.349006	0	0	-0.82533563	0.56464246
36.924046	-7.962181	0.480248	0	0	-0.82533563	0.56464246
36.892895	-7.771794	-0.916162	0	0	-0.82533563	0.56464246
21.706097	-14.599652	5.529373	0	0	0	1
36.193302	-9.067630	-0.435494	0	0	-0.92106097	0.38941839
16.124397	-9.001767	16.943947	0	0	-0.76484218	0.64421769
35.408760	-9.255854	-7.125755	0	0	0	1
35.161930	-9.740525	-6.799146	0	0	0	1
34.201305	-11.697093	-5.126264	0	0	-0.87758258	0.4794255
29.082470	-15.865388	-0.231008	0	0	0	1
33.255314	-14.359124	0.723223	0	0	-0.92106097	0.38941839
33.011627	-13.962823	-3.953831	0	0	0	1
24.859098	-17.752655	3.730510	0	0	0	1
32.429569	-15.290556	-2.127464	0	0	-0.98006658	0.19866933
24.496710	-6.553109	22.840012	0	0	-0.26749883	0.96355818
18.258512	-16.269781	11.619505	0	0	0.32328956	0.94630009
20.612604	-18.282515	7.366336	0	0	0	1
20.627705	-18.286560	7.354915	0	0	0	1
20.596739	-18.278263	7.378338	0	0	0	1
20.637497	-18.289185	7.347507	0	0	0	1
20.640907	-18.290098	7.344927	0	0	0	1
20.642324	-18.290478	7.343855	0	0	0	1
20.580484	-18.273907	7.390634	0	0	0	1
20.577543	-18.273119	7.392859	0	0	0	1
20.576696	-18.272892	7.393499	0	0	0	1
20.572485	-18.271763	7.396685	0	0	0	1
20.563204	-18.269278	7.403707	0	0	0	1
20.663885	-18.296255	7.327546	0	0	0	1
20.546700	-18.264854	7.416191	0	0	0	1
20.524534	-18.258915	7.432958	0	0	0	1
20.706991	-18.307804	7.294937	0	0	0	1
20.517202	-18.256950	7.438504	0	0	0	1
20.509817	-18.254972	7.444090	0	0	0	1
20.743521	-18.317593	7.267304	0	0	0	1
20.454700	-18.240204	7.485784	0	0	0	1
20.865526	-18.350285	7.175014	0	0	0	1
20.962002	-18.376135	7.102035	0	0	0	1
20.966360	-18.377302	7.098739	0	0	0	1
20.969124	-18.378042	7.096648	0	0	0	1
20.980955	-18.381214	7.087697	0	0	0	1
20.222202	-18.177906	7.661657	0	0	0	1
21.192207	-18.437819	6.927896	0	0	0	1
19.800392	-18.064882	7.980735	0	0	0	1
19.741364	-18.049065	8.025388	0	0	0	1
22.174776	-18.701097	6.184630	0	0	0	1
23.447523	-19.042128	5.221861	0	0	0	1
24.147102	-19.229580	4.692664	0	0	0	1
18.880476	-17.818392	10.086123	0	0	0.41614682	0.90929743
17.852299	-16.660950	12.575747	0	0	-0.69670669	0.71735611
18.188387	-17.632946	11.742800	0	0	0.41614682	0.90929743
29.157267	-19.474327	0.623921	0	0	0	1
24.688847	-20.686821	4.616104	0	0	0	1
31.404554	4.098880	26.310532	0	0	-0.95533648	0.29552023
23.903000	-20.897388	5.317519	0	0	0	1
29.923008	-19.284330	9.376380	0	0	0.99913515	0.041580682
14.723927	-7.528027	23.528360	0	0	-0.82533563	0.56464246
29.587078	-20.687216	0.577592	0	0	0	1
25.390907	-21.777096	4.314161	0	0	0	1
36.184925	-18.682917	0.988181	0	0	-0.95533648	0.29552023
36.180016	-18.685179	0.982505	0	0	-0.95533648	0.29552023
36.192013	-18.679413	0.993989	0	0	-0.95533648	0.29552023
36.176758	-18.686453	0.976516	0	0	-0.95533648	0.29552023
36.201996	-18.674189	0.999331	0	0	-0.95533648	0.29552023
36.215912	-18.666679	1.004528	0	0	-0.95533648	0.29552023
36.235493	-18.655827	1.009011	0	0	-0.95533648	0.29552023
36.263329	-18.640438	1.015766	0	0	-0.95533648	0.29552023
36.268360	-18.634031	0.981114	0	0	-0.98006658	0.19866933
36.284874	-18.619892	0.935525	0	0	-0.98006658	0.19866933
36.300667	-18.619074	1.017682	0	0	-0.95533648	0.29552023
36.310032	-18.609879	0.980171	0	0	-0.98006658	0.19866933
36.335472	-18.590281	0.931582	0	0	-0.95533648	0.29552023
36.365204	-18.584133	1.040653	0	0	-0.95533648	0.29552023
36.354111	-18.574829	0.885139	0	0	-0.95533648	0.29552023
36.381016	-18.571018	1.001190	0	0	-0.95533648	0.29552023
36.367798	-18.562447	0.840794	0	0	-0.95533648	0.29552023
36.161949	-18.669060	0.719704	0	0	-0.95533648	0.29552023
36.418262	-18.544371	0.950271	0	0	-0.98006658	0.19866933
36.164829	-18.665947	0.705346	0	0	-0.95533648	0.29552023
36.198410	-18.644943	0.689353	0	0	-0.95533648	0.29552023
36.443192	-18.524355	0.894615	0	0	-0.98006658	0.19866933
36.195324	-18.644815	0.670444	0	0	-0.98006658	0.19866933
36.018593	-18.721275	0.417278	0	0	-0.98006658	0.19866933
36.355247	-18.526159	0.409882	0	0	-0.98006658	0.19866933
34.361851	-19.483685	-1.504160	0	0	-0.95533648	0.29552023
33.175762	-20.313284	-0.070729	0	0	-0.95533648	0.29552023
30.367535	-20.896339	9.498260	0	0	0.97095818	0.23924928
32.288101	-20.738678	-0.932866	0	0	-0.95533648	0.29552023
31.813448	-20.987574	-1.181776	0	0	0	1
31.088013	-21.479450	-0.458724	0	0	0	1
17.685511	-20.565660	12.847632	0	0	-0.45359611	0.89120736
36.181877	-18.025599	-5.535848	0	0	0	1
19.184534	-22.161697	9.529024	0	0	0	1
37.102016	-17.401707	-6.452964	0	0	0	1
29.596918	-22.490475	1.027470	0	0	0	1
26.226711	-23.428858	4.044551	0	0	0	1
31.066992	-14.529128	22.452164	0	0	-0.62160997	0.7833269
18.433332	-22.362980	11.006049	0	0	0.58850112	0.8084964
14.098095	12.296392	27.632481	0	0	0.029199523	0.9995736
14.490088	-15.957376	20.617624	0	0	0.41614682	0.90929743
28.136572	-23.760395	2.554067	0	0	0	1
19.729761	12.803333	29.363832	0	0	-0.98006658	0.19866933
15.208470	-16.834480	20.553612	0	0	-0.36235775	0.93203909
31.580971	12.803333	28.326986	0	0	-0.99500417	0.099833397
18.432489	12.455730	29.363832	0	0	-0.95533648	0.29552023
27.731815	-24.192045	2.997421	0	0	0	1
17.742390	-22.548119	12.648042	0	0	0.58850112	0.8084964
30.192875	-23.086432	10.332590	0	0	0.90407214	0.42737988
23.532698	-20.996611	17.830957	0	0	0.029199523	0.9995736
24.706942	-22.461060	14.993405	0	0	0.1288445	0.99166481
31.964336	-23.478004	-0.673664	0	0	0	1
34.344067	-23.302443	-2.680350	0	0	0	1
31.744003	12.734735	30.190441	0	0	-0.99500417	0.099833397
26.006199	-24.251823	13.451089	0	0	0.41614682	0.90929743
28.351767	-24.563517	11.733786	0	0	0.80114363	0.59847213
12.646713	-14.555694	25.059446	0	0	-0.69670669	0.71735611
25.161234	-27.405273	5.932974	0	0	0	1
12.565911	-16.126410	25.201513	0	0	-0.62160997	0.7833269
43.622757	-0.991295	26.950085	0	0	0.97095818	0.23924928
34.789402	-16.044764	25.542179	0	0	-0.95533648	0.29552023
34.372993	-24.727282	13.605631	0	0	-0.98006658	0.19866933
9.974076	-2.867632	31.810852	0	0	-0.82533563	0.56464246
31.483990	-21.195494	22.259405	0	-0	-1	-4.371139e-08
40.927822	-6.008576	28.947571	0	0	0.97095818	0.23924928
12.814455	15.246786	31.787674	0	0	0.029199523	0.9995736
9.524960	3.968740	33.102497	0	0	0.22720209	0.97384763
14.097931	-22.328669	21.347496	0	0	0.58850112	0.8084964
18.608421	-28.559582	11.628969	0	0	0	1
9.778966	12.716949	32.778782	0	0	0.1288445	0.99166481
14.155334	-23.794388	21.163317	0	0	0.58850112	0.8084964
9.216177	-2.109733	33.642952	0	0	-0.45359611	0.89120736
30.961868	-23.855425	22.339462	0	0	0.99913515	0.041580682
12.017439	-15.979446	29.363832	0	0	-0.62160997	0.7833269
17.635109	-29.532894	12.678672	0	0	0	1
24.003342	-23.164660	25.979231	0	0	0.22720209	0.97384763
25.766865	-25.145031	23.660494	0	0	0	1
8.647145	-1.540701	35.018497	0	0	0	1
28.612413	-25.536261	22.852297	0	0	0.73739371	0.67546319
22.584007	-21.250811	28.674528	0	0	0.029199523	0.9995736
22.571798	-21.254082	28.814087	0	0	0.029199523	0.9995736
11.791485	-15.918901	30.852531	0	0	-0.62160997	0.7833269
25.750170	-25.207336	24.372658	0	0	0	1
21.660358	-25.507645	24.235634	0	0	-0.070737201	0.99749499
13.159555	-23.776085	24.235634	0	0	-0.45359611	0.89120736
23.917286	-23.250717	27.322905	0	0	0.22720209	0.97384763
38.574532	-19.836763	26.066425	0	0	-0.87758258	0.4794255
31.149117	-24.042671	25.263090	0	0	0.99913515	0.041580682
24.032846	-31.616478	12.634789	0	0	0.73739371	0.67546319
32.467705	6.371336	38.462387	0	0	-0.99500417	0.099833397
28.920752	-25.672218	24.406313	0	0	0.94222235	0.33498812
25.708158	-25.364126	26.164761	0	0	0	1
23.820057	-23.347946	28.841011	0	0	0.22720209	0.97384763
28.680977	-25.792141	25.777027	0	0	0.73739371	0.67546319
28.680983	-25.792166	25.777325	0	0	0.90407214	0.42737988
25.686548	-25.444780	27.086636	0	0	0	1
7.663958	-0.557514	37.395195	0	0	0.22720209	0.97384763
31.349586	-24.243141	28.393167	0	0	0.90407214	0.42737988
23.689272	-23.478731	30.883047	0	0	0.22720209	0.97384763
28.741560	-26.018244	28.361410	0	0	0.73739371	0.67546319
25.635300	-25.636042	29.272768	0	0	0	1
15.285771	-31.882231	18.206301	0	0	0.66627604	0.74570519
17.905739	-22.504349	32.227226	0	0	0.1288445	0.99166481
8.546617	-15.049442	34.822639	0	0	0.1288445	0.99166481
8.353258	-14.997632	35.285488	0	0	0.029199523	0.9995736
12.992978	16.362644	39.931984	0	0	0.029199523	0.9995736
10.342642	-24.530874	30.233192	0	0	0.1288445	0.99166481
6.198643	0.907801	40.937363	0	0	-0.87758258	0.4794255
45.576557	0.432204	38.154858	0	0	0.97095818	0.23924928
32.582539	21.046497	39.774940	0	0	-0.16996714	0.98544973
35.637341	-16.693701	37.644375	0	0	0.97095818	0.23924928
18.450045	8.008673	46.206760	0	0	-0.45359611	0.89120736
23.247072	-23.920929	37.787422	0	0	0.22720209	0.97384763
25.479370	-26.217974	35.924290	0	0	0.50484609	0.86320938
10.319672	21.305220	41.716621	0	0	0.029199523	0.9995736
9.871553	21.046497	41.761894	0	0	0.1288445	0.99166481
60.678295	-6.997284	25.295681	0	0	-0.87758258	0.4794255
35.242661	-22.897547	37.322525	0	0	-0.98006658	0.19866933
23.185598	-23.982405	38.747284	0	0	0.22720209	0.97384763
31.923998	-24.817554	37.361900	0	0	0.90407214	0.42737988
67.201332	-2.171849	14.809396	0	0	-0.92106097	0.38941839
23.123127	-24.044874	39.722675	0	0	0.22720209	0.97384763
28.947117	-26.785395	37.129967	0	0	0.73739371	0.67546319
25.431276	-26.397461	37.975845	0	0	0.50484609	0.86320938
25.429375	-26.404562	38.056995	0	0	0.50484609	0.86320938
21.297453	-21.595541	41.761894	0	0	0.029199523	0.9995736
21.426220	-21.561039	41.908100	0	0	0.029199523	0.9995736
4.423732	6.253218	45.343071	0	0	0.22720209	0.97384763
28.967340	-26.860867	37.992630	0	0	0.73739371	0.67546319
25.395592	-26.530643	39.498116	0	0	0.50484609	0.86320938
23.010900	-24.157103	41.474964	0	0	0.22720209	0.97384763
3.933030	3.173414	46.414124	0	0	0.22720209	0.97384763
33.082344	-15.928941	45.487759	0	0	-0.87758258	0.4794255
3.845247	3.261197	46.626328	0	0	-0.070737201	0.99749499
21.270132	-21.602863	43.692196	0	0	0.029199523	0.9995736
4.877321	-14.066257	43.605957	0	0	-0.26749883	0.96355818
10.756306	41.103642	31.363146	0	0	-0.070737201	0.99749499
20.468000	-18.243767	46.744984	0	0	-0.070737201	0.99749499
10.458027	42.216831	32.110466	0	0	-0.92106097	0.38941839
33.501091	-21.735973	45.314991	0	0	0.97095818	0.23924928
3.398827	-13.670096	47.145081	0	0	0.41614682	0.90929743
61.213245	29.364313	27.590240	0	0	-0.82533563	0.56464246
5.345377	-25.869888	42.108959	0	0	0.32328956	0.94630009
28.920752	48.008396	30.852531	0	0	-0.87758258	0.4794255
32.492275	-25.385832	46.234844	0	0	0.90407214	0.42737988
31.780043	48.008396	30.602375	0	0	-0.87758258	0.4794255
19.998716	-18.118023	52.108913	0	0	-0.070737201	0.99749499
1.533599	5.572846	52.214371	0	0	-0.26749883	0.96355818
22.503561	-24.664440	49.396416	0	0	0.22720209	0.97384763
29.205154	-27.748398	48.137154	0	0	0.73739371	0.67546319
34.372993	54.688499	20.553612	0	0	-0.26749883	0.96355818
64.703575	37.177132	17.489519	0	0	-0.54030229	0.84147099
0.887566	3.507285	53.688606	0	0	-0.45359611	0.89120736
25.170927	-27.369099	49.081696	0	0	0.50484609	0.86320938
20.418056	-21.831175	53.431469	0	0	0.029199523	0.9995736
24.803383	-28.740797	50.395302	0	0	0.73739371	0.67546319
19.294500	-17.929329	60.158142	0	0	-0.16996714	0.98544973
-1.583160	-12.593904	59.062290	0	0	0	1
-1.737901	-16.216568	59.314537	0	0	-0.62160997	0.7833269
-1.409011	-27.679720	58.160442	0	0	-0.45359611	0.89120736
73.058640	-26.959932	39.124958	0	0	0.98999249	0.14112005
4.113973	-43.054031	50.395302	0	0	0.66627604	0.74570519
-4.225478	11.331923	66.136024	0	0	-0.26749883	0.96355818
-7.851017	14.957460	74.900192	0	0	-0.16996714	0.98544973
88.380867	-26.804430	37.347553	0	0	-0.99500417	0.099833397
3.943080	66.530945	48.924591	0	0	-0.76484218	0.64421769
110.567894	20.082466	42.361324	0	0	-0.98006658	0.19866933
105.846222	-27.991730	50.918453	0	0	0.99913515	0.041580682
56.483673	89.491653	48.924591	0	0	-0.36235775	0.93203909
73.058640	85.050407	48.924591	0	0	-0.45359611	0.89120736
89.775871	75.398705	47.235764	0	0	-0.62160997	0.7833269
-3.544926	94.476562	67.194092	0	0	-0.54030229	0.84147099
-9.524583	116.792946	82.175789	0	0	-0.36235775	0.93203909
155.383331	45.978573	42.144535	0	0	-0.95533648	0.29552023
153.354004	43.402073	56.050900	0	0	-0.95533648	0.29552023
68.839417	135.603912	64.363686	0	0	-0.87758258	0.4794255
105.846222	125.687973	64.363686	0	0	-0.98006658	0.19866933
116.783371	119.373405	63.258778	0	0	-0.98006658	0.19866933
10.598328	-24.462364	165.671478	0	0	0.22720209	0.97384763
9.868123	-15.403539	167.902130	0	0	0.029199523	0.9995736
14.071995	-6.965550	173.570862	0	0	-0.26749883	0.96355818
31.336302	-60.478428	166.641510	0	0	0.97095818	0.23924928
127.145508	139.649475	49.952316	0	0	-0.87758258	0.4794255
76.755028	165.145386	53.868446	0	0	-0.36235775	0.93203909
22.282272	-1.911849	181.158737	0	0	-0.54030229	0.84147099
88.380867	162.030258	53.868446	0	0	-0.87758258	0.4794255
50.060432	65.519791	182.299377	0	0	-0.26749883	0.96355818
116.336342	-92.224304	170.052231	0	0	0.99913515	0.041580682
131.251907	84.083908	182.299377	0	0	0.99913515	0.041580682
186.329102	-38.965794	176.352554	0	0	0.99913515	0.041580682
186.329102	29.006712	182.299377	0	0	0.99913515	0.041580682
