-93.443771	-94.243370	7.347069	0	0	0.66627604	0.74570519
-93.503082	-94.205154	7.276083	0	0	0.66627604	0.74570519
-93.391594	-94.280586	7.433925	0	0	0.029199523	0.9995736
-93.573006	-94.169296	7.245791	0	0	-0.070737201	0.99749499
-93.345757	-94.316566	7.535299	0	0	0.029199523	0.9995736
-93.649734	-94.132866	7.221791	0	0	-0.070737201	0.99749499
-93.303207	-94.348969	7.638078	0	0	0.029199523	0.9995736
-93.729065	-94.097046	7.192964	0	0	-0.070737201	0.99749499
-93.801506	-94.055916	7.123392	0	0	-0.070737201	0.99749499
-93.850433	-94.032188	7.101964	0	0	-0.070737201	0.99749499
-93.236176	-94.140648	6.090176	0	0	0.029199523	0.9995736
-93.893402	-94.657928	5.655656	0	0	0.029199523	0.9995736
-93.899117	-96.036369	4.956502	0	0	0.66627604	0.74570519
-95.640541	-96.382446	7.975211	0	0	-0.070737201	0.99749499
-96.292458	-92.598686	12.044782	0	0	0.58850112	0.8084964
-96.360565	-92.555382	11.988317	0	0	0.50484609	0.86320938
-96.223106	-92.645813	12.103331	0	0	0.58850112	0.8084964
-96.420456	-92.525314	11.941476	0	0	0.58850112	0.8084964
-96.152458	-92.696114	12.163786	0	0	0.58850112	0.8084964
-96.482826	-92.497177	11.893802	0	0	0.58850112	0.8084964
-96.083199	-92.743942	12.222526	0	0	0.58850112	0.8084964
-96.549210	-92.468834	11.843622	0	0	0.58850112	0.8084964
-96.626228	-92.425056	11.781594	0	0	0.58850112	0.8084964
-96.668419	-92.405220	11.749064	0	0	0.50484609	0.86320938
-96.632874	-92.179558	11.691616	0	0	-0.070737201	0.99749499
-97.378426	-92.645844	11.402761	0	0	-0.070737201	0.99749499
-97.863594	-93.747482	11.494246	0	0	0.66627604	0.74570519
-97.996323	-95.022339	11.860088	0	0	-0.070737201	0.99749499
-94.799759	-100.165497	3.639958	0	0	0.66627604	0.74570519
-96.694374	-101.427315	7.224363	0	0	0.66627604	0.74570519
-99.665932	-97.356018	11.664674	0	0	0.66627604	0.74570519
-99.814323	-99.626007	12.369420	0	0	0.66627604	0.74570519
-85.815201	-101.871948	7.347069	0	0	0.22720209	0.97384763
-85.825745	-101.882492	7.276083	0	0	0.22720209	0.97384763
-85.807716	-101.864464	7.433925	0	0	0.50484609	0.86320938
-85.842773	-101.899521	7.245791	0	0	0.50484609	0.86320938
-85.862923	-101.919670	7.221791	0	0	0.50484609	0.86320938
-85.884682	-101.941429	7.192964	0	0	0.50484609	0.86320938
-85.802788	-101.859535	7.535299	0	0	0.50484609	0.86320938
-85.900337	-101.957085	7.123392	0	0	0.50484609	0.86320938
-85.912941	-101.969681	7.101964	0	0	0.50484609	0.86320938
-85.797714	-101.854462	7.638078	0	0	0.50484609	0.86320938
-85.660034	-101.716782	6.090176	0	0	0.66627604	0.74570519
-86.247292	-102.304039	5.655656	0	0	0.66627604	0.74570519
-86.939369	-102.996117	4.956502	0	0	0.029199523	0.9995736
-87.983124	-104.039871	7.975211	0	0	0.029199523	0.9995736
-89.454254	-105.511002	3.639958	0	0	0.66627604	0.74570519
-91.032471	-107.089218	7.224363	0	0	0.66627604	0.74570519
-101.784554	-118.064934	8.357716	0	0	0.029199523	0.9995736
-105.557526	-115.886612	14.579658	0	0	0.029199523	0.9995736
-119.488976	-116.760269	2.981118	0	0	-0.070737201	0.99749499
-120.895386	-115.948280	5.300406	0	0	-0.070737201	0.99749499
-110.096252	-126.153000	2.981118	0	0	0.41614682	0.90929743
-27.312975	-111.963066	7.347069	0	0	0.58850112	0.8084964
-27.307392	-111.942230	7.276083	0	0	0.58850112	0.8084964
-27.318783	-111.984741	7.433925	0	0	0.58850112	0.8084964
-27.303112	-111.926254	7.245791	0	0	0.58850112	0.8084964
-27.299145	-111.911453	7.221791	0	0	0.58850112	0.8084964
-27.295504	-111.897865	7.192964	0	0	0.58850112	0.8084964
-27.324707	-112.006851	7.535299	0	0	0.58850112	0.8084964
-27.290073	-111.877602	7.123392	0	0	0.58850112	0.8084964
-27.287420	-111.867699	7.101964	0	0	0.58850112	0.8084964
-27.329958	-112.026451	7.638078	0	0	0.58850112	0.8084964
-27.273386	-111.815323	6.090176	0	0	0.66627604	0.74570519
-27.446733	-112.462257	5.655656	0	0	0.66627604	0.74570519
-27.994900	-114.508041	7.975211	0	0	0.66627604	0.74570519
-27.791727	-113.749794	4.956502	0	0	0.50484609	0.86320938
-28.884340	-117.827484	3.639958	0	0	0.50484609	0.86320938
-29.326710	-119.478424	7.224363	0	0	0.32328956	0.94630009
-33.827091	-136.274078	8.357716	0	0	0.58850112	0.8084964
-34.686897	-139.482925	2.981118	0	0	0.58850112	0.8084964
-120.545395	-164.969681	16.656086	0	0	0.029199523	0.9995736
-122.994576	-163.555649	20.694983	0	0	0.029199523	0.9995736
-46.810017	-184.727020	16.656086	0	0	0.22720209	0.97384763
-123.900558	-191.801422	30.034548	0	0	0.80114363	0.59847213
11.589132	-69.747200	12.562258	0	0	0.73739371	0.67546319
11.589888	-69.750015	12.560283	0	0	0.73739371	0.67546319
11.588238	-69.743858	12.564595	0	0	0.73739371	0.67546319
11.584340	-69.729317	12.574781	0	0	0.73739371	0.67546319
11.583405	-69.725830	12.577222	0	0	0.73739371	0.67546319
11.579510	-69.711288	12.587403	0	0	0.73739371	0.67546319
11.576513	-69.700104	12.595234	0	0	0.73739371	0.67546319
11.570185	-69.676483	12.611771	0	0	0.73739371	0.67546319
11.568156	-69.668915	12.617073	0	0	0.73739371	0.67546319
11.564412	-69.654938	12.626858	0	0	0.73739371	0.67546319
11.732772	-70.283272	12.186896	0	0	0.73739371	0.67546319
11.780396	-70.461006	12.062446	0	0	0.73739371	0.67546319
11.843486	-70.696457	11.897579	0	0	0.73739371	0.67546319
12.163645	-71.891304	11.060936	0	0	0.73739371	0.67546319
12.687503	-73.846375	9.691984	0	0	0.73739371	0.67546319
12.988659	-74.970299	8.905001	0	0	0.73739371	0.67546319
14.779571	-81.654076	4.224971	0	0	0.73739371	0.67546319
16.073969	-86.484840	8.357716	0	0	0.73739371	0.67546319
26.543417	-125.557350	16.656086	0	0	0.94222235	0.33498812
10.509074	-30.977955	39.215168	0	0	0	1
10.509074	-30.977955	39.215168	0	0	0	1
10.509074	-30.977955	39.215168	0	0	0	1
10.509074	-30.977955	39.215168	0	0	0	1
10.509074	-30.977955	39.215168	0	0	0	1
10.509074	-30.977955	39.215168	0	0	0	1
10.509074	-30.977955	39.215168	0	0	0	1
10.509074	-30.977955	39.215168	0	0	0	1
10.509074	-30.977955	39.215168	0	0	0	1
10.509074	-30.977955	39.215168	0	0	0	1
10.509074	-30.977955	39.215168	0	0	0	1
10.509074	-30.977955	39.215168	0	0	0	1
10.509074	-30.977955	39.215168	0	0	0	1
10.509074	-30.977955	39.215168	0	0	0	1
10.509074	-30.977955	39.215168	0	0	0	1
10.509074	-30.977955	39.215168	0	0	0	1
10.509074	-30.977955	39.215168	0	0	0	1
11.987188	-32.456070	37.801350	0	0	0.85688874	0.51550139
18.919342	-39.388222	31.170736	0	0	0	1
-23.582451	-268.242432	27.565187	0	0	0.90407214	0.42737988
8.499145	-268.242432	16.166265	0	0	0.94222235	0.33498812
113.702736	-49.320484	72.040543	0	0	0.80114363	0.59847213
113.702736	-49.320484	72.040543	0	0	0.80114363	0.59847213
113.702736	-49.320484	72.040543	0	0	0.99913515	0.041580682
113.702736	-49.320484	72.040543	0	0	-0.92106097	0.38941839
113.702736	-49.320484	72.040543	0	0	0.80114363	0.59847213
113.702736	-49.320484	72.040543	0	0	0.80114363	0.59847213
113.702736	-49.320484	72.040543	0	0	0.80114363	0.59847213
113.702736	-49.320484	72.040543	0	0	0.80114363	0.59847213
113.702736	-49.320484	72.040543	0	0	0.80114363	0.59847213
113.702736	-49.320484	72.040543	0	0	0.80114363	0.59847213
113.702736	-49.320484	72.040543	0	0	0.80114363	0.59847213
113.702736	-49.320484	72.040543	0	0	0.80114363	0.59847213
113.702736	-49.320484	72.040543	0	0	0.80114363	0.59847213
113.702736	-49.320484	72.040543	0	0	0.80114363	0.59847213
113.702736	-49.320484	72.040543	0	0	0.80114363	0.59847213
113.702736	-49.320484	72.040543	0	0	0.80114363	0.59847213
113.702736	-49.320484	72.040543	0	0	0.80114363	0.59847213
113.702736	-49.320484	72.040543	0	0	0.80114363	0.59847213
113.702736	-49.320484	72.040543	0	0	0.80114363	0.59847213
113.702736	-49.320484	72.040543	0	0	0.80114363	0.59847213
61.005951	-254.173279	16.166265	0	0	0.97095818	0.23924928
128.136353	-148.605225	16.166265	0	0	0.99913515	0.041580682
