-181.891556	-131.435059	2.922452	0.000000	0.000000	1.658407
-291.576050	-70.986458	2.922452	0.000000	0.000000	1.058407
-309.597626	-3.728992	2.922452	0.000000	0.000000	0.858407
-309.597626	-3.728992	2.922452	0.000000	0.000000	0.858407
-309.597626	-3.728992	2.922452	0.000000	0.000000	0.858407
-247.594437	103.663689	2.219851	0.000000	0.000000	0.258407
-122.211517	104.458427	2.238300	0.000000	0.000000	-0.141593
-181.891556	-131.435059	2.922452	0.000000	0.000000	1.658407
-291.576050	-70.986458	2.922452	0.000000	0.000000	1.058407
-309.597626	-3.728992	2.922452	0.000000	0.000000	0.858407
-309.597626	-3.728992	2.922452	0.000000	0.000000	0.858407
-309.597626	-3.728992	2.922452	0.000000	0.000000	0.858407
-247.594437	103.663689	2.219851	0.000000	0.000000	0.258407
-122.211517	104.458427	2.238300	0.000000	0.000000	-0.141593
-181.891556	-131.435059	2.922452	0.000000	0.000000	1.658407
-291.576050	-70.986458	2.922452	0.000000	0.000000	1.058407
-309.597626	-3.728992	2.922452	0.000000	0.000000	0.858407
-309.597626	-3.728992	2.922452	0.000000	0.000000	0.858407
-309.597626	-3.728992	2.922452	0.000000	0.000000	0.858407
-247.594437	103.663689	2.219851	0.000000	0.000000	0.258407
-122.211517	104.458427	2.238300	0.000000	0.000000	-0.141593
-181.891556	-131.435059	2.922452	0.000000	0.000000	1.658407
-291.576050	-70.986458	2.922452	0.000000	0.000000	1.058407
-309.597626	-3.728992	2.922452	0.000000	0.000000	0.858407
-309.597626	-3.728992	2.922452	0.000000	0.000000	0.858407
-309.597626	-3.728992	2.922452	0.000000	0.000000	0.858407
-247.594437	103.663689	2.219851	0.000000	0.000000	0.258407
-122.211517	104.458427	2.238300	0.000000	0.000000	-0.141593
-181.891556	-131.435059	2.922452	0.000000	0.000000	1.658407
-291.576050	-70.986458	2.922452	0.000000	0.000000	1.058407
-309.597626	-3.728992	2.922452	0.000000	0.000000	0.858407
-309.597626	-3.728992	2.922452	0.000000	0.000000	0.858407
-309.597626	-3.728992	2.922452	0.000000	0.000000	0.858407
-247.594437	103.663689	2.219851	0.000000	0.000000	0.258407
-122.211517	104.458427	2.238300	0.000000	0.000000	-0.141593
-181.891556	-131.435059	2.922452	0.000000	0.000000	1.658407
-291.576050	-70.986458	2.922452	0.000000	0.000000	1.058407
-309.597626	-3.728992	2.922452	0.000000	0.000000	0.858407
-309.597626	-3.728992	2.922452	0.000000	0.000000	0.858407
-309.597626	-3.728992	2.922452	0.000000	0.000000	0.858407
-247.594437	103.663689	2.219851	0.000000	0.000000	0.258407
-122.211517	104.458427	2.238300	0.000000	0.000000	-0.141593
-181.891556	-131.435059	2.922452	0.000000	0.000000	1.658407
-291.576050	-70.986458	2.922452	0.000000	0.000000	1.058407
-309.597626	-3.728992	2.922452	0.000000	0.000000	0.858407
-309.597626	-3.728992	2.922452	0.000000	0.000000	0.858407
-309.597626	-3.728992	2.922452	0.000000	0.000000	0.858407
-247.594437	103.663689	2.219851	0.000000	0.000000	0.258407
-122.211517	104.458427	2.238300	0.000000	0.000000	-0.141593
-181.891556	-131.435059	2.922452	0.000000	0.000000	1.658407
-291.576050	-70.986458	2.922452	0.000000	0.000000	1.058407
-309.597626	-3.728992	2.922452	0.000000	0.000000	0.858407
-309.597626	-3.728992	2.922452	0.000000	0.000000	0.858407
-309.597626	-3.728992	2.922452	0.000000	0.000000	0.858407
-247.594437	103.663689	2.219851	0.000000	0.000000	0.258407
-122.211517	104.458427	2.238300	0.000000	0.000000	-0.141593
-181.891556	-131.435059	2.922452	0.000000	0.000000	1.658407
-291.576050	-70.986458	2.922452	0.000000	0.000000	1.058407
-309.597626	-3.728992	2.922452	0.000000	0.000000	0.858407
-309.597626	-3.728992	2.922452	0.000000	0.000000	0.858407
-309.597626	-3.728992	2.922452	0.000000	0.000000	0.858407
-247.594437	103.663689	2.219851	0.000000	0.000000	0.258407
-122.211517	104.458427	2.238300	0.000000	0.000000	-0.141593
-181.891556	-131.435059	2.922452	0.000000	0.000000	1.658407
-291.576050	-70.986458	2.922452	0.000000	0.000000	1.058407
-309.597626	-3.728992	2.922452	0.000000	0.000000	0.858407
-309.597626	-3.728992	2.922452	0.000000	0.000000	0.858407
-309.597626	-3.728992	2.922452	0.000000	0.000000	0.858407
-247.594437	103.663689	2.219851	0.000000	0.000000	0.258407
-122.211517	104.458427	2.238300	0.000000	0.000000	-0.141593
-181.891556	-131.435059	2.922452	0.000000	0.000000	1.658407
-291.576050	-70.986458	2.922452	0.000000	0.000000	1.058407
-309.597626	-3.728992	2.922452	0.000000	0.000000	0.858407
-309.597626	-3.728992	2.922452	0.000000	0.000000	0.858407
-309.597626	-3.728992	2.922452	0.000000	0.000000	0.858407
-247.594437	103.663689	2.219851	0.000000	0.000000	0.258407
-122.211517	104.458427	2.238300	0.000000	0.000000	-0.141593
-181.891556	-131.435059	2.922452	0.000000	0.000000	1.658407
-291.576050	-70.986458	2.922452	0.000000	0.000000	1.058407
-309.597626	-3.728992	2.922452	0.000000	0.000000	0.858407
-309.597626	-3.728992	2.922452	0.000000	0.000000	0.858407
-309.597626	-3.728992	2.922452	0.000000	0.000000	0.858407
-247.594437	103.663689	2.219851	0.000000	0.000000	0.258407
-122.211517	104.458427	2.238300	0.000000	0.000000	-0.141593
-181.891556	-131.435059	2.922452	0.000000	0.000000	1.658407
-291.576050	-70.986458	2.922452	0.000000	0.000000	1.058407
-309.597626	-3.728992	2.922452	0.000000	0.000000	0.858407
-309.597626	-3.728992	2.922452	0.000000	0.000000	0.858407
-309.597626	-3.728992	2.922452	0.000000	0.000000	0.858407
-247.594437	103.663689	2.219851	0.000000	0.000000	0.258407
-122.211517	104.458427	2.238300	0.000000	0.000000	-0.141593
-181.891556	-131.435059	2.922452	0.000000	0.000000	1.658407
-291.576050	-70.986458	2.922452	0.000000	0.000000	1.058407
-309.597626	-3.728992	2.922452	0.000000	0.000000	0.858407
-309.597626	-3.728992	2.922452	0.000000	0.000000	0.858407
-309.597626	-3.728992	2.922452	0.000000	0.000000	0.858407
-247.594437	103.663689	2.219851	0.000000	0.000000	0.258407
-122.211517	104.458427	2.238300	0.000000	0.000000	-0.141593
-181.891556	-131.435059	2.922452	0.000000	0.000000	1.658407
-291.576050	-70.986458	2.922452	0.000000	0.000000	1.058407
-309.597626	-3.728992	2.922452	0.000000	0.000000	0.858407
-309.597626	-3.728992	2.922452	0.000000	0.000000	0.858407
-309.597626	-3.728992	2.922452	0.000000	0.000000	0.858407
-247.594437	103.663689	2.219851	0.000000	0.000000	0.258407
-122.211517	104.458427	2.238300	0.000000	0.000000	-0.141593
-181.891556	-131.435059	2.922452	0.000000	0.000000	1.658407
-291.576050	-70.986458	2.922452	0.000000	0.000000	1.058407
-309.597626	-3.728992	2.922452	0.000000	0.000000	0.858407
-309.597626	-3.728992	2.922452	0.000000	0.000000	0.858407
-309.597626	-3.728992	2.922452	0.000000	0.000000	0.858407
-247.594437	103.663689	2.219851	0.000000	0.000000	0.258407
-122.211517	104.458427	2.238300	0.000000	0.000000	-0.141593
-181.891556	-131.435059	2.922452	0.000000	0.000000	1.658407
-291.576050	-70.986458	2.922452	0.000000	0.000000	1.058407
-309.597626	-3.728992	2.922452	0.000000	0.000000	0.858407
-309.597626	-3.728992	2.922452	0.000000	0.000000	0.858407
-309.597626	-3.728992	2.922452	0.000000	0.000000	0.858407
-247.594437	103.663689	2.219851	0.000000	0.000000	0.258407
-122.211517	104.458427	2.238300	0.000000	0.000000	-0.141593
-181.891556	-131.435059	2.922452	0.000000	0.000000	1.658407
-291.576050	-70.986458	2.922452	0.000000	0.000000	1.058407
-309.597626	-3.728992	2.922452	0.000000	0.000000	0.858407
-309.597626	-3.728992	2.922452	0.000000	0.000000	0.858407
-309.597626	-3.728992	2.922452	0.000000	0.000000	0.858407
-247.594437	103.663689	2.219851	0.000000	0.000000	0.258407
-122.211517	104.458427	2.238300	0.000000	0.000000	-0.141593
-181.891556	-131.435059	2.922452	0.000000	0.000000	1.658407
-291.576050	-70.986458	2.922452	0.000000	0.000000	1.058407
-309.597626	-3.728992	2.922452	0.000000	0.000000	0.858407
-309.597626	-3.728992	2.922452	0.000000	0.000000	0.858407
-309.597626	-3.728992	2.922452	0.000000	0.000000	0.858407
-247.594437	103.663689	2.219851	0.000000	0.000000	0.258407
-122.211517	104.458427	2.238300	0.000000	0.000000	-0.141593
-181.891556	-131.435059	2.922452	0.000000	0.000000	1.658407
-291.576050	-70.986458	2.922452	0.000000	0.000000	1.058407
-309.597626	-3.728992	2.922452	0.000000	0.000000	0.858407
-309.597626	-3.728992	2.922452	0.000000	0.000000	0.858407
-309.597626	-3.728992	2.922452	0.000000	0.000000	0.858407
-247.594437	103.663689	2.219851	0.000000	0.000000	0.258407
-122.211517	104.458427	2.238300	0.000000	0.000000	-0.141593
