50.968727	232.523529	5.027442	-0.941593	50.968727	232.523529	5.027442
50.968727	232.523529	5.027442	-0.941593	50.968727	232.523529	5.027442
50.968727	232.523529	5.027442	-0.941593	-45.301796	206.727921	5.027442
-45.301796	206.727921	5.027442	-0.541593	-92.044701	89.510101	5.027442
-92.044701	89.510101	5.027442	0.058407	154.377060	53.415035	10.235948
154.377060	53.415035	10.235948	3.058407	142.277557	179.806351	6.801314
142.277557	179.806351	6.801314	-1.341593	112.702583	-106.564743	-68.274849
50.968727	232.523529	5.027442	-0.941593	50.968727	232.523529	5.027442
50.968727	232.523529	5.027442	-0.941593	50.968727	232.523529	5.027442
50.968727	232.523529	5.027442	-0.941593	-45.301796	206.727921	5.027442
-45.301796	206.727921	5.027442	-0.541593	-92.044701	89.510101	5.027442
-92.044701	89.510101	5.027442	0.058407	154.377060	53.415035	10.235948
154.377060	53.415035	10.235948	3.058407	142.277557	179.806351	6.801314
142.277557	179.806351	6.801314	-1.341593	112.702583	-106.564743	-68.274849
50.968727	232.523529	5.027442	-0.941593	50.968727	232.523529	5.027442
50.968727	232.523529	5.027442	-0.941593	50.968727	232.523529	5.027442
50.968727	232.523529	5.027442	-0.941593	-45.301796	206.727921	5.027442
-45.301796	206.727921	5.027442	-0.541593	-92.044701	89.510101	5.027442
-92.044701	89.510101	5.027442	0.058407	154.377060	53.415035	10.235948
154.377060	53.415035	10.235948	3.058407	142.277557	179.806351	6.801314
142.277557	179.806351	6.801314	-1.341593	112.702583	-106.564743	-68.274849
50.968727	232.523529	5.027442	-0.941593	50.968727	232.523529	5.027442
50.968727	232.523529	5.027442	-0.941593	50.968727	232.523529	5.027442
50.968727	232.523529	5.027442	-0.941593	-45.301796	206.727921	5.027442
-45.301796	206.727921	5.027442	-0.541593	-92.044701	89.510101	5.027442
-92.044701	89.510101	5.027442	0.058407	154.377060	53.415035	10.235948
154.377060	53.415035	10.235948	3.058407	142.277557	179.806351	6.801314
142.277557	179.806351	6.801314	-1.341593	112.702583	-106.564743	-68.274849
50.968727	232.523529	5.027442	-0.941593	50.968727	232.523529	5.027442
50.968727	232.523529	5.027442	-0.941593	50.968727	232.523529	5.027442
50.968727	232.523529	5.027442	-0.941593	-45.301796	206.727921	5.027442
-45.301796	206.727921	5.027442	-0.541593	-92.044701	89.510101	5.027442
-92.044701	89.510101	5.027442	0.058407	154.377060	53.415035	10.235948
154.377060	53.415035	10.235948	3.058407	142.277557	179.806351	6.801314
142.277557	179.806351	6.801314	-1.341593	112.702583	-106.564743	-68.274849
50.968727	232.523529	5.027442	-0.941593	50.968727	232.523529	5.027442
50.968727	232.523529	5.027442	-0.941593	50.968727	232.523529	5.027442
50.968727	232.523529	5.027442	-0.941593	-45.301796	206.727921	5.027442
-45.301796	206.727921	5.027442	-0.541593	-92.044701	89.510101	5.027442
-92.044701	89.510101	5.027442	0.058407	154.377060	53.415035	10.235948
154.377060	53.415035	10.235948	3.058407	142.277557	179.806351	6.801314
142.277557	179.806351	6.801314	-1.341593	112.702583	-106.564743	-68.274849
50.968727	232.523529	5.027442	-0.941593	50.968727	232.523529	5.027442
50.968727	232.523529	5.027442	-0.941593	50.968727	232.523529	5.027442
50.968727	232.523529	5.027442	-0.941593	-45.301796	206.727921	5.027442
-45.301796	206.727921	5.027442	-0.541593	-92.044701	89.510101	5.027442
-92.044701	89.510101	5.027442	0.058407	154.377060	53.415035	10.235948
154.377060	53.415035	10.235948	3.058407	142.277557	179.806351	6.801314
142.277557	179.806351	6.801314	-1.341593	112.702583	-106.564743	-68.274849
50.968727	232.523529	5.027442	-0.941593	50.968727	232.523529	5.027442
50.968727	232.523529	5.027442	-0.941593	50.968727	232.523529	5.027442
50.968727	232.523529	5.027442	-0.941593	-45.301796	206.727921	5.027442
-45.301796	206.727921	5.027442	-0.541593	-92.044701	89.510101	5.027442
-92.044701	89.510101	5.027442	0.058407	154.377060	53.415035	10.235948
154.377060	53.415035	10.235948	3.058407	142.277557	179.806351	6.801314
142.277557	179.806351	6.801314	-1.341593	112.702583	-106.564743	-68.274849
50.968727	232.523529	5.027442	-0.941593	50.968727	232.523529	5.027442
50.968727	232.523529	5.027442	-0.941593	50.968727	232.523529	5.027442
50.968727	232.523529	5.027442	-0.941593	-45.301796	206.727921	5.027442
-45.301796	206.727921	5.027442	-0.541593	-92.044701	89.510101	5.027442
-92.044701	89.510101	5.027442	0.058407	154.377060	53.415035	10.235948
154.377060	53.415035	10.235948	3.058407	142.277557	179.806351	6.801314
142.277557	179.806351	6.801314	-1.341593	112.702583	-106.564743	-68.274849
50.968727	232.523529	5.027442	-0.941593	50.968727	232.523529	5.027442
50.968727	232.523529	5.027442	-0.941593	50.968727	232.523529	5.027442
50.968727	232.523529	5.027442	-0.941593	-45.301796	206.727921	5.027442
-45.301796	206.727921	5.027442	-0.541593	-92.044701	89.510101	5.027442
-92.044701	89.510101	5.027442	0.058407	154.377060	53.415035	10.235948
154.377060	53.415035	10.235948	3.058407	142.277557	179.806351	6.801314
142.277557	179.806351	6.801314	-1.341593	112.702583	-106.564743	-68.274849
50.968727	232.523529	5.027442	-0.941593	50.968727	232.523529	5.027442
50.968727	232.523529	5.027442	-0.941593	50.968727	232.523529	5.027442
50.968727	232.523529	5.027442	-0.941593	-45.301796	206.727921	5.027442
-45.301796	206.727921	5.027442	-0.541593	-92.044701	89.510101	5.027442
-92.044701	89.510101	5.027442	0.058407	154.377060	53.415035	10.235948
154.377060	53.415035	10.235948	3.058407	142.277557	179.806351	6.801314
142.277557	179.806351	6.801314	-1.341593	112.702583	-106.564743	-68.274849
50.968727	232.523529	5.027442	-0.941593	50.968727	232.523529	5.027442
50.968727	232.523529	5.027442	-0.941593	50.968727	232.523529	5.027442
50.968727	232.523529	5.027442	-0.941593	-45.301796	206.727921	5.027442
-45.301796	206.727921	5.027442	-0.541593	-92.044701	89.510101	5.027442
-92.044701	89.510101	5.027442	0.058407	154.377060	53.415035	10.235948
154.377060	53.415035	10.235948	3.058407	142.277557	179.806351	6.801314
142.277557	179.806351	6.801314	-1.341593	112.702583	-106.564743	-68.274849
50.968727	232.523529	5.027442	-0.941593	50.968727	232.523529	5.027442
50.968727	232.523529	5.027442	-0.941593	50.968727	232.523529	5.027442
50.968727	232.523529	5.027442	-0.941593	-45.301796	206.727921	5.027442
-45.301796	206.727921	5.027442	-0.541593	-92.044701	89.510101	5.027442
-92.044701	89.510101	5.027442	0.058407	154.377060	53.415035	10.235948
154.377060	53.415035	10.235948	3.058407	142.277557	179.806351	6.801314
142.277557	179.806351	6.801314	-1.341593	112.702583	-106.564743	-68.274849
50.968727	232.523529	5.027442	-0.941593	50.968727	232.523529	5.027442
50.968727	232.523529	5.027442	-0.941593	50.968727	232.523529	5.027442
50.968727	232.523529	5.027442	-0.941593	-45.301796	206.727921	5.027442
-45.301796	206.727921	5.027442	-0.541593	-92.044701	89.510101	5.027442
-92.044701	89.510101	5.027442	0.058407	154.377060	53.415035	10.235948
154.377060	53.415035	10.235948	3.058407	142.277557	179.806351	6.801314
142.277557	179.806351	6.801314	-1.341593	112.702583	-106.564743	-68.274849
50.968727	232.523529	5.027442	-0.941593	50.968727	232.523529	5.027442
50.968727	232.523529	5.027442	-0.941593	50.968727	232.523529	5.027442
50.968727	232.523529	5.027442	-0.941593	-45.301796	206.727921	5.027442
-45.301796	206.727921	5.027442	-0.541593	-92.044701	89.510101	5.027442
-92.044701	89.510101	5.027442	0.058407	154.377060	53.415035	10.235948
154.377060	53.415035	10.235948	3.058407	142.277557	179.806351	6.801314
142.277557	179.806351	6.801314	-1.341593	112.702583	-106.564743	-68.274849
50.968727	232.523529	5.027442	-0.941593	50.968727	232.523529	5.027442
50.968727	232.523529	5.027442	-0.941593	50.968727	232.523529	5.027442
50.968727	232.523529	5.027442	-0.941593	-45.301796	206.727921	5.027442
-45.301796	206.727921	5.027442	-0.541593	-92.044701	89.510101	5.027442
-92.044701	89.510101	5.027442	0.058407	154.377060	53.415035	10.235948
154.377060	53.415035	10.235948	3.058407	142.277557	179.806351	6.801314
142.277557	179.806351	6.801314	-1.341593	112.702583	-106.564743	-68.274849
50.968727	232.523529	5.027442	-0.941593	50.968727	232.523529	5.027442
50.968727	232.523529	5.027442	-0.941593	50.968727	232.523529	5.027442
50.968727	232.523529	5.027442	-0.941593	-45.301796	206.727921	5.027442
-45.301796	206.727921	5.027442	-0.541593	-92.044701	89.510101	5.027442
-92.044701	89.510101	5.027442	0.058407	154.377060	53.415035	10.235948
154.377060	53.415035	10.235948	3.058407	142.277557	179.806351	6.801314
142.277557	179.806351	6.801314	-1.341593	112.702583	-106.564743	-68.274849
50.968727	232.523529	5.027442	-0.941593	50.968727	232.523529	5.027442
50.968727	232.523529	5.027442	-0.941593	50.968727	232.523529	5.027442
50.968727	232.523529	5.027442	-0.941593	-45.301796	206.727921	5.027442
-45.301796	206.727921	5.027442	-0.541593	-92.044701	89.510101	5.027442
-92.044701	89.510101	5.027442	0.058407	154.377060	53.415035	10.235948
154.377060	53.415035	10.235948	3.058407	142.277557	179.806351	6.801314
142.277557	179.806351	6.801314	-1.341593	112.702583	-106.564743	-68.274849
50.968727	232.523529	5.027442	-0.941593	50.968727	232.523529	5.027442
50.968727	232.523529	5.027442	-0.941593	50.968727	232.523529	5.027442
50.968727	232.523529	5.027442	-0.941593	-45.301796	206.727921	5.027442
-45.301796	206.727921	5.027442	-0.541593	-92.044701	89.510101	5.027442
-92.044701	89.510101	5.027442	0.058407	154.377060	53.415035	10.235948
154.377060	53.415035	10.235948	3.058407	142.277557	179.806351	6.801314
142.277557	179.806351	6.801314	-1.341593	112.702583	-106.564743	-68.274849
50.968727	232.523529	5.027442	-0.941593	50.968727	232.523529	5.027442
50.968727	232.523529	5.027442	-0.941593	50.968727	232.523529	5.027442
50.968727	232.523529	5.027442	-0.941593	-45.301796	206.727921	5.027442
-45.301796	206.727921	5.027442	-0.541593	-92.044701	89.510101	5.027442
-92.044701	89.510101	5.027442	0.058407	154.377060	53.415035	10.235948
154.377060	53.415035	10.235948	3.058407	142.277557	179.806351	6.801314
142.277557	179.806351	6.801314	-1.341593	112.702583	-106.564743	-68.274849
