5.479876	-7.663525	91.705383	0	0	-0.45359611	0.89120736
5.265540	-7.732351	91.543312	0	0	-0.45359611	0.89120736
5.707130	-7.897659	91.498894	0	0	-0.98006658	0.19866933
5.511302	-7.931147	91.338524	0	0	-0.45359611	0.89120736
5.537591	-7.268173	91.934265	0	0	-0.45359611	0.89120736
5.667458	-8.038980	91.263290	0	0	-0.98006658	0.19866933
4.994254	-7.952675	91.323929	0	0	-0.45359611	0.89120736
5.218890	-8.052429	91.192795	0	0	-0.45359611	0.89120736
5.416093	-8.138058	91.092087	0	0	-0.98006658	0.19866933
4.663816	-7.710564	91.631149	0	0	-0.45359611	0.89120736
4.763777	-8.241098	91.118744	0	0	-0.98006658	0.19866933
4.563228	-8.684973	90.813980	0	0	-0.45359611	0.89120736
4.837029	-8.814217	90.617081	0	0	-0.98006658	0.19866933
4.530525	-9.406851	90.400917	0	0	-0.54030229	0.84147099
4.622113	-9.587779	90.296326	0	0	-0.95533648	0.29552023
4.746024	-9.889521	89.758713	0	0	-0.54030229	0.84147099
4.810187	-9.996349	89.716621	0	0	-0.95533648	0.29552023
9.393603	-7.663525	91.362976	0	0	-0.54030229	0.84147099
9.380960	-7.710564	91.218452	0	0	-0.62160997	0.7833269
9.377904	-7.732351	91.183525	0	0	-0.62160997	0.7833269
9.377401	-7.897660	91.177788	0	0	-0.99500417	0.099833397
9.361990	-7.931147	91.001633	0	0	-0.54030229	0.84147099
9.413915	-7.268173	91.595131	0	0	-0.54030229	0.84147099
9.356795	-7.952675	90.942261	0	0	-0.62160997	0.7833269
9.356644	-8.038980	90.940529	0	0	-0.99500417	0.099833397
9.347116	-8.052429	90.831619	0	0	-0.62160997	0.7833269
5.055247	-10.569952	88.989204	0	0	-0.95533648	0.29552023
9.339870	-8.138058	90.748802	0	0	-0.99500417	0.099833397
9.337230	-8.241098	90.718613	0	0	-0.99500417	0.099833397
9.309245	-8.684973	90.398758	0	0	-0.62160997	0.7833269
5.069202	-10.676608	88.837486	0	0	-0.54030229	0.84147099
9.294230	-8.814217	90.227127	0	0	-0.99500417	0.099833397
5.059423	-10.788493	88.708344	0	0	-0.54030229	0.84147099
1.212961	-8.806841	91.705383	0	0	-0.54030229	0.84147099
1.215810	-8.817472	91.543312	0	0	-0.54030229	0.84147099
1.170055	-8.646715	91.631149	0	0	-0.54030229	0.84147099
1.286718	-9.082106	91.498894	0	0	-0.92106097	0.38941839
1.252718	-8.955216	91.323929	0	0	-0.54030229	0.84147099
1.117989	-8.452402	91.934265	0	0	-0.54030229	0.84147099
1.281972	-9.064392	91.338524	0	0	-0.54030229	0.84147099
1.292704	-9.104447	91.192795	0	0	-0.54030229	0.84147099
1.319391	-9.204041	91.263290	0	0	-0.92106097	0.38941839
1.309385	-9.166700	91.118744	0	0	-0.92106097	0.38941839
1.327322	-9.233641	91.092087	0	0	-0.92106097	0.38941839
9.273133	-9.406851	89.985992	0	0	-0.62160997	0.7833269
5.033490	-10.936157	88.573128	0	0	-0.54030229	0.84147099
1.406919	-9.530703	90.813980	0	0	-0.54030229	0.84147099
4.902651	-10.989712	88.586105	0	0	-0.54030229	0.84147099
9.264748	-9.587779	89.890152	0	0	-0.99500417	0.099833397
1.457572	-9.719740	90.617081	0	0	-0.92106097	0.38941839
1.585198	-10.196049	90.400917	0	0	-0.54030229	0.84147099
1.636565	-10.387753	90.296326	0	0	-0.92106097	0.38941839
9.219011	-9.889521	89.367378	0	0	-0.62160997	0.7833269
9.215844	-9.996349	89.331177	0	0	-0.99500417	0.099833397
1.720301	-10.700261	89.758713	0	0	-0.54030229	0.84147099
1.751307	-10.815974	89.716621	0	0	-0.92106097	0.38941839
9.154549	-10.569952	88.630562	0	0	-0.99500417	0.099833397
9.141481	-10.676608	88.481209	0	0	-0.62160997	0.7833269
1.911123	-11.412417	88.989204	0	0	-0.92106097	0.38941839
9.130195	-10.788493	88.352203	0	0	-0.62160997	0.7833269
1.938722	-11.515418	88.837486	0	0	-0.54030229	0.84147099
9.118258	-10.936157	88.215752	0	0	-0.62160997	0.7833269
9.118390	-10.989712	88.217278	0	0	-0.62160997	0.7833269
1.966038	-11.617363	88.708344	0	0	-0.54030229	0.84147099
5.279848	-12.091925	87.505028	0	0	-0.95533648	0.29552023
2.001217	-11.748652	88.573128	0	0	-0.54030229	0.84147099
2.005841	-11.765909	88.586105	0	0	-0.54030229	0.84147099
9.027391	-12.091924	87.177155	0	0	-0.99500417	0.099833397
2.306662	-12.888587	87.505028	0	0	-0.92106097	0.38941839
2.294624	-12.843661	87.048798	0	0	-0.16996714	0.98544973
5.507497	-13.262931	86.368019	0	0	-0.95533648	0.29552023
5.656430	-13.302837	86.368019	0	0	-0.95533648	0.29552023
4.809097	-12.766534	85.808762	0	0	-0.45359611	0.89120736
1.247860	-8.937086	85.169205	0	0	-0.87758258	0.4794255
1.228885	-8.866271	85.135139	0	0	-0.26749883	0.96355818
2.506885	-13.635831	87.429939	0	0	-0.87758258	0.4794255
2.592988	-13.957173	87.584549	0	0	-0.26749883	0.96355818
5.431019	-13.548350	85.989220	0	0	-0.95533648	0.29552023
0.926031	-7.736004	84.591324	0	0	-0.26749883	0.96355818
5.158935	-14.563786	86.735992	0	0	-0.92106097	0.38941839
6.135255	-13.848519	85.837646	0	0	-0.95533648	0.29552023
8.931533	-13.302837	86.081490	0	0	-0.99500417	0.099833397
0.749840	-7.078451	84.274956	0	0	-0.87758258	0.4794255
3.019356	-15.548397	88.350136	0	0	0	1
-0.973984	-14.117385	91.705383	0	0	-0.36235775	0.93203909
-1.046739	-14.044630	91.543312	0	0	-0.36235775	0.93203909
-1.142802	-13.948566	91.934265	0	0	-0.36235775	0.93203909
-0.743290	-14.348080	91.498894	0	0	-0.45359611	0.89120736
-1.072220	-14.019149	91.323929	0	0	-0.36235775	0.93203909
-0.824460	-14.266909	91.338524	0	0	-0.36235775	0.93203909
-0.910025	-14.181344	91.192795	0	0	-0.36235775	0.93203909
-1.358494	-13.732875	91.631149	0	0	-0.36235775	0.93203909
-1.043247	-14.048122	91.118744	0	0	-0.54030229	0.84147099
-0.692465	-14.398904	91.263290	0	0	-0.45359611	0.89120736
-0.768609	-14.322760	91.092087	0	0	-0.45359611	0.89120736
-0.921584	-14.169785	90.813980	0	0	-0.36235775	0.93203909
-0.720062	-14.371307	90.617081	0	0	-0.45359611	0.89120736
-0.576997	-14.514373	90.400917	0	0	-0.36235775	0.93203909
-0.440739	-14.650630	90.296326	0	0	-0.54030229	0.84147099
-0.227912	-14.863457	89.758713	0	0	-0.36235775	0.93203909
-0.142417	-14.948953	89.716621	0	0	-0.54030229	0.84147099
-0.205351	-14.886018	89.477356	0	0	-0.16996714	0.98544973
0.230365	-15.321734	89.535645	0	0	-0.54030229	0.84147099
0.280078	-15.371447	89.542297	0	0	-0.45359611	0.89120736
0.322116	-15.413486	89.547920	0	0	-0.45359611	0.89120736
0.336038	-15.427407	89.549782	0	0	-0.45359611	0.89120736
0.373478	-15.464847	89.554787	0	0	-0.45359611	0.89120736
7.170243	-15.421075	86.303093	0	0	-0.98006658	0.19866933
0.986084	-16.077454	89.636742	0	0	-0.16996714	0.98544973
0.997513	-16.088882	89.638268	0	0	-0.45359611	0.89120736
8.844258	-14.150296	85.083931	0	0	-0.99500417	0.099833397
13.991602	-12.577772	90.845505	0	0	-0.95533648	0.29552023
13.933571	-12.647198	90.667831	0	0	-0.62160997	0.7833269
13.895034	-12.714592	90.671532	0	0	-0.95533648	0.29552023
13.857049	-12.749566	90.495407	0	0	-0.95533648	0.29552023
14.193461	-12.265643	91.059822	0	0	-0.95533648	0.29552023
13.757142	-12.960599	90.712509	0	0	-0.92106097	0.38941839
13.844982	-12.760277	90.437172	0	0	-0.62160997	0.7833269
13.714493	-12.987308	90.442986	0	0	-0.92106097	0.38941839
1.301854	-16.393223	89.678986	0	0	-0.45359611	0.89120736
1.301854	-16.393223	89.678986	0	0	-0.36235775	0.93203909
1.301854	-16.393223	89.678986	0	0	-0.26749883	0.96355818
13.719205	-12.960088	90.334068	0	0	-0.95533648	0.29552023
13.725261	-12.935358	90.252670	0	0	-0.62160997	0.7833269
13.516190	-13.294307	90.234543	0	0	-0.69670669	0.71735611
8.778131	-13.428484	84.328102	0	0	-0.62160997	0.7833269
13.251251	-13.701006	89.936287	0	0	-0.95533648	0.29552023
13.250916	-13.671977	89.767082	0	0	-0.69670669	0.71735611
-3.322521	-11.768847	89.060349	0	0	0.1288445	0.99166481
-3.466049	-11.625320	89.041153	0	0	-0.82533563	0.56464246
12.901623	-14.239906	89.555244	0	0	-0.92106097	0.38941839
12.839428	-14.332048	89.466187	0	0	-0.69670669	0.71735611
12.701021	-14.482341	88.955070	0	0	-0.92106097	0.38941839
12.668356	-14.533266	88.922760	0	0	-0.69670669	0.71735611
12.429832	-14.827670	88.244202	0	0	-0.69670669	0.71735611
12.376159	-14.895282	88.099319	0	0	-0.92106097	0.38941839
8.894640	-15.708668	85.659805	0	0	-0.99500417	0.099833397
12.315868	-14.978004	87.975273	0	0	-0.92106097	0.38941839
12.235615	-15.094306	87.845543	0	0	-0.87758258	0.4794255
12.180122	-15.191362	87.850914	0	0	-0.87758258	0.4794255
7.270639	-6.682795	80.940163	0	0	-0.54030229	0.84147099
7.275648	-6.664102	80.926414	0	0	-0.95533648	0.29552023
-5.146232	-9.945138	88.816383	0	0	-0.82533563	0.56464246
11.721636	-15.811092	86.854256	0	0	0.97095818	0.23924928
0.591320	-18.146708	91.523445	0	0	0	1
0.591662	-18.146799	91.519531	0	0	0	1
0.603897	-18.150078	91.379684	0	0	0	1
0.611440	-18.152098	91.293472	0	0	0	1
0.571092	-18.141287	91.754646	0	0	0	1
0.621323	-18.154747	91.180511	0	0	0	1
0.623938	-18.155447	91.150620	0	0	0	1
0.630957	-18.157328	91.070389	0	0	0	1
-0.259999	-3.309678	82.461662	0	0	-0.26749883	0.96355818
11.212075	-16.510391	85.806770	0	0	-0.76484218	0.64421769
11.143028	-16.502031	85.075523	0	0	-0.76484218	0.64421769
11.028619	-16.734428	85.271172	0	0	-0.76484218	0.64421769
10.661527	-17.480093	85.898933	0	0	0.97095818	0.23924928
11.643848	-8.546808	79.998909	0	0	-0.99500417	0.099833397
11.845695	-8.612015	79.942795	0	0	-0.99500417	0.099833397
12.215087	-19.329252	90.526878	0	0	0.98999249	0.14112005
12.276382	-19.275936	90.349426	0	0	-0.87758258	0.4794255
12.017315	-19.426769	90.361900	0	0	0.99913515	0.041580682
12.438311	-19.220570	90.726799	0	0	0.99913515	0.041580682
12.107786	-19.356592	90.184288	0	0	0.99913515	0.041580682
12.175595	-19.311405	90.124512	0	0	-0.87758258	0.4794255
11.829478	-19.502302	90.036095	0	0	0.99913515	0.041580682
11.936586	-19.431883	89.951149	0	0	-0.87758258	0.4794255
11.709134	-19.583187	90.148979	0	0	0.99913515	0.041580682
11.578055	-19.686378	90.421310	0	0	0.98999249	0.14112005
11.402987	-19.740549	89.957031	0	0	-0.87758258	0.4794255
11.190005	-19.817896	89.505455	0	0	-0.87758258	0.4794255
11.048222	-19.917313	89.679253	0	0	0.99913515	0.041580682
-0.819159	-1.222867	81.457626	0	0	-0.26749883	0.96355818
10.695493	-20.084888	89.322189	0	0	0.99913515	0.041580682
10.682069	-20.083929	89.235977	0	0	-0.87758258	0.4794255
10.622232	-20.067411	88.730507	0	0	0.99913515	0.041580682
10.622743	-20.063990	88.699554	0	0	-0.87758258	0.4794255
-0.229032	-20.170309	92.702904	0	0	0.029199523	0.9995736
10.528934	-20.050655	88.031433	0	0	-0.87758258	0.4794255
10.487007	-20.060522	87.889496	0	0	0.99913515	0.041580682
5.619025	-21.551283	90.768013	0	0	0	1
5.602153	-21.552023	90.776466	0	0	0	1
5.587376	-21.552671	90.783875	0	0	0	1
5.510393	-21.556046	90.822456	0	0	0	1
5.734070	-21.546238	90.710358	0	0	0	1
5.501019	-21.556458	90.827156	0	0	0	1
5.781466	-21.544161	90.686600	0	0	0	1
5.796806	-21.543488	90.678909	0	0	0	1
5.798370	-21.543419	90.678131	0	0	0	1
5.430727	-21.559540	90.862381	0	0	0	1
5.373930	-21.562031	90.890846	0	0	0	1
5.874772	-21.540070	90.639839	0	0	0	1
5.322137	-21.564301	90.916801	0	0	0.66627604	0.74570519
5.932397	-21.537542	90.610954	0	0	0	1
5.261977	-21.566938	90.946953	0	0	0.66627604	0.74570519
5.208292	-21.569292	90.973862	0	0	0.66627604	0.74570519
10.425969	-20.083622	87.769325	0	0	0.99913515	0.041580682
4.995834	-21.578608	91.080338	0	0	0.66627604	0.74570519
6.264790	-21.522968	90.444374	0	0	0	1
-8.054765	-7.036605	88.427292	0	0	-0.76484218	0.64421769
6.289546	-21.521883	90.431969	0	0	0	1
6.332873	-21.519983	90.410248	0	0	0	1
6.372805	-21.518232	90.390236	0	0	0	1
6.401024	-21.516994	90.376099	0	0	0	1
10.263725	-20.172882	87.725647	0	0	0.98999249	0.14112005
10.343956	-20.119431	87.655067	0	0	0.98999249	0.14112005
10.531536	-19.994459	87.490044	0	0	-0.87758258	0.4794255
10.788600	-19.823196	87.263893	0	0	-0.87758258	0.4794255
10.789491	-19.822603	87.263107	0	0	-0.87758258	0.4794255
10.860612	-19.775221	87.200539	0	0	0.94222235	0.33498812
6.984365	-21.491417	90.083740	0	0	0	1
11.050963	-19.648403	87.033073	0	0	-0.87758258	0.4794255
7.263505	-21.479177	89.943848	0	0	0	1
7.697257	-21.460159	89.726463	0	0	0	1
8.272398	-21.434940	89.438217	0	0	0.80114363	0.59847213
8.183959	-3.274239	78.433441	0	0	0	1
-8.373137	-6.718233	88.384697	0	0	0	1
8.857164	-21.409302	89.145149	0	0	0.97095818	0.23924928
-8.767792	-6.323578	88.331902	0	0	-0.26749883	0.96355818
-1.150696	0.014448	80.862312	0	0	0	1
14.290863	-10.107911	79.692482	0	0	0.99913515	0.041580682
14.311402	-10.066190	79.657356	0	0	0.99913515	0.041580682
3.008354	-22.589859	92.638519	0	0	0.73739371	0.67546319
3.008354	-22.589859	92.638519	0	0	0.50484609	0.86320938
3.008354	-22.589859	92.638519	0	0	0.58850112	0.8084964
0.769968	-22.235865	93.485306	0	0	0.66627604	0.74570519
0.769968	-22.235865	93.485306	0	0	0.32328956	0.94630009
0.769968	-22.235865	93.485306	0	0	0.41614682	0.90929743
0.769968	-22.235865	93.485306	0	0	0.50484609	0.86320938
3.720119	-22.991350	92.544998	0	0	0	1
4.200625	-23.262392	92.481873	0	0	0.80114363	0.59847213
4.332499	-23.336779	92.464546	0	0	0.50484609	0.86320938
4.786630	-23.592943	92.404877	0	0	0.50484609	0.86320938
-9.967502	-5.123868	88.171410	0	0	0.029199523	0.9995736
4.970838	-23.696852	92.380676	0	0	0.85688874	0.51550139
-1.825570	2.533110	81.227272	0	0	0	1
8.838798	-0.830350	76.636162	0	0	-0.54030229	0.84147099
-10.779147	-4.312222	88.062836	0	0	-0.76484218	0.64421769
8.908816	-0.569036	76.443985	0	0	-0.95533648	0.29552023
8.981932	-0.296166	76.243317	0	0	-0.69670669	0.71735611
8.981932	-0.296166	76.243317	0	0	-0.95533648	0.29552023
8.981932	-0.296166	76.243317	0	0	-0.62160997	0.7833269
8.981932	-0.296166	76.243317	0	0	-0.54030229	0.84147099
15.189084	-21.131666	85.971771	0	0	0.85688874	0.51550139
17.443449	-15.389567	81.409286	0	0	0.94222235	0.33498812
17.537130	-15.327154	81.326866	0	0	0.94222235	0.33498812
15.370322	-21.123720	85.880936	0	0	0.99913515	0.041580682
9.131305	0.261304	76.188118	0	0	0	1
9.713717	-0.318599	75.909729	0	0	-0.69670669	0.71735611
9.330957	1.006415	76.114342	0	0	0	1
8.936982	-25.934063	91.859581	0	0	0.50484609	0.86320938
13.654286	-2.882879	75.599716	0	0	-0.62160997	0.7833269
-12.223639	-2.867731	87.869591	0	0	0	1
16.966572	-21.053730	85.080940	0	0	-0.92106097	0.38941839
16.580975	-6.424858	76.365501	0	0	-0.69670669	0.71735611
16.332426	-5.960933	76.201248	0	0	-0.76484218	0.64421769
16.332426	-5.960933	76.201248	0	0	-0.99500417	0.099833397
16.332426	-5.960933	76.201248	0	0	-0.69670669	0.71735611
11.886140	-0.385194	74.919418	0	0	0	1
17.461838	-7.228794	76.436546	0	0	0	1
17.835886	-21.015612	84.645264	0	0	0.99913515	0.041580682
17.105665	-5.854516	75.769615	0	0	-0.69670669	0.71735611
18.751089	-20.975483	84.186592	0	0	-0.92106097	0.38941839
11.581155	-27.425581	91.512177	0	-0	-1	-4.371139e-08
14.013432	-0.450406	73.949684	0	0	0	1
18.590008	-5.650234	74.941032	0	0	-0.76484218	0.64421769
20.253544	-20.909605	83.433601	0	0	-0.92106097	0.38941839
14.687412	-0.471067	73.642448	0	0	0	1
12.732954	-28.075285	91.360847	0	0	0.94222235	0.33498812
18.936981	-5.602482	74.747345	0	-0	-1	-4.371139e-08
-14.674870	-0.416499	87.541679	0	0	-0.76484218	0.64421769
21.796415	-12.489511	77.579765	0	0	-0.82533563	0.56464246
21.875767	-12.436644	77.509949	0	0	0	1
21.302849	-20.863598	82.907722	0	0	-0.92106097	0.38941839
21.313614	-20.863125	82.902328	0	0	-0.92106097	0.38941839
21.456474	-20.856861	82.830727	0	0	0	1
16.181448	-0.516866	72.961388	0	0	-0.98006658	0.19866933
-15.547138	0.455769	87.424988	0	0	0	1
22.697069	-11.889472	76.787415	0	0	0.97095818	0.23924928
22.697069	-11.889472	76.787415	0	0	-0.92106097	0.38941839
22.697069	-11.889472	76.787415	0	0	-0.82533563	0.56464246
22.772840	-20.872814	83.013077	0	0	-0.95533648	0.29552023
19.465586	-3.540248	73.242111	0	0	-0.99500417	0.099833397
23.295366	-11.950745	76.540787	0	0	0	1
11.497380	9.091617	75.313805	0	0	-0.82533563	0.56464246
22.607738	-6.407994	73.495544	0	0	0.99913515	0.041580682
25.318586	-12.157947	75.706810	0	0	0.97095818	0.23924928
20.396273	-0.646071	71.040039	0	0	0	1
27.753691	-10.837568	75.654938	0	0	-0.92106097	0.38941839
22.251350	-0.702938	70.194397	0	0	-0.99500417	0.099833397
22.301361	-0.704471	70.171600	0	0	-0.99500417	0.099833397
-5.732448	17.113779	83.340034	0	0	0	1
25.180195	-4.743261	71.262291	0	0	0.99913515	0.041580682
25.466906	-4.703803	71.102249	0	0	0.99913515	0.041580682
23.926586	-0.754292	69.430733	0	0	0	1
26.503412	-3.197723	71.000999	0	0	-0.82533563	0.56464246
22.097940	5.765927	70.412643	0	0	0	1
26.738249	-4.528835	70.392563	0	0	0.99913515	0.041580682
-21.582186	6.490816	90.310310	0	0	0	1
13.661969	17.169971	74.513939	0	0	0	1
34.853439	-21.019222	84.686523	0	0	0	1
-7.752598	24.653080	84.432487	0	0	0	1
-7.876199	25.114365	84.499329	0	0	0	1
33.600994	1.878186	68.474136	0	0	-0.82533563	0.56464246
-27.258749	12.167379	93.024254	0	0	-0.16996714	0.98544973
28.329189	12.568458	67.732567	0	0	0	1
43.101368	-0.109044	76.787415	0	0	-0.92106097	0.38941839
46.569958	1.893548	76.787415	0	0	0.97095818	0.23924928
48.182224	2.824389	76.787415	0	0	-0.87758258	0.4794255
50.419121	4.115863	76.787415	0	0	-0.87758258	0.4794255
-11.349840	38.078171	86.377808	0	0	-0.87758258	0.4794255
-4.303110	-21.261955	139.269821	0	0	0.1288445	0.99166481
-2.117306	-25.123138	138.566467	0	0	0.66627604	0.74570519
19.213610	37.888973	72.462486	0	0	0	1
-3.792108	-16.972172	141.626251	0	0	-0.16996714	0.98544973
-2.232196	-12.859174	144.858719	0	0	-0.26749883	0.96355818
44.975742	23.095060	69.004623	0	0	0.99913515	0.041580682
44.058670	25.976290	70.569466	0	0	-0.82533563	0.56464246
20.771574	43.703377	71.886787	0	0	0	1
60.935497	-21.335318	88.299507	0	-0	-1	-4.371139e-08
20.399853	-37.337296	139.226334	0	0	0.94222235	0.33498812
38.506485	31.836266	63.542450	0	0	0	1
-4.639164	13.033588	146.048065	0	0	-0.69670669	0.71735611
21.949743	48.100365	71.451431	0	0	0	1
35.554661	39.065510	65.051842	0	0	0	1
43.212429	39.493465	75.815033	0	0	-0.82533563	0.56464246
50.363052	29.712400	68.054527	0	0	-0.76484218	0.64421769
42.150246	41.762905	62.111752	0	0	-0.69670669	0.71735611
23.967615	55.631165	70.705780	0	0	0	1
32.937958	52.816921	66.558357	0	0	0	1
19.979712	40.748104	146.048065	0	0	-0.92106097	0.38941839
59.386265	-25.957897	141.135834	0	0	-0.99500417	0.099833397
56.290623	33.284790	146.048065	0	0	-0.99500417	0.099833397
59.386265	30.189150	146.048065	0	-0	-1	-4.371139e-08
71.372559	9.428282	143.950729	0	0	0.98999249	0.14112005
88.316910	25.996164	76.787415	0	0	-0.95533648	0.29552023
-22.879148	81.106133	92.612625	0	0	-0.45359611	0.89120736
-23.848680	84.724480	93.136925	0	0	0	1
111.918930	39.622799	76.787415	0	0	-0.98006658	0.19866933
71.207840	89.086067	76.201248	0	0	-0.87758258	0.4794255
38.303951	109.135094	65.408203	0	0	0	1
50.163624	105.414391	59.924892	0	0	0	1
83.536530	106.721176	74.899277	0	0	-0.98006658	0.19866933
42.294853	124.029350	63.933475	0	0	0	1
69.042015	115.638023	51.566956	0	0	0	1
-10.118895	-33.124725	263.501190	0	0	0.50484609	0.86320938
-15.410587	-24.238195	266.228882	0	0	0.22720209	0.97384763
13.354958	-45.893829	264.186798	0	0	0.97095818	0.23924928
-15.198925	-13.915724	272.006775	0	0	-0.16996714	0.98544973
-10.832461	-4.258908	279.141052	0	0	-0.26749883	0.96355818
99.759552	-36.968987	266.993164	0	0	0.99913515	0.041580682
-20.328207	71.585892	279.305634	0	0	-0.070737201	0.99749499
139.130722	35.570446	272.416565	0	0	0.99913515	0.041580682
41.077747	119.487053	279.305634	0	0	0.99913515	0.041580682
99.759552	103.763313	279.305634	0	0	0.99913515	0.041580682
100.087387	103.574036	279.272522	0	0	0.99913515	0.041580682
