-100.006126	85.233170	86.322914	0.058407	-216.649719	98.539886	92.941238
-216.649719	98.539886	92.941238	0.458407	-286.495483	6.646581	102.618225
-286.495483	6.646581	102.618225	1.058407	-286.495483	-22.436516	105.162666
-286.495483	-22.436516	105.162666	1.058407	-286.495483	-22.436516	105.162666
-286.495483	-22.436516	105.162666	1.058407	-275.013763	-65.286865	105.162666
-275.013763	-65.286865	105.162666	1.258407	-179.693100	-129.238907	105.162666
-179.693100	-129.238907	105.162666	1.858407	-76.648682	-78.664795	105.162666
-76.648682	-78.664795	105.162666	2.658407	-34.500572	-56.646763	254.639679
-100.006126	85.233170	86.322914	0.058407	-216.649719	98.539886	92.941238
-216.649719	98.539886	92.941238	0.458407	-286.495483	6.646581	102.618225
-286.495483	6.646581	102.618225	1.058407	-286.495483	-22.436516	105.162666
-286.495483	-22.436516	105.162666	1.058407	-286.495483	-22.436516	105.162666
-286.495483	-22.436516	105.162666	1.058407	-275.013763	-65.286865	105.162666
-275.013763	-65.286865	105.162666	1.258407	-179.693100	-129.238907	105.162666
-179.693100	-129.238907	105.162666	1.858407	-76.648682	-78.664795	105.162666
-76.648682	-78.664795	105.162666	2.658407	-34.500572	-56.646763	254.639679
-100.006126	85.233170	86.322914	0.058407	-216.649719	98.539886	92.941238
-216.649719	98.539886	92.941238	0.458407	-286.495483	6.646581	102.618225
-286.495483	6.646581	102.618225	1.058407	-286.495483	-22.436516	105.162666
-286.495483	-22.436516	105.162666	1.058407	-286.495483	-22.436516	105.162666
-286.495483	-22.436516	105.162666	1.058407	-275.013763	-65.286865	105.162666
-275.013763	-65.286865	105.162666	1.258407	-179.693100	-129.238907	105.162666
-179.693100	-129.238907	105.162666	1.858407	-76.648682	-78.664795	105.162666
-76.648682	-78.664795	105.162666	2.658407	-34.500572	-56.646763	254.639679
-100.006126	85.233170	86.322914	0.058407	-216.649719	98.539886	92.941238
-216.649719	98.539886	92.941238	0.458407	-286.495483	6.646581	102.618225
-286.495483	6.646581	102.618225	1.058407	-286.495483	-22.436516	105.162666
-286.495483	-22.436516	105.162666	1.058407	-286.495483	-22.436516	105.162666
-286.495483	-22.436516	105.162666	1.058407	-275.013763	-65.286865	105.162666
-275.013763	-65.286865	105.162666	1.258407	-179.693100	-129.238907	105.162666
-179.693100	-129.238907	105.162666	1.858407	-76.648682	-78.664795	105.162666
-76.648682	-78.664795	105.162666	2.658407	-34.500572	-56.646763	254.639679
-100.006126	85.233170	86.322914	0.058407	-216.649719	98.539886	92.941238
-216.649719	98.539886	92.941238	0.458407	-286.495483	6.646581	102.618225
-286.495483	6.646581	102.618225	1.058407	-286.495483	-22.436516	105.162666
-286.495483	-22.436516	105.162666	1.058407	-286.495483	-22.436516	105.162666
-286.495483	-22.436516	105.162666	1.058407	-275.013763	-65.286865	105.162666
-275.013763	-65.286865	105.162666	1.258407	-179.693100	-129.238907	105.162666
-179.693100	-129.238907	105.162666	1.858407	-76.648682	-78.664795	105.162666
-76.648682	-78.664795	105.162666	2.658407	-34.500572	-56.646763	254.639679
-100.006126	85.233170	86.322914	0.058407	-216.649719	98.539886	92.941238
-216.649719	98.539886	92.941238	0.458407	-286.495483	6.646581	102.618225
-286.495483	6.646581	102.618225	1.058407	-286.495483	-22.436516	105.162666
-286.495483	-22.436516	105.162666	1.058407	-286.495483	-22.436516	105.162666
-286.495483	-22.436516	105.162666	1.058407	-275.013763	-65.286865	105.162666
-275.013763	-65.286865	105.162666	1.258407	-179.693100	-129.238907	105.162666
-179.693100	-129.238907	105.162666	1.858407	-76.648682	-78.664795	105.162666
-76.648682	-78.664795	105.162666	2.658407	-34.500572	-56.646763	254.639679
-100.006126	85.233170	86.322914	0.058407	-216.649719	98.539886	92.941238
-216.649719	98.539886	92.941238	0.458407	-286.495483	6.646581	102.618225
-286.495483	6.646581	102.618225	1.058407	-286.495483	-22.436516	105.162666
-286.495483	-22.436516	105.162666	1.058407	-286.495483	-22.436516	105.162666
-286.495483	-22.436516	105.162666	1.058407	-275.013763	-65.286865	105.162666
-275.013763	-65.286865	105.162666	1.258407	-179.693100	-129.238907	105.162666
-179.693100	-129.238907	105.162666	1.858407	-76.648682	-78.664795	105.162666
-76.648682	-78.664795	105.162666	2.658407	-34.500572	-56.646763	254.639679
-100.006126	85.233170	86.322914	0.058407	-216.649719	98.539886	92.941238
-216.649719	98.539886	92.941238	0.458407	-286.495483	6.646581	102.618225
-286.495483	6.646581	102.618225	1.058407	-286.495483	-22.436516	105.162666
-286.495483	-22.436516	105.162666	1.058407	-286.495483	-22.436516	105.162666
-286.495483	-22.436516	105.162666	1.058407	-275.013763	-65.286865	105.162666
-275.013763	-65.286865	105.162666	1.258407	-179.693100	-129.238907	105.162666
-179.693100	-129.238907	105.162666	1.858407	-76.648682	-78.664795	105.162666
-76.648682	-78.664795	105.162666	2.658407	-34.500572	-56.646763	254.639679
-100.006126	85.233170	86.322914	0.058407	-216.649719	98.539886	92.941238
-216.649719	98.539886	92.941238	0.458407	-286.495483	6.646581	102.618225
-286.495483	6.646581	102.618225	1.058407	-286.495483	-22.436516	105.162666
-286.495483	-22.436516	105.162666	1.058407	-286.495483	-22.436516	105.162666
-286.495483	-22.436516	105.162666	1.058407	-275.013763	-65.286865	105.162666
-275.013763	-65.286865	105.162666	1.258407	-179.693100	-129.238907	105.162666
-179.693100	-129.238907	105.162666	1.858407	-76.648682	-78.664795	105.162666
-76.648682	-78.664795	105.162666	2.658407	-34.500572	-56.646763	254.639679
-100.006126	85.233170	86.322914	0.058407	-216.649719	98.539886	92.941238
-216.649719	98.539886	92.941238	0.458407	-286.495483	6.646581	102.618225
-286.495483	6.646581	102.618225	1.058407	-286.495483	-22.436516	105.162666
-286.495483	-22.436516	105.162666	1.058407	-286.495483	-22.436516	105.162666
-286.495483	-22.436516	105.162666	1.058407	-275.013763	-65.286865	105.162666
-275.013763	-65.286865	105.162666	1.258407	-179.693100	-129.238907	105.162666
-179.693100	-129.238907	105.162666	1.858407	-76.648682	-78.664795	105.162666
-76.648682	-78.664795	105.162666	2.658407	-34.500572	-56.646763	254.639679
-100.006126	85.233170	86.322914	0.058407	-216.649719	98.539886	92.941238
-216.649719	98.539886	92.941238	0.458407	-286.495483	6.646581	102.618225
-286.495483	6.646581	102.618225	1.058407	-286.495483	-22.436516	105.162666
-286.495483	-22.436516	105.162666	1.058407	-286.495483	-22.436516	105.162666
-286.495483	-22.436516	105.162666	1.058407	-275.013763	-65.286865	105.162666
-275.013763	-65.286865	105.162666	1.258407	-179.693100	-129.238907	105.162666
-179.693100	-129.238907	105.162666	1.858407	-76.648682	-78.664795	105.162666
-76.648682	-78.664795	105.162666	2.658407	-34.500572	-56.646763	254.639679
-100.006126	85.233170	86.322914	0.058407	-216.649719	98.539886	92.941238
-216.649719	98.539886	92.941238	0.458407	-286.495483	6.646581	102.618225
-286.495483	6.646581	102.618225	1.058407	-286.495483	-22.436516	105.162666
-286.495483	-22.436516	105.162666	1.058407	-286.495483	-22.436516	105.162666
-286.495483	-22.436516	105.162666	1.058407	-275.013763	-65.286865	105.162666
-275.013763	-65.286865	105.162666	1.258407	-179.693100	-129.238907	105.162666
-179.693100	-129.238907	105.162666	1.858407	-76.648682	-78.664795	105.162666
-76.648682	-78.664795	105.162666	2.658407	-34.500572	-56.646763	254.639679
-100.006126	85.233170	86.322914	0.058407	-216.649719	98.539886	92.941238
-216.649719	98.539886	92.941238	0.458407	-286.495483	6.646581	102.618225
-286.495483	6.646581	102.618225	1.058407	-286.495483	-22.436516	105.162666
-286.495483	-22.436516	105.162666	1.058407	-286.495483	-22.436516	105.162666
-286.495483	-22.436516	105.162666	1.058407	-275.013763	-65.286865	105.162666
-275.013763	-65.286865	105.162666	1.258407	-179.693100	-129.238907	105.162666
-179.693100	-129.238907	105.162666	1.858407	-76.648682	-78.664795	105.162666
-76.648682	-78.664795	105.162666	2.658407	-34.500572	-56.646763	254.639679
-100.006126	85.233170	86.322914	0.058407	-216.649719	98.539886	92.941238
-216.649719	98.539886	92.941238	0.458407	-286.495483	6.646581	102.618225
-286.495483	6.646581	102.618225	1.058407	-286.495483	-22.436516	105.162666
-286.495483	-22.436516	105.162666	1.058407	-286.495483	-22.436516	105.162666
-286.495483	-22.436516	105.162666	1.058407	-275.013763	-65.286865	105.162666
-275.013763	-65.286865	105.162666	1.258407	-179.693100	-129.238907	105.162666
-179.693100	-129.238907	105.162666	1.858407	-76.648682	-78.664795	105.162666
-76.648682	-78.664795	105.162666	2.658407	-34.500572	-56.646763	254.639679
-100.006126	85.233170	86.322914	0.058407	-216.649719	98.539886	92.941238
-216.649719	98.539886	92.941238	0.458407	-286.495483	6.646581	102.618225
-286.495483	6.646581	102.618225	1.058407	-286.495483	-22.436516	105.162666
-286.495483	-22.436516	105.162666	1.058407	-286.495483	-22.436516	105.162666
-286.495483	-22.436516	105.162666	1.058407	-275.013763	-65.286865	105.162666
-275.013763	-65.286865	105.162666	1.258407	-179.693100	-129.238907	105.162666
-179.693100	-129.238907	105.162666	1.858407	-76.648682	-78.664795	105.162666
-76.648682	-78.664795	105.162666	2.658407	-34.500572	-56.646763	254.639679
-100.006126	85.233170	86.322914	0.058407	-216.649719	98.539886	92.941238
-216.649719	98.539886	92.941238	0.458407	-286.495483	6.646581	102.618225
-286.495483	6.646581	102.618225	1.058407	-286.495483	-22.436516	105.162666
-286.495483	-22.436516	105.162666	1.058407	-286.495483	-22.436516	105.162666
-286.495483	-22.436516	105.162666	1.058407	-275.013763	-65.286865	105.162666
-275.013763	-65.286865	105.162666	1.258407	-179.693100	-129.238907	105.162666
-179.693100	-129.238907	105.162666	1.858407	-76.648682	-78.664795	105.162666
-76.648682	-78.664795	105.162666	2.658407	-34.500572	-56.646763	254.639679
-100.006126	85.233170	86.322914	0.058407	-216.649719	98.539886	92.941238
-216.649719	98.539886	92.941238	0.458407	-286.495483	6.646581	102.618225
-286.495483	6.646581	102.618225	1.058407	-286.495483	-22.436516	105.162666
-286.495483	-22.436516	105.162666	1.058407	-286.495483	-22.436516	105.162666
-286.495483	-22.436516	105.162666	1.058407	-275.013763	-65.286865	105.162666
-275.013763	-65.286865	105.162666	1.258407	-179.693100	-129.238907	105.162666
-179.693100	-129.238907	105.162666	1.858407	-76.648682	-78.664795	105.162666
-76.648682	-78.664795	105.162666	2.658407	-34.500572	-56.646763	254.639679
-100.006126	85.233170	86.322914	0.058407	-216.649719	98.539886	92.941238
-216.649719	98.539886	92.941238	0.458407	-286.495483	6.646581	102.618225
-286.495483	6.646581	102.618225	1.058407	-286.495483	-22.436516	105.162666
-286.495483	-22.436516	105.162666	1.058407	-286.495483	-22.436516	105.162666
-286.495483	-22.436516	105.162666	1.058407	-275.013763	-65.286865	105.162666
-275.013763	-65.286865	105.162666	1.258407	-179.693100	-129.238907	105.162666
-179.693100	-129.238907	105.162666	1.858407	-76.648682	-78.664795	105.162666
-76.648682	-78.664795	105.162666	2.658407	-34.500572	-56.646763	254.639679
-100.006126	85.233170	86.322914	0.058407	-216.649719	98.539886	92.941238
-216.649719	98.539886	92.941238	0.458407	-286.495483	6.646581	102.618225
-286.495483	6.646581	102.618225	1.058407	-286.495483	-22.436516	105.162666
-286.495483	-22.436516	105.162666	1.058407	-286.495483	-22.436516	105.162666
-286.495483	-22.436516	105.162666	1.058407	-275.013763	-65.286865	105.162666
-275.013763	-65.286865	105.162666	1.258407	-179.693100	-129.238907	105.162666
-179.693100	-129.238907	105.162666	1.858407	-76.648682	-78.664795	105.162666
-76.648682	-78.664795	105.162666	2.658407	-34.500572	-56.646763	254.639679
-100.006126	85.233170	86.322914	0.058407	-216.649719	98.539886	92.941238
-216.649719	98.539886	92.941238	0.458407	-286.495483	6.646581	102.618225
-286.495483	6.646581	102.618225	1.058407	-286.495483	-22.436516	105.162666
-286.495483	-22.436516	105.162666	1.058407	-286.495483	-22.436516	105.162666
-286.495483	-22.436516	105.162666	1.058407	-275.013763	-65.286865	105.162666
-275.013763	-65.286865	105.162666	1.258407	-179.693100	-129.238907	105.162666
-179.693100	-129.238907	105.162666	1.858407	-76.648682	-78.664795	105.162666
-76.648682	-78.664795	105.162666	2.658407	-34.500572	-56.646763	254.639679
