-92.030300	-10.931100	-10.742600	0.000000	0.000000	0.416147	0.909297
173.988556	-29.738291	-10.983789	0	0	0.99913515	0.041580682
172.907181	-30.728966	-10.983788	0	0	0.99913515	0.041580682
175.057388	-28.734106	-10.983788	0	0	0.99913515	0.041580682
171.813446	-31.705973	-10.983788	0	0	0.99913515	0.041580682
176.113525	-27.716572	-10.983788	0	0	0.99913515	0.041580682
170.707535	-32.669155	-10.983788	0	0	0.99913515	0.041580682
177.156784	-26.685844	-10.983788	0	0	0.99913515	0.041580682
169.589600	-33.618370	-10.983788	0	0	0.99913515	0.041580682
178.187012	-25.642090	-10.983788	0	0	0.99913515	0.041580682
168.459824	-34.553459	-10.983788	0	0	0.99913515	0.041580682
179.204041	-24.585472	-10.983788	0	0	0.99913515	0.041580682
167.318375	-35.474277	-10.983791	0	0	0.99913515	0.041580682
180.207703	-23.516157	-10.983788	0	0	0.99913515	0.041580682
166.165451	-36.380680	-10.983788	0	0	0.99913515	0.041580682
181.197861	-22.434315	-10.983788	0	0	0.99913515	0.041580682
165.001236	-37.272526	-10.983788	0	0	0.99913515	0.041580682
182.174347	-21.340115	-10.983787	0	0	0.99913515	0.041580682
163.825912	-38.149666	-10.983788	0	0	0.99913515	0.041580682
183.136993	-20.233732	-10.983788	0	0	0.99913515	0.041580682
162.639648	-39.011974	-10.983788	0	0	0.99913515	0.041580682
184.085678	-19.115339	-10.983788	0	0	0.99913515	0.041580682
161.442642	-39.859306	-10.983789	0	0	0.99913515	0.041580682
185.020218	-17.985113	-10.983788	0	0	0.99913515	0.041580682
160.235077	-40.691528	-10.983788	0	0	0.99913515	0.041580682
185.940491	-16.843231	-10.983788	0	0	0.99913515	0.041580682
159.017166	-41.508507	-10.983787	0	0	0.99913515	0.041580682
186.846344	-15.689878	-10.983788	0	0	0.99913515	0.041580682
157.789062	-42.310120	-10.983788	0	0	0.99913515	0.041580682
187.737625	-14.525232	-10.983788	0	0	0.99913515	0.041580682
156.550995	-43.096237	-10.983788	0	0	0.99913515	0.041580682
188.614212	-13.349478	-10.983788	0	0	0.99913515	0.041580682
155.303146	-43.866737	-10.983788	0	0	0.99913515	0.041580682
189.475952	-12.162802	-10.983788	0	0	0.99913515	0.041580682
154.045715	-44.621494	-10.983788	0	0	0.99913515	0.041580682
190.322708	-10.965391	-10.983788	0	0	0.99913515	0.041580682
152.778900	-45.360390	-10.983790	0	0	0.99913515	0.041580682
191.154343	-9.757433	-10.983788	0	0	0.99913515	0.041580682
151.502899	-46.083305	-10.983788	0	0	0.99913515	0.041580682
191.970749	-8.539122	-10.983788	0	0	0.99913515	0.041580682
150.217926	-46.790134	-10.983788	0	0	0.99913515	0.041580682
192.771774	-7.310646	-10.983788	0	0	0.99913515	0.041580682
148.924149	-47.480759	-10.983786	0	0	0.99913515	0.041580682
193.557297	-6.072203	-10.983788	0	0	0.99913515	0.041580682
147.621811	-48.155071	-10.983788	0	0	0.99913515	0.041580682
194.327194	-4.823986	-10.983788	0	0	0.99913515	0.041580682
146.311096	-48.812965	-10.983788	0	0	0.99913515	0.041580682
195.081345	-3.566193	-10.983788	0	0	0.99913515	0.041580682
144.992233	-49.454334	-10.983788	0	0	0.99913515	0.041580682
195.819626	-2.299023	-10.983788	0	0	0.99913515	0.041580682
143.665390	-50.079086	-10.983790	0	0	0.99913515	0.041580682
196.541946	-1.022676	-10.983788	0	0	0.99913515	0.041580682
142.330826	-50.687107	-10.983786	0	0	0.99913515	0.041580682
197.248154	0.262647	-10.983788	0	0	0.99913515	0.041580682
140.988708	-51.278316	-10.983788	0	0	0.99913515	0.041580682
197.938156	1.556744	-10.983788	0	0	0.99913515	0.041580682
139.639267	-51.852615	-10.983789	0	0	0.99913515	0.041580682
198.611847	2.859408	-10.983789	0	0	0.99913515	0.041580682
138.282730	-52.409904	-10.983788	0	0	0.99913515	0.041580682
199.269104	4.170436	-10.983788	0	0	0.99913515	0.041580682
136.919281	-52.950111	-10.983789	0	0	0.99913515	0.041580682
199.909851	5.489618	-10.983788	0	0	0.99913515	0.041580682
135.549164	-53.473137	-10.983789	0	0	0.99913515	0.041580682
200.533966	6.816749	-10.983788	0	0	0.99913515	0.041580682
134.172577	-53.978905	-10.983788	0	0	0.99913515	0.041580682
201.141342	8.151617	-10.983788	0	0	0.99913515	0.041580682
132.789749	-54.467335	-10.983789	0	0	0.99913515	0.041580682
201.731903	9.494011	-10.983789	0	0	0.99913515	0.041580682
131.400879	-54.938347	-10.983788	0	0	0.99913515	0.041580682
202.305557	10.843722	-10.983788	0	0	0.99913515	0.041580682
130.006210	-55.391872	-10.983787	0	0	0.99913515	0.041580682
202.862198	12.200534	-10.983788	0	0	0.99913515	0.041580682
128.605957	-55.827839	-10.983788	0	0	0.99913515	0.041580682
203.401749	13.564235	-10.983788	0	0	0.99913515	0.041580682
127.200333	-56.246170	-10.983789	0	0	0.99913515	0.041580682
203.924118	14.934607	-10.983788	0	0	0.99913515	0.041580682
125.789551	-56.646812	-10.983788	0	0	0.99913515	0.041580682
204.429230	16.311434	-10.983789	0	0	0.99913515	0.041580682
124.373863	-57.029690	-10.983789	0	0	0.99913515	0.041580682
204.916992	17.694502	-10.983788	0	0	0.99913515	0.041580682
122.953461	-57.394749	-10.983789	0	0	0.99913515	0.041580682
205.387344	19.083588	-10.983789	0	0	0.99913515	0.041580682
121.528595	-57.741928	-10.983789	0	0	0.99913515	0.041580682
205.840195	20.478476	-10.983788	0	0	0.99913515	0.041580682
120.099472	-58.071175	-10.983787	0	0	0.99913515	0.041580682
206.275497	21.878944	-10.983788	0	0	0.99913515	0.041580682
118.666328	-58.382439	-10.983788	0	0	0.99913515	0.041580682
206.693161	23.284769	-10.983788	0	0	0.99913515	0.041580682
117.229385	-58.675671	-10.983788	0	0	0.99913515	0.041580682
207.093109	24.695734	-10.983788	0	0	0.99913515	0.041580682
115.788872	-58.950821	-10.983788	0	0	0.99913515	0.041580682
207.475311	26.111612	-10.983788	0	0	0.99913515	0.041580682
114.345016	-59.207848	-10.983788	0	0	0.99913515	0.041580682
207.839691	27.532185	-10.983787	0	0	0.99913515	0.041580682
112.898041	-59.446712	-10.983788	0	0	0.99913515	0.041580682
208.186188	28.957222	-10.983788	0	0	0.99913515	0.041580682
111.448174	-59.667374	-10.983788	0	0	0.99913515	0.041580682
208.514755	30.386501	-10.983788	0	0	0.99913515	0.041580682
109.995659	-59.869801	-10.983788	0	0	0.99913515	0.041580682
208.825333	31.819794	-10.983788	0	0	0.99913515	0.041580682
108.540710	-60.053955	-10.983787	0	0	0.99913515	0.041580682
209.117874	33.256878	-10.983788	0	0	0.99913515	0.041580682
107.083557	-60.219814	-10.983785	0	0	0.99913515	0.041580682
209.392334	34.697521	-10.983788	0	0	0.99913515	0.041580682
105.624443	-60.367355	-10.983791	0	0	0.99913515	0.041580682
209.648666	36.141506	-10.983786	0	0	0.99913515	0.041580682
104.163582	-60.496544	-10.983790	0	0	0.99913515	0.041580682
209.886841	37.588593	-10.983787	0	0	0.99913515	0.041580682
102.701225	-60.607365	-10.983790	0	0	0.99913515	0.041580682
210.106812	39.038559	-10.983788	0	0	0.99913515	0.041580682
101.237579	-60.699799	-10.983785	0	0	0.99913515	0.041580682
210.308533	40.491177	-10.983788	0	0	0.99913515	0.041580682
99.772896	-60.773838	-10.983790	0	0	0.99913515	0.041580682
210.491989	41.946217	-10.983788	0	0	0.99913515	0.041580682
104.020370	-63.970200	-10.983789	0	0	0.99913515	0.041580682
210.657150	43.403442	-10.983787	0	0	0.99913515	0.041580682
210.803986	44.862633	-10.983787	0	0	0.99913515	0.041580682
210.932480	46.323547	-10.983788	0	0	0.99913515	0.041580682
211.042603	47.785965	-10.983788	0	0	0.99913515	0.041580682
211.134338	49.249649	-10.983789	0	0	0.99913515	0.041580682
211.207672	50.714375	-10.983788	0	0	0.99913515	0.041580682
211.262589	52.179901	-10.983788	0	0	0.99913515	0.041580682
211.306015	53.619740	-11.002805	0	0	0.99913515	0.041580682
211.571442	54.171421	-11.666332	0	0	0.99913515	0.041580682
211.830353	54.724770	-12.331012	0	0	0.99913515	0.041580682
212.082748	55.279705	-12.996821	0	0	0.99913515	0.041580682
212.328629	55.836143	-13.663733	0	0	0.99913515	0.041580682
212.567978	56.394009	-14.331720	0	0	0.99913515	0.041580682
212.800797	56.953228	-15.000757	0	0	0.99913515	0.041580682
213.027069	57.513710	-15.670817	0	0	0.99913515	0.041580682
213.246780	58.075397	-16.341875	0	0	0.99913515	0.041580682
213.459946	58.638184	-17.013901	0	0	0.99913515	0.041580682
213.666550	59.202007	-17.686869	0	0	0.99913515	0.041580682
213.866608	59.766785	-18.360756	0	0	0.99913515	0.041580682
214.060089	60.332436	-19.035534	0	0	0.99913515	0.041580682
214.247009	60.898884	-19.711174	0	0	0.99913515	0.041580682
214.427368	61.466049	-20.387650	0	0	0.99913515	0.041580682
214.601181	62.033848	-21.064938	0	0	0.99913515	0.041580682
214.768417	62.602211	-21.743008	0	0	0.99913515	0.041580682
214.929108	63.171051	-22.421839	0	0	0.99913515	0.041580682
215.083252	63.740292	-23.101393	0	0	0.99913515	0.041580682
215.230850	64.309853	-23.781652	0	0	0.99913515	0.041580682
215.371918	64.879669	-24.462591	0	0	0.99913515	0.041580682
215.506439	65.449638	-25.144178	0	0	0.99913515	0.041580682
215.634445	66.019714	-25.826387	0	0	0.99913515	0.041580682
215.755951	66.589783	-26.509192	0	0	0.99913515	0.041580682
215.870941	67.159798	-27.192566	0	0	0.99913515	0.041580682
215.979431	67.729660	-27.876480	0	0	0.99913515	0.041580682
216.081451	68.299301	-28.560907	0	0	0.99913515	0.041580682
216.177002	68.868645	-29.245825	0	0	0.99913515	0.041580682
216.266098	69.437614	-29.931202	0	0	0.99913515	0.041580682
216.348770	70.006134	-30.617012	0	0	0.99913515	0.041580682
216.425003	70.574127	-31.303230	0	0	0.99913515	0.041580682
216.494843	71.141510	-31.989828	0	0	0.99913515	0.041580682
216.558289	71.708214	-32.676777	0	0	0.99913515	0.041580682
216.615356	72.274162	-33.364052	0	0	0.99913515	0.041580682
216.666077	72.839272	-34.051617	0	0	0.99913515	0.041580682
216.710480	73.403488	-34.739460	0	0	0.99913515	0.041580682
216.748566	73.966721	-35.427547	0	0	0.99913515	0.041580682
216.780365	74.528900	-36.115856	0	0	0.99913515	0.041580682
216.805893	75.089943	-36.804340	0	0	0.99913515	0.041580682
216.825195	75.649788	-37.492996	0	0	0.99913515	0.041580682
216.838272	76.208366	-38.181789	0	0	0.99913515	0.041580682
216.845169	76.765587	-38.870686	0	0	0.99913515	0.041580682
216.845901	77.321388	-39.559662	0	0	0.99913515	0.041580682
216.840500	77.875694	-40.248695	0	0	0.99913515	0.041580682
216.828995	78.428444	-40.937752	0	0	0.99913515	0.041580682
216.811401	78.979553	-41.626804	0	0	0.99913515	0.041580682
216.787781	79.528961	-42.315834	0	0	0.99913515	0.041580682
216.758133	80.076584	-43.004803	0	0	0.99913515	0.041580682
216.722488	80.622368	-43.693695	0	0	0.99913515	0.041580682
216.680908	81.166237	-44.382473	0	0	0.99913515	0.041580682
216.633408	81.708122	-45.071121	0	0	0.99913515	0.041580682
216.580017	82.247948	-45.759598	0	0	0.99913515	0.041580682
216.520798	82.785660	-46.447887	0	0	0.99913515	0.041580682
216.455750	83.321182	-47.135956	0	0	0.99913515	0.041580682
216.384918	83.854439	-47.823772	0	0	0.99913515	0.041580682
216.308365	84.385391	-48.511326	0	0	0.99913515	0.041580682
216.226105	84.913940	-49.198578	0	0	0.99913515	0.041580682
216.138184	85.440048	-49.885498	0	0	0.99913515	0.041580682
216.044647	85.963631	-50.572063	0	0	0.99913515	0.041580682
215.945511	86.484634	-51.258251	0	0	0.99913515	0.041580682
215.840851	87.002991	-51.944035	0	0	0.99913515	0.041580682
215.730698	87.518646	-52.629375	0	0	0.99913515	0.041580682
215.615082	88.031525	-53.314259	0	0	0.99913515	0.041580682
215.494064	88.541573	-53.998650	0	0	0.99913515	0.041580682
215.367676	89.048714	-54.682518	0	0	0.99913515	0.041580682
215.235977	89.552917	-55.365856	0	0	0.99913515	0.041580682
215.098999	90.054092	-56.048611	0	0	0.99913515	0.041580682
214.956787	90.552200	-56.730778	0	0	0.99913515	0.041580682
214.809387	91.047173	-57.412312	0	0	0.99913515	0.041580682
214.656876	91.538956	-58.093197	0	0	0.99913515	0.041580682
214.499268	92.027489	-58.773407	0	0	0.99913515	0.041580682
214.336624	92.512718	-59.452908	0	0	0.99913515	0.041580682
214.169006	92.994583	-60.131680	0	0	0.99913515	0.041580682
213.996445	93.473030	-60.809692	0	0	0.99913515	0.041580682
213.819000	93.948013	-61.486919	0	0	0.99913515	0.041580682
213.636719	94.419464	-62.163330	0	0	0.99913515	0.041580682
213.449677	94.887337	-62.838909	0	0	0.99913515	0.041580682
213.257889	95.351578	-63.513622	0	0	0.99913515	0.041580682
213.061447	95.812134	-64.187431	0	0	0.99913515	0.041580682
212.860382	96.268951	-64.860336	0	0	0.99913515	0.041580682
212.654755	96.721992	-65.532288	0	0	0.99913515	0.041580682
212.444626	97.171188	-66.203270	0	0	0.99913515	0.041580682
212.230042	97.616508	-66.873253	0	0	0.99913515	0.041580682
212.011063	98.057892	-67.542206	0	0	0.99913515	0.041580682
211.787750	98.495300	-68.210114	0	0	0.99913515	0.041580682
211.560165	98.928673	-68.876945	0	0	0.99913515	0.041580682
211.328354	99.357979	-69.542671	0	0	0.99913515	0.041580682
211.092377	99.783173	-70.207260	0	0	0.99913515	0.041580682
210.852310	100.204201	-70.870705	0	0	0.99913515	0.041580682
210.608200	100.621025	-71.532959	0	0	0.99913515	0.041580682
210.360092	101.033600	-72.194008	0	0	0.99913515	0.041580682
210.108078	101.441879	-72.853813	0	0	0.99913515	0.041580682
209.852203	101.845840	-73.512367	0	0	0.99913515	0.041580682
209.592545	102.245422	-74.169624	0	0	0.99913515	0.041580682
209.329132	102.640594	-74.825577	0	0	0.99913515	0.041580682
209.062057	103.031319	-75.480186	0	0	0.99913515	0.041580682
208.791367	103.417557	-76.133430	0	0	0.99913515	0.041580682
208.517120	103.799271	-76.785294	0	0	0.99913515	0.041580682
208.239410	104.176422	-77.435730	0	0	0.99913515	0.041580682
207.958282	104.548981	-78.084724	0	0	0.99913515	0.041580682
207.673798	104.916908	-78.732254	0	0	0.99913515	0.041580682
207.386017	105.280174	-79.378296	0	0	0.99913515	0.041580682
207.095032	105.638741	-80.022812	0	0	0.99913515	0.041580682
206.800873	105.992584	-80.665787	0	0	0.99913515	0.041580682
206.503632	106.341667	-81.307190	0	0	0.99913515	0.041580682
206.203369	106.685966	-81.946999	0	0	0.99913515	0.041580682
205.900146	107.025444	-82.585197	0	0	0.99913515	0.041580682
205.594040	107.360077	-83.221741	0	0	0.99913515	0.041580682
205.285110	107.689835	-83.856613	0	0	0.99913515	0.041580682
204.973419	108.014694	-84.489799	0	0	0.99913515	0.041580682
204.659042	108.334625	-85.121254	0	0	0.99913515	0.041580682
204.342056	108.649612	-85.750969	0	0	0.99913515	0.041580682
204.022522	108.959618	-86.378906	0	0	0.99913515	0.041580682
203.700500	109.264626	-87.005058	0	0	0.99913515	0.041580682
203.376068	109.564621	-87.629387	0	0	0.99913515	0.041580682
203.049286	109.859573	-88.251869	0	0	0.99913515	0.041580682
202.720230	110.149467	-88.872490	0	0	0.99913515	0.041580682
202.388992	110.434280	-89.491211	0	0	0.99913515	0.041580682
202.055603	110.713997	-90.108009	0	0	0.99913515	0.041580682
201.720154	110.988594	-90.722878	0	0	0.99913515	0.041580682
201.382706	111.258057	-91.335770	0	0	0.99913515	0.041580682
201.043335	111.522377	-91.946678	0	0	0.99913515	0.041580682
200.702118	111.781532	-92.555565	0	0	0.99913515	0.041580682
200.359116	112.035515	-93.162422	0	0	0.99913515	0.041580682
200.014404	112.284309	-93.767204	0	0	0.99913515	0.041580682
199.668045	112.527893	-94.369904	0	0	0.99913515	0.041580682
199.320114	112.766273	-94.970497	0	0	0.99913515	0.041580682
198.970688	112.999428	-95.568954	0	0	0.99913515	0.041580682
198.619827	113.227356	-96.165253	0	0	0.99913515	0.041580682
198.267609	113.450035	-96.759377	0	0	0.99913515	0.041580682
197.914108	113.667480	-97.351295	0	0	0.99913515	0.041580682
197.559402	113.879654	-97.940971	0	0	0.99913515	0.041580682
197.203537	114.086586	-98.528412	0	0	0.99913515	0.041580682
196.846603	114.288246	-99.113571	0	0	0.99913515	0.041580682
196.488663	114.484642	-99.696434	0	0	0.99913515	0.041580682
196.129807	114.675758	-100.276962	0	0	0.99913515	0.041580682
195.770065	114.861618	-100.855171	0	0	0.99913515	0.041580682
195.409561	115.042191	-101.431000	0	0	0.99913515	0.041580682
195.081345	115.201706	-101.952156	0	0	0.99913515	0.041580682
195.034302	115.282990	-101.952156	0	0	0.99913515	0.041580682
194.290207	116.549103	-101.952156	0	0	0.99913515	0.041580682
193.530243	117.805779	-101.952156	0	0	0.99913515	0.041580682
192.754547	119.052795	-101.952156	0	0	0.99913515	0.041580682
191.963242	120.289978	-101.952156	0	0	0.99913515	0.041580682
191.156464	121.517113	-101.952156	0	0	0.99913515	0.041580682
190.334320	122.734009	-101.952156	0	0	0.99913515	0.041580682
189.496948	123.940491	-101.952156	0	0	0.99913515	0.041580682
188.644501	125.136345	-101.952156	0	0	0.99913515	0.041580682
187.777084	126.321388	-101.952156	0	0	0.99913515	0.041580682
186.894836	127.495453	-101.952156	0	0	0.99913515	0.041580682
185.997910	128.658325	-101.952156	0	0	0.99913515	0.041580682
185.086426	129.809845	-101.952156	0	0	0.99913515	0.041580682
184.160568	130.949814	-101.952156	0	0	0.99913515	0.041580682
183.220459	132.078049	-101.952156	0	0	0.99913515	0.041580682
182.266220	133.194397	-101.952156	0	0	0.99913515	0.041580682
181.298050	134.298660	-101.952156	0	0	0.99913515	0.041580682
180.316071	135.390671	-101.952156	0	0	0.99913515	0.041580682
179.320450	136.470261	-101.952156	0	0	0.99913515	0.041580682
178.311340	137.537247	-101.952156	0	0	0.99913515	0.041580682
177.288910	138.591476	-101.952156	0	0	0.99913515	0.041580682
176.253296	139.632767	-101.952156	0	0	0.99913515	0.041580682
175.204697	140.660965	-101.952156	0	0	0.99913515	0.041580682
174.143265	141.675903	-101.952156	0	0	0.99913515	0.041580682
173.069153	142.677414	-101.952156	0	0	0.99913515	0.041580682
171.982529	143.665359	-101.952156	0	0	0.99913515	0.041580682
170.883591	144.639572	-101.952156	0	0	0.99913515	0.041580682
169.772491	145.599899	-101.952156	0	0	0.99913515	0.041580682
212.638992	-125.477760	-10.983787	0	0	0.99913515	0.041580682
168.649414	146.546188	-101.952156	0	0	0.99913515	0.041580682
167.514542	147.478287	-101.952156	0	0	0.99913515	0.041580682
166.368042	148.396042	-101.952156	0	0	0.99913515	0.041580682
165.210098	149.299332	-101.952156	0	0	0.99913515	0.041580682
164.040894	150.188004	-101.952156	0	0	0.99913515	0.041580682
162.860611	151.061905	-101.952156	0	0	0.99913515	0.041580682
161.669449	151.920898	-101.952156	0	0	0.99913515	0.041580682
160.467575	152.764877	-101.952156	0	0	0.99913515	0.041580682
159.255203	153.593674	-101.952156	0	0	0.99913515	0.041580682
158.032501	154.407166	-101.952156	0	0	-0.76484218	0.64421769
156.799683	155.205231	-101.952156	0	0	-0.69670669	0.71735611
155.556931	155.987747	-101.952156	0	0	-0.69670669	0.71735611
154.304428	156.754578	-101.952156	0	0	-0.69670669	0.71735611
153.042404	157.505615	-101.952156	0	0	-0.69670669	0.71735611
151.771042	158.240723	-101.952156	0	0	-0.69670669	0.71735611
150.490555	158.959808	-101.952156	0	0	-0.69670669	0.71735611
149.201111	159.662750	-101.952156	0	0	-0.69670669	0.71735611
147.902954	160.349411	-101.952156	0	0	-0.69670669	0.71735611
146.596252	161.019730	-101.952156	0	0	-0.69670669	0.71735611
145.281235	161.673569	-101.952156	0	0	-0.69670669	0.71735611
143.958115	162.310822	-101.952156	0	0	-0.69670669	0.71735611
142.627075	162.931412	-101.952156	0	0	-0.69670669	0.71735611
141.288361	163.535217	-101.952156	0	0	-0.69670669	0.71735611
139.942154	164.122162	-101.952156	0	0	-0.69670669	0.71735611
138.588684	164.692139	-101.952156	0	0	-0.69670669	0.71735611
137.228149	165.245056	-101.952156	0	0	-0.69670669	0.71735611
135.860794	165.780838	-101.952156	0	0	-0.69670669	0.71735611
134.486801	166.299393	-101.952156	0	0	-0.69670669	0.71735611
133.106400	166.800644	-101.952156	0	0	-0.69670669	0.71735611
131.719803	167.284515	-101.952156	0	0	-0.69670669	0.71735611
130.327240	167.750916	-101.952156	0	0	-0.69670669	0.71735611
128.928925	168.199783	-101.952156	0	0	-0.69670669	0.71735611
127.525085	168.631042	-101.952156	0	0	-0.69670669	0.71735611
126.115936	169.044632	-101.952156	0	0	-0.69670669	0.71735611
124.701706	169.440475	-101.952156	0	0	-0.69670669	0.71735611
123.282600	169.818527	-101.952156	0	0	-0.69670669	0.71735611
121.858856	170.178711	-101.952156	0	0	-0.69670669	0.71735611
120.430702	170.520966	-101.952156	0	0	-0.69670669	0.71735611
118.998360	170.845261	-101.952156	0	0	-0.69670669	0.71735611
-29.192596	44.427094	-32.404167	0	0	0	1
117.562065	171.151520	-101.952156	0	0	-0.69670669	0.71735611
116.122025	171.439713	-101.952156	0	0	-0.69670669	0.71735611
-29.986771	46.888714	-35.737160	0	0	0	1
114.678474	171.709793	-101.952156	0	0	-0.69670669	0.71735611
113.231659	171.961700	-101.952156	0	0	-0.69670669	0.71735611
-30.628710	49.096039	-39.115120	0	0	0	1
111.781784	172.195404	-101.952156	0	0	-0.62160997	0.7833269
110.329079	172.410889	-101.952156	0	0	-0.62160997	0.7833269
-31.127998	51.056866	-42.509411	0	0	-0.26749883	0.96355818
108.873787	172.608093	-101.952156	0	0	-0.62160997	0.7833269
107.416122	172.786987	-101.952156	0	0	-0.62160997	0.7833269
-31.495001	52.781437	-45.894753	0	0	-0.36235775	0.93203909
105.956345	172.947556	-101.952156	0	0	-0.62160997	0.7833269
-31.740498	54.281826	-49.249287	0	0	-0.36235775	0.93203909
104.494659	173.089767	-101.952156	0	0	-0.62160997	0.7833269
-31.605089	55.939838	-54.171703	0	0	0	1
103.031288	173.213608	-101.952156	0	0	-0.62160997	0.7833269
-31.875406	55.571388	-52.554474	0	0	-0.45359611	0.89120736
-31.616039	56.995033	-54.855343	0	0	0	1
101.566490	173.319031	-101.952156	0	0	-0.62160997	0.7833269
-31.614367	58.051846	-55.538425	0	0	0	1
100.100479	173.406052	-101.952156	0	0	-0.62160997	0.7833269
-31.600039	59.110115	-56.220932	0	0	0	1
98.633492	173.474640	-101.952156	0	0	-0.62160997	0.7833269
-31.573032	60.169697	-56.902832	0	0	0	1
-31.533319	61.230431	-57.584099	0	0	0	1
97.165756	173.524796	-101.952156	0	0	-0.62160997	0.7833269
-31.480877	62.292164	-58.264706	0	0	0	1
95.697502	173.556503	-101.952156	0	0	-0.62160997	0.7833269
-31.415682	63.354736	-58.944633	0	0	0	1
94.228981	173.569748	-101.952156	0	0	-0.62160997	0.7833269
-31.337719	64.417984	-59.623833	0	0	0	1
92.760391	173.564545	-101.952156	0	0	-0.62160997	0.7833269
-31.246967	65.481766	-60.302307	0	0	0	1
-31.143412	66.545921	-60.980007	0	0	0	1
91.291992	173.540894	-101.952156	0	0	-0.62160997	0.7833269
-31.027040	67.610275	-61.656914	0	0	0	1
89.824005	173.498779	-101.952156	0	0	-0.62160997	0.7833269
-30.897839	68.674690	-62.333000	0	0	0	1
88.356659	173.438232	-101.952156	0	0	-0.62160997	0.7833269
-30.755800	69.739006	-63.008244	0	0	0	1
86.890190	173.359238	-101.952156	0	0	-0.62160997	0.7833269
-30.600914	70.803055	-63.682606	0	0	0	1
-30.433176	71.866684	-64.356079	0	0	0	1
85.424835	173.261841	-101.952156	0	0	-0.62160997	0.7833269
-30.252583	72.929741	-65.028618	0	0	0	1
83.960815	173.146027	-101.952156	0	0	-0.62160997	0.7833269
-30.059130	73.992058	-65.700203	0	0	0	1
82.498367	173.011826	-101.952156	0	0	-0.62160997	0.7833269
-29.852819	75.053482	-66.370811	0	0	0	1
81.037720	172.859253	-101.952156	0	0	-0.62160997	0.7833269
-29.633656	76.113846	-67.040405	0	0	0	1
-29.401640	77.173004	-67.708977	0	0	0	1
79.579109	172.688354	-101.952156	0	0	-0.62160997	0.7833269
-29.156776	78.230789	-68.376488	0	0	0	1
78.122757	172.499130	-101.952156	0	0	-0.62160997	0.7833269
-28.899075	79.287048	-69.042908	0	0	0	1
76.668907	172.291611	-101.952156	0	0	-0.62160997	0.7833269
-28.628550	80.341614	-69.708214	0	0	0	1
75.217766	172.065857	-101.952156	0	0	-0.62160997	0.7833269
-28.345205	81.394333	-70.372391	0	0	0	1
-28.049061	82.445053	-71.035393	0	0	0	1
73.769585	171.821869	-101.952156	0	0	-0.62160997	0.7833269
-27.740129	83.493607	-71.697212	0	0	0	1
72.324585	171.559708	-101.952156	0	0	-0.62160997	0.7833269
-27.418432	84.539833	-72.357811	0	0	-0.62160997	0.7833269
70.882988	171.279419	-101.952156	0	0	-0.62160997	0.7833269
-27.083984	85.583595	-73.017166	0	0	0	1
69.445030	170.981018	-101.952156	0	0	-0.62160997	0.7833269
-26.736811	86.624710	-73.675262	0	0	0	1
68.010933	170.664581	-101.952156	0	0	-0.62160997	0.7833269
-26.376934	87.663033	-74.332054	0	0	0	1
-26.004381	88.698410	-74.987534	0	0	0	1
66.580933	170.330154	-101.952156	0	0	-0.62160997	0.7833269
-25.619181	89.730675	-75.641655	0	0	0	1
65.155243	169.977783	-101.952156	0	0	-0.62160997	0.7833269
-25.221359	90.759674	-76.294411	0	0	0	1
63.734089	169.607529	-101.952156	0	0	-0.62160997	0.7833269
-24.810949	91.785255	-76.945763	0	0	0	1
-24.387985	92.807259	-77.595695	0	0	0	1
62.317699	169.219437	-101.952156	0	0	-0.62160997	0.7833269
-23.952503	93.825531	-78.244179	0	0	0	1
60.906307	168.813568	-101.952156	0	0	-0.62160997	0.7833269
-23.504539	94.839912	-78.891190	0	0	0	1
59.500122	168.390015	-101.952156	0	0	-0.62160997	0.7833269
-23.044132	95.850258	-79.536690	0	0	0	1
58.099369	167.948807	-101.952156	0	0	-0.62160997	0.7833269
-22.571327	96.856392	-80.180672	0	0	0	1
-22.086161	97.858185	-80.823105	0	0	0	1
56.704269	167.490051	-101.952156	0	0	-0.62160997	0.7833269
-21.588686	98.855476	-81.463959	0	0	0	1
55.315044	167.013779	-101.952156	0	0	-0.62160997	0.7833269
-21.078943	99.848106	-82.103210	0	0	0	1
53.931923	166.520111	-101.952156	0	0	-0.62160997	0.7833269
-20.556984	100.835930	-82.740829	0	0	0	1
52.555103	166.009079	-101.952156	0	0	-0.62160997	0.7833269
-20.022861	101.818787	-83.376801	0	0	0	1
-19.476624	102.796539	-84.011093	0	0	0	1
51.184822	165.480804	-101.952156	0	0	-0.62160997	0.7833269
-18.918329	103.769020	-84.643684	0	0	0	1
49.821285	164.935349	-101.952156	0	0	-0.62160997	0.7833269
-18.348034	104.736092	-85.274544	0	0	0	1
48.464710	164.372787	-101.952156	0	0	-0.62160997	0.7833269
-17.765793	105.697601	-85.903648	0	0	0	1
-17.171671	106.653404	-86.530983	0	0	0	1
47.115307	163.793243	-101.952156	0	0	-0.62160997	0.7833269
-16.565729	107.603340	-87.156509	0	0	0	1
45.773300	163.196777	-101.952156	0	0	-0.62160997	0.7833269
-15.948030	108.547272	-87.780212	0	0	0	1
44.438892	162.583496	-101.952156	0	0	-0.62160997	0.7833269
-15.318640	109.485046	-88.402069	0	0	0	1
-14.677627	110.416527	-89.022041	0	0	0	1
43.112289	161.953491	-101.952156	0	0	-0.62160997	0.7833269
-14.025060	111.341568	-89.640114	0	0	0	1
41.793716	161.306870	-101.952156	0	0	-0.62160997	0.7833269
-13.361010	112.260025	-90.256256	0	0	0	1
-12.685552	113.171738	-90.870461	0	0	0	1
40.483368	160.643738	-101.952156	0	0	-0.62160997	0.7833269
-11.998757	114.076591	-91.482681	0	0	0	1
39.181454	159.964172	-101.952156	0	0	-0.62160997	0.7833269
-11.300707	114.974419	-92.092911	0	0	0	1
-10.591476	115.865097	-92.701118	0	0	-0.69670669	0.71735611
37.888191	159.268326	-101.952156	0	0	-0.62160997	0.7833269
-9.871147	116.748482	-93.307281	0	0	0	1
36.603767	158.556259	-101.952156	0	0	-0.62160997	0.7833269
-9.139800	117.624428	-93.911369	0	0	0	1
-8.397520	118.492805	-94.513367	0	0	0	1
35.328392	157.828125	-101.952156	0	0	-0.62160997	0.7833269
-7.644392	119.353477	-95.113251	0	0	0	1
-6.880502	120.206306	-95.710983	0	0	0	1
34.062271	157.084015	-101.952156	0	0	-0.62160997	0.7833269
-6.105940	121.051155	-96.306557	0	0	0	1
32.805603	156.324066	-101.952156	0	0	-0.62160997	0.7833269
-5.320796	121.887894	-96.899940	0	0	0	1
-4.525163	122.716385	-97.491119	0	0	0	1
-3.719134	123.536499	-98.080055	0	0	0	1
31.558577	155.548370	-101.952156	0	0	-0.62160997	0.7833269
-2.902805	124.348114	-98.666733	0	0	0	1
-2.076272	125.151085	-99.251137	0	0	0	1
30.321402	154.757065	-101.952156	0	0	-0.62160997	0.7833269
-1.239635	125.945305	-99.833221	0	0	0	1
-0.392995	126.730621	-100.412994	0	0	0	1
0.463548	127.506927	-100.990410	0	0	0	1
1.329891	128.274094	-101.565453	0	0	0	1
29.094269	153.950287	-101.952156	0	0	-0.62160997	0.7833269
2.215326	129.161865	-101.952156	0	0	0	1
27.877365	153.128143	-101.952156	0	0	-0.62160997	0.7833269
3.133093	130.308365	-101.952156	0	0	-0.69670669	0.71735611
26.670893	152.290771	-101.952156	0	0	-0.62160997	0.7833269
4.065192	131.443237	-101.952156	0	0	-0.69670669	0.71735611
25.475035	151.438309	-101.952156	0	0	-0.62160997	0.7833269
5.011479	132.566315	-101.952156	0	0	-0.69670669	0.71735611
24.289984	150.570892	-101.952156	0	0	-0.62160997	0.7833269
5.971805	133.677414	-101.952156	0	0	-0.69670669	0.71735611
23.115931	149.688660	-101.952156	0	0	-0.62160997	0.7833269
6.946017	134.776352	-101.952156	0	0	-0.69670669	0.71735611
21.953053	148.791718	-101.952156	0	0	-0.62160997	0.7833269
7.933961	135.862976	-101.952156	0	0	-0.69670669	0.71735611
20.801538	147.880249	-101.952156	0	0	-0.62160997	0.7833269
8.935482	136.937088	-101.952156	0	0	-0.62160997	0.7833269
19.661570	146.954391	-101.952156	0	0	-0.62160997	0.7833269
9.950421	137.998520	-101.952156	0	0	-0.62160997	0.7833269
18.533325	146.014267	-101.952156	0	0	-0.62160997	0.7833269
10.978616	139.047134	-101.952156	0	0	-0.62160997	0.7833269
17.416981	145.060043	-101.952156	0	0	-0.62160997	0.7833269
12.019911	140.082733	-101.952156	0	0	-0.62160997	0.7833269
16.312716	144.091873	-101.952156	0	0	-0.62160997	0.7833269
13.074134	141.105164	-101.952156	0	0	-0.62160997	0.7833269
15.220708	143.109894	-101.952156	0	0	-0.62160997	0.7833269
14.141122	142.114273	-101.952156	0	0	-0.62160997	0.7833269
-45.427082	77.359497	-45.882999	0	0	-0.16996714	0.98544973
