133.117096	5.342847	-33.912354	0	0	0.94222235	0.33498812
133.453827	5.795511	-33.549236	0	0	-0.87758258	0.4794255
132.837555	4.821659	-34.360855	0	0	0.94222235	0.33498812
132.503571	4.866192	-34.042503	0	0	-0.87758258	0.4794255
133.850861	6.182557	-33.273090	0	0	-0.87758258	0.4794255
132.611740	4.231797	-34.894981	0	0	-0.98006658	0.19866933
134.299042	6.511571	-33.073414	0	0	-0.87758258	0.4794255
132.360229	3.609639	-35.427284	0	0	0.99913515	0.041580682
132.076721	2.982802	-35.963764	0	0	0.94222235	0.33498812
131.815384	2.501359	-36.217499	0	0	0.90407214	0.42737988
131.435043	2.351251	-36.264008	0	0	0.90407214	0.42737988
118.209122	-3.496998	-42.694267	0	0	0.90407214	0.42737988
114.704628	11.772882	-32.949913	0	0	-0.87758258	0.4794255
133.117096	-7.053496	-16.208540	0	0	0.98999249	0.14112005
133.453827	-6.579145	-15.876395	0	0	-0.99500417	0.099833397
132.837555	-7.613947	-16.600971	0	0	0.98999249	0.14112005
132.503571	-7.434488	-16.475313	0	0	0.98999249	0.14112005
133.850861	-6.189687	-15.603694	0	0	-0.99500417	0.099833397
132.611740	-8.260708	-17.053837	0	0	-0.99500417	0.099833397
134.299042	-5.875099	-15.383416	0	0	-0.99500417	0.099833397
132.360229	-8.928283	-17.521278	0	0	-0.99500417	0.099833397
132.076721	-9.600958	-17.992290	0	0	-0.99500417	0.099833397
131.815384	-10.043228	-18.301971	0	0	-0.99500417	0.099833397
131.435043	-10.165804	-18.387800	0	0	-0.98006658	0.19866933
140.184128	-5.333352	-15.004081	0	0	-0.99500417	0.099833397
142.692871	-5.333352	-15.004081	0	-0	-1	-4.371139e-08
109.988655	13.171180	-32.077812	0	0	0.94222235	0.33498812
114.771950	22.148577	-39.271534	0	0	-0.87758258	0.4794255
126.769470	31.720156	-25.470755	0	0	-0.98006658	0.19866933
126.416451	31.625563	-25.440639	0	0	-0.98006658	0.19866933
127.165222	31.826197	-25.504517	0	0	-0.99500417	0.099833397
126.102936	31.541559	-25.413895	0	0	-0.99500417	0.099833397
126.092827	31.538851	-25.413031	0	0	-0.99500417	0.099833397
114.771942	-5.333352	-15.004081	0	0	-0.92106097	0.38941839
127.607430	31.944687	-25.542242	0	0	-0.99500417	0.099833397
125.757446	31.448984	-25.384420	0	0	-0.99500417	0.099833397
128.088684	32.073635	-25.583296	0	-0	-1	-4.371139e-08
125.381470	31.348242	-25.352346	0	0	-0.99500417	0.099833397
114.704628	-5.333352	-15.004081	0	0	-0.92106097	0.38941839
125.039803	31.256693	-25.323198	0	0	-0.99500417	0.099833397
124.653740	31.153248	-25.290264	0	0	-0.99500417	0.099833397
118.209122	-17.111273	-23.251070	0	0	-0.99500417	0.099833397
115.345543	28.659122	-24.496187	0	0	-0.98006658	0.19866933
114.365425	28.396502	-24.412575	0	0	-0.87758258	0.4794255
147.443802	31.690626	-42.700817	0	0	0.99913515	0.041580682
109.988655	-5.333352	-15.004081	0	0	0.90407214	0.42737988
111.453171	27.616165	-24.164131	0	0	-0.98006658	0.19866933
111.226837	27.555519	-24.144823	0	0	-0.95533648	0.29552023
149.014206	34.981049	-34.865467	0	0	-0.99500417	0.099833397
107.134720	26.459042	-23.795729	0	0	0	1
147.283630	37.216908	-27.220804	0	0	0.98999249	0.14112005
148.936569	37.659813	-27.361816	0	-0	-1	-4.371139e-08
126.001625	-21.873693	-58.304230	0	0	0.97095818	0.23924928
165.542419	-5.333352	-15.004081	0	0	0.90407214	0.42737988
126.001625	-36.776505	-37.020813	0	0	0.94222235	0.33498812
173.834198	48.959984	-16.630869	0	0	-0.82533563	0.56464246
70.857307	16.738537	-20.700926	0	0	0.99913515	0.041580682
173.276321	-52.097191	-41.746956	0	0	0.99913515	0.041580682
93.125320	-63.924950	-15.836622	0	0	0.97095818	0.23924928
93.141342	-63.934200	-15.836622	0	0	0.97095818	0.23924928
93.159180	-63.944500	-15.836622	0	0	0.97095818	0.23924928
93.181854	-63.957596	-15.836622	0	0	0.97095818	0.23924928
93.227394	-63.983887	-15.836622	0	0	0.97095818	0.23924928
93.308159	-64.030518	-15.836622	0	0	0.97095818	0.23924928
93.312035	-64.032753	-15.836622	0	0	0.97095818	0.23924928
93.366959	-64.064461	-15.836622	0	0	0.97095818	0.23924928
93.379433	-64.071663	-15.836622	0	0	0.97095818	0.23924928
92.871567	-63.778450	-15.836622	0	0	0.94222235	0.33498812
93.505699	-64.144562	-15.836622	0	0	0.97095818	0.23924928
99.573822	-67.647995	-15.836622	0	0	0.90407214	0.42737988
86.535988	-60.120598	-15.836622	0	0	0.90407214	0.42737988
85.772102	-59.679569	-15.836622	0	0	0.98999249	0.14112005
78.308670	-55.370552	-15.836622	0	0	0.97095818	0.23924928
76.531677	-54.344604	-15.836622	0	0	0.80114363	0.59847213
76.491508	-54.321415	-15.836622	0	0	0.98999249	0.14112005
72.389214	-51.952957	-15.836622	0	0	-0.98006658	0.19866933
72.089355	-51.779835	-15.836622	0	0	0.97095818	0.23924928
22.331308	-58.619362	-15.958691	0	0	0.85688874	0.51550139
22.384323	-58.711185	-15.958691	0	0	0.85688874	0.51550139
22.432079	-58.793903	-15.958691	0	0	0.90407214	0.42737988
22.219482	-58.425674	-15.958691	0	0	0.85688874	0.51550139
22.487103	-58.889206	-15.958691	0	0	0.85688874	0.51550139
22.151144	-58.307308	-15.958691	0	0	0.85688874	0.51550139
22.120720	-58.254612	-15.958691	0	0	0.85688874	0.51550139
22.686068	-59.233822	-15.958691	0	0	0.85688874	0.51550139
22.892590	-59.591530	-15.958691	0	0	0.85688874	0.51550139
23.093142	-59.938896	-15.958691	0	0	0.85688874	0.51550139
23.206194	-60.134708	-15.958691	0	0	0.85688874	0.51550139
23.236279	-60.186817	-15.958691	0	0	0.85688874	0.51550139
14.943902	-45.824001	-15.958691	0	0	0.66627604	0.74570519
13.159430	-42.733200	-15.958691	0	0	0.97095818	0.23924928
32.337547	-75.950676	-15.958691	0	0	0.73739371	0.67546319
10.467925	-38.071381	-15.958691	0	0	0.58850112	0.8084964
2.726771	-24.663309	-15.958691	0	0	0.85688874	0.51550139
2.163980	-23.688526	-15.958691	0	0	0.85688874	0.51550139
-0.470676	-19.125168	-15.958691	0	0	0.90407214	0.42737988
-8.490219	-9.392210	-15.860209	0	0	0	1
-8.490219	-9.392210	-15.860209	0	0	0	1
-8.490219	-9.392210	-15.860209	0	0	0	1
-8.490219	-9.392210	-15.860209	0	0	0	1
-8.490219	-9.392210	-15.860209	0	0	0	1
-8.490219	-9.392210	-15.860209	0	0	0	1
-8.490219	-9.392210	-15.860209	0	0	0	1
-8.490219	-9.392210	-15.860209	0	0	0	1
-8.490219	-9.392210	-15.860209	0	0	0	1
-8.490219	-9.392210	-15.860209	0	0	0	1
-8.490219	-9.392210	-15.860209	0	0	0	1
-8.490219	-9.392210	-15.860209	0	0	0	1
-8.490219	-9.392210	-15.860209	0	0	0	1
-8.490219	-9.392210	-15.860209	0	0	0	1
-8.490219	-9.392210	-15.860209	0	0	0	1
-8.490219	-9.392210	-15.860209	0	0	0	1
-8.490219	-9.392210	-15.860209	0	0	0	1
-8.490219	-9.392210	-15.860209	0	0	0	1
-8.490219	-21.873693	-15.860209	0	0	0.50484609	0.86320938
166.098633	-176.438812	-41.746956	0	0	0.99913515	0.041580682
130.391342	-212.146103	-41.746956	0	0	0.99913515	0.041580682
115.106064	-220.971069	-16.540255	0	0	0.99913515	0.041580682
-8.490219	-212.146103	-15.860209	0	0	0.94222235	0.33498812
