112.552536	178.798981	38.564445	3.058407	112.552536	178.798981	38.564445
112.552536	178.798981	38.564445	3.058407	60.824245	192.659531	38.564445
60.824245	192.659531	38.564445	-0.741593	-38.086365	138.435410	38.564445
-38.086365	138.435410	38.564445	-0.141593	-40.582199	25.664246	38.564445
-40.582199	25.664246	38.564445	0.458407	112.552536	-28.865158	20.396187
112.552536	-28.865158	20.396187	3.058407	177.194748	66.835388	27.253525
177.194748	66.835388	27.253525	3.058407	128.947067	169.333588	36.908218
128.947067	169.333588	36.908218	3.058407	-24.557718	-41.106907	142.949799
112.552536	178.798981	38.564445	3.058407	112.552536	178.798981	38.564445
112.552536	178.798981	38.564445	3.058407	60.824245	192.659531	38.564445
60.824245	192.659531	38.564445	-0.741593	-38.086365	138.435410	38.564445
-38.086365	138.435410	38.564445	-0.141593	-40.582199	25.664246	38.564445
-40.582199	25.664246	38.564445	0.458407	112.552536	-28.865158	20.396187
112.552536	-28.865158	20.396187	3.058407	177.194748	66.835388	27.253525
177.194748	66.835388	27.253525	3.058407	128.947067	169.333588	36.908218
128.947067	169.333588	36.908218	3.058407	-24.557718	-41.106907	142.949799
112.552536	178.798981	38.564445	3.058407	112.552536	178.798981	38.564445
112.552536	178.798981	38.564445	3.058407	60.824245	192.659531	38.564445
60.824245	192.659531	38.564445	-0.741593	-38.086365	138.435410	38.564445
-38.086365	138.435410	38.564445	-0.141593	-40.582199	25.664246	38.564445
-40.582199	25.664246	38.564445	0.458407	112.552536	-28.865158	20.396187
112.552536	-28.865158	20.396187	3.058407	177.194748	66.835388	27.253525
177.194748	66.835388	27.253525	3.058407	128.947067	169.333588	36.908218
128.947067	169.333588	36.908218	3.058407	-24.557718	-41.106907	142.949799
112.552536	178.798981	38.564445	3.058407	112.552536	178.798981	38.564445
112.552536	178.798981	38.564445	3.058407	60.824245	192.659531	38.564445
60.824245	192.659531	38.564445	-0.741593	-38.086365	138.435410	38.564445
-38.086365	138.435410	38.564445	-0.141593	-40.582199	25.664246	38.564445
-40.582199	25.664246	38.564445	0.458407	112.552536	-28.865158	20.396187
112.552536	-28.865158	20.396187	3.058407	177.194748	66.835388	27.253525
177.194748	66.835388	27.253525	3.058407	128.947067	169.333588	36.908218
128.947067	169.333588	36.908218	3.058407	-24.557718	-41.106907	142.949799
112.552536	178.798981	38.564445	3.058407	112.552536	178.798981	38.564445
112.552536	178.798981	38.564445	3.058407	60.824245	192.659531	38.564445
60.824245	192.659531	38.564445	-0.741593	-38.086365	138.435410	38.564445
-38.086365	138.435410	38.564445	-0.141593	-40.582199	25.664246	38.564445
-40.582199	25.664246	38.564445	0.458407	112.552536	-28.865158	20.396187
112.552536	-28.865158	20.396187	3.058407	177.194748	66.835388	27.253525
177.194748	66.835388	27.253525	3.058407	128.947067	169.333588	36.908218
128.947067	169.333588	36.908218	3.058407	-24.557718	-41.106907	142.949799
112.552536	178.798981	38.564445	3.058407	112.552536	178.798981	38.564445
112.552536	178.798981	38.564445	3.058407	60.824245	192.659531	38.564445
60.824245	192.659531	38.564445	-0.741593	-38.086365	138.435410	38.564445
-38.086365	138.435410	38.564445	-0.141593	-40.582199	25.664246	38.564445
-40.582199	25.664246	38.564445	0.458407	112.552536	-28.865158	20.396187
112.552536	-28.865158	20.396187	3.058407	177.194748	66.835388	27.253525
177.194748	66.835388	27.253525	3.058407	128.947067	169.333588	36.908218
128.947067	169.333588	36.908218	3.058407	-24.557718	-41.106907	142.949799
112.552536	178.798981	38.564445	3.058407	112.552536	178.798981	38.564445
112.552536	178.798981	38.564445	3.058407	60.824245	192.659531	38.564445
60.824245	192.659531	38.564445	-0.741593	-38.086365	138.435410	38.564445
-38.086365	138.435410	38.564445	-0.141593	-40.582199	25.664246	38.564445
-40.582199	25.664246	38.564445	0.458407	112.552536	-28.865158	20.396187
112.552536	-28.865158	20.396187	3.058407	177.194748	66.835388	27.253525
177.194748	66.835388	27.253525	3.058407	128.947067	169.333588	36.908218
128.947067	169.333588	36.908218	3.058407	-24.557718	-41.106907	142.949799
112.552536	178.798981	38.564445	3.058407	112.552536	178.798981	38.564445
112.552536	178.798981	38.564445	3.058407	60.824245	192.659531	38.564445
60.824245	192.659531	38.564445	-0.741593	-38.086365	138.435410	38.564445
-38.086365	138.435410	38.564445	-0.141593	-40.582199	25.664246	38.564445
-40.582199	25.664246	38.564445	0.458407	112.552536	-28.865158	20.396187
112.552536	-28.865158	20.396187	3.058407	177.194748	66.835388	27.253525
177.194748	66.835388	27.253525	3.058407	128.947067	169.333588	36.908218
128.947067	169.333588	36.908218	3.058407	-24.557718	-41.106907	142.949799
112.552536	178.798981	38.564445	3.058407	112.552536	178.798981	38.564445
112.552536	178.798981	38.564445	3.058407	60.824245	192.659531	38.564445
60.824245	192.659531	38.564445	-0.741593	-38.086365	138.435410	38.564445
-38.086365	138.435410	38.564445	-0.141593	-40.582199	25.664246	38.564445
-40.582199	25.664246	38.564445	0.458407	112.552536	-28.865158	20.396187
112.552536	-28.865158	20.396187	3.058407	177.194748	66.835388	27.253525
177.194748	66.835388	27.253525	3.058407	128.947067	169.333588	36.908218
128.947067	169.333588	36.908218	3.058407	-24.557718	-41.106907	142.949799
112.552536	178.798981	38.564445	3.058407	112.552536	178.798981	38.564445
112.552536	178.798981	38.564445	3.058407	60.824245	192.659531	38.564445
60.824245	192.659531	38.564445	-0.741593	-38.086365	138.435410	38.564445
-38.086365	138.435410	38.564445	-0.141593	-40.582199	25.664246	38.564445
-40.582199	25.664246	38.564445	0.458407	112.552536	-28.865158	20.396187
112.552536	-28.865158	20.396187	3.058407	177.194748	66.835388	27.253525
177.194748	66.835388	27.253525	3.058407	128.947067	169.333588	36.908218
128.947067	169.333588	36.908218	3.058407	-24.557718	-41.106907	142.949799
112.552536	178.798981	38.564445	3.058407	112.552536	178.798981	38.564445
112.552536	178.798981	38.564445	3.058407	60.824245	192.659531	38.564445
60.824245	192.659531	38.564445	-0.741593	-38.086365	138.435410	38.564445
-38.086365	138.435410	38.564445	-0.141593	-40.582199	25.664246	38.564445
-40.582199	25.664246	38.564445	0.458407	112.552536	-28.865158	20.396187
112.552536	-28.865158	20.396187	3.058407	177.194748	66.835388	27.253525
177.194748	66.835388	27.253525	3.058407	128.947067	169.333588	36.908218
128.947067	169.333588	36.908218	3.058407	-24.557718	-41.106907	142.949799
112.552536	178.798981	38.564445	3.058407	112.552536	178.798981	38.564445
112.552536	178.798981	38.564445	3.058407	60.824245	192.659531	38.564445
60.824245	192.659531	38.564445	-0.741593	-38.086365	138.435410	38.564445
-38.086365	138.435410	38.564445	-0.141593	-40.582199	25.664246	38.564445
-40.582199	25.664246	38.564445	0.458407	112.552536	-28.865158	20.396187
112.552536	-28.865158	20.396187	3.058407	177.194748	66.835388	27.253525
177.194748	66.835388	27.253525	3.058407	128.947067	169.333588	36.908218
128.947067	169.333588	36.908218	3.058407	-24.557718	-41.106907	142.949799
112.552536	178.798981	38.564445	3.058407	112.552536	178.798981	38.564445
112.552536	178.798981	38.564445	3.058407	60.824245	192.659531	38.564445
60.824245	192.659531	38.564445	-0.741593	-38.086365	138.435410	38.564445
-38.086365	138.435410	38.564445	-0.141593	-40.582199	25.664246	38.564445
-40.582199	25.664246	38.564445	0.458407	112.552536	-28.865158	20.396187
112.552536	-28.865158	20.396187	3.058407	177.194748	66.835388	27.253525
177.194748	66.835388	27.253525	3.058407	128.947067	169.333588	36.908218
128.947067	169.333588	36.908218	3.058407	-24.557718	-41.106907	142.949799
112.552536	178.798981	38.564445	3.058407	112.552536	178.798981	38.564445
112.552536	178.798981	38.564445	3.058407	60.824245	192.659531	38.564445
60.824245	192.659531	38.564445	-0.741593	-38.086365	138.435410	38.564445
-38.086365	138.435410	38.564445	-0.141593	-40.582199	25.664246	38.564445
-40.582199	25.664246	38.564445	0.458407	112.552536	-28.865158	20.396187
112.552536	-28.865158	20.396187	3.058407	177.194748	66.835388	27.253525
177.194748	66.835388	27.253525	3.058407	128.947067	169.333588	36.908218
128.947067	169.333588	36.908218	3.058407	-24.557718	-41.106907	142.949799
112.552536	178.798981	38.564445	3.058407	112.552536	178.798981	38.564445
112.552536	178.798981	38.564445	3.058407	60.824245	192.659531	38.564445
60.824245	192.659531	38.564445	-0.741593	-38.086365	138.435410	38.564445
-38.086365	138.435410	38.564445	-0.141593	-40.582199	25.664246	38.564445
-40.582199	25.664246	38.564445	0.458407	112.552536	-28.865158	20.396187
112.552536	-28.865158	20.396187	3.058407	177.194748	66.835388	27.253525
177.194748	66.835388	27.253525	3.058407	128.947067	169.333588	36.908218
128.947067	169.333588	36.908218	3.058407	-24.557718	-41.106907	142.949799
112.552536	178.798981	38.564445	3.058407	112.552536	178.798981	38.564445
112.552536	178.798981	38.564445	3.058407	60.824245	192.659531	38.564445
60.824245	192.659531	38.564445	-0.741593	-38.086365	138.435410	38.564445
-38.086365	138.435410	38.564445	-0.141593	-40.582199	25.664246	38.564445
-40.582199	25.664246	38.564445	0.458407	112.552536	-28.865158	20.396187
112.552536	-28.865158	20.396187	3.058407	177.194748	66.835388	27.253525
177.194748	66.835388	27.253525	3.058407	128.947067	169.333588	36.908218
128.947067	169.333588	36.908218	3.058407	-24.557718	-41.106907	142.949799
112.552536	178.798981	38.564445	3.058407	112.552536	178.798981	38.564445
112.552536	178.798981	38.564445	3.058407	60.824245	192.659531	38.564445
60.824245	192.659531	38.564445	-0.741593	-38.086365	138.435410	38.564445
-38.086365	138.435410	38.564445	-0.141593	-40.582199	25.664246	38.564445
-40.582199	25.664246	38.564445	0.458407	112.552536	-28.865158	20.396187
112.552536	-28.865158	20.396187	3.058407	177.194748	66.835388	27.253525
177.194748	66.835388	27.253525	3.058407	128.947067	169.333588	36.908218
128.947067	169.333588	36.908218	3.058407	-24.557718	-41.106907	142.949799
112.552536	178.798981	38.564445	3.058407	112.552536	178.798981	38.564445
112.552536	178.798981	38.564445	3.058407	60.824245	192.659531	38.564445
60.824245	192.659531	38.564445	-0.741593	-38.086365	138.435410	38.564445
-38.086365	138.435410	38.564445	-0.141593	-40.582199	25.664246	38.564445
-40.582199	25.664246	38.564445	0.458407	112.552536	-28.865158	20.396187
112.552536	-28.865158	20.396187	3.058407	177.194748	66.835388	27.253525
177.194748	66.835388	27.253525	3.058407	128.947067	169.333588	36.908218
128.947067	169.333588	36.908218	3.058407	-24.557718	-41.106907	142.949799
112.552536	178.798981	38.564445	3.058407	112.552536	178.798981	38.564445
112.552536	178.798981	38.564445	3.058407	60.824245	192.659531	38.564445
60.824245	192.659531	38.564445	-0.741593	-38.086365	138.435410	38.564445
-38.086365	138.435410	38.564445	-0.141593	-40.582199	25.664246	38.564445
-40.582199	25.664246	38.564445	0.458407	112.552536	-28.865158	20.396187
112.552536	-28.865158	20.396187	3.058407	177.194748	66.835388	27.253525
177.194748	66.835388	27.253525	3.058407	128.947067	169.333588	36.908218
128.947067	169.333588	36.908218	3.058407	-24.557718	-41.106907	142.949799
112.552536	178.798981	38.564445	3.058407	112.552536	178.798981	38.564445
112.552536	178.798981	38.564445	3.058407	60.824245	192.659531	38.564445
60.824245	192.659531	38.564445	-0.741593	-38.086365	138.435410	38.564445
-38.086365	138.435410	38.564445	-0.141593	-40.582199	25.664246	38.564445
-40.582199	25.664246	38.564445	0.458407	112.552536	-28.865158	20.396187
112.552536	-28.865158	20.396187	3.058407	177.194748	66.835388	27.253525
177.194748	66.835388	27.253525	3.058407	128.947067	169.333588	36.908218
128.947067	169.333588	36.908218	3.058407	-24.557718	-41.106907	142.949799
