-51.635868	-14.109058	9.363421	0	0	0.029199523	0.9995736
-51.656132	-14.123240	9.365743	0	0	0.029199523	0.9995736
-51.641087	-14.107890	9.335991	0	0	-0.54030229	0.84147099
-51.628754	-14.107944	9.395240	0	0	-0.54030229	0.84147099
-51.624699	-14.107323	9.436387	0	0	0.029199523	0.9995736
-51.614349	-14.097675	9.489017	0	0	0.029199523	0.9995736
-51.590359	-14.072113	9.547100	0	0	-0.54030229	0.84147099
-51.522617	-13.998659	9.632080	0	0	0.029199523	0.9995736
-51.503494	-13.984640	9.669067	0	0	0.029199523	0.9995736
-51.481739	-13.968339	9.707242	0	0	0.029199523	0.9995736
-51.457138	-13.949529	9.746655	0	0	-0.54030229	0.84147099
-51.429466	-13.927932	9.787454	0	0	-0.62160997	0.7833269
-51.398457	-13.903230	9.830051	0	0	0.029199523	0.9995736
-51.363907	-13.875065	9.874981	0	0	-0.62160997	0.7833269
-51.325577	-13.842877	9.922986	0	0	0.029199523	0.9995736
-51.284286	-13.806917	9.974868	0	0	-0.62160997	0.7833269
-51.238865	-13.765284	10.031029	0	0	0.029199523	0.9995736
-50.878231	-14.526735	9.630770	0	0	0.029199523	0.9995736
-51.196350	-13.723653	10.093239	0	0	-0.62160997	0.7833269
-51.143871	-13.671124	10.157999	0	0	0.029199523	0.9995736
-51.113476	-13.643203	10.204230	0	0	0.029199523	0.9995736
-51.084919	-13.614602	10.246620	0	0	0.029199523	0.9995736
-51.034767	-13.509644	10.196811	0	0	-0.54030229	0.84147099
-51.060314	-13.585796	10.285472	0	0	0.029199523	0.9995736
-51.051781	-13.558023	10.310299	0	0	-0.62160997	0.7833269
-51.051899	-13.554530	10.309839	0	0	-0.62160997	0.7833269
-50.993633	-13.035243	9.805584	0	0	-0.62160997	0.7833269
-50.722713	-12.858150	8.192485	0	0	-0.070737201	0.99749499
-51.522964	-15.927782	8.576580	0	0	0.029199523	0.9995736
-51.099121	-11.731265	9.984783	0	0	-0.36235775	0.93203909
-51.099121	-11.731265	9.984783	0	0	-0.45359611	0.89120736
-51.099121	-11.731265	9.984783	0	0	0.029199523	0.9995736
-51.099121	-11.731265	9.984783	0	0	-0.62160997	0.7833269
-51.098675	-11.722646	9.979400	0	0	0.029199523	0.9995736
-51.276421	-14.929171	12.048113	0	0	-0.62160997	0.7833269
-51.352764	-12.363376	11.647469	0	0	-0.62160997	0.7833269
-51.066383	-11.099824	9.590418	0	0	-0.69670669	0.71735611
-51.345886	-11.454822	11.310944	0	0	-0.69670669	0.71735611
-50.420162	-12.934521	6.480676	0	0	-0.54030229	0.84147099
-51.371502	-11.426125	11.448607	0	0	-0.69670669	0.71735611
-50.409897	-12.776670	6.370148	0	0	-0.62160997	0.7833269
-50.403313	-12.675425	6.299255	0	0	-0.62160997	0.7833269
-51.032280	-10.441965	9.179554	0	0	-0.070737201	0.99749499
-50.734116	-17.762915	9.861554	0	0	0.1288445	0.99166481
-50.737705	-17.818142	9.900226	0	0	-0.36235775	0.93203909
-50.737705	-17.818142	9.900226	0	0	0.029199523	0.9995736
-50.737705	-17.818142	9.900226	0	0	-0.45359611	0.89120736
-50.737705	-17.818142	9.900226	0	0	0.1288445	0.99166481
-50.376472	-12.262629	6.010212	0	0	-0.070737201	0.99749499
-50.161808	-16.921310	6.301099	0	0	-0.45359611	0.89120736
-52.788803	-18.411879	9.363421	0	0	-0.26749883	0.96355818
-52.804169	-18.407763	9.365743	0	0	-0.26749883	0.96355818
-52.793968	-18.410494	9.335991	0	0	0.029199523	0.9995736
-52.782448	-18.413582	9.395240	0	0	0.029199523	0.9995736
-52.778816	-18.414555	9.436387	0	0	-0.26749883	0.96355818
-52.771572	-18.416494	9.489017	0	0	-0.26749883	0.96355818
-52.755581	-18.420780	9.547100	0	0	0.029199523	0.9995736
-52.710743	-18.432795	9.632080	0	0	-0.26749883	0.96355818
-52.696404	-18.436638	9.669067	0	0	-0.26749883	0.96355818
-52.680183	-18.440983	9.707242	0	0	-0.26749883	0.96355818
-52.661930	-18.445873	9.746655	0	0	0.029199523	0.9995736
-52.641510	-18.451345	9.787454	0	0	0.029199523	0.9995736
-52.618755	-18.457443	9.830051	0	0	-0.26749883	0.96355818
-52.593563	-18.464193	9.874981	0	0	0.029199523	0.9995736
-52.565845	-18.471621	9.922986	0	0	-0.26749883	0.96355818
-52.536312	-18.479534	9.974868	0	0	0.029199523	0.9995736
-52.504337	-18.488100	10.031029	0	0	-0.26749883	0.96355818
-52.475082	-18.495939	10.093239	0	0	0.029199523	0.9995736
-52.439251	-18.505541	10.157999	0	0	-0.26749883	0.96355818
-52.417870	-18.511271	10.204230	0	0	-0.26749883	0.96355818
-52.398376	-18.516493	10.246620	0	0	-0.26749883	0.96355818
-52.382622	-18.520714	10.285472	0	0	-0.26749883	0.96355818
-52.364288	-18.525627	10.313309	0	0	0.029199523	0.9995736
-52.360645	-18.526602	10.314272	0	0	0.029199523	0.9995736
-51.467785	-15.452394	4.953123	0	0	-0.45359611	0.89120736
-51.967873	-18.631845	10.274539	0	0	-0.070737201	0.99749499
-51.591179	-17.601124	6.212906	0	0	0.029199523	0.9995736
-51.481071	-18.762283	8.338190	0	0	0.1288445	0.99166481
-50.043278	-14.337954	4.776055	0	0	-0.45359611	0.89120736
-50.825062	-18.938061	9.849277	0	0	-0.36235775	0.93203909
-50.713356	-18.967993	10.136385	0	0	-0.16996714	0.98544973
-50.007553	-13.559355	4.316422	0	0	-0.36235775	0.93203909
-51.044941	-18.879145	12.010777	0	0	-0.26749883	0.96355818
-51.090385	-18.866968	12.267678	0	0	-0.45359611	0.89120736
-51.780907	-18.681944	6.018057	0	0	-0.070737201	0.99749499
-50.054760	-19.144463	6.413465	0	0	-0.16996714	0.98544973
-51.355675	-18.795883	5.502555	0	0	-0.16996714	0.98544973
-52.076569	-10.636265	15.237736	0	0	-0.69670669	0.71735611
-50.384418	-21.773174	9.165319	0	0	-0.26749883	0.96355818
-54.173546	-19.148846	3.917377	0	0	-0.070737201	0.99749499
-50.325302	-21.943378	8.881597	0	0	-0.26749883	0.96355818
-51.974972	-17.214041	16.805140	0	0	-0.54030229	0.84147099
-51.915806	-18.676661	16.943705	0	0	-0.54030229	0.84147099
-50.463688	-23.500820	10.185207	0	0	0.41614682	0.90929743
-50.463688	-23.500820	10.185207	0	0	-0.070737201	0.99749499
-50.463688	-23.500820	10.185207	0	0	-0.16996714	0.98544973
-50.235924	-24.289410	9.135578	0	0	0.029199523	0.9995736
-50.236996	-24.289696	9.141831	0	0	0.029199523	0.9995736
-50.231503	-24.288223	9.109803	0	0	0.1288445	0.99166481
-50.241005	-24.290770	9.165192	0	0	0.1288445	0.99166481
-50.247730	-24.292572	9.204377	0	0	0.029199523	0.9995736
-50.256115	-24.294819	9.253245	0	0	0.029199523	0.9995736
-50.261963	-24.296387	9.287342	0	0	-0.16996714	0.98544973
-50.264896	-24.297171	9.304422	0	0	0.1288445	0.99166481
-50.276535	-24.300291	9.372261	0	0	0.029199523	0.9995736
-50.282036	-24.301764	9.404311	0	0	0.029199523	0.9995736
-50.282928	-24.302004	9.409530	0	0	-0.070737201	0.99749499
-50.287640	-24.303267	9.436973	0	0	0.029199523	0.9995736
-50.293350	-24.304796	9.470249	0	0	0.1288445	0.99166481
-50.178288	-24.273966	8.799670	0	0	-0.16996714	0.98544973
-50.299179	-24.306358	9.504235	0	0	0.1288445	0.99166481
-50.305191	-24.307968	9.539270	0	0	0.029199523	0.9995736
-50.311462	-24.309650	9.575825	0	0	0.1288445	0.99166481
-50.318108	-24.311430	9.614551	0	0	-0.070737201	0.99749499
-50.325287	-24.313353	9.656375	0	0	0.1288445	0.99166481
-50.333012	-24.315424	9.701406	0	0	-0.070737201	0.99749499
-50.341827	-24.317785	9.752787	0	0	0.1288445	0.99166481
-50.350700	-24.320164	9.804495	0	0	-0.070737201	0.99749499
-50.352806	-24.320728	9.816774	0	0	0.029199523	0.9995736
-50.357307	-24.321934	9.843012	0	0	-0.070737201	0.99749499
-50.363327	-24.323545	9.878080	0	0	-0.070737201	0.99749499
-50.368866	-24.325031	9.910367	0	0	-0.070737201	0.99749499
-50.372440	-24.325989	9.931196	0	0	0.1288445	0.99166481
-50.372540	-24.326015	9.931777	0	0	0.1288445	0.99166481
-50.005527	-24.227674	7.792818	0	0	0.22720209	0.97384763
-49.893490	-24.197655	7.139869	0	0	0.029199523	0.9995736
-50.594414	-24.385466	11.224863	0	0	0.029199523	0.9995736
-50.106121	-24.254627	6.990984	0	0	0.029199523	0.9995736
-50.328228	-24.314142	6.835463	0	0	0.029199523	0.9995736
-50.678497	-24.407995	11.714909	0	0	-0.16996714	0.98544973
-50.076694	-25.157846	8.505472	0	0	-0.070737201	0.99749499
-53.716743	-25.378973	10.185207	0	0	-0.16996714	0.98544973
-50.078007	-25.517643	8.630642	0	0	0.41614682	0.90929743
-50.079948	-26.049932	8.815822	0	0	0.50484609	0.86320938
-49.799362	-26.051880	7.205778	0	0	0.22720209	0.97384763
-59.841202	-23.252937	6.751788	0	0	0.41614682	0.90929743
-50.082439	-26.732161	9.053163	0	0	-0.070737201	0.99749499
-51.539719	-24.638760	16.734121	0	0	-0.26749883	0.96355818
-54.649853	-25.472118	3.809427	0	0	0.1288445	0.99166481
-49.761482	-26.798084	7.232302	0	0	0.32328956	0.94630009
-51.633038	-24.663765	17.277996	0	0	0.58850112	0.8084964
-61.719280	-16.018965	18.012724	0	0	-0.54030229	0.84147099
-49.645569	-29.081497	7.313466	0	0	0.029199523	0.9995736
-50.095600	-30.339872	10.308256	0	0	0.66627604	0.74570519
-52.893208	-30.516397	8.673595	0	0	-0.070737201	0.99749499
-53.390812	-18.250570	25.271557	0	0	0.41614682	0.90929743
-53.390812	-18.250570	25.271557	0	0	-0.45359611	0.89120736
-49.499935	-30.647858	6.989599	0	0	0.1288445	0.99166481
-49.501186	-30.649109	6.997185	0	0	0.1288445	0.99166481
-49.495754	-30.643675	6.964215	0	0	0.1288445	0.99166481
-49.504700	-30.652620	7.018492	0	0	0.1288445	0.99166481
-49.511009	-30.658932	7.056787	0	0	0.1288445	0.99166481
-49.518723	-30.666643	7.103579	0	0	0.1288445	0.99166481
-49.524841	-30.672766	7.140719	0	0	0.029199523	0.9995736
-49.526524	-30.674446	7.150923	0	0	0.1288445	0.99166481
-49.532970	-30.680891	7.190027	0	0	0.029199523	0.9995736
-49.536171	-30.684093	7.209452	0	0	0.029199523	0.9995736
-49.541100	-30.689022	7.239353	0	0	0.029199523	0.9995736
-49.546085	-30.694008	7.269611	0	0	0.029199523	0.9995736
-49.551128	-30.699051	7.300207	0	0	0.1288445	0.99166481
-49.556236	-30.704159	7.331201	0	0	0.1288445	0.99166481
-49.561462	-30.709383	7.362895	0	0	0.029199523	0.9995736
-49.566868	-30.714790	7.395706	0	0	0.1288445	0.99166481
-49.572556	-30.720478	7.430214	0	0	0.029199523	0.9995736
-49.578678	-30.726599	7.467346	0	0	0.1288445	0.99166481
-49.585213	-30.733135	7.507004	0	0	0.029199523	0.9995736
-49.592697	-30.740620	7.552415	0	0	0.029199523	0.9995736
-49.592770	-30.740692	7.552855	0	0	0.1288445	0.99166481
-49.404362	-30.552284	6.409715	0	0	0.50484609	0.86320938
-49.599285	-30.747206	7.592376	0	0	0.029199523	0.9995736
-49.600189	-30.748110	7.597863	0	0	0.029199523	0.9995736
-49.605911	-30.753834	7.632596	0	0	0.029199523	0.9995736
-49.611065	-30.758987	7.663866	0	0	0.029199523	0.9995736
-49.615765	-30.763685	7.692366	0	0	0.029199523	0.9995736
-49.618549	-30.766472	7.709276	0	0	0.1288445	0.99166481
-49.618710	-30.766630	7.710238	0	0	0.1288445	0.99166481
-49.347858	-30.495781	6.066896	0	0	0.41614682	0.90929743
-49.312321	-30.460243	5.851275	0	0	0.41614682	0.90929743
-49.312321	-30.460243	5.851275	0	0	0.32328956	0.94630009
-49.804714	-30.952637	8.838804	0	0	0.1288445	0.99166481
-49.931484	-31.079407	9.607963	0	0	0.66627604	0.74570519
-54.022358	-8.215048	25.615770	0	0	0	1
-50.426346	-31.574268	12.610478	0	0	0.73739371	0.67546319
-52.697296	-24.948931	23.480524	0	0	0.66627604	0.74570519
-49.502369	-31.902412	7.413736	0	0	0.66627604	0.74570519
-50.609993	-31.757914	4.610052	0	0	0.41614682	0.90929743
-49.200283	-31.948185	5.694618	0	0	0.50484609	0.86320938
-51.519329	-32.371906	6.001445	0	0	0.029199523	0.9995736
-50.523968	-32.614853	10.844975	0	0	0.73739371	0.67546319
-50.898319	-32.046242	4.334265	0	0	0.32328956	0.94630009
-50.809803	-31.957726	14.937059	0	0	-0.070737201	0.99749499
-61.086380	-27.196779	-0.697476	0	0	0.1288445	0.99166481
-52.964767	-25.020599	25.039347	0	0	-0.36235775	0.93203909
-54.263248	-4.387229	25.747063	0	0	0	1
-50.324593	-32.744423	4.437737	0	0	0.32328956	0.94630009
-62.200451	-0.036956	18.012724	0	0	-0.76484218	0.64421769
-51.182198	-32.330120	17.196508	0	0	0.73739371	0.67546319
-50.109100	-34.041645	11.596072	0	0	0.029199523	0.9995736
-54.753323	-3.707703	26.306095	0	0	0	1
-59.144470	4.231673	17.708260	0	0	0	1
-49.221809	-37.429173	7.610187	0	0	0.1288445	0.99166481
-49.452114	-37.489235	7.448925	0	0	0.80114363	0.59847213
-52.426468	-33.574390	24.745956	0	0	-0.16996714	0.98544973
-65.563477	-33.490170	2.031504	0	0	0.50484609	0.86320938
-48.302132	-39.929905	3.148487	0	0	0.73739371	0.67546319
-48.141617	-41.434597	2.719024	0	0	0	1
-48.196873	-42.441975	3.365561	0	0	0.22720209	0.97384763
-48.878761	-44.186848	7.850390	0	0	0.22720209	0.97384763
-74.546471	-12.581929	-10.735813	0	0	-0.070737201	0.99749499
-64.619675	-43.564423	-3.171515	0	0	0.58850112	0.8084964
-66.418190	18.238653	-2.825637	0	0	0	1
-48.735409	-52.260651	9.667221	0	0	0.80114363	0.59847213
-48.735409	-52.260651	9.667221	0	0	0.41614682	0.90929743
-48.735409	-52.260651	9.667221	0	0	0.22720209	0.97384763
-48.735409	-52.260651	9.667221	0	0	0.90407214	0.42737988
-59.805962	-50.314571	-7.463118	0	0	0.58850112	0.8084964
-77.818497	15.581094	-23.090990	0	0	-0.36235775	0.93203909
-71.934494	29.520870	-23.246908	0	0	0	1
-61.985886	-101.712105	3.891612	0	0	0.90407214	0.42737988
-173.098724	-154.246643	-32.678532	0	0	0.73739371	0.67546319
-220.800583	86.245926	9.984784	0	0	0.1288445	0.99166481
-291.366882	-9.998448	4.424817	0	0	0.41614682	0.90929743
-278.136444	-85.355171	-32.678532	0	0	0.50484609	0.86320938
-291.366882	-35.978493	-32.678532	0	0	0.41614682	0.90929743
