-23.396235	19.937714	163.529770	-0.941593	-81.381119	86.879784	167.033493
-81.381119	86.879784	167.033493	0.058407	-166.103149	74.021057	173.283173
-166.103149	74.021057	173.283173	0.658407	-197.328186	19.937714	178.746841
-197.328186	19.937714	178.746841	1.058407	-197.328186	19.937714	178.746841
-197.328186	19.937714	178.746841	1.058407	-197.328186	19.937714	178.746841
-197.328186	19.937714	178.746841	1.058407	-176.526291	-57.696037	178.746841
-176.526291	-57.696037	178.746841	1.658407	-97.990753	-79.399719	178.746841
-97.990753	-79.399719	178.746841	2.058407	-44.788082	-40.379456	177.045700
-44.788082	-40.379456	177.045700	1.458407	-34.659626	-39.432339	169.739273
-34.659626	-39.432339	169.739273	2.258407	-27.123772	-33.479130	164.424759
-27.123772	-33.479130	164.424759	2.658407	-23.505655	-25.317589	162.478439
-23.505655	-25.317589	162.478439	3.058407	0.000000	0.000000	0.000000
-23.396235	19.937714	163.529770	-0.941593	-81.381119	86.879784	167.033493
-81.381119	86.879784	167.033493	0.058407	-166.103149	74.021057	173.283173
-166.103149	74.021057	173.283173	0.658407	-197.328186	19.937714	178.746841
-197.328186	19.937714	178.746841	1.058407	-197.328186	19.937714	178.746841
-197.328186	19.937714	178.746841	1.058407	-197.328186	19.937714	178.746841
-197.328186	19.937714	178.746841	1.058407	-176.526291	-57.696037	178.746841
-176.526291	-57.696037	178.746841	1.658407	-97.990753	-79.399719	178.746841
-97.990753	-79.399719	178.746841	2.058407	-44.788082	-40.379456	177.045700
-44.788082	-40.379456	177.045700	1.458407	-34.659626	-39.432339	169.739273
-34.659626	-39.432339	169.739273	2.258407	-27.123772	-33.479130	164.424759
-27.123772	-33.479130	164.424759	2.658407	-23.505655	-25.317589	162.478439
-23.505655	-25.317589	162.478439	3.058407	0.000000	0.000000	0.000000
-23.396235	19.937714	163.529770	-0.941593	-81.381119	86.879784	167.033493
-81.381119	86.879784	167.033493	0.058407	-166.103149	74.021057	173.283173
-166.103149	74.021057	173.283173	0.658407	-197.328186	19.937714	178.746841
-197.328186	19.937714	178.746841	1.058407	-197.328186	19.937714	178.746841
-197.328186	19.937714	178.746841	1.058407	-197.328186	19.937714	178.746841
-197.328186	19.937714	178.746841	1.058407	-176.526291	-57.696037	178.746841
-176.526291	-57.696037	178.746841	1.658407	-97.990753	-79.399719	178.746841
-97.990753	-79.399719	178.746841	2.058407	-44.788082	-40.379456	177.045700
-44.788082	-40.379456	177.045700	1.458407	-34.659626	-39.432339	169.739273
-34.659626	-39.432339	169.739273	2.258407	-27.123772	-33.479130	164.424759
-27.123772	-33.479130	164.424759	2.658407	-23.505655	-25.317589	162.478439
-23.505655	-25.317589	162.478439	3.058407	0.000000	0.000000	0.000000
-23.396235	19.937714	163.529770	-0.941593	-81.381119	86.879784	167.033493
-81.381119	86.879784	167.033493	0.058407	-166.103149	74.021057	173.283173
-166.103149	74.021057	173.283173	0.658407	-197.328186	19.937714	178.746841
-197.328186	19.937714	178.746841	1.058407	-197.328186	19.937714	178.746841
-197.328186	19.937714	178.746841	1.058407	-197.328186	19.937714	178.746841
-197.328186	19.937714	178.746841	1.058407	-176.526291	-57.696037	178.746841
-176.526291	-57.696037	178.746841	1.658407	-97.990753	-79.399719	178.746841
-97.990753	-79.399719	178.746841	2.058407	-44.788082	-40.379456	177.045700
-44.788082	-40.379456	177.045700	1.458407	-34.659626	-39.432339	169.739273
-34.659626	-39.432339	169.739273	2.258407	-27.123772	-33.479130	164.424759
-27.123772	-33.479130	164.424759	2.658407	-23.505655	-25.317589	162.478439
-23.505655	-25.317589	162.478439	3.058407	0.000000	0.000000	0.000000
-23.396235	19.937714	163.529770	-0.941593	-81.381119	86.879784	167.033493
-81.381119	86.879784	167.033493	0.058407	-166.103149	74.021057	173.283173
-166.103149	74.021057	173.283173	0.658407	-197.328186	19.937714	178.746841
-197.328186	19.937714	178.746841	1.058407	-197.328186	19.937714	178.746841
-197.328186	19.937714	178.746841	1.058407	-197.328186	19.937714	178.746841
-197.328186	19.937714	178.746841	1.058407	-176.526291	-57.696037	178.746841
-176.526291	-57.696037	178.746841	1.658407	-97.990753	-79.399719	178.746841
-97.990753	-79.399719	178.746841	2.058407	-44.788082	-40.379456	177.045700
-44.788082	-40.379456	177.045700	1.458407	-34.659626	-39.432339	169.739273
-34.659626	-39.432339	169.739273	2.258407	-27.123772	-33.479130	164.424759
-27.123772	-33.479130	164.424759	2.658407	-23.505655	-25.317589	162.478439
-23.505655	-25.317589	162.478439	3.058407	0.000000	0.000000	0.000000
-23.396235	19.937714	163.529770	-0.941593	-81.381119	86.879784	167.033493
-81.381119	86.879784	167.033493	0.058407	-166.103149	74.021057	173.283173
-166.103149	74.021057	173.283173	0.658407	-197.328186	19.937714	178.746841
-197.328186	19.937714	178.746841	1.058407	-197.328186	19.937714	178.746841
-197.328186	19.937714	178.746841	1.058407	-197.328186	19.937714	178.746841
-197.328186	19.937714	178.746841	1.058407	-176.526291	-57.696037	178.746841
-176.526291	-57.696037	178.746841	1.658407	-97.990753	-79.399719	178.746841
-97.990753	-79.399719	178.746841	2.058407	-44.788082	-40.379456	177.045700
-44.788082	-40.379456	177.045700	1.458407	-34.659626	-39.432339	169.739273
-34.659626	-39.432339	169.739273	2.258407	-27.123772	-33.479130	164.424759
-27.123772	-33.479130	164.424759	2.658407	-23.505655	-25.317589	162.478439
-23.505655	-25.317589	162.478439	3.058407	0.000000	0.000000	0.000000
-23.396235	19.937714	163.529770	-0.941593	-81.381119	86.879784	167.033493
-81.381119	86.879784	167.033493	0.058407	-166.103149	74.021057	173.283173
-166.103149	74.021057	173.283173	0.658407	-197.328186	19.937714	178.746841
-197.328186	19.937714	178.746841	1.058407	-197.328186	19.937714	178.746841
-197.328186	19.937714	178.746841	1.058407	-197.328186	19.937714	178.746841
-197.328186	19.937714	178.746841	1.058407	-176.526291	-57.696037	178.746841
-176.526291	-57.696037	178.746841	1.658407	-97.990753	-79.399719	178.746841
-97.990753	-79.399719	178.746841	2.058407	-44.788082	-40.379456	177.045700
-44.788082	-40.379456	177.045700	1.458407	-34.659626	-39.432339	169.739273
-34.659626	-39.432339	169.739273	2.258407	-27.123772	-33.479130	164.424759
-27.123772	-33.479130	164.424759	2.658407	-23.505655	-25.317589	162.478439
-23.505655	-25.317589	162.478439	3.058407	0.000000	0.000000	0.000000
-23.396235	19.937714	163.529770	-0.941593	-81.381119	86.879784	167.033493
-81.381119	86.879784	167.033493	0.058407	-166.103149	74.021057	173.283173
-166.103149	74.021057	173.283173	0.658407	-197.328186	19.937714	178.746841
-197.328186	19.937714	178.746841	1.058407	-197.328186	19.937714	178.746841
-197.328186	19.937714	178.746841	1.058407	-197.328186	19.937714	178.746841
-197.328186	19.937714	178.746841	1.058407	-176.526291	-57.696037	178.746841
-176.526291	-57.696037	178.746841	1.658407	-97.990753	-79.399719	178.746841
-97.990753	-79.399719	178.746841	2.058407	-44.788082	-40.379456	177.045700
-44.788082	-40.379456	177.045700	1.458407	-34.659626	-39.432339	169.739273
-34.659626	-39.432339	169.739273	2.258407	-27.123772	-33.479130	164.424759
-27.123772	-33.479130	164.424759	2.658407	-23.505655	-25.317589	162.478439
-23.505655	-25.317589	162.478439	3.058407	0.000000	0.000000	0.000000
-23.396235	19.937714	163.529770	-0.941593	-81.381119	86.879784	167.033493
-81.381119	86.879784	167.033493	0.058407	-166.103149	74.021057	173.283173
-166.103149	74.021057	173.283173	0.658407	-197.328186	19.937714	178.746841
-197.328186	19.937714	178.746841	1.058407	-197.328186	19.937714	178.746841
-197.328186	19.937714	178.746841	1.058407	-197.328186	19.937714	178.746841
-197.328186	19.937714	178.746841	1.058407	-176.526291	-57.696037	178.746841
-176.526291	-57.696037	178.746841	1.658407	-97.990753	-79.399719	178.746841
-97.990753	-79.399719	178.746841	2.058407	-44.788082	-40.379456	177.045700
-44.788082	-40.379456	177.045700	1.458407	-34.659626	-39.432339	169.739273
-34.659626	-39.432339	169.739273	2.258407	-27.123772	-33.479130	164.424759
-27.123772	-33.479130	164.424759	2.658407	-23.505655	-25.317589	162.478439
-23.505655	-25.317589	162.478439	3.058407	0.000000	0.000000	0.000000
-23.396235	19.937714	163.529770	-0.941593	-81.381119	86.879784	167.033493
-81.381119	86.879784	167.033493	0.058407	-166.103149	74.021057	173.283173
-166.103149	74.021057	173.283173	0.658407	-197.328186	19.937714	178.746841
-197.328186	19.937714	178.746841	1.058407	-197.328186	19.937714	178.746841
-197.328186	19.937714	178.746841	1.058407	-197.328186	19.937714	178.746841
-197.328186	19.937714	178.746841	1.058407	-176.526291	-57.696037	178.746841
-176.526291	-57.696037	178.746841	1.658407	-97.990753	-79.399719	178.746841
-97.990753	-79.399719	178.746841	2.058407	-44.788082	-40.379456	177.045700
-44.788082	-40.379456	177.045700	1.458407	-34.659626	-39.432339	169.739273
-34.659626	-39.432339	169.739273	2.258407	-27.123772	-33.479130	164.424759
-27.123772	-33.479130	164.424759	2.658407	-23.505655	-25.317589	162.478439
-23.505655	-25.317589	162.478439	3.058407	0.000000	0.000000	0.000000
-23.396235	19.937714	163.529770	-0.941593	-81.381119	86.879784	167.033493
-81.381119	86.879784	167.033493	0.058407	-166.103149	74.021057	173.283173
-166.103149	74.021057	173.283173	0.658407	-197.328186	19.937714	178.746841
-197.328186	19.937714	178.746841	1.058407	-197.328186	19.937714	178.746841
-197.328186	19.937714	178.746841	1.058407	-197.328186	19.937714	178.746841
-197.328186	19.937714	178.746841	1.058407	-176.526291	-57.696037	178.746841
-176.526291	-57.696037	178.746841	1.658407	-97.990753	-79.399719	178.746841
-97.990753	-79.399719	178.746841	2.058407	-44.788082	-40.379456	177.045700
-44.788082	-40.379456	177.045700	1.458407	-34.659626	-39.432339	169.739273
-34.659626	-39.432339	169.739273	2.258407	-27.123772	-33.479130	164.424759
-27.123772	-33.479130	164.424759	2.658407	-23.505655	-25.317589	162.478439
-23.505655	-25.317589	162.478439	3.058407	0.000000	0.000000	0.000000
-23.396235	19.937714	163.529770	-0.941593	-81.381119	86.879784	167.033493
-81.381119	86.879784	167.033493	0.058407	-166.103149	74.021057	173.283173
-166.103149	74.021057	173.283173	0.658407	-197.328186	19.937714	178.746841
-197.328186	19.937714	178.746841	1.058407	-197.328186	19.937714	178.746841
-197.328186	19.937714	178.746841	1.058407	-197.328186	19.937714	178.746841
-197.328186	19.937714	178.746841	1.058407	-176.526291	-57.696037	178.746841
-176.526291	-57.696037	178.746841	1.658407	-97.990753	-79.399719	178.746841
-97.990753	-79.399719	178.746841	2.058407	-44.788082	-40.379456	177.045700
-44.788082	-40.379456	177.045700	1.458407	-34.659626	-39.432339	169.739273
-34.659626	-39.432339	169.739273	2.258407	-27.123772	-33.479130	164.424759
-27.123772	-33.479130	164.424759	2.658407	-23.505655	-25.317589	162.478439
-23.505655	-25.317589	162.478439	3.058407	0.000000	0.000000	0.000000
-23.396235	19.937714	163.529770	-0.941593	-81.381119	86.879784	167.033493
-81.381119	86.879784	167.033493	0.058407	-166.103149	74.021057	173.283173
-166.103149	74.021057	173.283173	0.658407	-197.328186	19.937714	178.746841
-197.328186	19.937714	178.746841	1.058407	-197.328186	19.937714	178.746841
-197.328186	19.937714	178.746841	1.058407	-197.328186	19.937714	178.746841
-197.328186	19.937714	178.746841	1.058407	-176.526291	-57.696037	178.746841
-176.526291	-57.696037	178.746841	1.658407	-97.990753	-79.399719	178.746841
-97.990753	-79.399719	178.746841	2.058407	-44.788082	-40.379456	177.045700
-44.788082	-40.379456	177.045700	1.458407	-34.659626	-39.432339	169.739273
-34.659626	-39.432339	169.739273	2.258407	-27.123772	-33.479130	164.424759
-27.123772	-33.479130	164.424759	2.658407	-23.505655	-25.317589	162.478439
-23.505655	-25.317589	162.478439	3.058407	0.000000	0.000000	0.000000
-23.396235	19.937714	163.529770	-0.941593	-81.381119	86.879784	167.033493
-81.381119	86.879784	167.033493	0.058407	-166.103149	74.021057	173.283173
-166.103149	74.021057	173.283173	0.658407	-197.328186	19.937714	178.746841
-197.328186	19.937714	178.746841	1.058407	-197.328186	19.937714	178.746841
-197.328186	19.937714	178.746841	1.058407	-197.328186	19.937714	178.746841
-197.328186	19.937714	178.746841	1.058407	-176.526291	-57.696037	178.746841
-176.526291	-57.696037	178.746841	1.658407	-97.990753	-79.399719	178.746841
-97.990753	-79.399719	178.746841	2.058407	-44.788082	-40.379456	177.045700
-44.788082	-40.379456	177.045700	1.458407	-34.659626	-39.432339	169.739273
-34.659626	-39.432339	169.739273	2.258407	-27.123772	-33.479130	164.424759
-27.123772	-33.479130	164.424759	2.658407	-23.505655	-25.317589	162.478439
-23.505655	-25.317589	162.478439	3.058407	0.000000	0.000000	0.000000
-23.396235	19.937714	163.529770	-0.941593	-81.381119	86.879784	167.033493
-81.381119	86.879784	167.033493	0.058407	-166.103149	74.021057	173.283173
-166.103149	74.021057	173.283173	0.658407	-197.328186	19.937714	178.746841
-197.328186	19.937714	178.746841	1.058407	-197.328186	19.937714	178.746841
-197.328186	19.937714	178.746841	1.058407	-197.328186	19.937714	178.746841
-197.328186	19.937714	178.746841	1.058407	-176.526291	-57.696037	178.746841
-176.526291	-57.696037	178.746841	1.658407	-97.990753	-79.399719	178.746841
-97.990753	-79.399719	178.746841	2.058407	-44.788082	-40.379456	177.045700
-44.788082	-40.379456	177.045700	1.458407	-34.659626	-39.432339	169.739273
-34.659626	-39.432339	169.739273	2.258407	-27.123772	-33.479130	164.424759
-27.123772	-33.479130	164.424759	2.658407	-23.505655	-25.317589	162.478439
-23.505655	-25.317589	162.478439	3.058407	0.000000	0.000000	0.000000
-23.396235	19.937714	163.529770	-0.941593	-81.381119	86.879784	167.033493
-81.381119	86.879784	167.033493	0.058407	-166.103149	74.021057	173.283173
-166.103149	74.021057	173.283173	0.658407	-197.328186	19.937714	178.746841
-197.328186	19.937714	178.746841	1.058407	-197.328186	19.937714	178.746841
-197.328186	19.937714	178.746841	1.058407	-197.328186	19.937714	178.746841
-197.328186	19.937714	178.746841	1.058407	-176.526291	-57.696037	178.746841
-176.526291	-57.696037	178.746841	1.658407	-97.990753	-79.399719	178.746841
-97.990753	-79.399719	178.746841	2.058407	-44.788082	-40.379456	177.045700
-44.788082	-40.379456	177.045700	1.458407	-34.659626	-39.432339	169.739273
-34.659626	-39.432339	169.739273	2.258407	-27.123772	-33.479130	164.424759
-27.123772	-33.479130	164.424759	2.658407	-23.505655	-25.317589	162.478439
-23.505655	-25.317589	162.478439	3.058407	0.000000	0.000000	0.000000
-23.396235	19.937714	163.529770	-0.941593	-81.381119	86.879784	167.033493
-81.381119	86.879784	167.033493	0.058407	-166.103149	74.021057	173.283173
-166.103149	74.021057	173.283173	0.658407	-197.328186	19.937714	178.746841
-197.328186	19.937714	178.746841	1.058407	-197.328186	19.937714	178.746841
-197.328186	19.937714	178.746841	1.058407	-197.328186	19.937714	178.746841
-197.328186	19.937714	178.746841	1.058407	-176.526291	-57.696037	178.746841
-176.526291	-57.696037	178.746841	1.658407	-97.990753	-79.399719	178.746841
-97.990753	-79.399719	178.746841	2.058407	-44.788082	-40.379456	177.045700
-44.788082	-40.379456	177.045700	1.458407	-34.659626	-39.432339	169.739273
-34.659626	-39.432339	169.739273	2.258407	-27.123772	-33.479130	164.424759
-27.123772	-33.479130	164.424759	2.658407	-23.505655	-25.317589	162.478439
-23.505655	-25.317589	162.478439	3.058407	0.000000	0.000000	0.000000
-23.396235	19.937714	163.529770	-0.941593	-81.381119	86.879784	167.033493
-81.381119	86.879784	167.033493	0.058407	-166.103149	74.021057	173.283173
-166.103149	74.021057	173.283173	0.658407	-197.328186	19.937714	178.746841
-197.328186	19.937714	178.746841	1.058407	-197.328186	19.937714	178.746841
-197.328186	19.937714	178.746841	1.058407	-197.328186	19.937714	178.746841
-197.328186	19.937714	178.746841	1.058407	-176.526291	-57.696037	178.746841
-176.526291	-57.696037	178.746841	1.658407	-97.990753	-79.399719	178.746841
-97.990753	-79.399719	178.746841	2.058407	-44.788082	-40.379456	177.045700
-44.788082	-40.379456	177.045700	1.458407	-34.659626	-39.432339	169.739273
-34.659626	-39.432339	169.739273	2.258407	-27.123772	-33.479130	164.424759
-27.123772	-33.479130	164.424759	2.658407	-23.505655	-25.317589	162.478439
-23.505655	-25.317589	162.478439	3.058407	0.000000	0.000000	0.000000
-23.396235	19.937714	163.529770	-0.941593	-81.381119	86.879784	167.033493
-81.381119	86.879784	167.033493	0.058407	-166.103149	74.021057	173.283173
-166.103149	74.021057	173.283173	0.658407	-197.328186	19.937714	178.746841
-197.328186	19.937714	178.746841	1.058407	-197.328186	19.937714	178.746841
-197.328186	19.937714	178.746841	1.058407	-197.328186	19.937714	178.746841
-197.328186	19.937714	178.746841	1.058407	-176.526291	-57.696037	178.746841
-176.526291	-57.696037	178.746841	1.658407	-97.990753	-79.399719	178.746841
-97.990753	-79.399719	178.746841	2.058407	-44.788082	-40.379456	177.045700
-44.788082	-40.379456	177.045700	1.458407	-34.659626	-39.432339	169.739273
-34.659626	-39.432339	169.739273	2.258407	-27.123772	-33.479130	164.424759
-27.123772	-33.479130	164.424759	2.658407	-23.505655	-25.317589	162.478439
-23.505655	-25.317589	162.478439	3.058407	0.000000	0.000000	0.000000
-23.396235	19.937714	163.529770	-0.941593	-81.381119	86.879784	167.033493
-81.381119	86.879784	167.033493	0.058407	-166.103149	74.021057	173.283173
-166.103149	74.021057	173.283173	0.658407	-197.328186	19.937714	178.746841
-197.328186	19.937714	178.746841	1.058407	-197.328186	19.937714	178.746841
-197.328186	19.937714	178.746841	1.058407	-197.328186	19.937714	178.746841
-197.328186	19.937714	178.746841	1.058407	-176.526291	-57.696037	178.746841
-176.526291	-57.696037	178.746841	1.658407	-97.990753	-79.399719	178.746841
-97.990753	-79.399719	178.746841	2.058407	-44.788082	-40.379456	177.045700
-44.788082	-40.379456	177.045700	1.458407	-34.659626	-39.432339	169.739273
-34.659626	-39.432339	169.739273	2.258407	-27.123772	-33.479130	164.424759
-27.123772	-33.479130	164.424759	2.658407	-23.505655	-25.317589	162.478439
-23.505655	-25.317589	162.478439	3.058407	0.000000	0.000000	0.000000
