19.982277	168.062103	25.724937	0	0	-0.36235775	0.93203909
19.968094	168.009216	25.741045	0	0	-0.82533563	0.56464246
19.985048	168.123657	25.708858	0	0	-0.36235775	0.93203909
19.942434	167.963516	25.757988	0	0	-0.82533563	0.56464246
19.978033	168.197662	25.690851	0	0	-0.82533563	0.56464246
19.905951	167.923264	25.776276	0	0	-0.82533563	0.56464246
19.964384	168.279785	25.670685	0	0	-0.82533563	0.56464246
19.953665	168.380295	25.643555	0	0	-0.82533563	0.56464246
19.948044	168.419403	25.637323	0	0	-0.76484218	0.64421769
20.046724	168.469894	25.615700	0	0	-0.69670669	0.71735611
20.312542	167.613434	25.785643	0	0	-0.82533563	0.56464246
20.719746	168.026901	25.669994	0	0	-0.82533563	0.56464246
20.458139	168.064682	27.028242	0	0	-0.36235775	0.93203909
20.437706	170.907410	25.265415	0	0	-0.76484218	0.64421769
18.962694	172.663147	23.755405	0	0	-0.36235775	0.93203909
18.067848	181.241287	21.584248	0	0	-0.98006658	0.19866933
16.858625	188.959946	25.607677	0	0	-0.62160997	0.7833269
15.466979	191.108414	35.136089	0	0	-0.87758258	0.4794255
0.671590	202.085663	36.192032	0	0	-0.82533563	0.56464246
-3.110194	227.680054	34.474651	0	0	-0.26749883	0.96355818
76.083344	135.672134	20.057426	0	0	-0.87758258	0.4794255
76.109299	135.720306	20.039005	0	0	-0.87758258	0.4794255
76.058205	135.625565	20.074642	0	0	-0.87758258	0.4794255
76.033279	135.579453	20.091511	0	0	-0.87758258	0.4794255
76.137947	135.773712	20.017397	0	0	-0.87758258	0.4794255
76.008026	135.532715	20.108664	0	0	-0.87758258	0.4794255
76.168236	135.830475	19.992792	0	0	-0.87758258	0.4794255
75.979553	135.474075	20.161982	0	0	-0.87758258	0.4794255
76.206642	135.902618	19.960699	0	0	-0.87758258	0.4794255
76.221542	135.929871	19.952394	0	0	-0.87758258	0.4794255
76.252655	135.964966	20.059881	0	0	-0.87758258	0.4794255
76.266853	136.011200	19.936161	0	0	-0.87758258	0.4794255
76.304131	135.821991	21.386501	0	0	-0.82533563	0.56464246
77.387939	138.027176	19.512119	0	0	-0.87758258	0.4794255
77.651726	138.779022	17.826452	0	0	-0.82533563	0.56464246
75.906601	134.435425	25.375689	0	0	0.99913515	0.041580682
80.945892	144.938629	15.232105	0	0	-0.82533563	0.56464246
84.256119	150.047989	18.798967	0	0	-0.92106097	0.38941839
85.539978	150.651749	28.057089	0	0	-0.82533563	0.56464246
86.553421	152.501755	27.515976	0	0	-0.87758258	0.4794255
-50.741482	149.111725	25.724937	0	0	-0.62160997	0.7833269
-50.729206	149.065933	25.741045	0	0	-0.62160997	0.7833269
-50.756683	149.168472	25.708858	0	0	-0.62160997	0.7833269
-50.719501	149.029709	25.757988	0	0	-0.62160997	0.7833269
-50.711884	149.001266	25.776276	0	0	-0.62160997	0.7833269
-50.775654	149.239273	25.690851	0	0	-0.62160997	0.7833269
-50.797100	149.319305	25.670685	0	0	-0.62160997	0.7833269
-50.683281	148.894516	25.669994	0	0	-0.62160997	0.7833269
-50.822945	149.415756	25.643555	0	0	-0.62160997	0.7833269
-50.833099	149.453644	25.637323	0	0	-0.62160997	0.7833269
-50.839111	149.476089	25.615700	0	0	-0.62160997	0.7833269
-50.607193	148.610550	25.785643	0	0	-0.54030229	0.84147099
-50.710251	148.995178	27.028242	0	0	-0.69670669	0.71735611
-51.422298	151.652573	25.265415	0	0	-0.62160997	0.7833269
-51.960041	153.659454	23.755405	0	0	-0.69670669	0.71735611
-54.164520	161.886688	21.584248	0	0	-0.69670669	0.71735611
-56.175186	169.390594	25.607677	0	0	-0.69670669	0.71735611
-56.805527	171.743057	35.136089	0	0	-0.69670669	0.71735611
-60.540939	185.683807	36.192032	0	0	-0.45359611	0.89120736
-85.597824	227.680054	41.691383	0	0	-0.16996714	0.98544973
-80.654121	67.425705	25.724937	0	0	-0.36235775	0.93203909
-80.634766	67.406349	25.741045	0	0	-0.36235775	0.93203909
-80.683517	67.455101	25.708858	0	0	-0.36235775	0.93203909
-80.624748	67.396332	25.757988	0	0	-0.36235775	0.93203909
-80.622864	67.394447	25.776276	0	0	-0.36235775	0.93203909
-80.724022	67.495605	25.690851	0	0	-0.36235775	0.93203909
-80.771912	67.543488	25.670685	0	0	-0.36235775	0.93203909
-80.827522	67.599106	25.643555	0	0	-0.36235775	0.93203909
-80.825798	67.597382	25.615700	0	0	-0.36235775	0.93203909
-80.849884	67.621468	25.637323	0	0	-0.36235775	0.93203909
-80.267792	67.039368	25.669994	0	0	-0.36235775	0.93203909
-80.264656	67.036240	25.785643	0	0	-0.36235775	0.93203909
-80.417480	67.189064	27.028242	0	0	-0.45359611	0.89120736
-81.849060	68.620644	25.265415	0	0	-0.36235775	0.93203909
-83.464439	70.236023	23.755405	0	0	-0.45359611	0.89120736
-88.200928	74.972511	21.584248	0	0	-0.45359611	0.89120736
-92.664871	79.436455	25.607677	0	0	-0.36235775	0.93203909
-94.434929	81.206505	35.136089	0	0	-0.26749883	0.96355818
-107.321243	94.092827	36.192032	0	0	-0.26749883	0.96355818
-35.162609	3.435942	18.430786	0	0	-0.16996714	0.98544973
-35.164131	3.436350	18.433090	0	0	-0.16996714	0.98544973
-35.162735	3.435976	18.430977	0	0	0	1
-35.165092	3.436607	18.434546	0	0	-0.16996714	0.98544973
-35.163113	3.436077	18.431547	0	0	-0.16996714	0.98544973
-35.165894	3.436822	18.435757	0	0	-0.16996714	0.98544973
-35.173145	3.438765	18.446739	0	0	0	1
-35.184757	3.441877	18.464321	0	0	-0.16996714	0.98544973
-35.200626	3.446129	18.488348	0	0	-0.16996714	0.98544973
-35.130054	3.427219	18.381491	0	0	-0.16996714	0.98544973
-35.059319	3.408265	18.274387	0	0	0	1
-35.050327	3.405856	18.260771	0	0	-0.070737201	0.99749499
-34.948994	3.378704	18.107338	0	0	0	1
-34.921021	3.371208	18.064980	0	0	0	1
-34.919170	3.370713	18.062180	0	0	0	1
-35.611206	3.556143	19.110029	0	0	0	1
-37.705872	4.117406	22.281677	0	0	-0.16996714	0.98544973
-42.578804	5.423106	29.660065	0	0	0	1
-51.391277	7.784400	36.192036	0	0	-0.070737201	0.99749499
-163.253143	150.024734	41.691383	0	0	0.1288445	0.99166481
-138.280334	31.066254	41.691383	0	0	0.41614682	0.90929743
