51.944508	147.452469	-16.958996	0	0	-0.54030229	0.84147099
51.501080	147.299011	-17.691641	0	0	-0.98006658	0.19866933
52.416885	147.634689	-16.149820	0	0	-0.54030229	0.84147099
51.086544	147.168243	-18.356512	0	0	-0.98006658	0.19866933
52.906666	147.864761	-15.249387	0	0	-0.98006658	0.19866933
50.700619	147.053986	-18.963106	0	0	-0.98006658	0.19866933
53.411873	148.141724	-14.263942	0	0	-0.98006658	0.19866933
53.836441	148.565063	-13.155617	0	0	-0.98006658	0.19866933
54.254086	148.979889	-12.092395	0	0	-0.98006658	0.19866933
54.369053	149.679077	-11.051755	0	0	-0.98006658	0.19866933
53.715366	150.221695	-10.863644	0	0	-0.98006658	0.19866933
47.041824	153.867264	-13.605934	0	0	-0.69670669	0.71735611
51.881561	154.879501	-6.822941	0	0	-0.98006658	0.19866933
57.393066	155.226181	-2.907200	0	0	-0.98006658	0.19866933
54.064873	159.004883	-2.753344	0	0	-0.54030229	0.84147099
40.457840	153.336990	-3.255649	0	0	-0.98006658	0.19866933
32.452847	152.675247	-16.958996	0	0	-0.87758258	0.4794255
32.384777	152.421204	-17.691641	0	0	-0.69670669	0.71735611
32.530045	152.963348	-16.149820	0	0	-0.87758258	0.4794255
32.324318	152.195572	-18.356512	0	0	-0.69670669	0.71735611
32.620369	153.300461	-15.249387	0	0	-0.69670669	0.71735611
32.269897	151.992477	-18.963106	0	0	-0.69670669	0.71735611
32.723454	153.685181	-14.263942	0	0	-0.76484218	0.64421769
32.857727	154.186295	-13.155617	0	0	-0.76484218	0.64421769
32.989414	154.677750	-12.092395	0	0	-0.76484218	0.64421769
52.607761	163.813217	-3.765190	0	0	-0.54030229	0.84147099
33.728127	157.434662	-13.605934	0	0	-0.82533563	0.56464246
33.171909	155.358826	-11.051755	0	0	-0.54030229	0.84147099
33.263775	155.701675	-10.863644	0	0	-0.76484218	0.64421769
39.455654	164.297882	-8.434116	0	0	-0.98006658	0.19866933
48.259872	163.873444	-0.495907	0	0	-0.98006658	0.19866933
34.305386	159.589020	-6.822941	0	0	-0.45359611	0.89120736
33.154514	155.293915	-3.255649	0	0	-0.98006658	0.19866933
35.827602	165.270020	-8.434116	0	0	-0.98006658	0.19866933
34.761257	161.290359	-2.907200	0	0	-0.45359611	0.89120736
35.482983	163.983887	-2.753344	0	0	-0.62160997	0.7833269
36.587460	168.105835	-3.765190	0	0	-0.45359611	0.89120736
36.311264	167.075058	-0.495907	0	0	-0.98006658	0.19866933
90.482063	125.202805	-3.106904	0	0	-0.92106097	0.38941839
90.304756	124.895699	-3.106904	0	0	-0.82533563	0.56464246
90.679062	125.544006	-3.106904	0	0	-0.92106097	0.38941839
90.158470	124.642319	-3.106904	0	0	-0.99500417	0.099833397
90.144501	124.618126	-3.106904	0	0	-0.82533563	0.56464246
90.901131	125.928650	-3.106904	0	0	-0.82533563	0.56464246
89.998543	124.365311	-3.106904	0	0	-0.82533563	0.56464246
91.147362	126.355133	-3.106904	0	0	-0.82533563	0.56464246
91.436813	126.856476	-3.106904	0	0	-0.82533563	0.56464246
91.720856	127.348442	-3.106904	0	0	-0.87758258	0.4794255
92.034081	127.890976	-3.106904	0	0	-0.82533563	0.56464246
92.052345	127.922607	-3.106904	0	0	-0.76484218	0.64421769
92.123886	128.046524	-3.106904	0	0	-0.82533563	0.56464246
93.682327	130.745819	-3.106904	0	0	-0.76484218	0.64421769
94.654129	132.429031	-3.106904	0	0	-0.99500417	0.099833397
95.210320	133.392380	-3.106904	0	0	-0.62160997	0.7833269
96.014496	134.785248	-3.106904	0	0	-0.95533648	0.29552023
96.671394	135.923035	-3.106904	0	0	-0.62160997	0.7833269
97.732285	137.760559	-3.106904	0	0	-0.98006658	0.19866933
114.097076	166.105194	-3.106904	0	0	-0.62160997	0.7833269
8.663039	235.120819	-5.511390	0	0	-0.36235775	0.93203909
-48.912495	120.427917	-16.958996	0	0	-0.62160997	0.7833269
-48.903835	120.395592	-17.691641	0	0	-0.62160997	0.7833269
-48.926407	120.479836	-16.149820	0	0	-0.62160997	0.7833269
-48.898911	120.377228	-18.356512	0	0	-0.62160997	0.7833269
-48.951115	120.572052	-15.249387	0	0	-0.62160997	0.7833269
-48.896198	120.367096	-18.963106	0	0	-0.62160997	0.7833269
-48.986515	120.704163	-14.263942	0	0	-0.62160997	0.7833269
-49.063908	120.992996	-13.155617	0	0	-0.62160997	0.7833269
-49.139637	121.275627	-12.092395	0	0	-0.62160997	0.7833269
-49.306732	121.899231	-11.051755	0	0	-0.62160997	0.7833269
-49.486176	122.568924	-10.863644	0	0	-0.62160997	0.7833269
-50.844612	127.638680	-13.605934	0	0	-0.62160997	0.7833269
-50.773468	127.373169	-6.822941	0	0	-0.54030229	0.84147099
-5.441483	235.120819	-5.274798	0	0	-0.36235775	0.93203909
-50.490940	126.318756	-2.907200	0	0	-0.54030229	0.84147099
-51.153088	128.789917	-3.255649	0	0	-0.26749883	0.96355818
-51.658558	130.676376	-2.753344	0	0	-0.69670669	0.71735611
-52.958252	135.526886	-3.765190	0	0	-0.69670669	0.71735611
-53.960442	139.267120	-8.434116	0	0	-0.45359611	0.89120736
-53.264561	136.670044	-0.495907	0	0	-0.54030229	0.84147099
-74.673714	216.570099	-5.274798	0	0	-0.26749883	0.96355818
-61.668163	33.839806	-16.958996	0	0	-0.36235775	0.93203909
-61.813145	33.984787	-17.691641	0	0	-0.36235775	0.93203909
-61.523083	33.694725	-16.149820	0	0	-0.36235775	0.93203909
-61.955032	34.126675	-18.356512	0	0	-0.36235775	0.93203909
-61.393227	33.564869	-15.249387	0	0	-0.36235775	0.93203909
-62.090858	34.262505	-18.963106	0	0	-0.36235775	0.93203909
-61.279106	33.450748	-14.263942	0	0	-0.36235775	0.93203909
-61.278488	33.450130	-13.155617	0	0	-0.36235775	0.93203909
-61.277084	33.448727	-12.092395	0	0	-0.36235775	0.93203909
-61.569187	33.740833	-11.051755	0	0	-0.36235775	0.93203909
-62.167343	34.338985	-10.863644	0	0	-0.36235775	0.93203909
-67.326904	39.498543	-13.605934	0	0	-0.36235775	0.93203909
-65.413147	37.584793	-6.822941	0	0	-0.36235775	0.93203909
-62.830738	35.002380	-2.907200	0	0	-0.36235775	0.93203909
-66.384178	38.555824	-2.753344	0	0	-0.36235775	0.93203909
-69.516907	41.688549	-3.765190	0	0	-0.36235775	0.93203909
-70.353760	42.525398	-3.255649	0	0	-0.69670669	0.71735611
-71.720963	43.892605	-0.495907	0	0	-0.45359611	0.89120736
-76.335297	48.506935	-8.434116	0	0	-0.45359611	0.89120736
-134.195328	106.366974	-5.274798	0	0	0.029199523	0.9995736
