-15.017942	40.594452	118.806473	0	0	-0.26749883	0.96355818
-14.994345	40.614639	118.814125	0	0	-0.26749883	0.96355818
-15.041692	40.564568	118.798904	0	0	-0.99500417	0.099833397
-14.971989	40.624420	118.819519	0	0	-0.99500417	0.099833397
-14.948086	40.629253	118.825203	0	0	-0.99500417	0.099833397
-15.065578	40.525082	118.791748	0	0	-0.99500417	0.099833397
-14.926423	40.619595	118.822586	0	0	-0.99500417	0.099833397
-15.089150	40.476990	118.785721	0	0	-0.99500417	0.099833397
-14.889824	40.650284	118.826797	0	0	-0.99500417	0.099833397
-14.924417	40.476730	118.748962	0	0	-0.99500417	0.099833397
-15.401293	40.634609	118.907524	0	0	-0.26749883	0.96355818
-14.773433	41.521416	118.800888	0	0	-0.99500417	0.099833397
-13.777260	40.594452	118.697922	0	0	-0.26749883	0.96355818
-13.776416	40.614639	118.707573	0	0	-0.26749883	0.96355818
-13.778097	40.564568	118.688354	0	0	-0.99500417	0.099833397
-13.775778	40.624420	118.714867	0	0	-0.99500417	0.099833397
-13.775166	40.619595	118.721863	0	0	-0.99500417	0.099833397
-13.775104	40.629253	118.722580	0	0	-0.99500417	0.099833397
-13.774522	40.650284	118.729218	0	0	-0.99500417	0.099833397
-13.778900	40.525082	118.679176	0	0	-0.99500417	0.099833397
-13.771399	40.634609	118.764923	0	0	-0.26749883	0.96355818
-13.779603	40.476990	118.671150	0	0	-0.99500417	0.099833397
-13.781543	40.476730	118.648972	0	0	-0.99500417	0.099833397
-14.007608	41.591198	118.560722	0	0	-0.99500417	0.099833397
-13.775887	41.521416	118.713615	0	0	-0.99500417	0.099833397
-13.790922	41.591198	118.541763	0	0	-0.99500417	0.099833397
-11.319481	43.096291	122.078529	0	0	-0.36235775	0.93203909
-12.449332	38.879627	123.477104	0	0	-0.36235775	0.93203909
-10.685177	42.926327	122.078529	0	0	-0.36235775	0.93203909
-10.992557	44.668350	120.534958	0	-0	-1	-4.371139e-08
-7.826716	37.640999	123.477104	0	0	-0.36235775	0.93203909
-15.435918	27.733536	127.901863	0	0	-0.87758258	0.4794255
-5.665423	25.115540	127.901863	0	0	-0.76484218	0.64421769
-6.318543	61.760044	120.803139	0	0	-0.69670669	0.71735611
-40.871712	33.666958	118.806473	0	0	-0.62160997	0.7833269
-40.871864	33.667534	118.822586	0	0	-0.54030229	0.84147099
-40.875175	33.679890	118.814125	0	0	-0.62160997	0.7833269
-40.876125	33.683430	118.819519	0	0	-0.54030229	0.84147099
-40.865829	33.645012	118.798904	0	0	-0.54030229	0.84147099
-40.875732	33.681961	118.825203	0	0	-0.54030229	0.84147099
-40.877087	33.687019	118.826797	0	0	-0.54030229	0.84147099
-40.857559	33.614143	118.791748	0	0	-0.54030229	0.84147099
-40.847115	33.575165	118.785721	0	0	-0.54030229	0.84147099
-40.836014	33.533737	118.748962	0	0	-0.54030229	0.84147099
-40.907429	33.800259	118.907524	0	0	-0.76484218	0.64421769
-41.053215	34.344349	118.560722	0	0	-0.45359611	0.89120736
-41.087070	34.470695	118.800888	0	0	-0.45359611	0.89120736
-41.620533	36.461609	120.534958	0	0	-0.36235775	0.93203909
-41.164440	34.759434	122.078529	0	0	-0.54030229	0.84147099
-39.439449	28.321692	120.803139	0	0	-0.54030229	0.84147099
-39.651627	29.113541	123.477104	0	0	-0.54030229	0.84147099
12.183377	24.889763	116.058502	0	0	-0.87758258	0.4794255
12.198661	24.914749	116.067001	0	0	-0.87758258	0.4794255
12.163894	24.857416	116.050507	0	0	-0.82533563	0.56464246
12.208986	24.931477	116.073608	0	0	-0.82533563	0.56464246
12.217603	24.945137	116.080833	0	0	-0.82533563	0.56464246
12.218793	24.947294	116.080284	0	0	-0.82533563	0.56464246
12.152378	24.843933	116.013573	0	0	-0.82533563	0.56464246
12.140280	24.817774	116.043320	0	0	-0.82533563	0.56464246
12.241657	24.985916	116.085892	0	0	-0.82533563	0.56464246
12.113132	24.771746	116.037659	0	0	-0.82533563	0.56464246
12.110209	24.750835	116.128220	0	0	-0.95533648	0.29552023
12.643815	25.692059	116.031105	0	0	-0.82533563	0.56464246
12.851562	26.084047	115.847321	0	0	-0.82533563	0.56464246
13.104178	25.556541	121.362595	0	0	-0.99500417	0.099833397
14.539347	28.362942	119.530266	0	0	-0.92106097	0.38941839
15.093273	29.607687	117.899681	0	0	-0.76484218	0.64421769
-36.375481	16.886805	127.901863	0	0	-0.87758258	0.4794255
8.607037	16.875332	126.460014	0	0	-0.76484218	0.64421769
-14.949327	29.549522	153.345047	0	0	-0.99500417	0.099833397
-10.767195	29.169832	153.103134	0	0	-0.99500417	0.099833397
-13.532301	29.169832	153.345047	0	0	-0.99500417	0.099833397
-37.916035	22.636230	153.345047	0	0	-0.92106097	0.38941839
10.250843	15.438626	150.942398	0	0	0.98999249	0.14112005
-49.864365	5.741894	118.798904	0	0	-0.36235775	0.93203909
-49.865726	5.743255	118.814125	0	0	-0.36235775	0.93203909
-49.867435	5.744961	118.806473	0	0	-0.36235775	0.93203909
-49.859440	5.736969	118.819519	0	0	-0.36235775	0.93203909
-49.856567	5.734094	118.791748	0	0	-0.36235775	0.93203909
-49.849907	5.727434	118.825203	0	0	-0.36235775	0.93203909
-49.844307	5.721835	118.785721	0	0	-0.36235775	0.93203909
-49.834244	5.711772	118.822586	0	0	-0.36235775	0.93203909
-49.831291	5.708817	118.826797	0	0	-0.36235775	0.93203909
-49.761810	5.639337	118.748962	0	0	-0.36235775	0.93203909
-49.860638	5.738166	118.560722	0	0	-0.26749883	0.96355818
-50.079185	5.956715	118.907524	0	0	-0.45359611	0.89120736
-50.208660	6.086187	118.800888	0	0	-0.36235775	0.93203909
-49.891689	5.769217	120.534958	0	0	-0.36235775	0.93203909
-48.866989	4.744516	122.078529	0	0	-0.36235775	0.93203909
-44.795094	0.672622	123.477104	0	0	-0.36235775	0.93203909
-37.365841	-6.756632	119.480659	0	0	-0.54030229	0.84147099
-37.901497	-6.220977	127.844254	0	0	-0.62160997	0.7833269
39.200375	49.795673	120.803139	0	0	-0.76484218	0.64421769
39.517818	49.478230	120.803139	0	0	-0.76484218	0.64421769
12.868111	-7.705606	113.927040	0	0	-0.95533648	0.29552023
12.894860	-7.690880	113.934151	0	0	-0.95533648	0.29552023
12.837083	-7.722884	113.920753	0	0	-0.95533648	0.29552023
12.885347	-7.691193	113.882881	0	0	-0.95533648	0.29552023
12.916107	-7.679177	113.939735	0	0	-0.95533648	0.29552023
12.801845	-7.742707	113.915581	0	0	-0.95533648	0.29552023
12.936404	-7.668097	113.946045	0	0	-0.95533648	0.29552023
12.948427	-7.661061	113.945114	0	0	-0.95533648	0.29552023
12.763192	-7.764680	113.912193	0	0	-0.95533648	0.29552023
12.989317	-7.637803	113.948578	0	0	-0.95533648	0.29552023
12.601513	-7.867671	114.007668	0	0	-0.98006658	0.19866933
13.450052	-7.363093	113.862419	0	0	-0.95533648	0.29552023
14.045436	-6.998099	113.652077	0	0	-0.95533648	0.29552023
17.720480	-5.064088	115.510826	0	0	-0.92106097	0.38941839
17.270021	-5.493493	117.187004	0	0	-0.99500417	0.099833397
17.208780	-5.721750	119.096458	0	0	-0.99500417	0.099833397
13.643457	-8.328422	124.523247	0	0	-0.87758258	0.4794255
-44.171818	-12.258577	117.503540	0	0	0	1
-44.170609	-12.258902	117.489708	0	0	0	1
-44.171909	-12.258553	117.504570	0	0	0	1
-44.170006	-12.259063	117.482834	0	0	0	1
-44.171066	-12.258780	117.494919	0	0	0	1
-44.170528	-12.258924	117.488777	0	0	0	1
-44.172230	-12.258467	117.508240	0	0	0	1
-44.171593	-12.258638	117.500931	0	0	0	1
-44.171970	-12.258537	117.505257	0	0	0	1
-44.169567	-12.259181	117.477783	0	0	0	1
-44.165123	-12.260371	117.427017	0	0	0	1
-44.182827	-12.255628	117.629341	0	0	0	1
-44.144096	-12.266006	117.186668	0	0	0	1
-44.298782	-12.224557	118.954750	0	0	0	1
-43.948368	-12.318451	114.949463	0	0	0	1
-44.426853	-12.190241	120.418587	0	0	0	1
-44.515762	-12.166417	121.434837	0	0	0	1
-43.412304	-0.710169	153.345047	0	0	-0.69670669	0.71735611
-44.857841	-12.074759	125.344803	0	0	0	1
10.575125	-12.585454	149.126801	0	-0	-1	-4.371139e-08
-15.017942	-26.924829	112.899300	0	0	0.99913515	0.041580682
-15.041692	-26.924398	112.894386	0	0	0.99913515	0.041580682
-14.994345	-26.925341	112.905144	0	0	0.99913515	0.041580682
-14.971989	-26.925734	112.909645	0	0	0.99913515	0.041580682
-15.065578	-26.924078	112.890709	0	0	0.99913515	0.041580682
-14.948086	-26.926191	112.914864	0	0	0.99913515	0.041580682
-15.089150	-26.923920	112.888901	0	0	0.99913515	0.041580682
-14.926423	-26.926037	112.913109	0	0	0.99913515	0.041580682
-14.924417	-26.920729	112.852448	0	0	0.99913515	0.041580682
-14.889824	-26.926168	112.914627	0	0	0.99913515	0.041580682
-14.773433	-26.917303	112.813271	0	0	0.99913515	0.041580682
-15.401293	-26.933298	112.996094	0	0	0.98999249	0.14112005
-14.007608	-26.895920	112.568871	0	-0	-1	-4.371139e-08
-10.992557	-27.043957	114.260941	0	0	-0.99500417	0.099833397
-10.685177	-27.191208	115.944038	0	0	0.98999249	0.14112005
-7.826716	-27.352787	117.790886	0	0	0.99913515	0.041580682
-45.095119	-21.515997	114.719032	0	0	0.029199523	0.9995736
-45.094704	-21.515886	114.714287	0	0	0.029199523	0.9995736
-45.095772	-21.516172	114.726486	0	0	0.029199523	0.9995736
-45.095566	-21.516117	114.724113	0	0	0.029199523	0.9995736
-45.096146	-21.516272	114.730736	0	0	0.029199523	0.9995736
-45.094345	-21.515791	114.710175	0	0	0.029199523	0.9995736
-45.095798	-21.516180	114.726776	0	0	0.029199523	0.9995736
-45.095844	-21.516191	114.727287	0	0	0.029199523	0.9995736
-45.094101	-21.515724	114.707359	0	0	0.029199523	0.9995736
-45.090893	-21.514866	114.670723	0	0	0.029199523	0.9995736
-45.089661	-21.514534	114.656609	0	0	0.029199523	0.9995736
-45.106720	-21.519106	114.851593	0	0	0.029199523	0.9995736
-45.064098	-21.507685	114.364433	0	0	0.029199523	0.9995736
-45.206264	-21.545778	115.989418	0	0	0.029199523	0.9995736
-45.341423	-21.581993	117.534264	0	0	0.029199523	0.9995736
-44.836277	-21.446642	111.760452	0	0	0.029199523	0.9995736
-5.665423	-27.832108	123.269547	0	0	-0.98006658	0.19866933
-45.451836	-21.611580	118.796303	0	0	0.029199523	0.9995736
-47.133690	-11.464946	151.357895	0	0	0	1
-45.844875	-21.716894	123.288750	0	0	0.1288445	0.99166481
-30.793968	-29.583488	112.302208	0	0	0.50484609	0.86320938
-30.793844	-29.583027	112.296913	0	0	0.50484609	0.86320938
-30.793640	-29.582262	112.288177	0	0	0.73739371	0.67546319
-30.794062	-29.583838	112.306183	0	0	0.73739371	0.67546319
-30.793743	-29.582645	112.292549	0	0	0.73739371	0.67546319
-30.794119	-29.584047	112.308578	0	0	0.73739371	0.67546319
-30.793671	-29.582373	112.289429	0	0	0.73739371	0.67546319
-30.794134	-29.584106	112.309250	0	0	0.73739371	0.67546319
-30.794172	-29.584246	112.310844	0	0	0.73739371	0.67546319
-30.792696	-29.578739	112.247910	0	0	0.73739371	0.67546319
-30.791697	-29.575006	112.205246	0	0	0.73739371	0.67546319
-30.796322	-29.592270	112.402565	0	0	0.50484609	0.86320938
-30.785553	-29.552078	111.943169	0	0	0.80114363	0.59847213
-30.823553	-29.693901	113.564217	0	0	0.73739371	0.67546319
-30.862822	-29.840446	115.239243	0	0	0.50484609	0.86320938
-30.904533	-29.996122	117.018623	0	0	0.50484609	0.86320938
-31.031719	-30.470785	122.444038	0	0	0.73739371	0.67546319
-39.273170	-28.677872	112.821243	0	0	0.32328956	0.94630009
-39.272861	-28.677565	112.816429	0	0	0.32328956	0.94630009
-39.273407	-28.678106	112.824905	0	0	0.32328956	0.94630009
-39.273384	-28.678083	112.824547	0	0	0.32328956	0.94630009
-39.272602	-28.677301	112.812332	0	0	0.32328956	0.94630009
-39.272312	-28.677013	112.807831	0	0	0.32328956	0.94630009
-39.272404	-28.677105	112.809258	0	0	0.32328956	0.94630009
-39.273628	-28.678328	112.828362	0	0	0.32328956	0.94630009
-39.273411	-28.678114	112.825005	0	0	0.32328956	0.94630009
-39.269306	-28.674009	112.760925	0	0	0.32328956	0.94630009
-39.267742	-28.672443	112.736473	0	0	0.73739371	0.67546319
-39.280678	-28.685379	112.938461	0	0	0.32328956	0.94630009
-39.249084	-28.653788	112.445183	0	0	0.73739371	0.67546319
-39.349712	-28.754414	114.016342	0	0	0.73739371	0.67546319
-39.141678	-28.546379	110.768127	0	0	0.73739371	0.67546319
-39.453606	-28.858307	115.638489	0	0	0.32328956	0.94630009
-39.552322	-28.957026	117.179855	0	0	0.32328956	0.94630009
-39.875572	-29.280275	122.226990	0	0	0.73739371	0.67546319
57.777740	17.851112	117.608063	0	0	-0.92106097	0.38941839
-13.532302	-30.010391	148.167450	0	0	0.98999249	0.14112005
-48.104229	-22.322287	149.113297	0	0	0.41614682	0.90929743
-31.619358	-32.663887	147.511292	0	0	0.73739371	0.67546319
-12.270326	-40.221466	111.741386	0	0	0.85688874	0.51550139
-41.507362	-30.912064	147.705338	0	0	0.66627604	0.74570519
39.517818	-27.030704	114.109474	0	0	0.94222235	0.33498812
34.273308	-6.002818	219.402893	0	0	0.99913515	0.041580682
46.851521	66.185791	223.220703	0	0	0.99913515	0.041580682
-22.170244	-36.127865	218.090469	0	0	0	1
-33.275822	-38.845894	218.171951	0	0	0.73739371	0.67546319
-46.212170	-35.616871	221.164993	0	0	0.66627604	0.74570519
-54.869820	-24.135120	226.444336	0	0	0.32328956	0.94630009
-4.145984	113.173149	228.783905	0	0	-0.26749883	0.96355818
-66.536583	-6.265957	231.442429	0	0	0.22720209	0.97384763
-34.532970	113.173149	231.442429	0	0	-0.16996714	0.98544973
-60.323643	106.262558	231.442429	0	0	-0.070737201	0.99749499
-95.914299	51.791824	231.442429	0	0	0.22720209	0.97384763
