7.247689	0.918429	188.010971	-2.541593	0.452166	10.539639	188.379959
0.452166	10.539639	188.379959	-1.941593	-80.316238	56.231491	190.626465
-80.316238	56.231491	190.626465	0.658407	-160.270752	13.455513	196.243225
-160.270752	13.455513	196.243225	1.258407	-165.505753	-73.186501	203.700699
-165.505753	-73.186501	203.700699	1.658407	-160.270752	-82.253784	204.616699
-160.270752	-82.253784	204.616699	1.858407	-160.270752	-82.253784	204.616699
-160.270752	-82.253784	204.616699	1.858407	-124.193764	-118.330772	204.616699
-124.193764	-118.330772	204.616699	2.058407	-39.190556	-114.697128	204.616699
-39.190556	-114.697128	204.616699	2.658407	0.164215	-39.265366	204.616699
0.164215	-39.265366	204.616699	2.858407	4.035767	-16.987242	198.273575
4.035767	-16.987242	198.273575	2.458407	8.314995	-8.292899	191.601181
8.314995	-8.292899	191.601181	3.058407	0.000000	0.000000	0.000000
7.247689	0.918429	188.010971	-2.541593	0.452166	10.539639	188.379959
0.452166	10.539639	188.379959	-1.941593	-80.316238	56.231491	190.626465
-80.316238	56.231491	190.626465	0.658407	-160.270752	13.455513	196.243225
-160.270752	13.455513	196.243225	1.258407	-165.505753	-73.186501	203.700699
-165.505753	-73.186501	203.700699	1.658407	-160.270752	-82.253784	204.616699
-160.270752	-82.253784	204.616699	1.858407	-160.270752	-82.253784	204.616699
-160.270752	-82.253784	204.616699	1.858407	-124.193764	-118.330772	204.616699
-124.193764	-118.330772	204.616699	2.058407	-39.190556	-114.697128	204.616699
-39.190556	-114.697128	204.616699	2.658407	0.164215	-39.265366	204.616699
0.164215	-39.265366	204.616699	2.858407	4.035767	-16.987242	198.273575
4.035767	-16.987242	198.273575	2.458407	8.314995	-8.292899	191.601181
8.314995	-8.292899	191.601181	3.058407	0.000000	0.000000	0.000000
7.247689	0.918429	188.010971	-2.541593	0.452166	10.539639	188.379959
0.452166	10.539639	188.379959	-1.941593	-80.316238	56.231491	190.626465
-80.316238	56.231491	190.626465	0.658407	-160.270752	13.455513	196.243225
-160.270752	13.455513	196.243225	1.258407	-165.505753	-73.186501	203.700699
-165.505753	-73.186501	203.700699	1.658407	-160.270752	-82.253784	204.616699
-160.270752	-82.253784	204.616699	1.858407	-160.270752	-82.253784	204.616699
-160.270752	-82.253784	204.616699	1.858407	-124.193764	-118.330772	204.616699
-124.193764	-118.330772	204.616699	2.058407	-39.190556	-114.697128	204.616699
-39.190556	-114.697128	204.616699	2.658407	0.164215	-39.265366	204.616699
0.164215	-39.265366	204.616699	2.858407	4.035767	-16.987242	198.273575
4.035767	-16.987242	198.273575	2.458407	8.314995	-8.292899	191.601181
8.314995	-8.292899	191.601181	3.058407	0.000000	0.000000	0.000000
7.247689	0.918429	188.010971	-2.541593	0.452166	10.539639	188.379959
0.452166	10.539639	188.379959	-1.941593	-80.316238	56.231491	190.626465
-80.316238	56.231491	190.626465	0.658407	-160.270752	13.455513	196.243225
-160.270752	13.455513	196.243225	1.258407	-165.505753	-73.186501	203.700699
-165.505753	-73.186501	203.700699	1.658407	-160.270752	-82.253784	204.616699
-160.270752	-82.253784	204.616699	1.858407	-160.270752	-82.253784	204.616699
-160.270752	-82.253784	204.616699	1.858407	-124.193764	-118.330772	204.616699
-124.193764	-118.330772	204.616699	2.058407	-39.190556	-114.697128	204.616699
-39.190556	-114.697128	204.616699	2.658407	0.164215	-39.265366	204.616699
0.164215	-39.265366	204.616699	2.858407	4.035767	-16.987242	198.273575
4.035767	-16.987242	198.273575	2.458407	8.314995	-8.292899	191.601181
8.314995	-8.292899	191.601181	3.058407	0.000000	0.000000	0.000000
7.247689	0.918429	188.010971	-2.541593	0.452166	10.539639	188.379959
0.452166	10.539639	188.379959	-1.941593	-80.316238	56.231491	190.626465
-80.316238	56.231491	190.626465	0.658407	-160.270752	13.455513	196.243225
-160.270752	13.455513	196.243225	1.258407	-165.505753	-73.186501	203.700699
-165.505753	-73.186501	203.700699	1.658407	-160.270752	-82.253784	204.616699
-160.270752	-82.253784	204.616699	1.858407	-160.270752	-82.253784	204.616699
-160.270752	-82.253784	204.616699	1.858407	-124.193764	-118.330772	204.616699
-124.193764	-118.330772	204.616699	2.058407	-39.190556	-114.697128	204.616699
-39.190556	-114.697128	204.616699	2.658407	0.164215	-39.265366	204.616699
0.164215	-39.265366	204.616699	2.858407	4.035767	-16.987242	198.273575
4.035767	-16.987242	198.273575	2.458407	8.314995	-8.292899	191.601181
8.314995	-8.292899	191.601181	3.058407	0.000000	0.000000	0.000000
7.247689	0.918429	188.010971	-2.541593	0.452166	10.539639	188.379959
0.452166	10.539639	188.379959	-1.941593	-80.316238	56.231491	190.626465
-80.316238	56.231491	190.626465	0.658407	-160.270752	13.455513	196.243225
-160.270752	13.455513	196.243225	1.258407	-165.505753	-73.186501	203.700699
-165.505753	-73.186501	203.700699	1.658407	-160.270752	-82.253784	204.616699
-160.270752	-82.253784	204.616699	1.858407	-160.270752	-82.253784	204.616699
-160.270752	-82.253784	204.616699	1.858407	-124.193764	-118.330772	204.616699
-124.193764	-118.330772	204.616699	2.058407	-39.190556	-114.697128	204.616699
-39.190556	-114.697128	204.616699	2.658407	0.164215	-39.265366	204.616699
0.164215	-39.265366	204.616699	2.858407	4.035767	-16.987242	198.273575
4.035767	-16.987242	198.273575	2.458407	8.314995	-8.292899	191.601181
8.314995	-8.292899	191.601181	3.058407	0.000000	0.000000	0.000000
7.247689	0.918429	188.010971	-2.541593	0.452166	10.539639	188.379959
0.452166	10.539639	188.379959	-1.941593	-80.316238	56.231491	190.626465
-80.316238	56.231491	190.626465	0.658407	-160.270752	13.455513	196.243225
-160.270752	13.455513	196.243225	1.258407	-165.505753	-73.186501	203.700699
-165.505753	-73.186501	203.700699	1.658407	-160.270752	-82.253784	204.616699
-160.270752	-82.253784	204.616699	1.858407	-160.270752	-82.253784	204.616699
-160.270752	-82.253784	204.616699	1.858407	-124.193764	-118.330772	204.616699
-124.193764	-118.330772	204.616699	2.058407	-39.190556	-114.697128	204.616699
-39.190556	-114.697128	204.616699	2.658407	0.164215	-39.265366	204.616699
0.164215	-39.265366	204.616699	2.858407	4.035767	-16.987242	198.273575
4.035767	-16.987242	198.273575	2.458407	8.314995	-8.292899	191.601181
8.314995	-8.292899	191.601181	3.058407	0.000000	0.000000	0.000000
7.247689	0.918429	188.010971	-2.541593	0.452166	10.539639	188.379959
0.452166	10.539639	188.379959	-1.941593	-80.316238	56.231491	190.626465
-80.316238	56.231491	190.626465	0.658407	-160.270752	13.455513	196.243225
-160.270752	13.455513	196.243225	1.258407	-165.505753	-73.186501	203.700699
-165.505753	-73.186501	203.700699	1.658407	-160.270752	-82.253784	204.616699
-160.270752	-82.253784	204.616699	1.858407	-160.270752	-82.253784	204.616699
-160.270752	-82.253784	204.616699	1.858407	-124.193764	-118.330772	204.616699
-124.193764	-118.330772	204.616699	2.058407	-39.190556	-114.697128	204.616699
-39.190556	-114.697128	204.616699	2.658407	0.164215	-39.265366	204.616699
0.164215	-39.265366	204.616699	2.858407	4.035767	-16.987242	198.273575
4.035767	-16.987242	198.273575	2.458407	8.314995	-8.292899	191.601181
8.314995	-8.292899	191.601181	3.058407	0.000000	0.000000	0.000000
7.247689	0.918429	188.010971	-2.541593	0.452166	10.539639	188.379959
0.452166	10.539639	188.379959	-1.941593	-80.316238	56.231491	190.626465
-80.316238	56.231491	190.626465	0.658407	-160.270752	13.455513	196.243225
-160.270752	13.455513	196.243225	1.258407	-165.505753	-73.186501	203.700699
-165.505753	-73.186501	203.700699	1.658407	-160.270752	-82.253784	204.616699
-160.270752	-82.253784	204.616699	1.858407	-160.270752	-82.253784	204.616699
-160.270752	-82.253784	204.616699	1.858407	-124.193764	-118.330772	204.616699
-124.193764	-118.330772	204.616699	2.058407	-39.190556	-114.697128	204.616699
-39.190556	-114.697128	204.616699	2.658407	0.164215	-39.265366	204.616699
0.164215	-39.265366	204.616699	2.858407	4.035767	-16.987242	198.273575
4.035767	-16.987242	198.273575	2.458407	8.314995	-8.292899	191.601181
8.314995	-8.292899	191.601181	3.058407	0.000000	0.000000	0.000000
7.247689	0.918429	188.010971	-2.541593	0.452166	10.539639	188.379959
0.452166	10.539639	188.379959	-1.941593	-80.316238	56.231491	190.626465
-80.316238	56.231491	190.626465	0.658407	-160.270752	13.455513	196.243225
-160.270752	13.455513	196.243225	1.258407	-165.505753	-73.186501	203.700699
-165.505753	-73.186501	203.700699	1.658407	-160.270752	-82.253784	204.616699
-160.270752	-82.253784	204.616699	1.858407	-160.270752	-82.253784	204.616699
-160.270752	-82.253784	204.616699	1.858407	-124.193764	-118.330772	204.616699
-124.193764	-118.330772	204.616699	2.058407	-39.190556	-114.697128	204.616699
-39.190556	-114.697128	204.616699	2.658407	0.164215	-39.265366	204.616699
0.164215	-39.265366	204.616699	2.858407	4.035767	-16.987242	198.273575
4.035767	-16.987242	198.273575	2.458407	8.314995	-8.292899	191.601181
8.314995	-8.292899	191.601181	3.058407	0.000000	0.000000	0.000000
7.247689	0.918429	188.010971	-2.541593	0.452166	10.539639	188.379959
0.452166	10.539639	188.379959	-1.941593	-80.316238	56.231491	190.626465
-80.316238	56.231491	190.626465	0.658407	-160.270752	13.455513	196.243225
-160.270752	13.455513	196.243225	1.258407	-165.505753	-73.186501	203.700699
-165.505753	-73.186501	203.700699	1.658407	-160.270752	-82.253784	204.616699
-160.270752	-82.253784	204.616699	1.858407	-160.270752	-82.253784	204.616699
-160.270752	-82.253784	204.616699	1.858407	-124.193764	-118.330772	204.616699
-124.193764	-118.330772	204.616699	2.058407	-39.190556	-114.697128	204.616699
-39.190556	-114.697128	204.616699	2.658407	0.164215	-39.265366	204.616699
0.164215	-39.265366	204.616699	2.858407	4.035767	-16.987242	198.273575
4.035767	-16.987242	198.273575	2.458407	8.314995	-8.292899	191.601181
8.314995	-8.292899	191.601181	3.058407	0.000000	0.000000	0.000000
7.247689	0.918429	188.010971	-2.541593	0.452166	10.539639	188.379959
0.452166	10.539639	188.379959	-1.941593	-80.316238	56.231491	190.626465
-80.316238	56.231491	190.626465	0.658407	-160.270752	13.455513	196.243225
-160.270752	13.455513	196.243225	1.258407	-165.505753	-73.186501	203.700699
-165.505753	-73.186501	203.700699	1.658407	-160.270752	-82.253784	204.616699
-160.270752	-82.253784	204.616699	1.858407	-160.270752	-82.253784	204.616699
-160.270752	-82.253784	204.616699	1.858407	-124.193764	-118.330772	204.616699
-124.193764	-118.330772	204.616699	2.058407	-39.190556	-114.697128	204.616699
-39.190556	-114.697128	204.616699	2.658407	0.164215	-39.265366	204.616699
0.164215	-39.265366	204.616699	2.858407	4.035767	-16.987242	198.273575
4.035767	-16.987242	198.273575	2.458407	8.314995	-8.292899	191.601181
8.314995	-8.292899	191.601181	3.058407	0.000000	0.000000	0.000000
7.247689	0.918429	188.010971	-2.541593	0.452166	10.539639	188.379959
0.452166	10.539639	188.379959	-1.941593	-80.316238	56.231491	190.626465
-80.316238	56.231491	190.626465	0.658407	-160.270752	13.455513	196.243225
-160.270752	13.455513	196.243225	1.258407	-165.505753	-73.186501	203.700699
-165.505753	-73.186501	203.700699	1.658407	-160.270752	-82.253784	204.616699
-160.270752	-82.253784	204.616699	1.858407	-160.270752	-82.253784	204.616699
-160.270752	-82.253784	204.616699	1.858407	-124.193764	-118.330772	204.616699
-124.193764	-118.330772	204.616699	2.058407	-39.190556	-114.697128	204.616699
-39.190556	-114.697128	204.616699	2.658407	0.164215	-39.265366	204.616699
0.164215	-39.265366	204.616699	2.858407	4.035767	-16.987242	198.273575
4.035767	-16.987242	198.273575	2.458407	8.314995	-8.292899	191.601181
8.314995	-8.292899	191.601181	3.058407	0.000000	0.000000	0.000000
7.247689	0.918429	188.010971	-2.541593	0.452166	10.539639	188.379959
0.452166	10.539639	188.379959	-1.941593	-80.316238	56.231491	190.626465
-80.316238	56.231491	190.626465	0.658407	-160.270752	13.455513	196.243225
-160.270752	13.455513	196.243225	1.258407	-165.505753	-73.186501	203.700699
-165.505753	-73.186501	203.700699	1.658407	-160.270752	-82.253784	204.616699
-160.270752	-82.253784	204.616699	1.858407	-160.270752	-82.253784	204.616699
-160.270752	-82.253784	204.616699	1.858407	-124.193764	-118.330772	204.616699
-124.193764	-118.330772	204.616699	2.058407	-39.190556	-114.697128	204.616699
-39.190556	-114.697128	204.616699	2.658407	0.164215	-39.265366	204.616699
0.164215	-39.265366	204.616699	2.858407	4.035767	-16.987242	198.273575
4.035767	-16.987242	198.273575	2.458407	8.314995	-8.292899	191.601181
8.314995	-8.292899	191.601181	3.058407	0.000000	0.000000	0.000000
7.247689	0.918429	188.010971	-2.541593	0.452166	10.539639	188.379959
0.452166	10.539639	188.379959	-1.941593	-80.316238	56.231491	190.626465
-80.316238	56.231491	190.626465	0.658407	-160.270752	13.455513	196.243225
-160.270752	13.455513	196.243225	1.258407	-165.505753	-73.186501	203.700699
-165.505753	-73.186501	203.700699	1.658407	-160.270752	-82.253784	204.616699
-160.270752	-82.253784	204.616699	1.858407	-160.270752	-82.253784	204.616699
-160.270752	-82.253784	204.616699	1.858407	-124.193764	-118.330772	204.616699
-124.193764	-118.330772	204.616699	2.058407	-39.190556	-114.697128	204.616699
-39.190556	-114.697128	204.616699	2.658407	0.164215	-39.265366	204.616699
0.164215	-39.265366	204.616699	2.858407	4.035767	-16.987242	198.273575
4.035767	-16.987242	198.273575	2.458407	8.314995	-8.292899	191.601181
8.314995	-8.292899	191.601181	3.058407	0.000000	0.000000	0.000000
7.247689	0.918429	188.010971	-2.541593	0.452166	10.539639	188.379959
0.452166	10.539639	188.379959	-1.941593	-80.316238	56.231491	190.626465
-80.316238	56.231491	190.626465	0.658407	-160.270752	13.455513	196.243225
-160.270752	13.455513	196.243225	1.258407	-165.505753	-73.186501	203.700699
-165.505753	-73.186501	203.700699	1.658407	-160.270752	-82.253784	204.616699
-160.270752	-82.253784	204.616699	1.858407	-160.270752	-82.253784	204.616699
-160.270752	-82.253784	204.616699	1.858407	-124.193764	-118.330772	204.616699
-124.193764	-118.330772	204.616699	2.058407	-39.190556	-114.697128	204.616699
-39.190556	-114.697128	204.616699	2.658407	0.164215	-39.265366	204.616699
0.164215	-39.265366	204.616699	2.858407	4.035767	-16.987242	198.273575
4.035767	-16.987242	198.273575	2.458407	8.314995	-8.292899	191.601181
8.314995	-8.292899	191.601181	3.058407	0.000000	0.000000	0.000000
7.247689	0.918429	188.010971	-2.541593	0.452166	10.539639	188.379959
0.452166	10.539639	188.379959	-1.941593	-80.316238	56.231491	190.626465
-80.316238	56.231491	190.626465	0.658407	-160.270752	13.455513	196.243225
-160.270752	13.455513	196.243225	1.258407	-165.505753	-73.186501	203.700699
-165.505753	-73.186501	203.700699	1.658407	-160.270752	-82.253784	204.616699
-160.270752	-82.253784	204.616699	1.858407	-160.270752	-82.253784	204.616699
-160.270752	-82.253784	204.616699	1.858407	-124.193764	-118.330772	204.616699
-124.193764	-118.330772	204.616699	2.058407	-39.190556	-114.697128	204.616699
-39.190556	-114.697128	204.616699	2.658407	0.164215	-39.265366	204.616699
0.164215	-39.265366	204.616699	2.858407	4.035767	-16.987242	198.273575
4.035767	-16.987242	198.273575	2.458407	8.314995	-8.292899	191.601181
8.314995	-8.292899	191.601181	3.058407	0.000000	0.000000	0.000000
7.247689	0.918429	188.010971	-2.541593	0.452166	10.539639	188.379959
0.452166	10.539639	188.379959	-1.941593	-80.316238	56.231491	190.626465
-80.316238	56.231491	190.626465	0.658407	-160.270752	13.455513	196.243225
-160.270752	13.455513	196.243225	1.258407	-165.505753	-73.186501	203.700699
-165.505753	-73.186501	203.700699	1.658407	-160.270752	-82.253784	204.616699
-160.270752	-82.253784	204.616699	1.858407	-160.270752	-82.253784	204.616699
-160.270752	-82.253784	204.616699	1.858407	-124.193764	-118.330772	204.616699
-124.193764	-118.330772	204.616699	2.058407	-39.190556	-114.697128	204.616699
-39.190556	-114.697128	204.616699	2.658407	0.164215	-39.265366	204.616699
0.164215	-39.265366	204.616699	2.858407	4.035767	-16.987242	198.273575
4.035767	-16.987242	198.273575	2.458407	8.314995	-8.292899	191.601181
8.314995	-8.292899	191.601181	3.058407	0.000000	0.000000	0.000000
7.247689	0.918429	188.010971	-2.541593	0.452166	10.539639	188.379959
0.452166	10.539639	188.379959	-1.941593	-80.316238	56.231491	190.626465
-80.316238	56.231491	190.626465	0.658407	-160.270752	13.455513	196.243225
-160.270752	13.455513	196.243225	1.258407	-165.505753	-73.186501	203.700699
-165.505753	-73.186501	203.700699	1.658407	-160.270752	-82.253784	204.616699
-160.270752	-82.253784	204.616699	1.858407	-160.270752	-82.253784	204.616699
-160.270752	-82.253784	204.616699	1.858407	-124.193764	-118.330772	204.616699
-124.193764	-118.330772	204.616699	2.058407	-39.190556	-114.697128	204.616699
-39.190556	-114.697128	204.616699	2.658407	0.164215	-39.265366	204.616699
0.164215	-39.265366	204.616699	2.858407	4.035767	-16.987242	198.273575
4.035767	-16.987242	198.273575	2.458407	8.314995	-8.292899	191.601181
8.314995	-8.292899	191.601181	3.058407	0.000000	0.000000	0.000000
7.247689	0.918429	188.010971	-2.541593	0.452166	10.539639	188.379959
0.452166	10.539639	188.379959	-1.941593	-80.316238	56.231491	190.626465
-80.316238	56.231491	190.626465	0.658407	-160.270752	13.455513	196.243225
-160.270752	13.455513	196.243225	1.258407	-165.505753	-73.186501	203.700699
-165.505753	-73.186501	203.700699	1.658407	-160.270752	-82.253784	204.616699
-160.270752	-82.253784	204.616699	1.858407	-160.270752	-82.253784	204.616699
-160.270752	-82.253784	204.616699	1.858407	-124.193764	-118.330772	204.616699
-124.193764	-118.330772	204.616699	2.058407	-39.190556	-114.697128	204.616699
-39.190556	-114.697128	204.616699	2.658407	0.164215	-39.265366	204.616699
0.164215	-39.265366	204.616699	2.858407	4.035767	-16.987242	198.273575
4.035767	-16.987242	198.273575	2.458407	8.314995	-8.292899	191.601181
8.314995	-8.292899	191.601181	3.058407	0.000000	0.000000	0.000000
