-98.434525	-28.401606	-6.261869	0	0	0.50484609	0.86320938
-98.487450	-28.369480	-6.231133	0	0	0.50484609	0.86320938
-98.382210	-28.429604	-6.300060	0	0	-0.36235775	0.93203909
-98.537666	-28.342905	-6.203580	0	0	-0.36235775	0.93203909
-98.326225	-28.451897	-6.345119	0	0	-0.36235775	0.93203909
-98.589111	-28.317108	-6.187452	0	0	-0.36235775	0.93203909
-98.268898	-28.471407	-6.392646	0	0	-0.36235775	0.93203909
-98.621292	-28.339722	-6.152030	0	0	-0.36235775	0.93203909
-98.658363	-28.326159	-6.173361	0	0	-0.36235775	0.93203909
-98.394920	-28.394754	-6.528954	0	0	-0.36235775	0.93203909
-98.533348	-28.572786	-6.024512	0	0	-0.36235775	0.93203909
-100.897339	-27.330032	-4.332078	0	0	-0.36235775	0.93203909
-98.069908	-24.289743	-5.163423	0	0	-0.36235775	0.93203909
-99.285339	-23.450693	-3.331172	0	0	0.50484609	0.86320938
-96.918839	-34.058216	-6.261869	0	0	-0.070737201	0.99749499
-96.960190	-34.069298	-6.231133	0	0	-0.070737201	0.99749499
-96.877029	-34.047012	-6.300060	0	0	0.41614682	0.90929743
-97.000397	-34.080070	-6.203580	0	0	0.41614682	0.90929743
-96.830368	-34.034512	-6.345119	0	0	0.41614682	0.90929743
-97.041946	-34.091206	-6.187452	0	0	0.41614682	0.90929743
-96.781761	-34.021488	-6.392646	0	0	0.50484609	0.86320938
-97.077629	-34.100765	-6.152030	0	0	0.41614682	0.90929743
-97.108826	-34.109123	-6.173361	0	0	0.41614682	0.90929743
-96.880180	-34.047859	-6.528954	0	0	-0.36235775	0.93203909
-97.053841	-34.094391	-6.024512	0	0	0.41614682	0.90929743
-95.550682	-33.691620	-5.163423	0	0	-0.36235775	0.93203909
-98.849167	-34.575447	-4.842299	0	0	0.58850112	0.8084964
-98.948784	-34.602139	-4.332078	0	0	-0.36235775	0.93203909
-96.474930	-33.939274	-3.331172	0	0	0.41614682	0.90929743
-102.057449	-22.601963	-4.842299	0	0	0.50484609	0.86320938
-100.983551	-35.147354	2.464167	0	0	0.58850112	0.8084964
-98.434525	-16.543283	-7.299338	0	0	-0.16996714	0.98544973
-98.487450	-16.540371	-7.266046	0	0	-0.16996714	0.98544973
-98.382210	-16.546812	-7.339669	0	0	0.1288445	0.99166481
-98.537666	-16.537777	-7.236395	0	0	0.1288445	0.99166481
-98.326225	-16.550894	-7.386321	0	0	0.1288445	0.99166481
-98.589111	-16.536180	-7.218150	0	0	0.1288445	0.99166481
-98.268898	-16.555168	-7.435182	0	0	0.1288445	0.99166481
-98.621292	-16.533278	-7.184960	0	0	0.1288445	0.99166481
-98.533348	-16.523975	-7.078646	0	0	0.1288445	0.99166481
-98.658363	-16.535027	-7.204952	0	0	0.1288445	0.99166481
-98.394920	-16.566422	-7.563798	0	0	0.41614682	0.90929743
-98.069908	-16.416677	-5.852227	0	0	-0.45359611	0.89120736
-100.897339	-16.367592	-5.291168	0	0	0.32328956	0.94630009
-99.285339	-16.251221	-3.961044	0	0	0.41614682	0.90929743
-102.057449	-16.375977	-5.387002	0	0	0.41614682	0.90929743
-92.660934	-32.917316	7.142010	0	0	0.1288445	0.99166481
-107.970108	-9.073193	2.464167	0	0	0.41614682	0.90929743
-72.986748	-27.645634	0.505382	0	0	0.41614682	0.90929743
-99.854454	-2.546693	3.206394	0	0	-0.26749883	0.96355818
-98.004730	-34.349178	-34.470528	0	0	0.50484609	0.86320938
-73.862862	-52.973270	-6.261869	0	0	0.32328956	0.94630009
-73.873260	-52.983669	-6.231133	0	0	0.32328956	0.94630009
-73.850700	-52.961109	-6.300060	0	0	0.41614682	0.90929743
-73.885086	-52.995491	-6.203580	0	0	0.41614682	0.90929743
-73.897903	-53.008316	-6.187452	0	0	0.41614682	0.90929743
-73.833855	-52.944263	-6.345119	0	0	0.41614682	0.90929743
-73.937057	-53.047466	-6.173361	0	0	0.41614682	0.90929743
-73.925301	-53.035713	-6.152030	0	0	0.41614682	0.90929743
-73.814949	-52.925358	-6.392646	0	0	0.41614682	0.90929743
-73.839630	-52.950043	-6.528954	0	0	0.50484609	0.86320938
-73.997864	-53.108273	-6.024512	0	0	0.41614682	0.90929743
-72.774498	-51.884911	-4.842299	0	0	0.32328956	0.94630009
-74.558479	-53.668892	-4.332078	0	0	0.58850112	0.8084964
-71.624619	-50.735031	-5.163423	0	0	0.73739371	0.67546319
-71.812813	-50.923222	-3.331172	0	0	0.32328956	0.94630009
-68.966446	-48.076855	2.464167	0	0	0.32328956	0.94630009
-118.642830	2.487638	7.560861	0	0	-0.070737201	0.99749499
-78.514091	6.101597	-9.747494	0	0	-0.26749883	0.96355818
-78.566360	6.134868	-9.716873	0	0	-0.26749883	0.96355818
-78.464378	6.069086	-9.785228	0	0	-0.16996714	0.98544973
-78.614342	6.165314	-9.689711	0	0	-0.16996714	0.98544973
-78.414658	6.035940	-9.829190	0	0	-0.16996714	0.98544973
-78.663406	6.195230	-9.674000	0	0	-0.16996714	0.98544973
-78.504532	6.118142	-9.529100	0	0	-0.16996714	0.98544973
-78.676346	6.205940	-9.641944	0	0	-0.16996714	0.98544973
-78.365234	6.002743	-9.875336	0	0	-0.16996714	0.98544973
-78.710976	6.223734	-9.663703	0	0	-0.16996714	0.98544973
-78.498856	6.066250	-10.010315	0	0	-0.16996714	0.98544973
-79.959213	7.078900	-8.332384	0	0	-0.070737201	0.99749499
-80.742584	7.579031	-7.858704	0	0	-0.16996714	0.98544973
-81.154114	7.953512	-6.503725	0	0	-0.62160997	0.7833269
-83.668777	9.248146	-8.059899	0	0	-0.54030229	0.84147099
-93.955818	15.791050	-2.084257	0	0	0	1
-55.665699	-34.776108	-23.720795	0	0	0.50484609	0.86320938
-51.832790	-30.943199	-4.864312	0	0	0	1
-125.827339	4.412722	-34.470528	0	0	0.22720209	0.97384763
-45.500393	-40.771019	-15.641278	0	0	0.58850112	0.8084964
-45.505554	-40.790283	-15.645005	0	0	0	1
-45.494621	-40.749485	-15.637113	0	0	0	1
-45.492519	-40.741642	-15.635596	0	0	0	1
-45.492397	-40.741192	-15.635509	0	0	0	1
-45.508652	-40.801853	-15.647243	0	0	0	1
-45.509418	-40.804714	-15.647797	0	0	0	1
-45.490166	-40.732853	-15.633896	0	0	0	1
-45.512642	-40.816746	-15.650124	0	0	0	1
-45.486507	-40.719208	-15.631257	0	0	0	1
-45.537048	-40.907829	-15.667741	0	0	0	1
-45.310776	-40.063366	-15.504398	0	0	0	1
-44.432175	-36.784378	-14.870149	0	0	0	1
-44.267559	-36.170033	-14.751317	0	0	0	1
-44.222546	-36.002029	-14.718822	0	0	0.58850112	0.8084964
-41.269516	-20.379925	-9.950827	0	0	0	1
-41.040764	-24.127460	-12.421944	0	0	0	1
-41.017433	-24.040396	-12.405103	0	0	0	1
-41.017433	-24.040396	-12.405103	0	0	0	1
-41.017433	-24.040396	-12.405103	0	0	0	1
-112.479988	32.039570	-0.013975	0	0	-0.69670669	0.71735611
-92.582664	34.301571	-6.121239	0	0	0	1
-92.055313	34.851547	-6.379629	0	0	0	1
-117.109146	36.949471	-34.470528	0	0	0.1288445	0.99166481
-112.782333	44.443726	-22.111872	0	0	0.029199523	0.9995736
-158.552200	52.902248	-11.216893	0	0	0.1288445	0.99166481
-218.547043	41.165180	-50.937458	0	0	0.22720209	0.97384763
-74.243004	-148.039902	-99.230492	0	0	0.66627604	0.74570519
-249.302704	2.258511	-94.732635	0	0	0.32328956	0.94630009
-169.243057	-148.353470	-132.357681	0	0	0.41614682	0.90929743
-249.905289	-32.907162	-130.867554	0	0	0.32328956	0.94630009
-237.856247	-71.822281	-147.039948	0	0	0.22720209	0.97384763
