158.672653	170.077911	-67.276993	-1.541593	158.672653	170.077911	-67.276993
158.672653	170.077911	-67.276993	-1.541593	46.920185	200.021896	-67.276993
46.920185	200.021896	-67.276993	-1.141593	-39.003685	117.505859	-66.712639
-39.003685	117.505859	-66.712639	-1.141593	158.672653	-3.048578	16.090462
158.672653	-3.048578	16.090462	3.058407	192.681351	111.173111	16.090460
192.681351	111.173111	16.090460	3.058407	176.834244	159.592316	-37.327023
176.834244	159.592316	-37.327023	3.058407	-47.138546	-41.099609	257.887756
158.672653	170.077911	-67.276993	-1.541593	158.672653	170.077911	-67.276993
158.672653	170.077911	-67.276993	-1.541593	46.920185	200.021896	-67.276993
46.920185	200.021896	-67.276993	-1.141593	-39.003685	117.505859	-66.712639
-39.003685	117.505859	-66.712639	-1.141593	158.672653	-3.048578	16.090462
158.672653	-3.048578	16.090462	3.058407	192.681351	111.173111	16.090460
192.681351	111.173111	16.090460	3.058407	176.834244	159.592316	-37.327023
176.834244	159.592316	-37.327023	3.058407	-47.138546	-41.099609	257.887756
158.672653	170.077911	-67.276993	-1.541593	158.672653	170.077911	-67.276993
158.672653	170.077911	-67.276993	-1.541593	46.920185	200.021896	-67.276993
46.920185	200.021896	-67.276993	-1.141593	-39.003685	117.505859	-66.712639
-39.003685	117.505859	-66.712639	-1.141593	158.672653	-3.048578	16.090462
158.672653	-3.048578	16.090462	3.058407	192.681351	111.173111	16.090460
192.681351	111.173111	16.090460	3.058407	176.834244	159.592316	-37.327023
176.834244	159.592316	-37.327023	3.058407	-47.138546	-41.099609	257.887756
158.672653	170.077911	-67.276993	-1.541593	158.672653	170.077911	-67.276993
158.672653	170.077911	-67.276993	-1.541593	46.920185	200.021896	-67.276993
46.920185	200.021896	-67.276993	-1.141593	-39.003685	117.505859	-66.712639
-39.003685	117.505859	-66.712639	-1.141593	158.672653	-3.048578	16.090462
158.672653	-3.048578	16.090462	3.058407	192.681351	111.173111	16.090460
192.681351	111.173111	16.090460	3.058407	176.834244	159.592316	-37.327023
176.834244	159.592316	-37.327023	3.058407	-47.138546	-41.099609	257.887756
158.672653	170.077911	-67.276993	-1.541593	158.672653	170.077911	-67.276993
158.672653	170.077911	-67.276993	-1.541593	46.920185	200.021896	-67.276993
46.920185	200.021896	-67.276993	-1.141593	-39.003685	117.505859	-66.712639
-39.003685	117.505859	-66.712639	-1.141593	158.672653	-3.048578	16.090462
158.672653	-3.048578	16.090462	3.058407	192.681351	111.173111	16.090460
192.681351	111.173111	16.090460	3.058407	176.834244	159.592316	-37.327023
176.834244	159.592316	-37.327023	3.058407	-47.138546	-41.099609	257.887756
158.672653	170.077911	-67.276993	-1.541593	158.672653	170.077911	-67.276993
158.672653	170.077911	-67.276993	-1.541593	46.920185	200.021896	-67.276993
46.920185	200.021896	-67.276993	-1.141593	-39.003685	117.505859	-66.712639
-39.003685	117.505859	-66.712639	-1.141593	158.672653	-3.048578	16.090462
158.672653	-3.048578	16.090462	3.058407	192.681351	111.173111	16.090460
192.681351	111.173111	16.090460	3.058407	176.834244	159.592316	-37.327023
176.834244	159.592316	-37.327023	3.058407	-47.138546	-41.099609	257.887756
158.672653	170.077911	-67.276993	-1.541593	158.672653	170.077911	-67.276993
158.672653	170.077911	-67.276993	-1.541593	46.920185	200.021896	-67.276993
46.920185	200.021896	-67.276993	-1.141593	-39.003685	117.505859	-66.712639
-39.003685	117.505859	-66.712639	-1.141593	158.672653	-3.048578	16.090462
158.672653	-3.048578	16.090462	3.058407	192.681351	111.173111	16.090460
192.681351	111.173111	16.090460	3.058407	176.834244	159.592316	-37.327023
176.834244	159.592316	-37.327023	3.058407	-47.138546	-41.099609	257.887756
158.672653	170.077911	-67.276993	-1.541593	158.672653	170.077911	-67.276993
158.672653	170.077911	-67.276993	-1.541593	46.920185	200.021896	-67.276993
46.920185	200.021896	-67.276993	-1.141593	-39.003685	117.505859	-66.712639
-39.003685	117.505859	-66.712639	-1.141593	158.672653	-3.048578	16.090462
158.672653	-3.048578	16.090462	3.058407	192.681351	111.173111	16.090460
192.681351	111.173111	16.090460	3.058407	176.834244	159.592316	-37.327023
176.834244	159.592316	-37.327023	3.058407	-47.138546	-41.099609	257.887756
158.672653	170.077911	-67.276993	-1.541593	158.672653	170.077911	-67.276993
158.672653	170.077911	-67.276993	-1.541593	46.920185	200.021896	-67.276993
46.920185	200.021896	-67.276993	-1.141593	-39.003685	117.505859	-66.712639
-39.003685	117.505859	-66.712639	-1.141593	158.672653	-3.048578	16.090462
158.672653	-3.048578	16.090462	3.058407	192.681351	111.173111	16.090460
192.681351	111.173111	16.090460	3.058407	176.834244	159.592316	-37.327023
176.834244	159.592316	-37.327023	3.058407	-47.138546	-41.099609	257.887756
158.672653	170.077911	-67.276993	-1.541593	158.672653	170.077911	-67.276993
158.672653	170.077911	-67.276993	-1.541593	46.920185	200.021896	-67.276993
46.920185	200.021896	-67.276993	-1.141593	-39.003685	117.505859	-66.712639
-39.003685	117.505859	-66.712639	-1.141593	158.672653	-3.048578	16.090462
158.672653	-3.048578	16.090462	3.058407	192.681351	111.173111	16.090460
192.681351	111.173111	16.090460	3.058407	176.834244	159.592316	-37.327023
176.834244	159.592316	-37.327023	3.058407	-47.138546	-41.099609	257.887756
158.672653	170.077911	-67.276993	-1.541593	158.672653	170.077911	-67.276993
158.672653	170.077911	-67.276993	-1.541593	46.920185	200.021896	-67.276993
46.920185	200.021896	-67.276993	-1.141593	-39.003685	117.505859	-66.712639
-39.003685	117.505859	-66.712639	-1.141593	158.672653	-3.048578	16.090462
158.672653	-3.048578	16.090462	3.058407	192.681351	111.173111	16.090460
192.681351	111.173111	16.090460	3.058407	176.834244	159.592316	-37.327023
176.834244	159.592316	-37.327023	3.058407	-47.138546	-41.099609	257.887756
158.672653	170.077911	-67.276993	-1.541593	158.672653	170.077911	-67.276993
158.672653	170.077911	-67.276993	-1.541593	46.920185	200.021896	-67.276993
46.920185	200.021896	-67.276993	-1.141593	-39.003685	117.505859	-66.712639
-39.003685	117.505859	-66.712639	-1.141593	158.672653	-3.048578	16.090462
158.672653	-3.048578	16.090462	3.058407	192.681351	111.173111	16.090460
192.681351	111.173111	16.090460	3.058407	176.834244	159.592316	-37.327023
176.834244	159.592316	-37.327023	3.058407	-47.138546	-41.099609	257.887756
158.672653	170.077911	-67.276993	-1.541593	158.672653	170.077911	-67.276993
158.672653	170.077911	-67.276993	-1.541593	46.920185	200.021896	-67.276993
46.920185	200.021896	-67.276993	-1.141593	-39.003685	117.505859	-66.712639
-39.003685	117.505859	-66.712639	-1.141593	158.672653	-3.048578	16.090462
158.672653	-3.048578	16.090462	3.058407	192.681351	111.173111	16.090460
192.681351	111.173111	16.090460	3.058407	176.834244	159.592316	-37.327023
176.834244	159.592316	-37.327023	3.058407	-47.138546	-41.099609	257.887756
158.672653	170.077911	-67.276993	-1.541593	158.672653	170.077911	-67.276993
158.672653	170.077911	-67.276993	-1.541593	46.920185	200.021896	-67.276993
46.920185	200.021896	-67.276993	-1.141593	-39.003685	117.505859	-66.712639
-39.003685	117.505859	-66.712639	-1.141593	158.672653	-3.048578	16.090462
158.672653	-3.048578	16.090462	3.058407	192.681351	111.173111	16.090460
192.681351	111.173111	16.090460	3.058407	176.834244	159.592316	-37.327023
176.834244	159.592316	-37.327023	3.058407	-47.138546	-41.099609	257.887756
158.672653	170.077911	-67.276993	-1.541593	158.672653	170.077911	-67.276993
158.672653	170.077911	-67.276993	-1.541593	46.920185	200.021896	-67.276993
46.920185	200.021896	-67.276993	-1.141593	-39.003685	117.505859	-66.712639
-39.003685	117.505859	-66.712639	-1.141593	158.672653	-3.048578	16.090462
158.672653	-3.048578	16.090462	3.058407	192.681351	111.173111	16.090460
192.681351	111.173111	16.090460	3.058407	176.834244	159.592316	-37.327023
176.834244	159.592316	-37.327023	3.058407	-47.138546	-41.099609	257.887756
158.672653	170.077911	-67.276993	-1.541593	158.672653	170.077911	-67.276993
158.672653	170.077911	-67.276993	-1.541593	46.920185	200.021896	-67.276993
46.920185	200.021896	-67.276993	-1.141593	-39.003685	117.505859	-66.712639
-39.003685	117.505859	-66.712639	-1.141593	158.672653	-3.048578	16.090462
158.672653	-3.048578	16.090462	3.058407	192.681351	111.173111	16.090460
192.681351	111.173111	16.090460	3.058407	176.834244	159.592316	-37.327023
176.834244	159.592316	-37.327023	3.058407	-47.138546	-41.099609	257.887756
158.672653	170.077911	-67.276993	-1.541593	158.672653	170.077911	-67.276993
158.672653	170.077911	-67.276993	-1.541593	46.920185	200.021896	-67.276993
46.920185	200.021896	-67.276993	-1.141593	-39.003685	117.505859	-66.712639
-39.003685	117.505859	-66.712639	-1.141593	158.672653	-3.048578	16.090462
158.672653	-3.048578	16.090462	3.058407	192.681351	111.173111	16.090460
192.681351	111.173111	16.090460	3.058407	176.834244	159.592316	-37.327023
176.834244	159.592316	-37.327023	3.058407	-47.138546	-41.099609	257.887756
158.672653	170.077911	-67.276993	-1.541593	158.672653	170.077911	-67.276993
158.672653	170.077911	-67.276993	-1.541593	46.920185	200.021896	-67.276993
46.920185	200.021896	-67.276993	-1.141593	-39.003685	117.505859	-66.712639
-39.003685	117.505859	-66.712639	-1.141593	158.672653	-3.048578	16.090462
158.672653	-3.048578	16.090462	3.058407	192.681351	111.173111	16.090460
192.681351	111.173111	16.090460	3.058407	176.834244	159.592316	-37.327023
176.834244	159.592316	-37.327023	3.058407	-47.138546	-41.099609	257.887756
158.672653	170.077911	-67.276993	-1.541593	158.672653	170.077911	-67.276993
158.672653	170.077911	-67.276993	-1.541593	46.920185	200.021896	-67.276993
46.920185	200.021896	-67.276993	-1.141593	-39.003685	117.505859	-66.712639
-39.003685	117.505859	-66.712639	-1.141593	158.672653	-3.048578	16.090462
158.672653	-3.048578	16.090462	3.058407	192.681351	111.173111	16.090460
192.681351	111.173111	16.090460	3.058407	176.834244	159.592316	-37.327023
176.834244	159.592316	-37.327023	3.058407	-47.138546	-41.099609	257.887756
158.672653	170.077911	-67.276993	-1.541593	158.672653	170.077911	-67.276993
158.672653	170.077911	-67.276993	-1.541593	46.920185	200.021896	-67.276993
46.920185	200.021896	-67.276993	-1.141593	-39.003685	117.505859	-66.712639
-39.003685	117.505859	-66.712639	-1.141593	158.672653	-3.048578	16.090462
158.672653	-3.048578	16.090462	3.058407	192.681351	111.173111	16.090460
192.681351	111.173111	16.090460	3.058407	176.834244	159.592316	-37.327023
176.834244	159.592316	-37.327023	3.058407	-47.138546	-41.099609	257.887756
