24.409864	175.215851	18.954517	0	0	-0.45359611	0.89120736
24.419397	175.175064	18.956747	0	0	-0.95533648	0.29552023
24.399536	175.257065	18.952250	0	0	-0.45359611	0.89120736
24.428484	175.134613	18.958897	0	0	-0.95533648	0.29552023
24.388090	175.299164	18.949596	0	0	-0.92106097	0.38941839
24.437313	175.094345	18.961029	0	0	-0.95533648	0.29552023
24.374638	175.341843	18.947126	0	0	-0.92106097	0.38941839
24.360008	175.387299	18.942438	0	0	-0.92106097	0.38941839
24.347761	175.429214	18.938179	0	0	-0.92106097	0.38941839
24.352016	175.461349	18.929638	0	0	-0.87758258	0.4794255
24.431814	175.503693	18.924397	0	0	-0.92106097	0.38941839
23.731539	176.062851	19.055279	0	0	-0.95533648	0.29552023
23.973963	177.199341	18.970842	0	0	-0.45359611	0.89120736
23.602737	179.356552	19.044439	0	0	-0.95533648	0.29552023
22.026184	182.987244	18.090803	0	0	-0.36235775	0.93203909
32.037609	175.215851	29.848066	0	0	-0.69670669	0.71735611
32.042957	175.175064	29.844320	0	0	-0.69670669	0.71735611
32.031742	175.257065	29.852173	0	0	-0.69670669	0.71735611
32.048046	175.134613	29.840759	0	0	-0.69670669	0.71735611
32.025311	175.299164	29.856678	0	0	-0.69670669	0.71735611
32.052967	175.094345	29.837311	0	0	-0.69670669	0.71735611
32.017445	175.341843	29.862185	0	0	-0.69670669	0.71735611
32.009830	175.387299	29.867517	0	0	-0.69670669	0.71735611
32.003613	175.429214	29.871870	0	0	-0.69670669	0.71735611
32.010483	175.461349	29.867060	0	0	-0.69670669	0.71735611
32.066490	175.503693	29.827843	0	0	-0.76484218	0.64421769
31.535103	176.062851	30.199924	0	0	-0.76484218	0.64421769
31.737444	177.199341	30.058243	0	0	-0.69670669	0.71735611
17.125700	186.422501	16.112146	0	0	-0.36235775	0.93203909
31.453770	179.356552	30.256874	0	0	-0.82533563	0.56464246
30.843948	182.987244	30.683876	0	0	-0.45359611	0.89120736
28.485338	186.422501	32.335392	0	0	-0.36235775	0.93203909
17.775003	196.821472	19.186989	0	0	-0.95533648	0.29552023
16.703800	197.724579	20.795650	0	0	-0.95533648	0.29552023
27.476324	196.821472	33.041912	0	0	-0.95533648	0.29552023
26.001713	197.724579	34.074444	0	0	-0.95533648	0.29552023
9.615888	221.377930	32.499382	0	0	-0.95533648	0.29552023
15.746697	221.377930	41.255085	0	0	-0.45359611	0.89120736
-41.619965	157.523209	18.954517	0	0	-0.62160997	0.7833269
-41.609131	157.482773	18.956747	0	0	-0.62160997	0.7833269
-41.630962	157.564240	18.952250	0	0	-0.62160997	0.7833269
-41.598408	157.442749	18.958897	0	0	-0.62160997	0.7833269
-41.642250	157.606384	18.949596	0	0	-0.62160997	0.7833269
-41.587749	157.402985	18.961029	0	0	-0.62160997	0.7833269
-41.653824	157.649582	18.947126	0	0	-0.62160997	0.7833269
-41.666168	157.695633	18.942438	0	0	-0.62160997	0.7833269
-41.677467	157.737808	18.938179	0	0	-0.62160997	0.7833269
-41.685215	157.766724	18.929638	0	0	-0.62160997	0.7833269
-41.690456	157.786285	18.924397	0	0	-0.62160997	0.7833269
-41.877155	158.483063	19.055279	0	0	-0.54030229	0.84147099
-42.145039	159.482819	18.970844	0	0	-0.69670669	0.71735611
-42.709206	161.588318	19.044439	0	0	-0.54030229	0.84147099
-43.722488	165.369934	18.090803	0	0	-0.69670669	0.71735611
-44.909576	169.800201	16.112146	0	0	-0.76484218	0.64421769
49.874023	227.734253	58.041855	0	0	-0.45359611	0.89120736
-47.465824	179.340256	19.186989	0	0	-0.45359611	0.89120736
-47.763355	180.450653	20.795650	0	0	-0.54030229	0.84147099
-54.151493	204.291504	32.499382	0	0	-0.62160997	0.7833269
99.209770	132.065353	44.417721	0	0	-0.87758258	0.4794255
99.194511	132.038910	44.417721	0	0	-0.87758258	0.4794255
99.179230	132.012451	44.417721	0	0	-0.87758258	0.4794255
99.225136	132.091965	44.417721	0	0	-0.87758258	0.4794255
99.163986	131.986038	44.417721	0	0	-0.87758258	0.4794255
99.240257	132.118164	44.417721	0	0	-0.87758258	0.4794255
99.148758	131.959671	44.417721	0	0	-0.87758258	0.4794255
99.256287	132.145905	44.417721	0	0	-0.87758258	0.4794255
99.271370	132.172043	44.417721	0	0	-0.87758258	0.4794255
99.286354	132.197998	44.417721	0	0	-0.87758258	0.4794255
99.324638	132.264297	44.417721	0	0	-0.87758258	0.4794255
99.391693	132.380447	44.417721	0	0	-0.87758258	0.4794255
99.944412	133.337784	44.417721	0	0	-0.87758258	0.4794255
100.785706	134.794937	44.417721	0	0	-0.87758258	0.4794255
101.963699	136.835297	44.417721	0	0	-0.87758258	0.4794255
102.226089	137.289764	44.417721	0	0	-0.87758258	0.4794255
-53.043789	200.157501	58.041855	0	0	-0.16996714	0.98544973
106.891304	145.370148	44.417721	0	0	-0.82533563	0.56464246
107.014557	145.583633	44.417721	0	0	-0.82533563	0.56464246
115.484779	160.254486	44.417721	0	0	-0.76484218	0.64421769
128.730362	182.206528	50.075535	0	0	-0.54030229	0.84147099
-81.714371	69.143158	18.952250	0	0	-0.36235775	0.93203909
-81.688606	69.117386	18.954517	0	0	-0.36235775	0.93203909
-81.663445	69.092224	18.956747	0	0	-0.36235775	0.93203909
-81.638672	69.067451	18.958897	0	0	-0.36235775	0.93203909
-81.741142	69.169922	18.949596	0	0	-0.36235775	0.93203909
-81.614128	69.042908	18.961029	0	0	-0.36235775	0.93203909
-81.769218	69.197998	18.947126	0	0	-0.36235775	0.93203909
-81.799255	69.228035	18.942438	0	0	-0.36235775	0.93203909
-81.821548	69.250328	18.924397	0	0	-0.36235775	0.93203909
-81.826340	69.255119	18.938179	0	0	-0.36235775	0.93203909
-81.840279	69.269058	18.929638	0	0	-0.36235775	0.93203909
-82.451271	69.880051	19.055279	0	0	-0.36235775	0.93203909
-82.898300	70.327080	18.970842	0	0	-0.45359611	0.89120736
-84.162514	71.591293	19.044439	0	0	-0.36235775	0.93203909
-86.766136	74.194923	18.090803	0	0	-0.45359611	0.89120736
-90.934013	78.362793	16.112146	0	0	-0.45359611	0.89120736
-95.808846	83.237625	19.186989	0	0	-0.36235775	0.93203909
-96.795998	84.224777	20.795650	0	0	-0.36235775	0.93203909
-95.215721	82.644508	58.041855	0	0	0.029199523	0.9995736
-112.166634	99.595413	32.499382	0	0	-0.36235775	0.93203909
105.456787	34.861790	45.898674	0	0	-0.95533648	0.29552023
105.446686	34.855957	45.898674	0	0	-0.95533648	0.29552023
105.474823	34.872204	45.898674	0	0	-0.95533648	0.29552023
105.466431	34.867355	45.898674	0	0	-0.95533648	0.29552023
105.436180	34.849888	45.898674	0	0	-0.95533648	0.29552023
105.425476	34.843708	45.898674	0	0	-0.95533648	0.29552023
105.483536	34.877232	45.898674	0	0	-0.95533648	0.29552023
105.414665	34.837467	45.898674	0	0	-0.95533648	0.29552023
105.492500	34.882408	45.898674	0	0	-0.95533648	0.29552023
105.509613	34.892284	45.898674	0	0	-0.95533648	0.29552023
105.587791	34.937424	45.898674	0	0	-0.95533648	0.29552023
105.304710	34.773987	45.898674	0	0	-0.95533648	0.29552023
105.978638	35.163082	45.898674	0	0	-0.95533648	0.29552023
104.836189	34.503487	45.898674	0	0	-0.95533648	0.29552023
106.634315	35.541637	45.898674	0	0	-0.95533648	0.29552023
107.024040	35.766644	45.898674	0	0	-0.95533648	0.29552023
109.413704	37.146317	45.898674	0	0	-0.95533648	0.29552023
109.826057	37.384384	45.898674	0	0	-0.95533648	0.29552023
114.339973	39.990498	45.898674	0	0	-0.92106097	0.38941839
147.285950	59.011864	45.898674	0	0	0.99913515	0.041580682
-0.838202	-16.303322	65.418098	0	0	-0.26749883	0.96355818
-0.838202	-16.303322	65.418098	0	0	-0.26749883	0.96355818
-0.838202	-16.303322	65.418098	0	0	-0.26749883	0.96355818
-0.838202	-16.303322	65.418098	0	0	-0.26749883	0.96355818
-0.838202	-16.303322	65.418098	0	0	-0.26749883	0.96355818
-0.838202	-16.303322	65.418098	0	0	-0.26749883	0.96355818
-0.838202	-16.303322	65.418098	0	0	-0.26749883	0.96355818
-0.838202	-16.303322	65.418098	0	0	-0.26749883	0.96355818
-0.838202	-16.303322	65.418098	0	0	-0.26749883	0.96355818
-0.838202	-16.303322	65.418098	0	0	-0.26749883	0.96355818
-0.838202	-16.303322	65.418098	0	0	-0.26749883	0.96355818
-0.838202	-16.303322	65.418098	0	0	-0.26749883	0.96355818
-0.838202	-16.303322	65.418098	0	0	-0.26749883	0.96355818
-0.838202	-16.303322	65.418098	0	0	-0.26749883	0.96355818
-0.838202	-16.303322	65.418098	0	0	-0.26749883	0.96355818
-0.838202	-16.303322	65.418098	0	0	-0.26749883	0.96355818
-0.838202	-16.303322	65.418098	0	0	-0.26749883	0.96355818
-0.838202	-16.303322	65.418098	0	0	-0.26749883	0.96355818
-0.838202	-16.303322	65.418098	0	0	-0.26749883	0.96355818
-0.838202	-16.303322	65.418098	0	0	-0.26749883	0.96355818
