11.879981	-16.487883	187.283188	0.000000	0.000000	3.058407
8.317917	-27.681158	189.267639	0.000000	0.000000	2.858407
-1.820117	-35.181438	193.866867	0.000000	0.000000	2.258407
-14.721226	-35.140266	199.848541	0.000000	0.000000	1.258407
-62.557102	-65.367973	200.771912	0.000000	0.000000	1.858407
-122.500221	-41.693295	200.771912	0.000000	0.000000	1.458407
-135.775391	7.850319	200.771912	0.000000	0.000000	1.058407
-135.775391	7.850319	200.771912	0.000000	0.000000	1.058407
-135.775391	11.013160	200.495193	0.000000	0.000000	1.058407
-101.170219	67.788231	194.716797	0.000000	0.000000	0.658407
-30.382648	68.698853	190.124802	0.000000	0.000000	-0.141593
10.783849	7.850319	187.949646	0.000000	0.000000	-1.741593
11.879981	-16.487883	187.283188	0.000000	0.000000	3.058407
8.317917	-27.681158	189.267639	0.000000	0.000000	2.858407
-1.820117	-35.181438	193.866867	0.000000	0.000000	2.258407
-14.721226	-35.140266	199.848541	0.000000	0.000000	1.258407
-62.557102	-65.367973	200.771912	0.000000	0.000000	1.858407
-122.500221	-41.693295	200.771912	0.000000	0.000000	1.458407
-135.775391	7.850319	200.771912	0.000000	0.000000	1.058407
-135.775391	7.850319	200.771912	0.000000	0.000000	1.058407
-135.775391	11.013160	200.495193	0.000000	0.000000	1.058407
-101.170219	67.788231	194.716797	0.000000	0.000000	0.658407
-30.382648	68.698853	190.124802	0.000000	0.000000	-0.141593
10.783849	7.850319	187.949646	0.000000	0.000000	-1.741593
11.879981	-16.487883	187.283188	0.000000	0.000000	3.058407
8.317917	-27.681158	189.267639	0.000000	0.000000	2.858407
-1.820117	-35.181438	193.866867	0.000000	0.000000	2.258407
-14.721226	-35.140266	199.848541	0.000000	0.000000	1.258407
-62.557102	-65.367973	200.771912	0.000000	0.000000	1.858407
-122.500221	-41.693295	200.771912	0.000000	0.000000	1.458407
-135.775391	7.850319	200.771912	0.000000	0.000000	1.058407
-135.775391	7.850319	200.771912	0.000000	0.000000	1.058407
-135.775391	11.013160	200.495193	0.000000	0.000000	1.058407
-101.170219	67.788231	194.716797	0.000000	0.000000	0.658407
-30.382648	68.698853	190.124802	0.000000	0.000000	-0.141593
10.783849	7.850319	187.949646	0.000000	0.000000	-1.741593
11.879981	-16.487883	187.283188	0.000000	0.000000	3.058407
8.317917	-27.681158	189.267639	0.000000	0.000000	2.858407
-1.820117	-35.181438	193.866867	0.000000	0.000000	2.258407
-14.721226	-35.140266	199.848541	0.000000	0.000000	1.258407
-62.557102	-65.367973	200.771912	0.000000	0.000000	1.858407
-122.500221	-41.693295	200.771912	0.000000	0.000000	1.458407
-135.775391	7.850319	200.771912	0.000000	0.000000	1.058407
-135.775391	7.850319	200.771912	0.000000	0.000000	1.058407
-135.775391	11.013160	200.495193	0.000000	0.000000	1.058407
-101.170219	67.788231	194.716797	0.000000	0.000000	0.658407
-30.382648	68.698853	190.124802	0.000000	0.000000	-0.141593
10.783849	7.850319	187.949646	0.000000	0.000000	-1.741593
11.879981	-16.487883	187.283188	0.000000	0.000000	3.058407
8.317917	-27.681158	189.267639	0.000000	0.000000	2.858407
-1.820117	-35.181438	193.866867	0.000000	0.000000	2.258407
-14.721226	-35.140266	199.848541	0.000000	0.000000	1.258407
-62.557102	-65.367973	200.771912	0.000000	0.000000	1.858407
-122.500221	-41.693295	200.771912	0.000000	0.000000	1.458407
-135.775391	7.850319	200.771912	0.000000	0.000000	1.058407
-135.775391	7.850319	200.771912	0.000000	0.000000	1.058407
-135.775391	11.013160	200.495193	0.000000	0.000000	1.058407
-101.170219	67.788231	194.716797	0.000000	0.000000	0.658407
-30.382648	68.698853	190.124802	0.000000	0.000000	-0.141593
10.783849	7.850319	187.949646	0.000000	0.000000	-1.741593
11.879981	-16.487883	187.283188	0.000000	0.000000	3.058407
8.317917	-27.681158	189.267639	0.000000	0.000000	2.858407
-1.820117	-35.181438	193.866867	0.000000	0.000000	2.258407
-14.721226	-35.140266	199.848541	0.000000	0.000000	1.258407
-62.557102	-65.367973	200.771912	0.000000	0.000000	1.858407
-122.500221	-41.693295	200.771912	0.000000	0.000000	1.458407
-135.775391	7.850319	200.771912	0.000000	0.000000	1.058407
-135.775391	7.850319	200.771912	0.000000	0.000000	1.058407
-135.775391	11.013160	200.495193	0.000000	0.000000	1.058407
-101.170219	67.788231	194.716797	0.000000	0.000000	0.658407
-30.382648	68.698853	190.124802	0.000000	0.000000	-0.141593
10.783849	7.850319	187.949646	0.000000	0.000000	-1.741593
11.879981	-16.487883	187.283188	0.000000	0.000000	3.058407
8.317917	-27.681158	189.267639	0.000000	0.000000	2.858407
-1.820117	-35.181438	193.866867	0.000000	0.000000	2.258407
-14.721226	-35.140266	199.848541	0.000000	0.000000	1.258407
-62.557102	-65.367973	200.771912	0.000000	0.000000	1.858407
-122.500221	-41.693295	200.771912	0.000000	0.000000	1.458407
-135.775391	7.850319	200.771912	0.000000	0.000000	1.058407
-135.775391	7.850319	200.771912	0.000000	0.000000	1.058407
-135.775391	11.013160	200.495193	0.000000	0.000000	1.058407
-101.170219	67.788231	194.716797	0.000000	0.000000	0.658407
-30.382648	68.698853	190.124802	0.000000	0.000000	-0.141593
10.783849	7.850319	187.949646	0.000000	0.000000	-1.741593
11.879981	-16.487883	187.283188	0.000000	0.000000	3.058407
8.317917	-27.681158	189.267639	0.000000	0.000000	2.858407
-1.820117	-35.181438	193.866867	0.000000	0.000000	2.258407
-14.721226	-35.140266	199.848541	0.000000	0.000000	1.258407
-62.557102	-65.367973	200.771912	0.000000	0.000000	1.858407
-122.500221	-41.693295	200.771912	0.000000	0.000000	1.458407
-135.775391	7.850319	200.771912	0.000000	0.000000	1.058407
-135.775391	7.850319	200.771912	0.000000	0.000000	1.058407
-135.775391	11.013160	200.495193	0.000000	0.000000	1.058407
-101.170219	67.788231	194.716797	0.000000	0.000000	0.658407
-30.382648	68.698853	190.124802	0.000000	0.000000	-0.141593
10.783849	7.850319	187.949646	0.000000	0.000000	-1.741593
11.879981	-16.487883	187.283188	0.000000	0.000000	3.058407
8.317917	-27.681158	189.267639	0.000000	0.000000	2.858407
-1.820117	-35.181438	193.866867	0.000000	0.000000	2.258407
-14.721226	-35.140266	199.848541	0.000000	0.000000	1.258407
-62.557102	-65.367973	200.771912	0.000000	0.000000	1.858407
-122.500221	-41.693295	200.771912	0.000000	0.000000	1.458407
-135.775391	7.850319	200.771912	0.000000	0.000000	1.058407
-135.775391	7.850319	200.771912	0.000000	0.000000	1.058407
-135.775391	11.013160	200.495193	0.000000	0.000000	1.058407
-101.170219	67.788231	194.716797	0.000000	0.000000	0.658407
-30.382648	68.698853	190.124802	0.000000	0.000000	-0.141593
10.783849	7.850319	187.949646	0.000000	0.000000	-1.741593
11.879981	-16.487883	187.283188	0.000000	0.000000	3.058407
8.317917	-27.681158	189.267639	0.000000	0.000000	2.858407
-1.820117	-35.181438	193.866867	0.000000	0.000000	2.258407
-14.721226	-35.140266	199.848541	0.000000	0.000000	1.258407
-62.557102	-65.367973	200.771912	0.000000	0.000000	1.858407
-122.500221	-41.693295	200.771912	0.000000	0.000000	1.458407
-135.775391	7.850319	200.771912	0.000000	0.000000	1.058407
-135.775391	7.850319	200.771912	0.000000	0.000000	1.058407
-135.775391	11.013160	200.495193	0.000000	0.000000	1.058407
-101.170219	67.788231	194.716797	0.000000	0.000000	0.658407
-30.382648	68.698853	190.124802	0.000000	0.000000	-0.141593
10.783849	7.850319	187.949646	0.000000	0.000000	-1.741593
11.879981	-16.487883	187.283188	0.000000	0.000000	3.058407
8.317917	-27.681158	189.267639	0.000000	0.000000	2.858407
-1.820117	-35.181438	193.866867	0.000000	0.000000	2.258407
-14.721226	-35.140266	199.848541	0.000000	0.000000	1.258407
-62.557102	-65.367973	200.771912	0.000000	0.000000	1.858407
-122.500221	-41.693295	200.771912	0.000000	0.000000	1.458407
-135.775391	7.850319	200.771912	0.000000	0.000000	1.058407
-135.775391	7.850319	200.771912	0.000000	0.000000	1.058407
-135.775391	11.013160	200.495193	0.000000	0.000000	1.058407
-101.170219	67.788231	194.716797	0.000000	0.000000	0.658407
-30.382648	68.698853	190.124802	0.000000	0.000000	-0.141593
10.783849	7.850319	187.949646	0.000000	0.000000	-1.741593
11.879981	-16.487883	187.283188	0.000000	0.000000	3.058407
8.317917	-27.681158	189.267639	0.000000	0.000000	2.858407
-1.820117	-35.181438	193.866867	0.000000	0.000000	2.258407
-14.721226	-35.140266	199.848541	0.000000	0.000000	1.258407
-62.557102	-65.367973	200.771912	0.000000	0.000000	1.858407
-122.500221	-41.693295	200.771912	0.000000	0.000000	1.458407
-135.775391	7.850319	200.771912	0.000000	0.000000	1.058407
-135.775391	7.850319	200.771912	0.000000	0.000000	1.058407
-135.775391	11.013160	200.495193	0.000000	0.000000	1.058407
-101.170219	67.788231	194.716797	0.000000	0.000000	0.658407
-30.382648	68.698853	190.124802	0.000000	0.000000	-0.141593
10.783849	7.850319	187.949646	0.000000	0.000000	-1.741593
11.879981	-16.487883	187.283188	0.000000	0.000000	3.058407
8.317917	-27.681158	189.267639	0.000000	0.000000	2.858407
-1.820117	-35.181438	193.866867	0.000000	0.000000	2.258407
-14.721226	-35.140266	199.848541	0.000000	0.000000	1.258407
-62.557102	-65.367973	200.771912	0.000000	0.000000	1.858407
-122.500221	-41.693295	200.771912	0.000000	0.000000	1.458407
-135.775391	7.850319	200.771912	0.000000	0.000000	1.058407
-135.775391	7.850319	200.771912	0.000000	0.000000	1.058407
-135.775391	11.013160	200.495193	0.000000	0.000000	1.058407
-101.170219	67.788231	194.716797	0.000000	0.000000	0.658407
-30.382648	68.698853	190.124802	0.000000	0.000000	-0.141593
10.783849	7.850319	187.949646	0.000000	0.000000	-1.741593
11.879981	-16.487883	187.283188	0.000000	0.000000	3.058407
8.317917	-27.681158	189.267639	0.000000	0.000000	2.858407
-1.820117	-35.181438	193.866867	0.000000	0.000000	2.258407
-14.721226	-35.140266	199.848541	0.000000	0.000000	1.258407
-62.557102	-65.367973	200.771912	0.000000	0.000000	1.858407
-122.500221	-41.693295	200.771912	0.000000	0.000000	1.458407
-135.775391	7.850319	200.771912	0.000000	0.000000	1.058407
-135.775391	7.850319	200.771912	0.000000	0.000000	1.058407
-135.775391	11.013160	200.495193	0.000000	0.000000	1.058407
-101.170219	67.788231	194.716797	0.000000	0.000000	0.658407
-30.382648	68.698853	190.124802	0.000000	0.000000	-0.141593
10.783849	7.850319	187.949646	0.000000	0.000000	-1.741593
11.879981	-16.487883	187.283188	0.000000	0.000000	3.058407
8.317917	-27.681158	189.267639	0.000000	0.000000	2.858407
-1.820117	-35.181438	193.866867	0.000000	0.000000	2.258407
-14.721226	-35.140266	199.848541	0.000000	0.000000	1.258407
-62.557102	-65.367973	200.771912	0.000000	0.000000	1.858407
-122.500221	-41.693295	200.771912	0.000000	0.000000	1.458407
-135.775391	7.850319	200.771912	0.000000	0.000000	1.058407
-135.775391	7.850319	200.771912	0.000000	0.000000	1.058407
-135.775391	11.013160	200.495193	0.000000	0.000000	1.058407
-101.170219	67.788231	194.716797	0.000000	0.000000	0.658407
-30.382648	68.698853	190.124802	0.000000	0.000000	-0.141593
10.783849	7.850319	187.949646	0.000000	0.000000	-1.741593
11.879981	-16.487883	187.283188	0.000000	0.000000	3.058407
8.317917	-27.681158	189.267639	0.000000	0.000000	2.858407
-1.820117	-35.181438	193.866867	0.000000	0.000000	2.258407
-14.721226	-35.140266	199.848541	0.000000	0.000000	1.258407
-62.557102	-65.367973	200.771912	0.000000	0.000000	1.858407
-122.500221	-41.693295	200.771912	0.000000	0.000000	1.458407
-135.775391	7.850319	200.771912	0.000000	0.000000	1.058407
-135.775391	7.850319	200.771912	0.000000	0.000000	1.058407
-135.775391	11.013160	200.495193	0.000000	0.000000	1.058407
-101.170219	67.788231	194.716797	0.000000	0.000000	0.658407
-30.382648	68.698853	190.124802	0.000000	0.000000	-0.141593
10.783849	7.850319	187.949646	0.000000	0.000000	-1.741593
11.879981	-16.487883	187.283188	0.000000	0.000000	3.058407
8.317917	-27.681158	189.267639	0.000000	0.000000	2.858407
-1.820117	-35.181438	193.866867	0.000000	0.000000	2.258407
-14.721226	-35.140266	199.848541	0.000000	0.000000	1.258407
-62.557102	-65.367973	200.771912	0.000000	0.000000	1.858407
-122.500221	-41.693295	200.771912	0.000000	0.000000	1.458407
-135.775391	7.850319	200.771912	0.000000	0.000000	1.058407
-135.775391	7.850319	200.771912	0.000000	0.000000	1.058407
-135.775391	11.013160	200.495193	0.000000	0.000000	1.058407
-101.170219	67.788231	194.716797	0.000000	0.000000	0.658407
-30.382648	68.698853	190.124802	0.000000	0.000000	-0.141593
10.783849	7.850319	187.949646	0.000000	0.000000	-1.741593
11.879981	-16.487883	187.283188	0.000000	0.000000	3.058407
8.317917	-27.681158	189.267639	0.000000	0.000000	2.858407
-1.820117	-35.181438	193.866867	0.000000	0.000000	2.258407
-14.721226	-35.140266	199.848541	0.000000	0.000000	1.258407
-62.557102	-65.367973	200.771912	0.000000	0.000000	1.858407
-122.500221	-41.693295	200.771912	0.000000	0.000000	1.458407
-135.775391	7.850319	200.771912	0.000000	0.000000	1.058407
-135.775391	7.850319	200.771912	0.000000	0.000000	1.058407
-135.775391	11.013160	200.495193	0.000000	0.000000	1.058407
-101.170219	67.788231	194.716797	0.000000	0.000000	0.658407
-30.382648	68.698853	190.124802	0.000000	0.000000	-0.141593
10.783849	7.850319	187.949646	0.000000	0.000000	-1.741593
11.879981	-16.487883	187.283188	0.000000	0.000000	3.058407
8.317917	-27.681158	189.267639	0.000000	0.000000	2.858407
-1.820117	-35.181438	193.866867	0.000000	0.000000	2.258407
-14.721226	-35.140266	199.848541	0.000000	0.000000	1.258407
-62.557102	-65.367973	200.771912	0.000000	0.000000	1.858407
-122.500221	-41.693295	200.771912	0.000000	0.000000	1.458407
-135.775391	7.850319	200.771912	0.000000	0.000000	1.058407
-135.775391	7.850319	200.771912	0.000000	0.000000	1.058407
-135.775391	11.013160	200.495193	0.000000	0.000000	1.058407
-101.170219	67.788231	194.716797	0.000000	0.000000	0.658407
-30.382648	68.698853	190.124802	0.000000	0.000000	-0.141593
10.783849	7.850319	187.949646	0.000000	0.000000	-1.741593
11.879981	-16.487883	187.283188	0.000000	0.000000	3.058407
8.317917	-27.681158	189.267639	0.000000	0.000000	2.858407
-1.820117	-35.181438	193.866867	0.000000	0.000000	2.258407
-14.721226	-35.140266	199.848541	0.000000	0.000000	1.258407
-62.557102	-65.367973	200.771912	0.000000	0.000000	1.858407
-122.500221	-41.693295	200.771912	0.000000	0.000000	1.458407
-135.775391	7.850319	200.771912	0.000000	0.000000	1.058407
-135.775391	7.850319	200.771912	0.000000	0.000000	1.058407
-135.775391	11.013160	200.495193	0.000000	0.000000	1.058407
-101.170219	67.788231	194.716797	0.000000	0.000000	0.658407
-30.382648	68.698853	190.124802	0.000000	0.000000	-0.141593
10.783849	7.850319	187.949646	0.000000	0.000000	-1.741593
