8.937581	-46.670193	2.242867	0	0	-0.070737201	0.99749499
8.914477	-46.657711	2.224488	0	0	0.41614682	0.90929743
8.960089	-46.684010	2.261353	0	0	0.41614682	0.90929743
8.890798	-46.646492	2.206200	0	0	-0.070737201	0.99749499
8.981966	-46.699203	2.279939	0	0	-0.070737201	0.99749499
8.866547	-46.636395	2.187959	0	0	-0.070737201	0.99749499
8.841711	-46.627197	2.169679	0	0	0.41614682	0.90929743
8.816253	-46.618591	2.151229	0	0	-0.070737201	0.99749499
8.790104	-46.610161	2.132420	0	0	-0.070737201	0.99749499
8.763172	-46.601395	2.113020	0	0	-0.070737201	0.99749499
8.735332	-46.591682	2.092737	0	0	0.41614682	0.90929743
8.706482	-46.580601	2.071363	0	0	0.41614682	0.90929743
8.676537	-46.567879	2.048750	0	0	0.029199523	0.9995736
8.645720	-46.554630	2.025425	0	0	0.41614682	0.90929743
8.614345	-46.542389	2.002113	0	0	0.029199523	0.9995736
8.582431	-46.531040	1.978788	0	0	0.41614682	0.90929743
8.549932	-46.520130	1.955260	0	0	0.029199523	0.9995736
8.516668	-46.508629	1.931063	0	0	0.41614682	0.90929743
8.481998	-46.494377	1.905050	0	0	0.029199523	0.9995736
8.444604	-46.473942	1.875219	0	0	0.029199523	0.9995736
9.020689	-46.018524	2.215592	0	0	-0.16996714	0.98544973
8.402956	-46.438229	1.837460	0	0	0.029199523	0.9995736
8.362724	-46.375534	1.791115	0	0	0.029199523	0.9995736
8.312600	-46.266850	1.722669	0	0	0.41614682	0.90929743
8.259135	-46.085491	1.626753	0	0	-0.16996714	0.98544973
8.202127	-45.817062	1.498206	0	0	-0.16996714	0.98544973
8.438457	-45.465229	1.518337	0	0	-0.16996714	0.98544973
8.521524	-44.767624	1.324476	0	0	-0.070737201	0.99749499
10.103597	-50.565186	2.112663	0	0	0.1288445	0.99166481
10.087001	-50.569633	2.094040	0	0	-0.070737201	0.99749499
10.069659	-50.574280	2.075130	0	0	0.1288445	0.99166481
10.051610	-50.579117	2.055939	0	0	-0.070737201	0.99749499
10.032893	-50.584133	2.036457	0	0	0.1288445	0.99166481
10.013543	-50.589317	2.016645	0	0	0.1288445	0.99166481
9.993591	-50.594662	1.996438	0	0	-0.070737201	0.99749499
10.229896	-50.531345	2.215592	0	0	-0.16996714	0.98544973
9.973067	-50.600163	1.975735	0	0	0.1288445	0.99166481
9.951992	-50.605808	1.954389	0	0	0.1288445	0.99166481
9.930382	-50.611599	1.932216	0	0	0.1288445	0.99166481
9.908236	-50.617535	1.909002	0	0	0.029199523	0.9995736
9.885542	-50.623615	1.884589	0	0	0.029199523	0.9995736
9.862257	-50.629852	1.858894	0	0	0.1288445	0.99166481
9.838308	-50.636269	1.832452	0	0	0.029199523	0.9995736
9.813637	-50.642879	1.805915	0	0	0.1288445	0.99166481
9.788147	-50.649712	1.779558	0	0	0.029199523	0.9995736
9.761647	-50.656811	1.753743	0	0	0.1288445	0.99166481
9.733795	-50.664276	1.728902	0	0	0.029199523	0.9995736
9.703861	-50.672295	1.705294	0	0	0.1288445	0.99166481
9.670528	-50.681225	1.682890	0	0	0.1288445	0.99166481
9.634779	-50.690807	1.657300	0	0	0.1288445	0.99166481
9.609975	-50.697453	1.617103	0	0	0.1288445	0.99166481
9.591799	-50.702324	1.545690	0	0	0.1288445	0.99166481
9.605519	-50.698647	1.411584	0	0	0.1288445	0.99166481
10.005283	-50.591530	1.141351	0	0	-0.16996714	0.98544973
9.759917	-50.657276	0.989300	0	0	0.1288445	0.99166481
6.742747	-50.133507	3.666772	0	0	0.41614682	0.90929743
10.757318	-50.390022	-0.098261	0	0	0.029199523	0.9995736
7.075801	-51.376480	3.666772	0	0	0.50484609	0.86320938
11.926772	-42.159245	2.476206	0	0	-0.16996714	0.98544973
11.965211	-48.997322	6.232001	0	0	-0.26749883	0.96355818
12.232472	-49.994755	6.232001	0	0	-0.26749883	0.96355818
14.804909	-49.305473	0.596897	0	0	-0.070737201	0.99749499
0.874032	-53.038242	1.360884	0	0	0.50484609	0.86320938
-2.392627	-41.225327	1.366465	0	0	0	1
5.062479	-40.573792	13.427073	0	0	0	1
5.088072	-40.571922	13.434899	0	0	0.22720209	0.97384763
5.036398	-40.575699	13.419098	0	0	0.32328956	0.94630009
5.113180	-40.570087	13.442577	0	0	0	1
5.009803	-40.577644	13.410966	0	0	0.22720209	0.97384763
5.137781	-40.568291	13.450100	0	0	0.22720209	0.97384763
4.982637	-40.579628	13.402658	0	0	0.32328956	0.94630009
5.161843	-40.566532	13.457458	0	0	0.32328956	0.94630009
5.182581	-40.565014	13.463799	0	0	0	1
4.954803	-40.581661	13.394148	0	0	0	1
4.926172	-40.583755	13.385392	0	0	0.32328956	0.94630009
4.919622	-40.584232	13.383389	0	0	0	1
4.896571	-40.585918	13.376341	0	0	0.22720209	0.97384763
4.865866	-40.588161	13.366952	0	0	0	1
4.833939	-40.590496	13.357189	0	0	0.32328956	0.94630009
4.801065	-40.592899	13.347136	0	0	0.22720209	0.97384763
4.767645	-40.595341	13.336917	0	0	0.32328956	0.94630009
4.733625	-40.597828	13.326514	0	0	0.22720209	0.97384763
4.698801	-40.600372	13.315866	0	0	0.32328956	0.94630009
4.662722	-40.603008	13.304832	0	0	0.22720209	0.97384763
4.624278	-40.605816	13.293077	0	0	0	1
4.589843	-40.608334	13.282547	0	0	0	1
4.581447	-40.608948	13.279980	0	0	0	1
4.532367	-40.612534	13.264972	0	0	0	1
4.485487	-40.615959	13.250637	0	0	0	1
4.428797	-40.620106	13.233302	0	0	0.22720209	0.97384763
4.378788	-40.623760	13.218010	0	0	0.22720209	0.97384763
4.375070	-40.624031	13.216873	0	0	0.32328956	0.94630009
8.626807	-40.313305	14.516998	0	0	-0.36235775	0.93203909
2.949782	-43.563900	14.500604	0	0	0.41614682	0.90929743
8.507200	-43.007874	16.109104	0	0	-0.36235775	0.93203909
-5.121560	-41.318066	10.312929	0	0	0	1
-3.530349	-54.218391	11.782131	0	0	0.41614682	0.90929743
-7.589345	-55.305996	8.589537	0	0	0.1288445	0.99166481
-8.554040	-41.540466	11.871659	0	0	0	1
-7.541185	-55.293091	11.170835	0	0	-0.26749883	0.96355818
-11.083163	-42.266891	8.589537	0	0	0.41614682	0.90929743
-11.132867	-42.180798	8.731506	0	0	0.41614682	0.90929743
10.556263	-50.443893	25.243864	0	0	0.1288445	0.99166481
22.449520	-39.280952	20.774485	0	0	0	1
24.972124	-46.581177	20.743303	0	0	0.50484609	0.86320938
3.614971	-40.543270	25.479891	0	0	0	1
-13.662321	-41.902878	11.310260	0	0	-0.26749883	0.96355818
-12.864603	-56.719498	-6.934053	0	0	0.32328956	0.94630009
-15.456297	-47.047165	-6.934053	0	0	0.41614682	0.90929743
-15.192207	-57.343178	10.030900	0	0	0.029199523	0.9995736
-19.707155	-42.384018	5.852847	0	0	0.41614682	0.90929743
-17.905117	-58.070099	3.696584	0	0	0.1288445	0.99166481
-14.524366	-57.164230	18.855206	0	0	0.1288445	0.99166481
-19.241684	-58.428230	6.744555	0	0	0.22720209	0.97384763
-18.484314	-58.225296	11.085627	0	0	0.22720209	0.97384763
31.378319	-69.052681	2.112663	0	0	0.41614682	0.90929743
31.374981	-69.056023	2.094040	0	0	0.32328956	0.94630009
31.370691	-69.060310	2.075130	0	0	0.41614682	0.90929743
31.365482	-69.065521	2.055939	0	0	0.32328956	0.94630009
31.359406	-69.071594	2.036457	0	0	0.41614682	0.90929743
31.352531	-69.078468	2.016645	0	0	0.41614682	0.90929743
31.344959	-69.086044	1.996438	0	0	0.32328956	0.94630009
31.336821	-69.094185	1.975735	0	0	0.41614682	0.90929743
31.328287	-69.102715	1.954389	0	0	0.41614682	0.90929743
31.319561	-69.111443	1.932216	0	0	0.41614682	0.90929743
31.310871	-69.120132	1.909002	0	0	0.32328956	0.94630009
31.302376	-69.128624	1.884589	0	0	0.32328956	0.94630009
31.294159	-69.136841	1.858894	0	0	0.41614682	0.90929743
31.285776	-69.145226	1.832452	0	0	0.32328956	0.94630009
31.276621	-69.154381	1.805915	0	0	0.41614682	0.90929743
31.266727	-69.164276	1.779558	0	0	0.32328956	0.94630009
31.256227	-69.174774	1.753743	0	0	0.41614682	0.90929743
31.716583	-68.714417	2.215592	0	0	0.50484609	0.86320938
31.245426	-69.185577	1.728902	0	0	0.32328956	0.94630009
31.234911	-69.196091	1.705294	0	0	0.41614682	0.90929743
31.225479	-69.205521	1.682890	0	0	0.41614682	0.90929743
31.220953	-69.210052	1.657300	0	0	0.41614682	0.90929743
31.231396	-69.199608	1.617103	0	0	0.41614682	0.90929743
31.261057	-69.169945	1.545690	0	0	0.32328956	0.94630009
31.329897	-69.101105	1.411584	0	0	0.32328956	0.94630009
31.735615	-68.695389	1.172318	0	0	0.50484609	0.86320938
31.688616	-68.742386	1.127362	0	0	0.41614682	0.90929743
31.473249	-68.957756	0.989300	0	0	0.32328956	0.94630009
28.644478	-71.786522	1.360884	0	0	0.22720209	0.97384763
34.019939	-66.411064	3.357277	0	0	0.50484609	0.86320938
31.699446	-68.731560	6.232001	0	0	0.50484609	0.86320938
28.520121	-71.910881	3.666772	0	0	0.1288445	0.99166481
27.390537	-73.040466	10.030900	0	0	0.41614682	0.90929743
28.377716	-72.053284	11.170835	0	0	0.22720209	0.97384763
-24.011528	-42.706562	3.806097	0	0	0.029199523	0.9995736
28.985550	-71.445450	11.782131	0	0	0.50484609	0.86320938
-24.215351	-42.713486	4.474300	0	0	0	1
-23.499701	-42.600342	10.270710	0	0	-0.070737201	0.99749499
23.540476	-76.890526	8.589537	0	0	0.22720209	0.97384763
21.525883	-78.905121	3.696584	0	0	0.41614682	0.90929743
-21.098299	-42.337643	18.998369	0	0	0	1
21.646139	-78.784866	6.744555	0	0	0.50484609	0.86320938
22.373192	-78.057808	11.085627	0	0	0.32328956	0.94630009
-25.890232	-42.804062	6.880062	0	0	0.22720209	0.97384763
-25.258785	-42.712570	11.229708	0	0	0.41614682	0.90929743
24.601738	-75.829262	18.855206	0	0	0.22720209	0.97384763
18.963772	-81.467232	-6.934053	0	0	0.32328956	0.94630009
-26.096542	-60.264984	4.247618	0	0	0.50484609	0.86320938
-28.544397	-51.129467	4.247618	0	0	0.41614682	0.90929743
-24.112204	-59.733284	17.386192	0	0	0.029199523	0.9995736
-29.440510	-49.577351	6.807183	0	0	0.41614682	0.90929743
19.546820	-80.884186	17.386192	0	0	0.32328956	0.94630009
43.129242	-57.301762	20.743303	0	0	0.66627604	0.74570519
41.815109	-58.615894	25.243864	0	0	0.41614682	0.90929743
-31.368488	-43.069866	17.539822	0	0	0	1
-11.643766	-45.098267	40.339687	0	0	0.22720209	0.97384763
10.378570	-90.052429	4.247618	0	0	0.029199523	0.9995736
-20.165276	-58.675705	33.102333	0	0	0.50484609	0.86320938
25.920504	-74.510498	33.102333	0	0	0.41614682	0.90929743
10.318532	-90.112473	18.707258	0	0	0.32328956	0.94630009
-2.047399	-53.821037	49.742455	0	0	0.22720209	0.97384763
-29.465485	-42.764347	33.379547	0	0	0	1
-35.113140	-62.680973	18.707258	0	0	0.029199523	0.9995736
56.456478	-65.730736	11.115623	0	0	0.58850112	0.8084964
56.452267	-65.746452	11.104619	0	0	0.58850112	0.8084964
56.451630	-65.748833	11.102954	0	0	0.50484609	0.86320938
56.450680	-65.752373	11.100473	0	0	0.58850112	0.8084964
56.449429	-65.757050	11.097200	0	0	0.50484609	0.86320938
56.447887	-65.762802	11.093170	0	0	0.58850112	0.8084964
56.446072	-65.769569	11.088434	0	0	0.58850112	0.8084964
56.444019	-65.777229	11.083070	0	0	0.50484609	0.86320938
56.441769	-65.785637	11.077181	0	0	0.58850112	0.8084964
56.439365	-65.794594	11.070907	0	0	0.58850112	0.8084964
56.438568	-65.797577	11.068823	0	0	0.50484609	0.86320938
56.515541	-65.510307	11.269969	0	0	0.66627604	0.74570519
56.436878	-65.803879	11.064409	0	0	0.58850112	0.8084964
56.434383	-65.813194	11.057886	0	0	0.50484609	0.86320938
56.431927	-65.822357	11.051470	0	0	0.50484609	0.86320938
56.429550	-65.831238	11.045251	0	0	0.58850112	0.8084964
56.427254	-65.839806	11.039254	0	0	0.50484609	0.86320938
56.427128	-65.840271	11.038928	0	0	0.50484609	0.86320938
56.424496	-65.850098	11.032046	0	0	0.58850112	0.8084964
56.421822	-65.860085	11.025055	0	0	0.50484609	0.86320938
56.421711	-65.860489	11.024772	0	0	0.50484609	0.86320938
56.419586	-65.868416	11.019220	0	0	0.58850112	0.8084964
56.418915	-65.870918	11.017465	0	0	0.58850112	0.8084964
56.416355	-65.880478	11.010773	0	0	0.50484609	0.86320938
56.415314	-65.884369	11.008050	0	0	0.58850112	0.8084964
56.414448	-65.887596	11.005791	0	0	0.58850112	0.8084964
56.413784	-65.890076	11.004051	0	0	0.58850112	0.8084964
56.588551	-65.237831	11.460759	0	0	0.66627604	0.74570519
56.695332	-64.839325	11.739798	0	0	0.58850112	0.8084964
56.869617	-64.188873	12.195248	0	0	0.50484609	0.86320938
55.952297	-67.612366	9.798093	0	0	0.50484609	0.86320938
57.073631	-63.427490	12.728373	0	0	0.58850112	0.8084964
57.129211	-63.220055	12.873621	0	0	0.73739371	0.67546319
57.506153	-61.813290	13.858650	0	0	0.66627604	0.74570519
58.170277	-59.334743	15.594144	0	0	0.66627604	0.74570519
-41.307079	-43.749641	18.768972	0	0	0	1
54.229351	-74.042480	5.295675	0	0	0.50484609	0.86320938
54.188141	-74.196281	5.187987	0	0	0.50484609	0.86320938
58.868698	-56.728210	17.419260	0	0	0.58850112	0.8084964
59.079399	-55.941856	17.969872	0	0	0.66627604	0.74570519
56.790745	-64.483238	18.707258	0	0	0.50484609	0.86320938
59.430683	-54.630848	18.887848	0	0	0.58850112	0.8084964
59.478962	-54.450672	19.014009	0	0	0.50484609	0.86320938
60.043255	-52.344700	20.488626	0	0	0.50484609	0.86320938
60.319260	-51.314632	21.209888	0	0	0.58850112	0.8084964
61.067944	-48.520515	23.166349	0	0	0.80114363	0.59847213
62.009563	-45.006340	25.627001	0	0	0	1
33.356682	-67.074318	51.393280	0	0	0.22720209	0.97384763
61.353649	-47.454239	30.372181	0	0	0	1
67.168762	-46.270466	23.943851	0	0	0.73739371	0.67546319
67.154663	-46.217842	23.980700	0	0	0.73739371	0.67546319
67.180870	-46.315659	23.912209	0	0	0.73739371	0.67546319
67.182541	-46.321899	23.907839	0	0	0.73739371	0.67546319
67.189186	-46.346691	23.890478	0	0	0.73739371	0.67546319
67.195221	-46.369221	23.874702	0	0	0.73739371	0.67546319
67.198410	-46.381111	23.866377	0	0	0.73739371	0.67546319
67.199821	-46.386391	23.862680	0	0	0.73739371	0.67546319
67.200325	-46.388279	23.861359	0	0	0.73739371	0.67546319
67.200348	-46.388348	23.861309	0	0	0.73739371	0.67546319
67.200462	-46.388779	23.861008	0	0	0.73739371	0.67546319
67.200424	-46.388634	23.861109	0	0	0.73739371	0.67546319
67.200600	-46.389297	23.860645	0	0	0.73739371	0.67546319
67.200546	-46.389091	23.860788	0	0	0.73739371	0.67546319
67.200287	-46.388111	23.861475	0	0	0.73739371	0.67546319
67.200836	-46.390186	23.860022	0	0	0.73739371	0.67546319
67.200401	-46.388542	23.861174	0	0	0.73739371	0.67546319
67.200638	-46.389435	23.860548	0	0	0.73739371	0.67546319
67.200874	-46.390320	23.859928	0	0	0.73739371	0.67546319
67.200867	-46.390289	23.859951	0	0	0.73739371	0.67546319
67.200768	-46.389915	23.860214	0	0	0.73739371	0.67546319
67.201447	-46.392441	23.858444	0	0	0.73739371	0.67546319
67.202271	-46.395523	23.856285	0	0	0.73739371	0.67546319
67.203369	-46.399616	23.853420	0	0	0.73739371	0.67546319
67.204735	-46.404736	23.849836	0	0	0.73739371	0.67546319
67.213074	-46.435837	23.828058	0	0	0.73739371	0.67546319
67.226578	-46.486256	23.792755	0	0	0.73739371	0.67546319
67.228180	-46.492237	23.788567	0	0	0.73739371	0.67546319
67.103188	-46.025757	24.115198	0	0	0.80114363	0.59847213
67.062691	-45.874599	24.221041	0	0	0.80114363	0.59847213
66.893921	-45.244762	24.662058	0	0	0.80114363	0.59847213
66.846283	-45.066975	24.786547	0	0	0.85688874	0.51550139
66.846283	-45.066975	24.786547	0	0	0.73739371	0.67546319
67.489548	-47.467648	23.105576	0	0	0.73739371	0.67546319
67.300110	-46.760658	27.890533	0	0	0.58850112	0.8084964
59.991829	-52.536625	40.224232	0	0	0.32328956	0.94630009
72.762756	-44.354156	22.274549	0	0	0	1
77.582497	-49.173901	30.411118	0	0	0	1
-51.037914	-101.030632	30.446991	0	0	0.66627604	0.74570519
81.236641	-98.772499	66.048645	0	0	0.98999249	0.14112005
-61.278343	-101.172157	87.570427	0	0	-0.26749883	0.96355818
-49.409004	-116.546783	95.482521	0	0	0	1
36.927914	-138.612335	97.099396	0	0	0.94222235	0.33498812
-30.387562	-130.818558	101.702393	0	0	0	1
-40.376987	-213.387299	30.706924	0	0	0.80114363	0.59847213
172.565125	-144.156525	-73.186539	0	0	0.94222235	0.33498812
-8.594680	-260.333008	-18.606348	0	0	0.85688874	0.51550139
29.135073	-267.145905	-69.882919	0	0	0.85688874	0.51550139
40.935360	-260.333008	-89.342575	0	0	0.85688874	0.51550139
118.927094	-239.435181	-89.342575	0	0	0.90407214	0.42737988
