-0.054709	26.335127	227.455307	0.000000	0.000000	3.058407
-24.364019	-28.278246	225.514450	0.000000	0.000000	3.058407
-51.365658	-39.799194	225.139481	0.000000	0.000000	0.000000
-65.276237	-48.437790	225.579010	0.000000	0.000000	1.858407
-84.104523	-45.101925	228.226059	0.000000	0.000000	1.658407
-96.038948	-28.577621	232.426682	0.000000	0.000000	0.658407
-105.243752	-5.277960	235.917068	0.000000	0.000000	0.258407
-116.917068	41.592476	235.917068	0.000000	0.000000	0.258407
-83.815247	74.694298	235.917068	0.000000	0.000000	-0.141593
-83.815247	74.694298	235.917068	0.000000	0.000000	-0.141593
-76.372162	78.991562	235.165146	0.000000	0.000000	-0.341593
-26.181177	74.694298	230.874741	0.000000	0.000000	-0.741593
-0.054709	26.335127	227.455307	0.000000	0.000000	3.058407
-24.364019	-28.278246	225.514450	0.000000	0.000000	3.058407
-51.365658	-39.799194	225.139481	0.000000	0.000000	0.000000
-65.276237	-48.437790	225.579010	0.000000	0.000000	1.858407
-84.104523	-45.101925	228.226059	0.000000	0.000000	1.658407
-96.038948	-28.577621	232.426682	0.000000	0.000000	0.658407
-105.243752	-5.277960	235.917068	0.000000	0.000000	0.258407
-116.917068	41.592476	235.917068	0.000000	0.000000	0.258407
-83.815247	74.694298	235.917068	0.000000	0.000000	-0.141593
-83.815247	74.694298	235.917068	0.000000	0.000000	-0.141593
-76.372162	78.991562	235.165146	0.000000	0.000000	-0.341593
-26.181177	74.694298	230.874741	0.000000	0.000000	-0.741593
-0.054709	26.335127	227.455307	0.000000	0.000000	3.058407
-24.364019	-28.278246	225.514450	0.000000	0.000000	3.058407
-51.365658	-39.799194	225.139481	0.000000	0.000000	0.000000
-65.276237	-48.437790	225.579010	0.000000	0.000000	1.858407
-84.104523	-45.101925	228.226059	0.000000	0.000000	1.658407
-96.038948	-28.577621	232.426682	0.000000	0.000000	0.658407
-105.243752	-5.277960	235.917068	0.000000	0.000000	0.258407
-116.917068	41.592476	235.917068	0.000000	0.000000	0.258407
-83.815247	74.694298	235.917068	0.000000	0.000000	-0.141593
-83.815247	74.694298	235.917068	0.000000	0.000000	-0.141593
-76.372162	78.991562	235.165146	0.000000	0.000000	-0.341593
-26.181177	74.694298	230.874741	0.000000	0.000000	-0.741593
-0.054709	26.335127	227.455307	0.000000	0.000000	3.058407
-24.364019	-28.278246	225.514450	0.000000	0.000000	3.058407
-51.365658	-39.799194	225.139481	0.000000	0.000000	0.000000
-65.276237	-48.437790	225.579010	0.000000	0.000000	1.858407
-84.104523	-45.101925	228.226059	0.000000	0.000000	1.658407
-96.038948	-28.577621	232.426682	0.000000	0.000000	0.658407
-105.243752	-5.277960	235.917068	0.000000	0.000000	0.258407
-116.917068	41.592476	235.917068	0.000000	0.000000	0.258407
-83.815247	74.694298	235.917068	0.000000	0.000000	-0.141593
-83.815247	74.694298	235.917068	0.000000	0.000000	-0.141593
-76.372162	78.991562	235.165146	0.000000	0.000000	-0.341593
-26.181177	74.694298	230.874741	0.000000	0.000000	-0.741593
-0.054709	26.335127	227.455307	0.000000	0.000000	3.058407
-24.364019	-28.278246	225.514450	0.000000	0.000000	3.058407
-51.365658	-39.799194	225.139481	0.000000	0.000000	0.000000
-65.276237	-48.437790	225.579010	0.000000	0.000000	1.858407
-84.104523	-45.101925	228.226059	0.000000	0.000000	1.658407
-96.038948	-28.577621	232.426682	0.000000	0.000000	0.658407
-105.243752	-5.277960	235.917068	0.000000	0.000000	0.258407
-116.917068	41.592476	235.917068	0.000000	0.000000	0.258407
-83.815247	74.694298	235.917068	0.000000	0.000000	-0.141593
-83.815247	74.694298	235.917068	0.000000	0.000000	-0.141593
-76.372162	78.991562	235.165146	0.000000	0.000000	-0.341593
-26.181177	74.694298	230.874741	0.000000	0.000000	-0.741593
-0.054709	26.335127	227.455307	0.000000	0.000000	3.058407
-24.364019	-28.278246	225.514450	0.000000	0.000000	3.058407
-51.365658	-39.799194	225.139481	0.000000	0.000000	0.000000
-65.276237	-48.437790	225.579010	0.000000	0.000000	1.858407
-84.104523	-45.101925	228.226059	0.000000	0.000000	1.658407
-96.038948	-28.577621	232.426682	0.000000	0.000000	0.658407
-105.243752	-5.277960	235.917068	0.000000	0.000000	0.258407
-116.917068	41.592476	235.917068	0.000000	0.000000	0.258407
-83.815247	74.694298	235.917068	0.000000	0.000000	-0.141593
-83.815247	74.694298	235.917068	0.000000	0.000000	-0.141593
-76.372162	78.991562	235.165146	0.000000	0.000000	-0.341593
-26.181177	74.694298	230.874741	0.000000	0.000000	-0.741593
-0.054709	26.335127	227.455307	0.000000	0.000000	3.058407
-24.364019	-28.278246	225.514450	0.000000	0.000000	3.058407
-51.365658	-39.799194	225.139481	0.000000	0.000000	0.000000
-65.276237	-48.437790	225.579010	0.000000	0.000000	1.858407
-84.104523	-45.101925	228.226059	0.000000	0.000000	1.658407
-96.038948	-28.577621	232.426682	0.000000	0.000000	0.658407
-105.243752	-5.277960	235.917068	0.000000	0.000000	0.258407
-116.917068	41.592476	235.917068	0.000000	0.000000	0.258407
-83.815247	74.694298	235.917068	0.000000	0.000000	-0.141593
-83.815247	74.694298	235.917068	0.000000	0.000000	-0.141593
-76.372162	78.991562	235.165146	0.000000	0.000000	-0.341593
-26.181177	74.694298	230.874741	0.000000	0.000000	-0.741593
-0.054709	26.335127	227.455307	0.000000	0.000000	3.058407
-24.364019	-28.278246	225.514450	0.000000	0.000000	3.058407
-51.365658	-39.799194	225.139481	0.000000	0.000000	0.000000
-65.276237	-48.437790	225.579010	0.000000	0.000000	1.858407
-84.104523	-45.101925	228.226059	0.000000	0.000000	1.658407
-96.038948	-28.577621	232.426682	0.000000	0.000000	0.658407
-105.243752	-5.277960	235.917068	0.000000	0.000000	0.258407
-116.917068	41.592476	235.917068	0.000000	0.000000	0.258407
-83.815247	74.694298	235.917068	0.000000	0.000000	-0.141593
-83.815247	74.694298	235.917068	0.000000	0.000000	-0.141593
-76.372162	78.991562	235.165146	0.000000	0.000000	-0.341593
-26.181177	74.694298	230.874741	0.000000	0.000000	-0.741593
-0.054709	26.335127	227.455307	0.000000	0.000000	3.058407
-24.364019	-28.278246	225.514450	0.000000	0.000000	3.058407
-51.365658	-39.799194	225.139481	0.000000	0.000000	0.000000
-65.276237	-48.437790	225.579010	0.000000	0.000000	1.858407
-84.104523	-45.101925	228.226059	0.000000	0.000000	1.658407
-96.038948	-28.577621	232.426682	0.000000	0.000000	0.658407
-105.243752	-5.277960	235.917068	0.000000	0.000000	0.258407
-116.917068	41.592476	235.917068	0.000000	0.000000	0.258407
-83.815247	74.694298	235.917068	0.000000	0.000000	-0.141593
-83.815247	74.694298	235.917068	0.000000	0.000000	-0.141593
-76.372162	78.991562	235.165146	0.000000	0.000000	-0.341593
-26.181177	74.694298	230.874741	0.000000	0.000000	-0.741593
-0.054709	26.335127	227.455307	0.000000	0.000000	3.058407
-24.364019	-28.278246	225.514450	0.000000	0.000000	3.058407
-51.365658	-39.799194	225.139481	0.000000	0.000000	0.000000
-65.276237	-48.437790	225.579010	0.000000	0.000000	1.858407
-84.104523	-45.101925	228.226059	0.000000	0.000000	1.658407
-96.038948	-28.577621	232.426682	0.000000	0.000000	0.658407
-105.243752	-5.277960	235.917068	0.000000	0.000000	0.258407
-116.917068	41.592476	235.917068	0.000000	0.000000	0.258407
-83.815247	74.694298	235.917068	0.000000	0.000000	-0.141593
-83.815247	74.694298	235.917068	0.000000	0.000000	-0.141593
-76.372162	78.991562	235.165146	0.000000	0.000000	-0.341593
-26.181177	74.694298	230.874741	0.000000	0.000000	-0.741593
-0.054709	26.335127	227.455307	0.000000	0.000000	3.058407
-24.364019	-28.278246	225.514450	0.000000	0.000000	3.058407
-51.365658	-39.799194	225.139481	0.000000	0.000000	0.000000
-65.276237	-48.437790	225.579010	0.000000	0.000000	1.858407
-84.104523	-45.101925	228.226059	0.000000	0.000000	1.658407
-96.038948	-28.577621	232.426682	0.000000	0.000000	0.658407
-105.243752	-5.277960	235.917068	0.000000	0.000000	0.258407
-116.917068	41.592476	235.917068	0.000000	0.000000	0.258407
-83.815247	74.694298	235.917068	0.000000	0.000000	-0.141593
-83.815247	74.694298	235.917068	0.000000	0.000000	-0.141593
-76.372162	78.991562	235.165146	0.000000	0.000000	-0.341593
-26.181177	74.694298	230.874741	0.000000	0.000000	-0.741593
-0.054709	26.335127	227.455307	0.000000	0.000000	3.058407
-24.364019	-28.278246	225.514450	0.000000	0.000000	3.058407
-51.365658	-39.799194	225.139481	0.000000	0.000000	0.000000
-65.276237	-48.437790	225.579010	0.000000	0.000000	1.858407
-84.104523	-45.101925	228.226059	0.000000	0.000000	1.658407
-96.038948	-28.577621	232.426682	0.000000	0.000000	0.658407
-105.243752	-5.277960	235.917068	0.000000	0.000000	0.258407
-116.917068	41.592476	235.917068	0.000000	0.000000	0.258407
-83.815247	74.694298	235.917068	0.000000	0.000000	-0.141593
-83.815247	74.694298	235.917068	0.000000	0.000000	-0.141593
-76.372162	78.991562	235.165146	0.000000	0.000000	-0.341593
-26.181177	74.694298	230.874741	0.000000	0.000000	-0.741593
-0.054709	26.335127	227.455307	0.000000	0.000000	3.058407
-24.364019	-28.278246	225.514450	0.000000	0.000000	3.058407
-51.365658	-39.799194	225.139481	0.000000	0.000000	0.000000
-65.276237	-48.437790	225.579010	0.000000	0.000000	1.858407
-84.104523	-45.101925	228.226059	0.000000	0.000000	1.658407
-96.038948	-28.577621	232.426682	0.000000	0.000000	0.658407
-105.243752	-5.277960	235.917068	0.000000	0.000000	0.258407
-116.917068	41.592476	235.917068	0.000000	0.000000	0.258407
-83.815247	74.694298	235.917068	0.000000	0.000000	-0.141593
-83.815247	74.694298	235.917068	0.000000	0.000000	-0.141593
-76.372162	78.991562	235.165146	0.000000	0.000000	-0.341593
-26.181177	74.694298	230.874741	0.000000	0.000000	-0.741593
-0.054709	26.335127	227.455307	0.000000	0.000000	3.058407
-24.364019	-28.278246	225.514450	0.000000	0.000000	3.058407
-51.365658	-39.799194	225.139481	0.000000	0.000000	0.000000
-65.276237	-48.437790	225.579010	0.000000	0.000000	1.858407
-84.104523	-45.101925	228.226059	0.000000	0.000000	1.658407
-96.038948	-28.577621	232.426682	0.000000	0.000000	0.658407
-105.243752	-5.277960	235.917068	0.000000	0.000000	0.258407
-116.917068	41.592476	235.917068	0.000000	0.000000	0.258407
-83.815247	74.694298	235.917068	0.000000	0.000000	-0.141593
-83.815247	74.694298	235.917068	0.000000	0.000000	-0.141593
-76.372162	78.991562	235.165146	0.000000	0.000000	-0.341593
-26.181177	74.694298	230.874741	0.000000	0.000000	-0.741593
-0.054709	26.335127	227.455307	0.000000	0.000000	3.058407
-24.364019	-28.278246	225.514450	0.000000	0.000000	3.058407
-51.365658	-39.799194	225.139481	0.000000	0.000000	0.000000
-65.276237	-48.437790	225.579010	0.000000	0.000000	1.858407
-84.104523	-45.101925	228.226059	0.000000	0.000000	1.658407
-96.038948	-28.577621	232.426682	0.000000	0.000000	0.658407
-105.243752	-5.277960	235.917068	0.000000	0.000000	0.258407
-116.917068	41.592476	235.917068	0.000000	0.000000	0.258407
-83.815247	74.694298	235.917068	0.000000	0.000000	-0.141593
-83.815247	74.694298	235.917068	0.000000	0.000000	-0.141593
-76.372162	78.991562	235.165146	0.000000	0.000000	-0.341593
-26.181177	74.694298	230.874741	0.000000	0.000000	-0.741593
-0.054709	26.335127	227.455307	0.000000	0.000000	3.058407
-24.364019	-28.278246	225.514450	0.000000	0.000000	3.058407
-51.365658	-39.799194	225.139481	0.000000	0.000000	0.000000
-65.276237	-48.437790	225.579010	0.000000	0.000000	1.858407
-84.104523	-45.101925	228.226059	0.000000	0.000000	1.658407
-96.038948	-28.577621	232.426682	0.000000	0.000000	0.658407
-105.243752	-5.277960	235.917068	0.000000	0.000000	0.258407
-116.917068	41.592476	235.917068	0.000000	0.000000	0.258407
-83.815247	74.694298	235.917068	0.000000	0.000000	-0.141593
-83.815247	74.694298	235.917068	0.000000	0.000000	-0.141593
-76.372162	78.991562	235.165146	0.000000	0.000000	-0.341593
-26.181177	74.694298	230.874741	0.000000	0.000000	-0.741593
-0.054709	26.335127	227.455307	0.000000	0.000000	3.058407
-24.364019	-28.278246	225.514450	0.000000	0.000000	3.058407
-51.365658	-39.799194	225.139481	0.000000	0.000000	0.000000
-65.276237	-48.437790	225.579010	0.000000	0.000000	1.858407
-84.104523	-45.101925	228.226059	0.000000	0.000000	1.658407
-96.038948	-28.577621	232.426682	0.000000	0.000000	0.658407
-105.243752	-5.277960	235.917068	0.000000	0.000000	0.258407
-116.917068	41.592476	235.917068	0.000000	0.000000	0.258407
-83.815247	74.694298	235.917068	0.000000	0.000000	-0.141593
-83.815247	74.694298	235.917068	0.000000	0.000000	-0.141593
-76.372162	78.991562	235.165146	0.000000	0.000000	-0.341593
-26.181177	74.694298	230.874741	0.000000	0.000000	-0.741593
-0.054709	26.335127	227.455307	0.000000	0.000000	3.058407
-24.364019	-28.278246	225.514450	0.000000	0.000000	3.058407
-51.365658	-39.799194	225.139481	0.000000	0.000000	0.000000
-65.276237	-48.437790	225.579010	0.000000	0.000000	1.858407
-84.104523	-45.101925	228.226059	0.000000	0.000000	1.658407
-96.038948	-28.577621	232.426682	0.000000	0.000000	0.658407
-105.243752	-5.277960	235.917068	0.000000	0.000000	0.258407
-116.917068	41.592476	235.917068	0.000000	0.000000	0.258407
-83.815247	74.694298	235.917068	0.000000	0.000000	-0.141593
-83.815247	74.694298	235.917068	0.000000	0.000000	-0.141593
-76.372162	78.991562	235.165146	0.000000	0.000000	-0.341593
-26.181177	74.694298	230.874741	0.000000	0.000000	-0.741593
-0.054709	26.335127	227.455307	0.000000	0.000000	3.058407
-24.364019	-28.278246	225.514450	0.000000	0.000000	3.058407
-51.365658	-39.799194	225.139481	0.000000	0.000000	0.000000
-65.276237	-48.437790	225.579010	0.000000	0.000000	1.858407
-84.104523	-45.101925	228.226059	0.000000	0.000000	1.658407
-96.038948	-28.577621	232.426682	0.000000	0.000000	0.658407
-105.243752	-5.277960	235.917068	0.000000	0.000000	0.258407
-116.917068	41.592476	235.917068	0.000000	0.000000	0.258407
-83.815247	74.694298	235.917068	0.000000	0.000000	-0.141593
-83.815247	74.694298	235.917068	0.000000	0.000000	-0.141593
-76.372162	78.991562	235.165146	0.000000	0.000000	-0.341593
-26.181177	74.694298	230.874741	0.000000	0.000000	-0.741593
-0.054709	26.335127	227.455307	0.000000	0.000000	3.058407
-24.364019	-28.278246	225.514450	0.000000	0.000000	3.058407
-51.365658	-39.799194	225.139481	0.000000	0.000000	0.000000
-65.276237	-48.437790	225.579010	0.000000	0.000000	1.858407
-84.104523	-45.101925	228.226059	0.000000	0.000000	1.658407
-96.038948	-28.577621	232.426682	0.000000	0.000000	0.658407
-105.243752	-5.277960	235.917068	0.000000	0.000000	0.258407
-116.917068	41.592476	235.917068	0.000000	0.000000	0.258407
-83.815247	74.694298	235.917068	0.000000	0.000000	-0.141593
-83.815247	74.694298	235.917068	0.000000	0.000000	-0.141593
-76.372162	78.991562	235.165146	0.000000	0.000000	-0.341593
-26.181177	74.694298	230.874741	0.000000	0.000000	-0.741593
