94.365456	-145.005768	11.104920	0.000000	0.000000	3.058407
36.102276	-255.849747	11.104920	0.000000	0.000000	2.658407
-35.724411	-275.095642	11.104920	0.000000	0.000000	2.258407
-35.724411	-275.095642	11.104920	0.000000	0.000000	2.258407
-38.867603	-275.095642	13.880544	0.000000	0.000000	2.258407
-146.746689	-210.996902	14.075800	0.000000	0.000000	1.858407
-145.501495	-84.956154	14.207982	0.000000	0.000000	1.258407
94.365456	-145.005768	11.104920	0.000000	0.000000	3.058407
36.102276	-255.849747	11.104920	0.000000	0.000000	2.658407
-35.724411	-275.095642	11.104920	0.000000	0.000000	2.258407
-35.724411	-275.095642	11.104920	0.000000	0.000000	2.258407
-38.867603	-275.095642	13.880544	0.000000	0.000000	2.258407
-146.746689	-210.996902	14.075800	0.000000	0.000000	1.858407
-145.501495	-84.956154	14.207982	0.000000	0.000000	1.258407
94.365456	-145.005768	11.104920	0.000000	0.000000	3.058407
36.102276	-255.849747	11.104920	0.000000	0.000000	2.658407
-35.724411	-275.095642	11.104920	0.000000	0.000000	2.258407
-35.724411	-275.095642	11.104920	0.000000	0.000000	2.258407
-38.867603	-275.095642	13.880544	0.000000	0.000000	2.258407
-146.746689	-210.996902	14.075800	0.000000	0.000000	1.858407
-145.501495	-84.956154	14.207982	0.000000	0.000000	1.258407
94.365456	-145.005768	11.104920	0.000000	0.000000	3.058407
36.102276	-255.849747	11.104920	0.000000	0.000000	2.658407
-35.724411	-275.095642	11.104920	0.000000	0.000000	2.258407
-35.724411	-275.095642	11.104920	0.000000	0.000000	2.258407
-38.867603	-275.095642	13.880544	0.000000	0.000000	2.258407
-146.746689	-210.996902	14.075800	0.000000	0.000000	1.858407
-145.501495	-84.956154	14.207982	0.000000	0.000000	1.258407
94.365456	-145.005768	11.104920	0.000000	0.000000	3.058407
36.102276	-255.849747	11.104920	0.000000	0.000000	2.658407
-35.724411	-275.095642	11.104920	0.000000	0.000000	2.258407
-35.724411	-275.095642	11.104920	0.000000	0.000000	2.258407
-38.867603	-275.095642	13.880544	0.000000	0.000000	2.258407
-146.746689	-210.996902	14.075800	0.000000	0.000000	1.858407
-145.501495	-84.956154	14.207982	0.000000	0.000000	1.258407
94.365456	-145.005768	11.104920	0.000000	0.000000	3.058407
36.102276	-255.849747	11.104920	0.000000	0.000000	2.658407
-35.724411	-275.095642	11.104920	0.000000	0.000000	2.258407
-35.724411	-275.095642	11.104920	0.000000	0.000000	2.258407
-38.867603	-275.095642	13.880544	0.000000	0.000000	2.258407
-146.746689	-210.996902	14.075800	0.000000	0.000000	1.858407
-145.501495	-84.956154	14.207982	0.000000	0.000000	1.258407
94.365456	-145.005768	11.104920	0.000000	0.000000	3.058407
36.102276	-255.849747	11.104920	0.000000	0.000000	2.658407
-35.724411	-275.095642	11.104920	0.000000	0.000000	2.258407
-35.724411	-275.095642	11.104920	0.000000	0.000000	2.258407
-38.867603	-275.095642	13.880544	0.000000	0.000000	2.258407
-146.746689	-210.996902	14.075800	0.000000	0.000000	1.858407
-145.501495	-84.956154	14.207982	0.000000	0.000000	1.258407
94.365456	-145.005768	11.104920	0.000000	0.000000	3.058407
36.102276	-255.849747	11.104920	0.000000	0.000000	2.658407
-35.724411	-275.095642	11.104920	0.000000	0.000000	2.258407
-35.724411	-275.095642	11.104920	0.000000	0.000000	2.258407
-38.867603	-275.095642	13.880544	0.000000	0.000000	2.258407
-146.746689	-210.996902	14.075800	0.000000	0.000000	1.858407
-145.501495	-84.956154	14.207982	0.000000	0.000000	1.258407
94.365456	-145.005768	11.104920	0.000000	0.000000	3.058407
36.102276	-255.849747	11.104920	0.000000	0.000000	2.658407
-35.724411	-275.095642	11.104920	0.000000	0.000000	2.258407
-35.724411	-275.095642	11.104920	0.000000	0.000000	2.258407
-38.867603	-275.095642	13.880544	0.000000	0.000000	2.258407
-146.746689	-210.996902	14.075800	0.000000	0.000000	1.858407
-145.501495	-84.956154	14.207982	0.000000	0.000000	1.258407
94.365456	-145.005768	11.104920	0.000000	0.000000	3.058407
36.102276	-255.849747	11.104920	0.000000	0.000000	2.658407
-35.724411	-275.095642	11.104920	0.000000	0.000000	2.258407
-35.724411	-275.095642	11.104920	0.000000	0.000000	2.258407
-38.867603	-275.095642	13.880544	0.000000	0.000000	2.258407
-146.746689	-210.996902	14.075800	0.000000	0.000000	1.858407
-145.501495	-84.956154	14.207982	0.000000	0.000000	1.258407
94.365456	-145.005768	11.104920	0.000000	0.000000	3.058407
36.102276	-255.849747	11.104920	0.000000	0.000000	2.658407
-35.724411	-275.095642	11.104920	0.000000	0.000000	2.258407
-35.724411	-275.095642	11.104920	0.000000	0.000000	2.258407
-38.867603	-275.095642	13.880544	0.000000	0.000000	2.258407
-146.746689	-210.996902	14.075800	0.000000	0.000000	1.858407
-145.501495	-84.956154	14.207982	0.000000	0.000000	1.258407
94.365456	-145.005768	11.104920	0.000000	0.000000	3.058407
36.102276	-255.849747	11.104920	0.000000	0.000000	2.658407
-35.724411	-275.095642	11.104920	0.000000	0.000000	2.258407
-35.724411	-275.095642	11.104920	0.000000	0.000000	2.258407
-38.867603	-275.095642	13.880544	0.000000	0.000000	2.258407
-146.746689	-210.996902	14.075800	0.000000	0.000000	1.858407
-145.501495	-84.956154	14.207982	0.000000	0.000000	1.258407
94.365456	-145.005768	11.104920	0.000000	0.000000	3.058407
36.102276	-255.849747	11.104920	0.000000	0.000000	2.658407
-35.724411	-275.095642	11.104920	0.000000	0.000000	2.258407
-35.724411	-275.095642	11.104920	0.000000	0.000000	2.258407
-38.867603	-275.095642	13.880544	0.000000	0.000000	2.258407
-146.746689	-210.996902	14.075800	0.000000	0.000000	1.858407
-145.501495	-84.956154	14.207982	0.000000	0.000000	1.258407
94.365456	-145.005768	11.104920	0.000000	0.000000	3.058407
36.102276	-255.849747	11.104920	0.000000	0.000000	2.658407
-35.724411	-275.095642	11.104920	0.000000	0.000000	2.258407
-35.724411	-275.095642	11.104920	0.000000	0.000000	2.258407
-38.867603	-275.095642	13.880544	0.000000	0.000000	2.258407
-146.746689	-210.996902	14.075800	0.000000	0.000000	1.858407
-145.501495	-84.956154	14.207982	0.000000	0.000000	1.258407
94.365456	-145.005768	11.104920	0.000000	0.000000	3.058407
36.102276	-255.849747	11.104920	0.000000	0.000000	2.658407
-35.724411	-275.095642	11.104920	0.000000	0.000000	2.258407
-35.724411	-275.095642	11.104920	0.000000	0.000000	2.258407
-38.867603	-275.095642	13.880544	0.000000	0.000000	2.258407
-146.746689	-210.996902	14.075800	0.000000	0.000000	1.858407
-145.501495	-84.956154	14.207982	0.000000	0.000000	1.258407
94.365456	-145.005768	11.104920	0.000000	0.000000	3.058407
36.102276	-255.849747	11.104920	0.000000	0.000000	2.658407
-35.724411	-275.095642	11.104920	0.000000	0.000000	2.258407
-35.724411	-275.095642	11.104920	0.000000	0.000000	2.258407
-38.867603	-275.095642	13.880544	0.000000	0.000000	2.258407
-146.746689	-210.996902	14.075800	0.000000	0.000000	1.858407
-145.501495	-84.956154	14.207982	0.000000	0.000000	1.258407
94.365456	-145.005768	11.104920	0.000000	0.000000	3.058407
36.102276	-255.849747	11.104920	0.000000	0.000000	2.658407
-35.724411	-275.095642	11.104920	0.000000	0.000000	2.258407
-35.724411	-275.095642	11.104920	0.000000	0.000000	2.258407
-38.867603	-275.095642	13.880544	0.000000	0.000000	2.258407
-146.746689	-210.996902	14.075800	0.000000	0.000000	1.858407
-145.501495	-84.956154	14.207982	0.000000	0.000000	1.258407
94.365456	-145.005768	11.104920	0.000000	0.000000	3.058407
36.102276	-255.849747	11.104920	0.000000	0.000000	2.658407
-35.724411	-275.095642	11.104920	0.000000	0.000000	2.258407
-35.724411	-275.095642	11.104920	0.000000	0.000000	2.258407
-38.867603	-275.095642	13.880544	0.000000	0.000000	2.258407
-146.746689	-210.996902	14.075800	0.000000	0.000000	1.858407
-145.501495	-84.956154	14.207982	0.000000	0.000000	1.258407
94.365456	-145.005768	11.104920	0.000000	0.000000	3.058407
36.102276	-255.849747	11.104920	0.000000	0.000000	2.658407
-35.724411	-275.095642	11.104920	0.000000	0.000000	2.258407
-35.724411	-275.095642	11.104920	0.000000	0.000000	2.258407
-38.867603	-275.095642	13.880544	0.000000	0.000000	2.258407
-146.746689	-210.996902	14.075800	0.000000	0.000000	1.858407
-145.501495	-84.956154	14.207982	0.000000	0.000000	1.258407
94.365456	-145.005768	11.104920	0.000000	0.000000	3.058407
36.102276	-255.849747	11.104920	0.000000	0.000000	2.658407
-35.724411	-275.095642	11.104920	0.000000	0.000000	2.258407
-35.724411	-275.095642	11.104920	0.000000	0.000000	2.258407
-38.867603	-275.095642	13.880544	0.000000	0.000000	2.258407
-146.746689	-210.996902	14.075800	0.000000	0.000000	1.858407
-145.501495	-84.956154	14.207982	0.000000	0.000000	1.258407
