-442.072388	-454.579437	-452.147919	0	0	0	1
-168.952332	-221.866745	-200.895584	0	0	0	1
-90.024696	-154.615479	-128.282181	0	0	0	1
-52.495090	-122.637375	-93.751221	0	0	0	1
-32.611649	-105.590202	-75.406616	0	0	0	1
-33.775166	-105.608170	-76.038048	0	0	0	1
-34.939995	-105.612434	-76.667511	0	0	0	1
-36.105961	-105.602974	-77.294998	0	0	0.32328956	0.94630009
-37.272915	-105.579758	-77.920479	0	0	0.32328956	0.94630009
-38.440670	-105.542778	-78.543930	0	0	0.32328956	0.94630009
-39.609070	-105.492020	-79.165321	0	0	0.32328956	0.94630009
-40.777939	-105.427452	-79.784630	0	0	0.32328956	0.94630009
-41.970551	-105.366005	-80.360535	0	0	0.32328956	0.94630009
-43.490772	-105.523506	-80.360535	0	0	0.32328956	0.94630009
-45.012852	-105.661903	-80.360535	0	0	0.32328956	0.94630009
-46.536530	-105.781166	-80.360535	0	0	0.41614682	0.90929743
-48.061600	-105.881264	-80.360535	0	0	0.41614682	0.90929743
-49.587807	-105.962189	-80.360535	0	0	0.41614682	0.90929743
-51.114910	-106.023933	-80.360535	0	0	0.41614682	0.90929743
-52.642677	-106.066483	-80.360535	0	0	0.41614682	0.90929743
-54.170841	-106.089828	-80.360535	0	0	0.41614682	0.90929743
-55.699181	-106.093971	-80.360535	0	0	0.41614682	0.90929743
-57.227467	-106.078911	-80.360535	0	0	0.41614682	0.90929743
-58.755428	-106.044647	-80.360535	0	0	0.41614682	0.90929743
-60.282845	-105.991180	-80.360535	0	0	0.50484609	0.86320938
-61.809467	-105.918526	-80.360535	0	0	0.50484609	0.86320938
-63.335056	-105.826698	-80.360535	0	0	0.50484609	0.86320938
-64.859375	-105.715698	-80.360535	0	0	0.50484609	0.86320938
-66.382164	-105.585564	-80.360535	0	0	0.50484609	0.86320938
-67.903214	-105.436295	-80.360535	0	0	0.50484609	0.86320938
-69.422256	-105.267929	-80.360535	0	0	0.50484609	0.86320938
-70.939072	-105.080482	-80.360535	0	0	0.50484609	0.86320938
-72.453407	-104.874001	-80.360535	0	0	0.50484609	0.86320938
-73.965034	-104.648499	-80.360535	0	0	0.50484609	0.86320938
-75.473701	-104.404022	-80.360535	0	0	0.50484609	0.86320938
-76.979179	-104.140602	-80.360535	0	0	0.50484609	0.86320938
-78.481232	-103.858292	-80.360535	0	0	0.50484609	0.86320938
-79.979614	-103.557121	-80.360535	0	0	0.50484609	0.86320938
-81.474098	-103.237152	-80.360535	0	0	0.50484609	0.86320938
-82.964439	-102.898430	-80.360535	0	0	0.50484609	0.86320938
-84.450401	-102.541000	-80.360535	0	0	0.50484609	0.86320938
-85.931763	-102.164925	-80.360535	0	0	0.50484609	0.86320938
-87.408279	-101.770271	-80.360535	0	0	0.50484609	0.86320938
-88.879723	-101.357094	-80.360535	0	0	0.50484609	0.86320938
-90.345848	-100.925461	-80.360535	0	0	0.50484609	0.86320938
-91.806442	-100.475433	-80.360535	0	0	0.50484609	0.86320938
-93.261269	-100.007080	-80.360535	0	0	0.50484609	0.86320938
-94.710083	-99.520500	-80.360535	0	0	0.50484609	0.86320938
-96.152679	-99.015747	-80.360535	0	0	0.50484609	0.86320938
-97.588814	-98.492897	-80.360535	0	0	0.50484609	0.86320938
-99.018272	-97.952049	-80.360535	0	0	0.50484609	0.86320938
-100.440811	-97.393280	-80.360535	0	0	0.50484609	0.86320938
-101.856224	-96.816673	-80.360535	0	0	0.50484609	0.86320938
-103.264275	-96.222336	-80.360535	0	0	0.50484609	0.86320938
-104.664749	-95.610344	-80.360535	0	0	0.50484609	0.86320938
-106.057426	-94.980804	-80.360535	0	0	0.50484609	0.86320938
-107.442070	-94.333824	-80.360535	0	0	0.50484609	0.86320938
-108.818489	-93.669479	-80.360535	0	0	0.50484609	0.86320938
-110.186447	-92.987900	-80.360535	0	0	0.50484609	0.86320938
-111.545723	-92.289185	-80.360535	0	0	0.50484609	0.86320938
-112.896118	-91.573441	-80.360535	0	0	0.50484609	0.86320938
-114.237411	-90.840782	-80.360535	0	0	0.50484609	0.86320938
-115.569389	-90.091331	-80.360535	0	0	0.50484609	0.86320938
-116.891846	-89.325211	-80.360535	0	0	0.50484609	0.86320938
-118.204582	-88.542519	-80.360535	0	0	0.50484609	0.86320938
-119.507370	-87.743393	-80.360535	0	0	0.50484609	0.86320938
-120.800018	-86.927963	-80.360535	0	0	0.50484609	0.86320938
-122.082314	-86.096352	-80.360535	0	0	0.50484609	0.86320938
-123.354050	-85.248695	-80.360535	0	0	0.50484609	0.86320938
-124.615044	-84.385124	-80.360535	0	0	0.50484609	0.86320938
-125.865089	-83.505775	-80.360535	0	0	0.50484609	0.86320938
-127.103973	-82.610794	-80.360535	0	0	0.50484609	0.86320938
-128.331528	-81.700310	-80.360535	0	0	0.50484609	0.86320938
-129.547531	-80.774467	-80.360535	0	0	0.50484609	0.86320938
-130.751816	-79.833420	-80.360535	0	0	0.50484609	0.86320938
-131.944168	-78.877319	-80.360535	0	0	0.50484609	0.86320938
-133.124420	-77.906311	-80.360535	0	0	0.50484609	0.86320938
-134.292374	-76.920547	-80.360535	0	0	0.41614682	0.90929743
-135.447861	-75.920174	-80.360535	0	0	0.41614682	0.90929743
-136.590668	-74.905373	-80.360535	0	0	0.41614682	0.90929743
-137.720642	-73.876289	-80.360535	0	0	0.41614682	0.90929743
-138.837585	-72.833084	-80.360535	0	0	0.41614682	0.90929743
-139.941345	-71.775925	-80.360535	0	0	0.41614682	0.90929743
-141.031723	-70.704979	-80.360535	0	0	0.41614682	0.90929743
-142.108566	-69.620422	-80.360535	0	0	0.41614682	0.90929743
-143.171692	-68.522415	-80.360535	0	0	0.41614682	0.90929743
-144.220932	-67.411133	-80.360535	0	0	0.41614682	0.90929743
-145.256134	-66.286758	-80.360535	0	0	0.41614682	0.90929743
-146.277115	-65.149460	-80.360535	0	0	0.41614682	0.90929743
-147.283737	-63.999428	-80.360535	0	0	0.41614682	0.90929743
-148.275818	-62.836834	-80.360535	0	0	0.41614682	0.90929743
-149.253204	-61.661861	-80.360535	0	0	0.41614682	0.90929743
-150.215759	-60.474709	-80.360535	0	0	0.41614682	0.90929743
-151.163330	-59.275547	-80.360535	0	0	0.41614682	0.90929743
-152.095734	-58.064575	-80.360535	0	0	0.41614682	0.90929743
-153.012863	-56.841980	-80.360535	0	0	0.41614682	0.90929743
-153.914551	-55.607960	-80.360535	0	0	0.41614682	0.90929743
-154.800674	-54.362705	-80.360535	0	0	0.41614682	0.90929743
-155.671066	-53.106411	-80.360535	0	0	0.41614682	0.90929743
-156.525604	-51.839283	-80.360535	0	0	0.41614682	0.90929743
-157.364151	-50.561516	-80.360535	0	0	0.41614682	0.90929743
-158.186569	-49.273312	-80.360535	0	0	0.41614682	0.90929743
-158.992752	-47.974873	-80.360535	0	0	0.41614682	0.90929743
-159.782547	-46.666409	-80.360535	0	0	0.41614682	0.90929743
-160.555832	-45.348125	-80.360535	0	0	0.41614682	0.90929743
-161.312485	-44.020226	-80.360535	0	0	0.41614682	0.90929743
-162.052414	-42.682919	-80.360535	0	0	0.41614682	0.90929743
-162.775467	-41.336426	-80.360535	0	0	0.41614682	0.90929743
-163.481537	-39.980953	-80.360535	0	0	0.41614682	0.90929743
-164.170517	-38.616707	-80.360535	0	0	0.41614682	0.90929743
-164.842316	-37.243923	-80.360535	0	0	0.41614682	0.90929743
-165.496796	-35.862793	-80.360535	0	0	0.32328956	0.94630009
-166.133881	-34.473557	-80.360535	0	0	0.32328956	0.94630009
-166.753448	-33.076424	-80.360535	0	0	0.32328956	0.94630009
-167.355408	-31.671612	-80.360535	0	0	0.32328956	0.94630009
-167.939682	-30.259352	-80.360535	0	0	0.32328956	0.94630009
-168.506149	-28.839857	-80.360535	0	0	0.32328956	0.94630009
-169.054749	-27.413355	-80.360535	0	0	0.32328956	0.94630009
-169.585373	-25.980072	-80.360535	0	0	0.32328956	0.94630009
-170.097931	-24.540236	-80.360535	0	0	0.32328956	0.94630009
-170.592377	-23.094078	-80.360535	0	0	0.32328956	0.94630009
-171.068604	-21.641813	-80.360535	0	0	0.32328956	0.94630009
-171.526535	-20.183685	-80.360535	0	0	0.32328956	0.94630009
-171.966110	-18.719912	-80.360535	0	0	0.32328956	0.94630009
-172.387268	-17.250731	-80.360535	0	0	0.32328956	0.94630009
-172.789917	-15.776381	-80.360535	0	0	0.32328956	0.94630009
-173.174011	-14.297082	-80.360535	0	0	0.32328956	0.94630009
-173.539490	-12.813070	-80.360535	0	0	0.32328956	0.94630009
-173.886292	-11.324586	-80.360535	0	0	0.32328956	0.94630009
-174.214355	-9.831864	-80.360535	0	0	0.32328956	0.94630009
-174.523651	-8.335134	-80.360535	0	0	0.32328956	0.94630009
-174.814102	-6.834636	-80.360535	0	0	0.32328956	0.94630009
-175.085678	-5.330610	-80.360535	0	0	0.32328956	0.94630009
-175.338318	-3.823287	-80.360535	0	0	0.32328956	0.94630009
-175.572021	-2.312907	-80.360535	0	0	0.32328956	0.94630009
-175.786713	-0.799713	-80.360535	0	0	0.32328956	0.94630009
-175.982376	0.716063	-80.360535	0	0	0.32328956	0.94630009
-176.158981	2.234172	-80.360535	0	0	0.32328956	0.94630009
-176.316483	3.754387	-80.360535	0	0	0.32328956	0.94630009
-176.454880	5.276458	-80.360535	0	0	0.32328956	0.94630009
-176.574127	6.800150	-80.360535	0	0	0.32328956	0.94630009
-176.674240	8.325214	-80.360535	0	0	0.32328956	0.94630009
-176.755157	9.851418	-80.360535	0	0	0.32328956	0.94630009
-176.816910	11.378524	-80.360535	0	0	0.32328956	0.94630009
-176.859451	12.906281	-80.360535	0	0	0.22720209	0.97384763
-176.882797	14.434453	-80.360535	0	0	0.22720209	0.97384763
-176.886948	15.962800	-80.360535	0	0	0.22720209	0.97384763
-176.871887	17.491076	-80.360535	0	0	0.22720209	0.97384763
-176.837616	19.019043	-80.360535	0	0	0.22720209	0.97384763
-176.784149	20.546457	-80.360535	0	0	0.22720209	0.97384763
-176.711502	22.073076	-80.360535	0	0	0.22720209	0.97384763
-176.619675	23.598667	-80.360535	0	0	0.22720209	0.97384763
-176.508667	25.122980	-80.360535	0	0	0.22720209	0.97384763
-176.378540	26.645775	-80.360535	0	0	0.22720209	0.97384763
-176.229263	28.166821	-80.360535	0	0	0.22720209	0.97384763
-176.060898	29.685875	-80.360535	0	0	0.22720209	0.97384763
-175.873459	31.202682	-80.360535	0	0	0.22720209	0.97384763
-175.666977	32.717018	-80.360535	0	0	0.22720209	0.97384763
-175.441467	34.228645	-80.360535	0	0	0.22720209	0.97384763
-175.196991	35.737312	-80.360535	0	0	0.22720209	0.97384763
-174.933578	37.242794	-80.360535	0	0	0.22720209	0.97384763
-174.651260	38.744843	-80.360535	0	0	0.22720209	0.97384763
-174.350098	40.243225	-80.360535	0	0	0.22720209	0.97384763
-174.030121	41.737709	-80.360535	0	0	0.22720209	0.97384763
-173.691391	43.228050	-80.360535	0	0	0.22720209	0.97384763
-173.333969	44.714016	-80.360535	0	0	0.22720209	0.97384763
-172.957901	46.195374	-80.360535	0	0	0.22720209	0.97384763
-172.563248	47.671894	-80.360535	0	0	0.22720209	0.97384763
-172.150070	49.143330	-80.360535	0	0	0.22720209	0.97384763
-171.718430	50.609463	-80.360535	0	0	0.22720209	0.97384763
-171.268402	52.070057	-80.360535	0	0	0.22720209	0.97384763
-170.800049	53.524879	-80.360535	0	0	0.22720209	0.97384763
-170.313461	54.973701	-80.360535	0	0	0.22720209	0.97384763
-169.808716	56.416290	-80.360535	0	0	0.22720209	0.97384763
-169.285873	57.852432	-80.360535	0	0	0.22720209	0.97384763
-168.745010	59.281887	-80.360535	0	0	0.22720209	0.97384763
-168.186249	60.704430	-80.360535	0	0	0.1288445	0.99166481
-167.609650	62.119835	-80.360535	0	0	0.1288445	0.99166481
-167.015305	63.527889	-80.360535	0	0	0.1288445	0.99166481
-166.403320	64.928360	-80.360535	0	0	0.1288445	0.99166481
-165.817520	66.225761	-80.360535	0	0	0.1288445	0.99166481
-165.831726	66.476784	-80.001465	0	0	0.1288445	0.99166481
-165.851913	66.909424	-79.382927	0	0	0.1288445	0.99166481
-165.866730	67.343781	-78.762299	0	0	0.1288445	0.99166481
-165.876129	67.779778	-78.139595	0	0	0.1288445	0.99166481
-165.880112	68.217346	-77.514854	0	0	0.1288445	0.99166481
-165.878616	68.656418	-76.888107	0	0	0.1288445	0.99166481
-165.871643	69.096931	-76.259354	0	0	0.1288445	0.99166481
-165.859161	69.538811	-75.628639	0	0	0.1288445	0.99166481
-165.841125	69.981987	-74.995987	0	0	0.1288445	0.99166481
-165.817520	70.426392	-74.361412	0	0	0.1288445	0.99166481
-165.788330	70.871956	-73.724945	0	0	0.1288445	0.99166481
-165.753525	71.318611	-73.086609	0	0	0.1288445	0.99166481
-165.713074	71.766289	-72.446434	0	0	0.1288445	0.99166481
-165.666962	72.214905	-71.804451	0	0	0.1288445	0.99166481
-165.615173	72.664398	-71.160667	0	0	0.1288445	0.99166481
-165.557693	73.114693	-70.515121	0	0	0.1288445	0.99166481
-165.494476	73.565720	-69.867836	0	0	0.1288445	0.99166481
-165.425537	74.017410	-69.218834	0	0	0.1288445	0.99166481
-165.350845	74.469681	-68.568146	0	0	0.1288445	0.99166481
-165.270370	74.922470	-67.915787	0	0	0.1288445	0.99166481
-165.184113	75.375694	-67.261803	0	0	0.1288445	0.99166481
-165.092056	75.829292	-66.606201	0	0	0.1288445	0.99166481
-164.994186	76.283173	-65.949013	0	0	0.1288445	0.99166481
-164.890488	76.737282	-65.290260	0	0	0.1288445	0.99166481
-164.780945	77.191536	-64.629974	0	0	0.1288445	0.99166481
-164.665558	77.645851	-63.968185	0	0	0.1288445	0.99166481
-164.544327	78.100174	-63.304916	0	0	0.1288445	0.99166481
-164.417206	78.554413	-62.640190	0	0	0.1288445	0.99166481
-164.284225	79.008499	-61.974033	0	0	0.1288445	0.99166481
-164.145355	79.462357	-61.306473	0	0	0.1288445	0.99166481
-164.000595	79.915909	-60.637543	0	0	0.1288445	0.99166481
-163.849945	80.369080	-59.967255	0	0	0.1288445	0.99166481
-163.693390	80.821800	-59.295647	0	0	0.1288445	0.99166481
-163.530945	81.274002	-58.622738	0	0	0.1288445	0.99166481
-163.362595	81.725586	-57.948559	0	0	0.1288445	0.99166481
-163.188339	82.176498	-57.273136	0	0	0.1288445	0.99166481
-163.008179	82.626648	-56.596500	0	0	0.1288445	0.99166481
-162.822113	83.075966	-55.918671	0	0	0.1288445	0.99166481
-162.630142	83.524376	-55.239681	0	0	0.1288445	0.99166481
-162.432281	83.971802	-54.559551	0	0	0.1288445	0.99166481
-162.228516	84.418175	-53.878311	0	0	0.1288445	0.99166481
-162.018875	84.863411	-53.195992	0	0	0.1288445	0.99166481
-161.803329	85.307434	-52.512604	0	0	0.1288445	0.99166481
-161.581924	85.750168	-51.828201	0	0	0.1288445	0.99166481
-161.354645	86.191544	-51.142784	0	0	0.1288445	0.99166481
-161.121490	86.631477	-50.456394	0	0	0.1288445	0.99166481
-160.882492	87.069901	-49.769062	0	0	0.1288445	0.99166481
-160.637650	87.506737	-49.080803	0	0	0.1288445	0.99166481
-160.386978	87.941895	-48.391659	0	0	0.1288445	0.99166481
-160.130478	88.375328	-47.701637	0	0	0.1288445	0.99166481
-159.868179	88.806938	-47.010784	0	0	0.1288445	0.99166481
-159.600082	89.236656	-46.319115	0	0	0.1288445	0.99166481
-159.326218	89.664406	-45.626659	0	0	0.1288445	0.99166481
-159.046585	90.090118	-44.933449	0	0	0.1288445	0.99166481
-158.761215	90.513718	-44.239506	0	0	0.1288445	0.99166481
-158.470123	90.935120	-43.544865	0	0	0.1288445	0.99166481
-158.173309	91.354263	-42.849545	0	0	0.1288445	0.99166481
-157.870834	91.771057	-42.153580	0	0	0.1288445	0.99166481
-157.562668	92.185448	-41.456985	0	0	0.1288445	0.99166481
-157.248871	92.597351	-40.759808	0	0	0.1288445	0.99166481
-156.929459	93.006683	-40.062061	0	0	0.1288445	0.99166481
-156.604431	93.413391	-39.363777	0	0	0.1288445	0.99166481
-156.273849	93.817383	-38.664986	0	0	0.1288445	0.99166481
-155.937714	94.218605	-37.965710	0	0	0.1288445	0.99166481
-155.596054	94.616966	-37.265972	0	0	0.1288445	0.99166481
-155.248917	95.012405	-36.565819	0	0	0.1288445	0.99166481
-154.896301	95.404846	-35.865253	0	0	0.1288445	0.99166481
-154.538254	95.794212	-35.164322	0	0	0.1288445	0.99166481
-154.174805	96.180443	-34.463047	0	0	0.1288445	0.99166481
-153.805969	96.563461	-33.761459	0	0	0.1288445	0.99166481
-153.431808	96.943199	-33.059570	0	0	0.1288445	0.99166481
-153.052338	97.319580	-32.357433	0	0	0.1288445	0.99166481
-152.667587	97.692543	-31.655052	0	0	0.1288445	0.99166481
-152.277603	98.062012	-30.952473	0	0	0.1288445	0.99166481
-151.882401	98.427917	-30.249704	0	0	0.1288445	0.99166481
-151.482040	98.790192	-29.546793	0	0	0.1288445	0.99166481
-151.076553	99.148766	-28.843765	0	0	0.1288445	0.99166481
-150.665970	99.503578	-28.140631	0	0	0.1288445	0.99166481
-150.250336	99.854553	-27.437435	0	0	0.1288445	0.99166481
-149.829697	100.201622	-26.734200	0	0	0.1288445	0.99166481
-149.404083	100.544724	-26.030949	0	0	0.1288445	0.99166481
-148.973526	100.883797	-25.327719	0	0	0.1288445	0.99166481
-148.538101	101.218765	-24.624531	0	0	0.1288445	0.99166481
-148.097824	101.549568	-23.921410	0	0	0.1288445	0.99166481
-147.652740	101.876137	-23.218401	0	0	0.1288445	0.99166481
-147.202911	102.198418	-22.515507	0	0	0.1288445	0.99166481
-146.748383	102.516335	-21.812773	0	0	0.1288445	0.99166481
-146.289185	102.829834	-21.110214	0	0	0.1288445	0.99166481
-145.825378	103.138847	-20.407879	0	0	0.1288445	0.99166481
-145.356995	103.443314	-19.705772	0	0	0.1288445	0.99166481
-144.884109	103.743172	-19.003929	0	0	0.1288445	0.99166481
-144.406754	104.038361	-18.302387	0	0	0.1288445	0.99166481
-143.924988	104.328819	-17.601164	0	0	0.1288445	0.99166481
-143.438843	104.614494	-16.900286	0	0	0.1288445	0.99166481
-142.948410	104.895317	-16.199789	0	0	0.1288445	0.99166481
-142.453705	105.171234	-15.499696	0	0	0.1288445	0.99166481
-141.954803	105.442184	-14.800031	0	0	0.1288445	0.99166481
-141.451752	105.708115	-14.100831	0	0	0.1288445	0.99166481
-140.944611	105.968964	-13.402111	0	0	0.1288445	0.99166481
-140.433441	106.224678	-12.703913	0	0	0.1288445	0.99166481
-139.918274	106.475204	-12.006250	0	0	0.1288445	0.99166481
-139.399200	106.720490	-11.309161	0	0	0.1288445	0.99166481
-138.876251	106.960464	-10.612669	0	0	0.1288445	0.99166481
-138.349503	107.195099	-9.916800	0	0	0.1288445	0.99166481
-137.819016	107.424324	-9.221589	0	0	0.1288445	0.99166481
-137.284836	107.648087	-8.527048	0	0	0.1288445	0.99166481
-136.747025	107.866348	-7.833220	0	0	0.1288445	0.99166481
-136.205673	108.079048	-7.140129	0	0	0.1288445	0.99166481
-135.405563	108.642143	-6.754526	0	0	0.1288445	0.99166481
-134.252274	109.671600	-6.781033	0	0	0.1288445	0.99166481
-133.086075	110.686569	-6.807339	0	0	0.1288445	0.99166481
-131.907150	111.686874	-6.833447	0	0	0.1288445	0.99166481
-130.715698	112.672386	-6.859371	0	0	0.1288445	0.99166481
-129.511871	113.642921	-6.885087	0	0	0.1288445	0.99166481
-128.295898	114.598343	-6.910613	0	0	0.1288445	0.99166481
-127.067947	115.538483	-6.935927	0	0	0.1288445	0.99166481
-125.828224	116.463188	-6.961040	0	0	0.1288445	0.99166481
-124.576912	117.372330	-6.985947	0	0	0.1288445	0.99166481
-123.314209	118.265755	-7.010655	0	0	0.1288445	0.99166481
-122.040314	119.143318	-7.035157	0	0	0.029199523	0.9995736
-120.755417	120.004890	-7.059459	0	0	0.029199523	0.9995736
-119.459740	120.850319	-7.083544	0	0	0.029199523	0.9995736
-118.153465	121.679482	-7.107429	0	0	0.029199523	0.9995736
-116.836815	122.492241	-7.131100	0	0	0.029199523	0.9995736
-115.509987	123.288460	-7.154552	0	0	0.029199523	0.9995736
-114.173187	124.068024	-7.177812	0	0	0.029199523	0.9995736
-112.826622	124.830811	-7.200856	0	0	0.029199523	0.9995736
-111.470520	125.576683	-7.223680	0	0	0.029199523	0.9995736
-110.105087	126.305534	-7.246290	0	0	0.029199523	0.9995736
-108.730515	127.017242	-7.268690	0	0	0.029199523	0.9995736
-107.347054	127.711693	-7.290869	0	0	0.029199523	0.9995736
-105.954903	128.388779	-7.312837	0	0	0.029199523	0.9995736
-104.554268	129.048401	-7.334587	0	0	0.029199523	0.9995736
-103.145409	129.690430	-7.356113	0	0	0.029199523	0.9995736
-101.728493	130.314789	-7.377433	0	0	0.029199523	0.9995736
-100.303780	130.921356	-7.398528	0	0	0.029199523	0.9995736
-98.871498	131.510040	-7.419396	0	0	0.029199523	0.9995736
-97.431839	132.080765	-7.440050	0	0	0.029199523	0.9995736
-95.985054	132.633423	-7.460478	0	0	0.029199523	0.9995736
-94.531372	133.167908	-7.480681	0	0	0.029199523	0.9995736
-93.070999	133.684174	-7.500665	0	0	0.029199523	0.9995736
-91.604195	134.182098	-7.520421	0	0	0.029199523	0.9995736
-90.131172	134.661636	-7.539952	0	0	0.029199523	0.9995736
-88.652145	135.122696	-7.559263	0	0	0.029199523	0.9995736
-87.167374	135.565186	-7.578350	0	0	0.029199523	0.9995736
-85.677086	135.989059	-7.597198	0	0	0.029199523	0.9995736
-84.181519	136.394241	-7.615815	0	0	0.029199523	0.9995736
-82.680885	136.780655	-7.634213	0	0	0.029199523	0.9995736
-81.175446	137.148254	-7.652379	0	0	0.029199523	0.9995736
-79.665421	137.496979	-7.670319	0	0	0.029199523	0.9995736
-78.151054	137.826752	-7.688022	0	0	-0.070737201	0.99749499
-76.632591	138.137543	-7.705492	0	0	-0.070737201	0.99749499
-75.110260	138.429291	-7.722727	0	0	-0.070737201	0.99749499
-73.584305	138.701935	-7.739733	0	0	-0.070737201	0.99749499
-72.054955	138.955460	-7.756502	0	0	-0.070737201	0.99749499
-70.522461	139.189804	-7.773048	0	0	-0.070737201	0.99749499
-68.987061	139.404938	-7.789346	0	0	-0.070737201	0.99749499
-67.448997	139.600830	-7.805416	0	0	-0.070737201	0.99749499
-65.908516	139.777420	-7.821239	0	0	-0.070737201	0.99749499
-64.365860	139.934708	-7.836822	0	0	-0.070737201	0.99749499
-62.821255	140.072662	-7.852177	0	0	-0.070737201	0.99749499
-61.274952	140.191254	-7.867301	0	0	-0.070737201	0.99749499
-59.727207	140.290451	-7.882179	0	0	-0.070737201	0.99749499
-58.178249	140.370270	-7.896815	0	0	-0.070737201	0.99749499
-56.628326	140.430664	-7.911209	0	0	-0.070737201	0.99749499
-55.077675	140.471634	-7.925374	0	0	-0.070737201	0.99749499
-53.526566	140.493164	-7.939279	0	0	-0.070737201	0.99749499
-51.975204	140.495270	-7.952958	0	0	-0.070737201	0.99749499
-50.423862	140.477936	-7.966386	0	0	-0.070737201	0.99749499
-48.872765	140.441162	-7.979575	0	0	-0.070737201	0.99749499
-47.322178	140.384949	-7.992517	0	0	-0.070737201	0.99749499
-45.772320	140.309311	-8.005216	0	0	-0.070737201	0.99749499
-44.223450	140.214264	-8.017682	0	0	-0.070737201	0.99749499
-42.675816	140.099808	-8.029883	0	0	-0.070737201	0.99749499
-41.129650	139.965958	-8.041856	0	0	-0.070737201	0.99749499
-39.585205	139.812744	-8.053573	0	0	-0.070737201	0.99749499
-38.042709	139.640198	-8.065044	0	0	-0.070737201	0.99749499
-36.502422	139.448318	-8.076271	0	0	-0.070737201	0.99749499
-34.964577	139.237167	-8.087254	0	0	-0.070737201	0.99749499
-33.429409	139.006744	-8.097984	0	0	-0.070737201	0.99749499
-31.897181	138.757095	-8.108461	0	0	-0.16996714	0.98544973
-30.368116	138.488266	-8.118706	0	0	-0.16996714	0.98544973
-28.842457	138.200287	-8.128685	0	0	-0.16996714	0.98544973
-27.320448	137.893204	-8.138422	0	0	-0.16996714	0.98544973
-25.802328	137.567062	-8.147906	0	0	-0.16996714	0.98544973
-24.288326	137.221924	-8.157157	0	0	-0.16996714	0.98544973
-22.778700	136.857834	-8.166135	0	0	-0.16996714	0.98544973
-21.273674	136.474838	-8.174870	0	0	-0.16996714	0.98544973
-19.773487	136.073013	-8.183355	0	0	-0.16996714	0.98544973
-18.278370	135.652420	-8.191586	0	0	-0.16996714	0.98544973
-16.788565	135.213104	-8.199572	0	0	-0.16996714	0.98544973
-15.304316	134.755142	-8.207295	0	0	-0.16996714	0.98544973
-13.825830	134.278610	-8.214774	0	0	-0.16996714	0.98544973
-12.353368	133.783585	-8.221999	0	0	-0.16996714	0.98544973
-10.887138	133.270126	-8.228973	0	0	-0.16996714	0.98544973
-9.427390	132.738327	-8.235686	0	0	-0.16996714	0.98544973
-7.974348	132.188263	-8.242148	0	0	-0.16996714	0.98544973
-6.528230	131.620026	-8.248360	0	0	-0.16996714	0.98544973
-5.089273	131.033707	-8.254319	0	0	-0.16996714	0.98544973
-3.657699	130.429367	-8.260020	0	0	-0.16996714	0.98544973
-2.233746	129.807144	-8.265468	0	0	-0.16996714	0.98544973
-0.817627	129.167114	-8.270662	0	0	-0.16996714	0.98544973
0.590436	128.509369	-8.275599	0	0	-0.16996714	0.98544973
1.990221	127.834007	-8.280282	0	0	-0.16996714	0.98544973
3.381500	127.141159	-8.284709	0	0	-0.16996714	0.98544973
4.764060	126.430908	-8.288880	0	0	-0.16996714	0.98544973
6.137682	125.703377	-8.292796	0	0	-0.16996714	0.98544973
7.502155	124.958672	-8.296457	0	0	-0.16996714	0.98544973
8.857253	124.196915	-8.299860	0	0	-0.16996714	0.98544973
10.202775	123.418221	-8.303011	0	0	-0.26749883	0.96355818
11.538505	122.622711	-8.305905	0	0	-0.26749883	0.96355818
12.864223	121.810509	-8.308536	0	0	-0.26749883	0.96355818
14.179733	120.981743	-8.310917	0	0	-0.26749883	0.96355818
15.484823	120.136543	-8.313042	0	0	-0.26749883	0.96355818
16.779285	119.275040	-8.314907	0	0	-0.26749883	0.96355818
18.062918	118.397362	-8.316520	0	0	-0.26749883	0.96355818
19.335520	117.503647	-8.317871	0	0	-0.26749883	0.96355818
20.596884	116.594040	-8.318965	0	0	-0.26749883	0.96355818
21.846821	115.668686	-8.319804	0	0	-0.26749883	0.96355818
23.085131	114.727722	-8.320386	0	0	-0.26749883	0.96355818
24.311621	113.771294	-8.320713	0	0	-0.26749883	0.96355818
25.526094	112.799553	-8.320783	0	0	-0.26749883	0.96355818
26.728359	111.812653	-8.320592	0	0	-0.26749883	0.96355818
27.918224	110.810745	-8.320148	0	0	-0.26749883	0.96355818
29.095509	109.793983	-8.319446	0	0	-0.26749883	0.96355818
30.260019	108.762535	-8.318486	0	0	-0.26749883	0.96355818
31.411581	107.716553	-8.317273	0	0	-0.26749883	0.96355818
32.550011	106.656204	-8.315801	0	0	-0.26749883	0.96355818
33.675117	105.581657	-8.314070	0	0	-0.26749883	0.96355818
34.786739	104.493073	-8.312085	0	0	-0.26749883	0.96355818
35.884693	103.390625	-8.309841	0	0	-0.26749883	0.96355818
35.275505	111.799904	-8.307343	0	0	-0.26749883	0.96355818
33.555889	127.316597	-8.304590	0	0	-0.26749883	0.96355818
31.429117	146.508163	-8.301578	0	0	-0.26749883	0.96355818
28.731026	170.856491	-8.298311	0	0	-0.26749883	0.96355818
25.195564	202.763275	-8.294787	0	0	-0.26749883	0.96355818
20.361034	246.396286	-8.291004	0	0	-0.26749883	0.96355818
13.349935	309.676910	-8.286972	0	0	-0.26749883	0.96355818
2.264578	409.735718	-8.282682	0	0	-0.26749883	0.96355818
86.8529	110.286	-17.2849	0.0	0.0	-0.764841332539	0.644218702026	
