-143.124817	-25.634754	-59.181862	0	0	0.1288445	0.99166481
-148.423172	-30.917065	-60.545410	0	0	0.22720209	0.97384763
-136.194229	-25.258472	-55.110901	0	0	-0.16996714	0.98544973
-155.884598	-38.977715	-62.247936	0	0	-0.16996714	0.98544973
-147.875992	-15.806305	-43.939217	0	0	0.32328956	0.94630009
-152.831650	-19.157471	-43.642075	0	0	0.32328956	0.94630009
-125.858887	-19.400953	-50.894318	0	0	-0.16996714	0.98544973
-140.505447	-16.192026	-41.124863	0	0	-0.36235775	0.93203909
-160.072540	-24.623503	-42.862549	0	0	-0.36235775	0.93203909
-133.694885	-14.659132	-39.670002	0	0	0.22720209	0.97384763
-135.218491	-51.437485	-61.211277	0	0	0.029199523	0.9995736
-163.370926	-42.617767	-65.513229	0	0	-0.16996714	0.98544973
-129.195145	-12.023189	-39.693054	0	0	-0.45359611	0.89120736
-119.447075	-16.990559	-47.850101	0	0	-0.16996714	0.98544973
-140.560715	-52.868923	-64.951935	0	0	0.029199523	0.9995736
-128.892380	-49.742405	-56.781685	0	0	0.22720209	0.97384763
-168.335373	-27.193293	-44.197083	0	0	-0.36235775	0.93203909
-147.993683	-54.860584	-70.156563	0	0	0.029199523	0.9995736
-122.407402	-10.663982	-38.140862	0	0	-0.45359611	0.89120736
-119.381172	-47.193886	-50.121864	0	0	0.22720209	0.97384763
-154.827148	-56.691605	-74.941399	0	0	0.029199523	0.9995736
-113.429871	-45.599239	-45.954720	0	0	0.22720209	0.97384763
-179.350464	-39.657295	-40.495369	0	0	0.029199523	0.9995736
-173.957809	-58.886795	-66.237244	0	0	0.029199523	0.9995736
-182.829590	-43.896324	-39.142891	0	0	0.22720209	0.97384763
-165.393539	-63.831383	-80.360451	0	0	0.029199523	0.9995736
-176.689148	-63.658092	-66.223068	0	0	0.22720209	0.97384763
-170.332321	-70.662071	-59.916187	0	0	0.50484609	0.86320938
-168.785629	-68.221184	-79.256615	0	0	0.1288445	0.99166481
-106.728714	-32.673340	-19.305273	0	0	-0.36235775	0.93203909
-103.059418	-20.328966	-22.694683	0	0	0.32328956	0.94630009
-105.304878	-42.151546	-18.802174	0	0	-0.26749883	0.96355818
-105.008842	-43.342831	-18.709274	0	0	-0.26749883	0.96355818
-100.040840	-31.579594	-17.627068	0	0	-0.36235775	0.93203909
-99.915115	-31.559034	-17.595520	0	0	0.22720209	0.97384763
-97.436539	-41.313839	-22.694683	0	0	0.41614682	0.90929743
-99.555099	-31.500156	-17.505178	0	0	0.32328956	0.94630009
-98.094254	-31.261248	-17.138605	0	0	-0.36235775	0.93203909
-97.189987	-31.113363	-16.911697	0	0	-0.36235775	0.93203909
-95.683136	-30.866928	-16.533577	0	0	0	1
-97.141510	-50.022408	-16.615490	0	0	0	1
-96.804207	-49.812305	-16.533176	0	0	-0.16996714	0.98544973
-96.867073	-52.706718	-16.505646	0	0	-0.16996714	0.98544973
-95.066154	-51.418697	-16.068655	0	0	0.58850112	0.8084964
-94.354469	-49.988888	-15.909790	0	0	-0.16996714	0.98544973
-93.088928	-48.136044	-15.616939	0	0	0.50484609	0.86320938
-99.129623	-80.481590	-49.508656	0	0	0.32328956	0.94630009
-87.935768	-29.599913	-14.589511	0	0	0.41614682	0.90929743
-95.287025	-76.638992	-45.833206	0	0	0.32328956	0.94630009
-104.073059	-85.425026	-54.237061	0	0	0.32328956	0.94630009
-88.348175	-69.700142	-39.196186	0	0	0.32328956	0.94630009
-110.977982	-92.329948	-60.841625	0	0	0.41614682	0.90929743
-84.185394	-65.537369	-35.214485	0	0	0.32328956	0.94630009
-115.772308	-97.124275	-65.427406	0	0	0.41614682	0.90929743
-85.063065	-48.722946	-13.574467	0	0	0	1
-221.072159	-28.825575	-61.670620	0	0	-0.36235775	0.93203909
-84.507706	-65.859680	-13.176437	0	0	0.029199523	0.9995736
-83.744423	-65.096397	-12.994492	0	0	0.029199523	0.9995736
-83.348785	-64.700760	-12.900182	0	0	0.58850112	0.8084964
-71.042694	-52.394665	-22.643475	0	0	0.50484609	0.86320938
-83.073105	-64.425079	-12.834467	0	0	0.58850112	0.8084964
-82.955261	-64.307228	-12.806376	0	0	0.50484609	0.86320938
-126.274170	-107.626137	-75.472450	0	0	0.41614682	0.90929743
-81.895683	-63.247650	-12.553801	0	0	0.029199523	0.9995736
-80.345627	-61.697594	-12.184309	0	0	0.50484609	0.86320938
-217.397171	-55.761013	-93.673111	0	0	-0.16996714	0.98544973
-128.581650	-109.933617	-77.679558	0	0	0.32328956	0.94630009
-76.492188	-57.844154	-11.265753	0	0	0.58850112	0.8084964
-206.647888	-70.576935	-111.226677	0	0	0.029199523	0.9995736
-57.843475	-70.882545	-30.091881	0	0	0.50484609	0.86320938
-56.971428	-67.628029	-27.813042	0	0	0.50484609	0.86320938
-59.705971	-77.833481	-34.958977	0	0	0.50484609	0.86320938
-54.985191	-60.215282	-22.622583	0	0	0.50484609	0.86320938
-53.824383	-55.883091	-19.589151	0	0	0.50484609	0.86320938
-62.283459	-87.452797	-41.694492	0	0	0.58850112	0.8084964
-63.584381	-92.307907	-45.094078	0	0	0.58850112	0.8084964
-50.361629	-42.959923	-10.540249	0	0	0.66627604	0.74570519
-55.378345	-61.682552	-7.732377	0	0	0.66627604	0.74570519
-55.311176	-61.431889	-7.048354	0	0	0.66627604	0.74570519
-55.188782	-60.975094	-6.609632	0	0	0.80114363	0.59847213
-54.014713	-56.593418	-5.589008	0	0	0.32328956	0.94630009
-54.231941	-57.404121	-5.631878	0	0	0.58850112	0.8084964
-54.648762	-58.959717	-5.714138	0	0	0.58850112	0.8084964
-55.605350	-62.529751	-5.902922	0	0	0.58850112	0.8084964
-56.052605	-64.198929	-5.991188	0	0	0.32328956	0.94630009
-168.911072	-130.392502	-84.803070	0	0	0.58850112	0.8084964
-67.614876	-107.349922	-55.626610	0	0	0.66627604	0.74570519
-68.391197	-110.247192	-57.655304	0	0	0.58850112	0.8084964
-43.960732	-36.122871	-6.180389	0	0	0	1
-43.979164	-36.054077	-6.132218	0	0	0	1
-44.071980	-35.707680	-5.889668	0	0	0	1
-43.711475	-37.053112	-6.831750	0	0	0.66627604	0.74570519
-44.411503	-34.440567	-5.002427	0	0	0	1
-44.411503	-34.440567	-5.002427	0	0	0	1
-44.411503	-34.440567	-5.002427	0	0	0	1
-44.411503	-34.440567	-5.002427	0	0	0	1
-44.411503	-34.440567	-5.002427	0	0	0	1
-43.476517	-37.929985	-7.445742	0	0	0.66627604	0.74570519
-43.771397	-36.829475	-5.878937	0	0	0.73739371	0.67546319
-41.900078	-43.813332	-11.565308	0	0	0.66627604	0.74570519
-43.803841	-36.708397	-4.913037	0	0	0	1
-43.769669	-36.835930	-4.908010	0	0	0.73739371	0.67546319
-39.771511	-51.757244	-17.127695	0	0	0	1
-39.180634	-53.962440	-18.671789	0	0	0	1
-152.771530	-134.123505	-100.817207	0	0	0.32328956	0.94630009
-35.879456	-66.282600	-27.298456	0	0	0.73739371	0.67546319
-35.414951	-68.016159	-28.512310	0	0	0.73739371	0.67546319
-32.480461	-41.361885	-11.280892	0	0	0	1
-32.480461	-41.361885	-11.280892	0	0	0	1
-32.480461	-41.361885	-11.280892	0	0	0	1
-32.480461	-41.361885	-11.280892	0	0	0	1
-32.480461	-41.361885	-11.280892	0	0	0	1
-32.480461	-41.361885	-11.280892	0	0	0	1
-32.480461	-41.361885	-11.280892	0	0	0	1
-32.480461	-41.361885	-11.280892	0	0	0	1
-32.480461	-41.361885	-11.280892	0	0	0	1
-32.480461	-41.361885	-11.280892	0	0	0	1
-32.480461	-41.361885	-11.280892	0	0	0	1
-32.480461	-41.361885	-11.280892	0	0	0	1
-32.480461	-41.361885	-11.280892	0	0	0	1
-32.480461	-41.361885	-11.280892	0	0	0	1
-32.480461	-41.361885	-11.280892	0	0	0	1
-32.480461	-41.361885	-11.280892	0	0	0	1
-32.480461	-41.361885	-11.280892	0	0	0	1
-32.480461	-41.361885	-11.280892	0	0	0	1
-32.480461	-41.361885	-11.280892	0	0	0	1
-31.943548	-80.971611	-37.583813	0	0	0.73739371	0.67546319
-74.693611	-133.768112	-74.124832	0	0	0.50484609	0.86320938
-141.379257	-173.406860	-107.662216	0	0	0.66627604	0.74570519
29.562439	-47.909752	-50.219639	0	0	0.97095818	0.23924928
29.562439	-47.909752	-50.219639	0	-0	-1	-4.371139e-08
29.562439	-47.909752	-50.219639	0	0	0.97095818	0.23924928
29.562439	-47.909752	-50.219639	0	-0	-1	-4.371139e-08
29.562439	-47.909752	-50.219639	0	-0	-1	-4.371139e-08
29.562439	-47.909752	-50.219639	0	-0	-1	-4.371139e-08
29.562439	-47.909752	-50.219639	0	0	0.97095818	0.23924928
29.562439	-47.909752	-50.219639	0	0	0.97095818	0.23924928
29.562439	-47.909752	-50.219639	0	0	0.97095818	0.23924928
29.562439	-47.909752	-50.219639	0	0	0.97095818	0.23924928
29.562439	-47.909752	-50.219639	0	0	0.97095818	0.23924928
29.562439	-47.909752	-50.219639	0	0	0.97095818	0.23924928
29.562439	-47.909752	-50.219639	0	0	0.97095818	0.23924928
29.562439	-47.909752	-50.219639	0	0	0.97095818	0.23924928
29.562439	-47.909752	-50.219639	0	0	0.97095818	0.23924928
29.562439	-47.909752	-50.219639	0	0	0.97095818	0.23924928
29.562439	-47.909752	-50.219639	0	0	0.97095818	0.23924928
29.562439	-47.909752	-50.219639	0	0	0.97095818	0.23924928
29.562439	-47.909752	-50.219639	0	0	0.97095818	0.23924928
-92.540154	-200.372314	-120.761589	0	0	0.66627604	0.74570519
62.795540	-56.814533	-73.489708	0	0	0.99913515	0.041580682
-1.898059	-193.102905	-116.098991	0	0	0.80114363	0.59847213
58.205891	-132.048233	-98.022507	0	0	0.94222235	0.33498812
