-40.760944	-74.356003	-30.038046	0	0	0.32328956	0.94630009
-40.623676	-74.024117	-29.838615	0	0	0.41614682	0.90929743
-40.486420	-73.692253	-29.639194	0	0	0.73739371	0.67546319
-40.343735	-73.347275	-29.431892	0	0	0.73739371	0.67546319
-40.016350	-72.555725	-28.956244	0	0	0.73739371	0.67546319
-42.854008	-74.659714	-31.413607	0	0	0.73739371	0.67546319
-39.720196	-71.839691	-28.525969	0	0	0.73739371	0.67546319
-43.704567	-74.866531	-32.001793	0	0	0.73739371	0.67546319
-39.183311	-69.321281	-26.471249	0	0	0.66627604	0.74570519
-48.085770	-76.741867	-35.315102	0	0	0.73739371	0.67546319
-35.347584	-61.267628	-22.173107	0	0	0	1
-52.020489	-72.202637	-15.711593	0	0	0	1
-51.831749	-71.882301	-15.579434	0	0	0.41614682	0.90929743
-53.352165	-74.076050	-16.644041	0	0	0.80114363	0.59847213
-51.648247	-71.570854	-15.450946	0	0	0.80114363	0.59847213
-38.182678	-60.425690	-18.252695	0	0	0	1
-51.478695	-71.283089	-15.332224	0	0	0.80114363	0.59847213
-34.582718	-59.418346	-21.061855	0	0	0	1
-54.202202	-74.266479	-17.239243	0	0	0.80114363	0.59847213
-51.041267	-70.540680	-15.025933	0	0	0	1
-50.844681	-70.207024	-14.888281	0	0	0.80114363	0.59847213
-49.688339	-68.244461	-14.078604	0	0	0.73739371	0.67546319
-58.959690	-74.690659	-20.570473	0	0	0.73739371	0.67546319
-42.289284	-60.433697	-13.856254	0	0	0.50484609	0.86320938
-44.968216	-60.233372	-10.773539	0	0	0	1
-44.926945	-60.163322	-10.744638	0	0	0.50484609	0.86320938
-44.688599	-59.758797	-10.577746	0	0	0.22720209	0.97384763
-32.472412	-54.316063	-17.995844	0	0	0.32328956	0.94630009
-43.170902	-57.182934	-9.515044	0	0	0.80114363	0.59847213
-30.667805	-49.952908	-15.373977	0	0	0	1
-40.381489	-52.448681	-7.561876	0	0	0.32328956	0.94630009
-37.015789	-46.736343	-5.205187	0	0	0.58850112	0.8084964
-59.264675	-60.811790	3.956883	0	0	0.32328956	0.94630009
-63.101864	-61.802277	1.976793	0	0	0.58850112	0.8084964
-59.044006	-60.546127	3.997686	0	0	0.32328956	0.94630009
-58.838856	-60.299149	4.035620	0	0	0.66627604	0.74570519
-58.688454	-60.118080	4.063431	0	0	0.66627604	0.74570519
-64.006676	-61.944992	1.478080	0	0	0.58850112	0.8084964
-58.348244	-59.708504	4.126339	0	0	0	1
-58.199879	-59.529888	4.153772	0	0	0.66627604	0.74570519
-57.569370	-58.770821	4.270359	0	0	0	1
-68.508736	-60.848248	-1.635929	0	0	0.66627604	0.74570519
-53.572529	-53.959038	5.009409	0	0	0	1
-52.242462	-52.357769	5.255351	0	0	0.32328956	0.94630009
-51.721710	-51.730839	5.351642	0	0	0.41614682	0.90929743
-48.281483	-47.589161	5.987770	0	0	0.73739371	0.67546319
-45.221786	-43.905602	6.553535	0	0	0.41614682	0.90929743
-39.698734	-37.256416	7.574795	0	0	0	1
-21.726734	-28.335268	-2.383716	0	0	0.41614682	0.90929743
-65.734062	-33.500782	12.250351	0	0	0	1
-66.406410	-33.912846	12.264833	0	0	0	1
-67.835869	-34.788921	12.295624	0	0	0	1
-60.448578	-30.261463	12.136503	0	0	0	1
-60.195183	-30.106163	12.131044	0	0	0	1
-59.895477	-29.922483	12.124589	0	0	0	1
-59.613956	-29.749947	12.118526	0	0	0	1
-59.558243	-29.715801	12.117325	0	0	0	1
-59.539108	-29.704075	12.116913	0	0	0	1
-59.090733	-29.429277	12.107255	0	0	0	1
-57.112427	-28.216831	12.064643	0	0	0	1
-22.730698	-22.491396	4.797340	0	0	0.41614682	0.90929743
-54.279053	-26.480339	12.003613	0	0	0	1
-51.681000	-24.888067	11.947651	0	0	0	1
-45.985874	-21.397690	11.824980	0	0	0	1
-22.583309	-16.421417	1.267942	0	0	0.32328956	0.94630009
-43.672977	-19.980181	11.775161	0	0	0	1
-33.086723	-13.492171	11.547135	0	0	0	1
-27.656155	-7.901950	1.348499	0	0	0.1288445	0.99166481
-20.539854	-14.191101	11.117437	0	0	0	1
-27.558945	2.022267	1.184717	0	0	-0.070737201	0.99749499
-12.719460	-6.557570	10.702726	0	0	0.32328956	0.94630009
-41.843071	-0.833413	11.311208	0	0	0.029199523	0.9995736
-42.665241	-0.833413	11.311208	0	0	0.029199523	0.9995736
-44.532970	-0.833413	11.311208	0	0	0.1288445	0.99166481
-31.705549	-0.833413	11.311208	0	0	-0.070737201	0.99749499
-31.487658	-0.833413	11.311208	0	0	-0.070737201	0.99749499
-31.177441	-0.833413	11.311208	0	0	0.1288445	0.99166481
-31.030611	-0.833413	11.311208	0	0	0.1288445	0.99166481
-30.899382	-0.833413	11.311208	0	0	0.1288445	0.99166481
-30.368383	-0.833413	11.311208	0	0	0.1288445	0.99166481
-30.136885	-0.833413	11.311208	0	0	0.1288445	0.99166481
-29.963076	-0.833413	11.311208	0	0	0.1288445	0.99166481
-27.594893	-0.833413	11.311208	0	0	0.1288445	0.99166481
-13.754450	-4.177000	11.082577	0	0	0	1
-22.073303	-0.833413	11.311208	0	0	0.029199523	0.9995736
-18.728416	-0.833413	11.311208	0	0	0	1
-18.294811	-0.813404	11.297197	0	0	0	1
-11.657010	-0.358517	11.085544	0	0	0	1
-10.592814	-0.457991	11.048334	0	0	0	1
-10.592814	-0.457991	11.048334	0	0	0	1
-109.215294	-103.053406	-81.595665	0	0	0.50484609	0.86320938
-11.225785	1.346373	10.934381	0	0	-0.45359611	0.89120736
-11.225785	1.346373	10.934381	0	0	-0.45359611	0.89120736
-11.225785	1.346373	10.934381	0	0	-0.45359611	0.89120736
-11.225785	1.346373	10.934381	0	0	-0.45359611	0.89120736
-11.225785	1.346373	10.934381	0	0	-0.45359611	0.89120736
-11.225785	1.346373	10.934381	0	0	-0.45359611	0.89120736
-11.225785	1.346373	10.934381	0	0	-0.45359611	0.89120736
-11.225785	1.346373	10.934381	0	0	-0.62160997	0.7833269
-11.225785	1.346373	10.934381	0	0	-0.62160997	0.7833269
-11.225785	1.346373	10.934381	0	0	-0.45359611	0.89120736
-11.225785	1.346373	10.934381	0	0	-0.45359611	0.89120736
-11.225785	1.346373	10.934381	0	0	-0.45359611	0.89120736
-11.225785	1.346373	10.934381	0	0	-0.45359611	0.89120736
-11.225785	1.346373	10.934381	0	0	-0.45359611	0.89120736
-11.225785	1.346373	10.934381	0	0	-0.45359611	0.89120736
-11.225785	1.346373	10.934381	0	0	-0.45359611	0.89120736
-11.225785	1.346373	10.934381	0	0	-0.45359611	0.89120736
-43.285149	6.236090	12.260581	0	0	0	1
-22.388893	10.373366	0.820484	0	0	-0.36235775	0.93203909
-13.842875	14.815967	0.353394	0	0	-0.62160997	0.7833269
-7.564094	15.790976	0.893237	0	0	-0.62160997	0.7833269
-17.548559	16.723248	10.934380	0	0	-0.16996714	0.98544973
-17.548559	16.723248	10.934380	0	0	-0.16996714	0.98544973
-17.548559	16.723248	10.934380	0	0	-0.16996714	0.98544973
-17.548559	16.723248	10.934380	0	0	-0.16996714	0.98544973
-17.548559	16.723248	10.934380	0	0	-0.82533563	0.56464246
-17.548559	16.723248	10.934380	0	0	-0.16996714	0.98544973
-17.548559	16.723248	10.934380	0	0	-0.82533563	0.56464246
-17.548559	16.723248	10.934380	0	0	-0.16996714	0.98544973
-17.548559	16.723248	10.934380	0	0	-0.16996714	0.98544973
-17.548559	16.723248	10.934380	0	0	-0.16996714	0.98544973
-17.548559	16.723248	10.934380	0	0	-0.16996714	0.98544973
-17.548559	16.723248	10.934380	0	0	-0.16996714	0.98544973
-17.548559	16.723248	10.934380	0	0	-0.16996714	0.98544973
-17.548559	16.723248	10.934380	0	0	-0.16996714	0.98544973
-17.548559	16.723248	10.934380	0	0	-0.16996714	0.98544973
-17.548559	16.723248	10.934380	0	0	-0.16996714	0.98544973
-17.548559	16.723248	10.934380	0	0	-0.16996714	0.98544973
-17.548559	16.723248	10.934380	0	0	-0.16996714	0.98544973
-70.190849	58.175323	14.140752	0	0	0	1
-179.749664	-48.655281	-105.148521	0	0	0.22720209	0.97384763
-33.077927	102.101357	-9.539850	0	0	-0.26749883	0.96355818
-46.207062	100.210289	5.004208	0	0	0	1
-81.254044	132.466156	-44.059174	0	0	-0.16996714	0.98544973
-193.537109	46.495979	-115.034439	0	0	-0.070737201	0.99749499
-136.045212	124.478783	-76.433334	0	0	-0.070737201	0.99749499
-170.132324	96.605675	-103.196106	0	0	-0.070737201	0.99749499
