10.226490	1.580965	-0.275972	0	0	-0.98006658	0.19866933
10.258515	1.631391	-0.298396	0	0	-0.98006658	0.19866933
10.095318	1.545818	-0.184124	0	0	-0.98006658	0.19866933
10.154778	1.663535	0.241095	0	0	-0.95533648	0.29552023
10.397337	2.261307	-0.374644	0	-0	-1	-4.371139e-08
10.299498	2.355129	-0.327092	0	0	-0.95533648	0.29552023
10.545508	2.361194	-0.291476	0	0	-0.95533648	0.29552023
9.475631	1.379773	1.453421	0	0	0	1
8.930728	1.233767	1.436538	0	0	-0.95533648	0.29552023
8.181321	1.032964	1.156071	0	0	-0.99500417	0.099833397
8.103778	1.012186	1.210368	0	0	-0.99500417	0.099833397
7.829500	0.938693	1.402419	0	-0	-1	-4.371139e-08
7.829500	0.938693	1.402419	0	0	-0.98006658	0.19866933
12.115892	-1.371036	0.855349	0	0	-0.95533648	0.29552023
12.070191	-1.394214	0.874948	0	0	-0.95533648	0.29552023
12.005739	-1.426900	0.902588	0	0	0.99913515	0.041580682
11.927300	-1.466679	0.936226	0	0	-0.95533648	0.29552023
12.460661	-1.196191	0.707496	0	0	-0.99500417	0.099833397
12.567649	-1.141933	0.661615	0	0	-0.95533648	0.29552023
12.680870	-1.084514	0.613060	0	0	0.99913515	0.041580682
12.938587	-0.953816	0.502540	0	0	-0.95533648	0.29552023
10.632805	-2.123169	1.491365	0	0	0	1
9.512857	6.563377	0.223720	0	0	-0.87758258	0.4794255
9.566900	-4.061108	1.459247	0	0	0	1
9.461241	-4.253209	1.456063	0	0	-0.99500417	0.099833397
9.690744	-5.221581	1.463739	0	0	0	1
8.775034	-5.500814	1.435387	0	0	0	1
4.290425	8.467442	0.619146	0	0	-0.95533648	0.29552023
4.345602	8.522618	0.566369	0	0	-0.95533648	0.29552023
4.170272	8.347289	0.734072	0	0	-0.95533648	0.29552023
4.092152	8.269168	0.808795	0	0	-0.92106097	0.38941839
4.582489	8.759506	0.339786	0	0	-0.92106097	0.38941839
4.592573	8.769589	0.330142	0	0	-0.95533648	0.29552023
4.640299	8.817316	0.284491	0	0	-0.95533648	0.29552023
3.612698	7.789714	1.267393	0	0	0	1
7.856532	-7.170758	1.407710	0	0	0.98999249	0.14112005
7.856532	-7.170758	1.407710	0	-0	-1	-4.371139e-08
7.856532	-7.170758	1.407710	0	0	0.97095818	0.23924928
5.652753	9.829769	-0.683922	0	0	-0.95533648	0.29552023
5.722586	9.899602	-0.750717	0	0	-0.92106097	0.38941839
18.996080	3.930770	-4.951303	0	0	-0.98006658	0.19866933
7.787397	-11.481638	1.407923	0	0	0	1
22.937931	4.117247	-3.785640	0	0	0.97095818	0.23924928
10.536081	-12.491439	-0.166742	0	0	0.90407214	0.42737988
10.822166	-12.596539	-0.330634	0	0	0.98999249	0.14112005
6.221328	-12.465313	1.359712	0	0	0.98999249	0.14112005
17.915380	14.005134	-5.659791	0	-0	-1	-4.371139e-08
25.589581	5.462002	-4.922789	0	0	-0.98006658	0.19866933
3.984862	-13.870076	1.290863	0	0	0	1
3.667548	-14.069386	1.281094	0	0	0.90407214	0.42737988
3.667548	-14.069386	1.281094	0	0	0.94222235	0.33498812
3.677131	-14.078969	1.281398	0	0	0	1
4.321243	-14.723081	0.655834	0	0	0.90407214	0.42737988
4.277133	-14.678971	1.300405	0	0	0.85688874	0.51550139
4.353765	-14.755604	1.302832	0	0	0	1
-3.002979	12.884830	1.058654	0	0	0	1
4.410425	-14.812263	1.304627	0	0	0	1
4.754849	-15.156687	0.241090	0	0	0.90407214	0.42737988
4.791627	-15.193465	1.316703	0	0	0.85688874	0.51550139
4.830761	-15.232598	1.317943	0	0	0.80114363	0.59847213
13.182679	17.359695	-7.886306	0	0	-0.95533648	0.29552023
4.913508	-15.315346	1.320564	0	0	0	1
4.924743	-15.326580	1.320920	0	0	0	1
4.984247	-15.386085	1.286016	0	0	0.97095818	0.23924928
5.004356	-15.406194	1.323442	0	0	0.94222235	0.33498812
5.326202	-15.728040	1.333637	0	0	0.90407214	0.42737988
22.707796	-11.150143	-6.182281	0	0	0.94222235	0.33498812
5.638769	-18.548422	1.344915	0	0	0	1
4.339818	-18.606125	1.304511	0	0	0	1
4.320068	-18.607002	1.303896	0	0	0.98999249	0.14112005
4.256869	-18.609810	1.301931	0	0	0.98999249	0.14112005
4.083286	-18.617519	1.296531	0	0	0	1
3.980083	-18.622105	1.293321	0	0	0	1
3.895692	-18.625853	1.290696	0	0	0	1
3.381476	-18.648697	1.274701	0	0	0.97095818	0.23924928
3.323030	-18.651293	1.272883	0	0	0	1
3.263675	-18.653929	1.271037	0	0	0.97095818	0.23924928
3.241832	-18.654900	1.270358	0	0	0.97095818	0.23924928
3.218973	-18.655916	1.269647	0	0	0	1
3.191727	-18.657125	1.268799	0	0	0.97095818	0.23924928
3.181242	-18.657591	1.268473	0	0	0.97095818	0.23924928
3.120069	-18.660309	1.266570	0	0	0.97095818	0.23924928
3.105243	-18.660967	1.266109	0	0	0	1
2.911602	-18.669569	1.260086	0	0	0	1
20.904758	-16.300644	-6.106747	0	0	0.90407214	0.42737988
2.761248	-18.676249	1.255409	0	0	0	1
2.437589	-18.690626	1.245341	0	0	0.97095818	0.23924928
1.739074	-18.721657	1.223614	0	0	0.94222235	0.33498812
1.521549	-18.731319	1.216848	0	0	0	1
1.346491	-18.739096	1.211403	0	0	0	1
0.872167	-18.760168	1.196649	0	0	0.94222235	0.33498812
-0.784594	21.163956	-4.738452	0	0	-0.82533563	0.56464246
-1.030271	-18.844679	1.137473	0	0	0	1
-1.101835	-18.847858	1.135247	0	0	0	1
-2.260987	-18.899351	1.099191	0	0	0	1
-3.049938	-18.934399	1.074651	0	0	0	1
-2.595930	-20.628780	-0.111768	0	0	0.73739371	0.67546319
12.131575	-24.760736	-3.004995	0	0	0.73739371	0.67546319
-2.115399	-22.422144	-0.302647	0	0	0.66627604	0.74570519
-3.416130	-24.123947	1.066099	0	0	0	1
-3.421885	-24.120922	1.065918	0	0	0	1
-3.493088	-24.083502	1.063681	0	0	0.94222235	0.33498812
-3.604656	-24.024868	1.060176	0	0	0	1
-3.614061	-24.019926	1.059880	0	0	0	1
-3.630198	-24.011446	1.059373	0	0	0.90407214	0.42737988
-3.678574	-23.986021	1.057853	0	0	0	1
-2.939294	-24.374542	1.081080	0	0	0.94222235	0.33498812
-3.783461	-23.930899	1.054558	0	0	0.94222235	0.33498812
-3.810686	-23.916592	1.053703	0	0	0.90407214	0.42737988
-3.972735	-23.831429	1.048611	0	0	0	1
-3.977861	-23.828735	1.048450	0	0	0	1
-2.647903	-24.527679	1.090235	0	0	0.94222235	0.33498812
-2.547647	-24.580368	1.093385	0	0	0	1
-4.214967	-23.704126	1.041001	0	0	0.90407214	0.42737988
-13.158784	18.792330	-2.830797	0	0	-0.69670669	0.71735611
-13.158784	18.792330	-2.830797	0	0	-0.54030229	0.84147099
-4.248802	-23.686344	1.039938	0	0	0	1
-2.363362	-24.677217	1.099174	0	0	0.94222235	0.33498812
-4.348557	-23.633919	1.036804	0	0	0	1
-2.268527	-24.727057	1.102154	0	0	0.94222235	0.33498812
-2.225874	-24.749474	1.103494	0	0	0	1
-2.206763	-24.759516	1.104095	0	0	0.94222235	0.33498812
-2.167777	-24.780005	1.105319	0	0	0.94222235	0.33498812
-1.582835	-25.087416	1.123697	0	0	0	1
-1.342491	-25.213726	1.131248	0	0	0	1
-1.286314	-25.243248	1.133013	0	0	0.94222235	0.33498812
-1.254425	-25.260008	1.134015	0	0	0	1
-1.178366	-25.299980	1.136405	0	0	0	1
-1.090971	-25.345909	1.139151	0	0	0	1
-5.664387	-22.942398	0.995463	0	0	0	1
-0.997985	-25.394777	1.142072	0	0	0.94222235	0.33498812
-0.800331	-25.498652	1.148282	0	0	0	1
-0.759194	-25.520271	1.149574	0	0	0	1
-0.544277	-25.633219	1.156326	0	0	0.94222235	0.33498812
-6.446939	-22.531137	0.970877	0	0	0.50484609	0.86320938
-6.781497	-22.355312	0.960366	0	0	0.50484609	0.86320938
-6.864322	-22.311785	0.957764	0	0	0	1
-7.009523	-22.235476	0.953202	0	0	0.85688874	0.51550139
0.613713	-26.241787	1.192708	0	0	0.85688874	0.51550139
0.796630	-26.337917	1.198455	0	0	0.97095818	0.23924928
1.073787	28.099527	-9.594792	0	0	-0.82533563	0.56464246
-8.000912	-21.714462	0.922054	0	0	0	1
-1.196235	-25.852510	1.136152	0	0	0.58850112	0.8084964
2.929581	-27.458868	1.265468	0	0	0.73739371	0.67546319
-9.945554	-20.692476	0.860958	0	0	0.50484609	0.86320938
-9.821207	-21.022278	0.704501	0	0	0.50484609	0.86320938
-10.536021	-20.382162	0.842406	0	0	0	1
-13.543310	20.227400	-3.693468	0	0	-0.69670669	0.71735611
-11.746400	-19.746061	0.804379	0	0	0.50484609	0.86320938
-11.746400	-19.746061	0.804379	0	0	0.73739371	0.67546319
-20.874149	10.472312	-0.661113	0	0	-0.45359611	0.89120736
-20.874149	10.472312	-0.661113	0	0	-0.26749883	0.96355818
-23.508806	1.233559	0.426708	0	0	-0.16996714	0.98544973
-23.508806	1.233559	0.426708	0	0	-0.070737201	0.99749499
-23.533049	1.193662	0.425975	0	0	0	1
-23.633650	1.028100	0.422935	0	0	-0.070737201	0.99749499
-23.682625	0.947501	0.421454	0	0	0	1
-22.932798	8.822784	-0.381584	0	0	-0.16996714	0.98544973
-23.907068	0.578132	0.414670	0	0	-0.070737201	0.99749499
-23.909094	0.574799	0.414609	0	0	0	1
-23.911449	0.570921	0.414538	0	0	-0.16996714	0.98544973
-23.994331	0.434523	0.412032	0	0	0.029199523	0.9995736
-24.261065	-0.004445	0.403970	0	0	0.029199523	0.9995736
-24.366081	-0.177271	0.400796	0	0	0	1
-24.459705	-0.331350	0.397966	0	0	0.029199523	0.9995736
-24.516182	-0.424296	0.396259	0	0	0.029199523	0.9995736
41.417385	13.488907	-11.710481	0	0	0.98999249	0.14112005
-25.249146	6.966773	-0.067065	0	0	0.029199523	0.9995736
-25.687567	-2.352060	0.360852	0	0	-0.16996714	0.98544973
-25.736586	-2.432730	0.359370	0	0	0	1
-25.626856	6.664125	-0.015778	0	0	0.029199523	0.9995736
-25.935638	-2.760317	0.353353	0	0	0	1
-26.292206	6.131002	0.074565	0	0	0.029199523	0.9995736
-26.394241	6.049243	0.088419	0	0	0.029199523	0.9995736
-25.602213	-8.019307	-0.991995	0	0	0.1288445	0.99166481
-25.602213	-8.019307	-0.991995	0	0	0.029199523	0.9995736
-12.157310	-28.174843	0.434261	0	0	0.85688874	0.51550139
43.184982	14.385324	-12.468508	0	0	0	1
-18.057957	-24.621836	-1.727223	0	0	0.73739371	0.67546319
-18.167652	-24.502253	-1.751875	0	0	0.73739371	0.67546319
-18.222826	-24.442104	-1.764274	0	0	0.73739371	0.67546319
-17.847250	-24.851538	-1.679871	0	0	0.32328956	0.94630009
-18.276592	-24.383490	-1.776357	0	0	0.73739371	0.67546319
-18.293781	-24.364750	-1.780220	0	0	0.73739371	0.67546319
-18.302485	-24.355265	-1.782176	0	0	0.73739371	0.67546319
-18.514256	-24.124401	-1.829767	0	0	0.73739371	0.67546319
-18.583618	-24.048784	-1.845355	0	0	0.32328956	0.94630009
-17.279869	-25.470072	-1.552363	0	0	0.66627604	0.74570519
-17.260817	-25.490841	-1.548081	0	0	0.73739371	0.67546319
-16.318029	-26.518623	-1.336208	0	0	0.80114363	0.59847213
-20.020159	-22.482737	-2.168190	0	0	0.32328956	0.94630009
-16.022337	-26.840975	-1.269756	0	0	0	1
-15.982257	-26.884666	-1.260749	0	0	0.32328956	0.94630009
-20.187937	-22.299831	-2.205895	0	0	0.58850112	0.8084964
-21.341059	-21.042751	-2.465037	0	0	0.58850112	0.8084964
-14.664591	-28.321125	-0.964629	0	0	0.80114363	0.59847213
-21.502659	-20.866583	-2.501354	0	0	0.32328956	0.94630009
-14.419634	-28.588165	-0.909580	0	0	0.85688874	0.51550139
-14.110593	-28.925068	-0.840129	0	0	0	1
-14.062512	-28.977482	-0.829324	0	0	0.85688874	0.51550139
-22.404627	-19.883301	-2.704053	0	0	0.50484609	0.86320938
-13.609469	-29.471369	-0.727511	0	0	0	1
-13.556383	-29.529240	-0.715581	0	0	0.85688874	0.51550139
-13.475552	-29.617359	-0.697415	0	0	0.85688874	0.51550139
-13.431296	-29.665604	-0.687470	0	0	0.85688874	0.51550139
-13.337311	-29.768063	-0.666348	0	0	0	1
-13.223983	-29.891607	-0.640880	0	0	0.85688874	0.51550139
-13.171618	-29.948694	-0.629112	0	0	0.85688874	0.51550139
-13.138240	-29.985081	-0.621611	0	0	0.85688874	0.51550139
-13.120308	-30.004629	-0.617581	0	0	0.85688874	0.51550139
-23.196766	-19.019749	-2.882071	0	0	0.41614682	0.90929743
-23.196766	-19.019749	-2.882071	0	0	0.32328956	0.94630009
-12.673725	-30.491472	-0.517220	0	0	0.80114363	0.59847213
-12.497831	-30.683224	-0.477692	0	0	0.85688874	0.51550139
-12.457825	-30.726837	-0.468701	0	0	0.85688874	0.51550139
-12.404308	-30.785179	-0.456674	0	0	0.85688874	0.51550139
-12.260737	-30.941692	-0.424409	0	0	0.58850112	0.8084964
-12.050129	-31.171288	-0.377079	0	0	0.85688874	0.51550139
-12.049768	-31.171680	-0.376998	0	0	0.85688874	0.51550139
-11.982030	-31.245527	-0.361775	0	0	0.85688874	0.51550139
-11.937721	-31.293829	-0.351818	0	0	0.85688874	0.51550139
-11.920617	-31.312475	-0.347974	0	0	0.85688874	0.51550139
-11.854120	-31.384968	-0.333030	0	0	0.85688874	0.51550139
-11.537763	-31.729847	-0.261935	0	0	0	1
-29.726351	3.889166	0.231701	0	0	0	1
-27.292530	16.890692	-5.857349	0	0	-0.54030229	0.84147099
4.666193	41.506573	-9.676364	0	0	-0.54030229	0.84147099
-6.183580	-37.566723	0.941315	0	0	0.90407214	0.42737988
32.082836	42.150093	-2.207187	0	0	0	1
-2.127156	-44.090336	1.117179	0	0	0.41614682	0.90929743
33.050228	37.227245	-26.889643	0	0	-0.95533648	0.29552023
23.877653	52.231335	-9.834620	0	0	-0.92106097	0.38941839
-19.574066	42.734486	-17.223257	0	0	0	1
16.626024	54.818352	-13.257288	0	0	0	1
-44.604633	6.886168	-6.948035	0	0	0.029199523	0.9995736
8.480804	55.742893	-16.061882	0	0	-0.92106097	0.38941839
16.712019	-54.371078	-10.228745	0	0	0	1
64.008018	15.991683	-37.934204	0	0	-0.99500417	0.099833397
42.843105	-54.145523	-23.580446	0	0	0.73739371	0.67546319
70.509155	-15.378574	-39.458271	0	0	0.97095818	0.23924928
67.139359	-33.286133	-32.593613	0	0	0	1
-64.714302	54.312466	-36.153530	0	0	-0.16996714	0.98544973
45.981720	93.714005	-25.312054	0	0	0	1
16.280376	109.321487	-41.960915	0	0	-0.95533648	0.29552023
-34.551334	98.630409	-50.824234	0	0	0	1
-0.066516	110.141701	-47.046185	0	0	-0.45359611	0.89120736
112.485168	28.981094	-71.878265	0	0	-0.98006658	0.19866933
79.268623	83.445641	-71.097595	0	0	-0.87758258	0.4794255
112.543999	-35.221680	-71.895241	0	0	0.99913515	0.041580682
23.822792	112.999969	-69.042717	0	0	-0.76484218	0.64421769
79.386292	-89.788132	-71.143982	0	0	0.94222235	0.33498812
-37.701969	110.388748	-66.967300	0	0	-0.54030229	0.84147099
23.857952	-119.356010	-69.241318	0	0	0.85688874	0.51550139
-88.612732	78.210892	-65.453156	0	0	-0.26749883	0.96355818
-37.743259	-116.767662	-67.130875	0	0	0.66627604	0.74570519
-116.813591	26.234499	-64.905998	0	0	-0.070737201	0.99749499
-88.708893	-84.531876	-65.544502	0	0	0.41614682	0.90929743
-116.882683	-32.477837	-64.907272	0	0	0.22720209	0.97384763
