94.060989	-17.745996	-32.107861	0	0	0.99913515	0.041580682
94.326088	-17.922483	-32.016914	0	0	0.85688874	0.51550139
93.760925	-17.633142	-32.196156	0	0	0.99913515	0.041580682
94.589058	-18.103830	-31.903784	0	0	0.85688874	0.51550139
93.418335	-17.608791	-32.276615	0	0	0.85688874	0.51550139
94.838631	-18.277882	-31.781103	0	0	0.85688874	0.51550139
92.995209	-17.715588	-32.351170	0	0	0.85688874	0.51550139
92.500389	-17.975470	-32.408127	0	0	-0.95533648	0.29552023
91.607224	-18.518534	-32.401802	0	0	-0.95533648	0.29552023
90.574471	-18.958927	-32.374260	0	0	-0.95533648	0.29552023
93.198387	-22.729309	-31.874243	0	0	0.98999249	0.14112005
93.470680	-22.778042	-31.908365	0	0	0.99913515	0.041580682
92.903282	-22.676493	-31.837259	0	0	0.98999249	0.14112005
93.739113	-22.826084	-31.942005	0	0	0.99913515	0.041580682
92.581764	-22.618950	-31.796968	0	0	0.99913515	0.041580682
93.992371	-22.871410	-31.973743	0	0	0.99913515	0.041580682
92.341805	-22.576004	-31.766897	0	0	0.99913515	0.041580682
92.205078	-22.551533	-31.749762	0	0	0.98999249	0.14112005
91.784004	-22.476171	-31.696995	0	0	0.98999249	0.14112005
91.023537	-22.340069	-31.601694	0	0	0.94222235	0.33498812
90.109772	-22.176531	-31.487183	0	0	0.85688874	0.51550139
89.046524	-21.986237	-31.353939	0	-0	-1	-4.371139e-08
85.724243	-21.391640	-30.937595	0	0	-0.99500417	0.099833397
117.234550	-27.031130	-34.886410	0	0	0.98999249	0.14112005
119.568512	-27.448847	-35.178898	0	-0	-1	-4.371139e-08
104.173317	4.177750	-52.844288	0	0	0	1
107.012589	4.362386	-53.726368	0	0	-0.98006658	0.19866933
127.257828	-28.825026	-36.142509	0	0	0.99913515	0.041580682
111.079361	4.626845	-54.989792	0	0	0.99913515	0.041580682
131.410202	-29.568190	-36.662876	0	0	0.85688874	0.51550139
133.847183	-30.004341	-36.968273	0	0	0.90407214	0.42737988
142.526459	-31.557695	-38.055946	0	0	0.97095818	0.23924928
70.298996	18.950859	-59.255077	0	0	0	1
70.427185	18.985207	-59.320854	0	0	-0.98006658	0.19866933
70.130821	18.905796	-59.168789	0	0	0	1
70.544281	19.016584	-59.380936	0	0	-0.98006658	0.19866933
70.649139	19.044680	-59.434734	0	0	0	1
69.910019	18.846634	-59.055500	0	0	0	1
69.600304	18.763647	-58.896587	0	0	0	1
69.199402	18.656223	-58.690884	0	0	0	1
68.418968	18.447107	-58.290447	0	0	0	1
67.546440	18.213314	-57.842754	0	0	0	1
130.674805	5.901124	-61.077515	0	0	0.98999249	0.14112005
132.174515	5.998649	-61.543423	0	0	0	1
135.260696	3.173752	-59.484001	0	0	0	1
133.030807	6.054333	-61.809452	0	0	0	1
131.373611	10.811746	-66.147919	0	0	0	1
102.233818	26.295696	-74.431564	0	0	0	1
50.815468	-61.871532	-33.319649	0	0	0.90407214	0.42737988
50.621624	-61.682831	-33.273090	0	0	0.90407214	0.42737988
51.022442	-62.073013	-33.369366	0	0	0.94222235	0.33498812
50.448601	-61.514400	-33.231529	0	0	0.94222235	0.33498812
51.228062	-62.273174	-33.418755	0	0	0.94222235	0.33498812
50.298374	-61.368160	-33.195442	0	0	0.94222235	0.33498812
51.422314	-62.462269	-33.465412	0	0	0.94222235	0.33498812
50.184597	-61.257404	-33.168114	0	0	0.94222235	0.33498812
50.002064	-61.079716	-33.124271	0	0	0.94222235	0.33498812
49.697544	-60.783279	-33.051125	0	0	0.90407214	0.42737988
53.150558	-64.144646	-33.880539	0	0	0.94222235	0.33498812
56.642323	-67.543747	-34.719261	0	0	0.94222235	0.33498812
57.431461	-68.311935	-34.908813	0	-0	-1	-4.371139e-08
104.222458	26.827801	-75.451180	0	0	-0.98006658	0.19866933
40.384998	-51.717884	-30.814251	0	0	0.94222235	0.33498812
39.580826	-50.935051	-30.621088	0	0	0.94222235	0.33498812
107.973099	27.831369	-77.374207	0	0	0.99913515	0.041580682
146.324860	6.918836	-65.939514	0	0	0.94222235	0.33498812
29.280687	-40.908279	-28.146994	0	0	0.90407214	0.42737988
150.503601	7.190577	-67.237732	0	0	0.97095818	0.23924928
124.801254	27.165394	-80.846207	0	0	0	1
22.741009	-34.542164	-26.576162	0	0	0.94222235	0.33498812
115.878624	31.163885	-82.641769	0	0	0.97095818	0.23924928
21.739176	-33.566917	-26.335522	0	0	0.94222235	0.33498812
117.061134	31.480738	-83.248512	0	0	-0.87758258	0.4794255
122.398384	29.660652	-82.744751	0	0	0	1
20.412104	-32.275063	-26.016760	0	0	0.94222235	0.33498812
147.529572	15.728277	-75.023590	0	0	0.97095818	0.23924928
100.751526	27.110590	-93.675682	0	0	-0.98006658	0.19866933
141.587021	20.519983	-78.342934	0	0	0	1
120.499985	32.402176	-85.012962	0	0	0	1
121.069344	32.554733	-85.305099	0	0	0.97095818	0.23924928
94.080612	41.486820	-87.581589	0	-0	-1	-4.371139e-08
91.805588	41.877056	-87.411667	0	0	0	1
97.949402	42.319614	-89.363297	0	0	0	1
131.346542	35.308502	-90.578285	0	0	-0.87758258	0.4794255
133.560287	35.901672	-91.714142	0	0	0	1
129.221497	-38.649025	-113.534218	0	0	0.99913515	0.041580682
3.161071	-45.241043	-26.176201	0	0	0.80114363	0.59847213
3.189571	-45.338928	-26.193188	0	0	0.80114363	0.59847213
3.115948	-45.086060	-26.149303	0	0	0.80114363	0.59847213
3.112786	-45.075203	-26.147419	0	0	0.80114363	0.59847213
3.223194	-45.454414	-26.213230	0	0	0.80114363	0.59847213
3.224807	-45.459953	-26.214191	0	0	0.80114363	0.59847213
3.084025	-44.976418	-26.130274	0	0	0.80114363	0.59847213
3.083122	-44.973316	-26.129736	0	0	0.80114363	0.59847213
3.285420	-45.668137	-26.250322	0	0	0.80114363	0.59847213
3.344289	-45.870331	-26.285414	0	0	0.80114363	0.59847213
-2.135241	-27.050100	-23.019152	0	0	0.90407214	0.42737988
-3.785226	-21.382988	-22.035622	0	0	0.85688874	0.51550139
-5.371589	-15.934397	-21.090015	0	0	0.85688874	0.51550139
-8.850619	-3.985164	-19.016220	0	0	0	1
-8.850619	-3.985164	-19.016220	0	0	0	1
-8.850619	-3.985164	-19.016220	0	0	0	1
-8.850619	-3.985164	-19.016220	0	0	0	1
-8.850619	-3.985164	-19.016220	0	0	0	1
-8.850619	-3.985164	-19.016220	0	0	0	1
-9.825804	-4.402198	-18.979551	0	0	0	1
-9.825804	-4.402198	-18.979551	0	0	0	1
-9.825804	-4.402198	-18.979551	0	0	0	1
-9.825804	-4.402198	-18.979551	0	0	0	1
-9.825804	-4.402198	-18.979551	0	0	0	1
-9.825804	-4.402198	-18.979551	0	0	0	1
-9.825804	-4.402198	-18.979551	0	0	0	1
-9.825804	-4.402198	-18.979551	0	0	0	1
-9.825804	-4.402198	-18.979551	0	0	0	1
-9.825804	-4.402198	-18.979551	0	0	0	1
-9.825804	-4.402198	-18.979551	0	0	0	1
-9.825804	-4.402198	-18.979551	0	0	0	1
-9.825804	-4.402198	-18.979551	0	0	0	1
-9.825804	-4.402198	-18.979551	0	0	0	1
-9.825804	-4.402198	-18.979551	0	0	0	1
-9.825804	-4.402198	-18.979551	0	0	0	1
-9.917919	-4.248996	-19.044052	0	0	0.58850112	0.8084964
-9.917919	-4.248996	-19.044052	0	0	0.58850112	0.8084964
-9.917919	-4.248996	-19.044052	0	0	0.58850112	0.8084964
-13.363413	-7.725657	-19.108345	0	0	0.66627604	0.74570519
-13.363413	-7.725657	-19.108345	0	0	0.66627604	0.74570519
-13.363413	-7.725657	-19.108345	0	0	0.66627604	0.74570519
-13.363413	-7.725657	-19.108345	0	0	0.66627604	0.74570519
-13.363413	-7.725657	-19.108345	0	0	0.029199523	0.9995736
-13.363413	-7.725657	-19.108345	0	0	0.66627604	0.74570519
-13.363413	-7.725657	-19.108345	0	0	0.66627604	0.74570519
-13.363413	-7.725657	-19.108345	0	0	0.66627604	0.74570519
-13.363413	-7.725657	-19.108345	0	0	0.66627604	0.74570519
-13.363413	-7.725657	-19.108345	0	0	0.66627604	0.74570519
-13.363413	-7.725657	-19.108345	0	0	0.66627604	0.74570519
-13.363413	-7.725657	-19.108345	0	0	0.66627604	0.74570519
-13.363413	-7.725657	-19.108345	0	0	0.66627604	0.74570519
-13.363413	-7.725657	-19.108345	0	0	0.66627604	0.74570519
-13.363413	-7.725657	-19.108345	0	0	0.66627604	0.74570519
-13.363413	-7.725657	-19.108345	0	0	0.029199523	0.9995736
-13.363413	-7.725657	-19.108345	0	0	0.66627604	0.74570519
-13.363413	-7.725657	-19.108345	0	0	0.66627604	0.74570519
-13.363413	-7.725657	-19.108345	0	0	0.66627604	0.74570519
107.297333	-116.974892	-127.404678	0	0	0.94222235	0.33498812
36.075779	-165.412735	-131.782257	0	0	0.85688874	0.51550139
-91.546295	-39.313946	-55.459068	0	0	0.50484609	0.86320938
-26.918167	-164.187103	-122.578400	0	0	0.73739371	0.67546319
-100.709335	-84.842178	-82.616882	0	0	0.58850112	0.8084964
-71.815483	-137.211975	-103.841164	0	0	0.73739371	0.67546319
