14.540767	-3.636325	137.944702	0	0	-0.82533563	0.56464246
14.557016	-3.139940	137.954163	0	0	-0.82533563	0.56464246
14.934158	-4.055408	137.609024	0	0	0.90407214	0.42737988
15.147974	-4.385390	137.626663	0	0	0.90407214	0.42737988
14.520502	-2.464494	138.087616	0	0	0.90407214	0.42737988
15.394086	-4.986785	137.523788	0	0	0.90407214	0.42737988
14.714635	-1.663764	138.448486	0	0	0.90407214	0.42737988
14.733820	-1.376938	138.137970	0	0	0.90407214	0.42737988
14.561643	-0.813337	138.874878	0	0	0.90407214	0.42737988
16.041185	-6.235126	137.682159	0	0	-0.87758258	0.4794255
16.267122	-6.101931	137.654938	0	0	-0.87758258	0.4794255
16.162046	-6.141815	137.449234	0	0	0.90407214	0.42737988
16.084198	-6.182095	137.403046	0	0	0.90407214	0.42737988
16.142313	-6.147995	137.397629	0	0	0.90407214	0.42737988
16.535715	-5.954947	137.735001	0	0	0.90407214	0.42737988
17.041443	-5.693913	138.041351	0	0	0.90407214	0.42737988
17.165644	-5.588980	137.712448	0	0	0.90407214	0.42737988
17.310368	-5.574268	138.393921	0	0	-0.69670669	0.71735611
17.429115	-5.454721	137.889206	0	0	-0.82533563	0.56464246
14.467411	-0.297559	139.017807	0	0	0.90407214	0.42737988
17.467361	-5.493624	138.492874	0	0	-0.76484218	0.64421769
15.838013	0.007840	136.925735	0	0	0.90407214	0.42737988
14.060357	0.380139	138.478668	0	0	0.90407214	0.42737988
18.538332	-4.669249	136.453247	0	0	0.90407214	0.42737988
19.556707	-4.382823	139.438049	0	0	-0.95533648	0.29552023
21.936802	-2.958288	138.939270	0	0	0	1
21.954710	-2.951617	138.975586	0	0	0.90407214	0.42737988
23.170118	-2.498829	141.439651	0	0	0	1
21.785513	1.451705	141.396683	0	0	0.97095818	0.23924928
23.279274	-2.458164	141.660950	0	0	-0.99500417	0.099833397
23.967531	-2.201761	143.056305	0	0	0.98999249	0.14112005
7.743462	-5.400106	147.884109	0	0	-0.69670669	0.71735611
18.107763	8.031948	138.860825	0	0	0	1
10.603851	-10.354445	147.383606	0	0	-0.76484218	0.64421769
18.876251	9.039451	141.846893	0	0	0	1
9.642437	12.541514	141.226624	0	0	-0.87758258	0.4794255
13.745311	13.163500	146.422607	0	0	0	1
6.910944	14.677332	143.527771	0	0	0	1
-3.116804	14.021246	137.944702	0	0	-0.95533648	0.29552023
-3.187733	13.950317	137.626663	0	0	-0.87758258	0.4794255
-3.129650	14.008400	137.609024	0	0	-0.87758258	0.4794255
-2.860487	14.277563	137.954163	0	0	-0.95533648	0.29552023
-3.365375	13.772676	137.523788	0	0	-0.87758258	0.4794255
-2.541021	14.597029	138.087616	0	0	-0.87758258	0.4794255
-2.043590	15.094460	138.448486	0	0	-0.87758258	0.4794255
-1.890584	15.247466	138.137970	0	0	-0.82533563	0.56464246
-1.621862	15.516189	137.538849	0	0	-0.82533563	0.56464246
-1.694872	15.443177	138.874878	0	0	-0.87758258	0.4794255
-1.484099	15.653952	139.017807	0	0	-0.87758258	0.4794255
-1.348777	15.789273	138.478668	0	0	-0.87758258	0.4794255
-0.318660	16.819389	141.686966	0	0	0	1
0.029019	17.167068	142.793640	0	0	-0.87758258	0.4794255
0.093845	17.231895	142.999985	0	0	0	1
0.583682	17.721731	144.559143	0	0	0.97095818	0.23924928
0.664227	17.802277	144.815521	0	0	-0.82533563	0.56464246
-7.397346	9.740704	147.884109	0	0	-0.76484218	0.64421769
1.781777	18.919827	148.372711	0	0	-0.54030229	0.84147099
14.540767	-34.695358	135.227386	0	0	0.98999249	0.14112005
14.557016	-34.692410	135.193680	0	0	0.98999249	0.14112005
14.520502	-34.698868	135.267471	0	0	-0.99500417	0.099833397
14.733820	-34.694977	135.223007	0	0	-0.92106097	0.38941839
14.714635	-34.724117	135.556076	0	0	-0.99500417	0.099833397
14.934158	-34.669399	134.930649	0	0	-0.99500417	0.099833397
14.060357	-34.711212	135.408569	0	0	-0.99500417	0.099833397
15.147974	-34.673435	134.976807	0	0	-0.99500417	0.099833397
14.561643	-34.754677	135.905396	0	0	-0.99500417	0.099833397
14.467411	-34.763168	136.002457	0	0	-0.99500417	0.099833397
15.394086	-34.669075	134.926926	0	0	-0.99500417	0.099833397
15.838013	-34.579208	133.899765	0	0	-0.95533648	0.29552023
9.898919	-34.704720	135.334366	0	-0	-1	-4.371139e-08
9.701733	-34.850746	137.003464	0	0	0.98999249	0.14112005
19.657312	-34.604679	134.190918	0	0	-0.98006658	0.19866933
19.784176	-34.835697	136.831467	0	-0	-1	-4.371139e-08
21.956339	-34.379745	131.619919	0	0	0.98999249	0.14112005
23.677855	-34.860035	137.109619	0	0	0.98999249	0.14112005
7.743462	-35.571739	145.244446	0	0	0.94222235	0.33498812
-31.092701	8.591126	137.944702	0	0	-0.76484218	0.64421769
-31.171120	8.298465	137.609024	0	0	-0.76484218	0.64421769
-30.967516	9.058322	137.954163	0	0	-0.76484218	0.64421769
-31.239292	8.044041	137.626663	0	0	-0.76484218	0.64421769
-30.801102	9.679394	138.087616	0	0	-0.82533563	0.56464246
-31.373156	7.544459	137.523788	0	0	-0.76484218	0.64421769
-30.587915	10.475018	138.448486	0	0	-0.76484218	0.64421769
-30.514923	10.747426	138.137970	0	0	-0.82533563	0.56464246
-30.385557	11.230228	138.874878	0	0	-0.82533563	0.56464246
-30.262924	11.687899	139.017807	0	0	-0.82533563	0.56464246
-30.120768	12.218436	138.478668	0	0	-0.82533563	0.56464246
-30.094761	12.315490	136.925735	0	0	-0.82533563	0.56464246
-29.045681	16.230715	140.343506	0	0	-0.69670669	0.71735611
-31.988979	5.246170	147.884109	0	0	-0.69670669	0.71735611
-27.676804	21.339428	137.975754	0	0	-0.62160997	0.7833269
-27.336151	22.610764	141.162445	0	0	-0.82533563	0.56464246
-27.017551	23.799795	140.864258	0	0	-0.76484218	0.64421769
-26.037903	27.455893	141.951981	0	0	-0.76484218	0.64421769
-25.761986	28.485628	144.533157	0	0	0	1
-13.086496	-51.488148	133.110550	0	0	0.94222235	0.33498812
-13.287998	-51.368919	133.081924	0	0	0.94222235	0.33498812
-13.611502	-51.190552	133.165146	0	0	0.97095818	0.23924928
-12.596045	-51.739113	132.791870	0	0	0.97095818	0.23924928
-13.825292	-51.096363	133.454651	0	0	0.97095818	0.23924928
-12.294241	-51.916698	132.824905	0	0	0.97095818	0.23924928
-13.920642	-51.007919	133.124084	0	0	0.99913515	0.041580682
-11.846290	-52.168499	132.757339	0	0	0.97095818	0.23924928
-13.632847	-51.037186	131.769012	0	0	0.99913515	0.041580682
-14.324286	-50.845230	133.820496	0	0	0.97095818	0.23924928
-14.622984	-50.683601	133.927643	0	0	0.97095818	0.23924928
-14.523145	-50.545998	131.994949	0	0	0.98999249	0.14112005
-15.196866	-50.294857	133.359314	0	0	0.97095818	0.23924928
-15.671731	-50.152119	134.660263	0	0	0.97095818	0.23924928
-8.786999	-54.127285	134.662903	0	0	0.94222235	0.33498812
-17.870935	-49.765541	143.402176	0	0	0.90407214	0.42737988
-23.339319	-45.215050	129.610107	0	0	0.94222235	0.33498812
-23.878948	-45.476952	135.286575	0	0	0.90407214	0.42737988
-43.019169	-8.494908	137.020416	0	0	-0.69670669	0.71735611
-43.020390	-8.490351	137.072510	0	0	-0.62160997	0.7833269
-43.024887	-8.473569	137.264328	0	0	-0.69670669	0.71735611
-43.010296	-8.528019	136.641968	0	0	-0.69670669	0.71735611
-43.028152	-8.461376	137.403687	0	0	-0.69670669	0.71735611
-43.009918	-8.529428	136.625854	0	0	-0.69670669	0.71735611
-43.006168	-8.543422	136.465912	0	0	-0.69670669	0.71735611
-43.034798	-8.436569	137.687241	0	0	-0.69670669	0.71735611
-43.002182	-8.558303	136.295822	0	0	-0.69670669	0.71735611
-43.040016	-8.417102	137.909744	0	0	-0.69670669	0.71735611
-43.046528	-8.392800	138.187515	0	0	-0.69670669	0.71735611
-43.050953	-8.376290	138.376221	0	0	-0.69670669	0.71735611
-43.108440	-8.161742	137.975754	0	0	-0.62160997	0.7833269
-43.081638	-8.261758	139.685349	0	0	-0.54030229	0.84147099
-27.687855	-43.119320	133.717056	0	0	0.97095818	0.23924928
-43.750694	-5.764807	140.864258	0	0	-0.62160997	0.7833269
-43.250393	-7.631961	146.883957	0	0	-0.62160997	0.7833269
-44.782887	-1.912618	141.162445	0	0	-0.62160997	0.7833269
-21.579609	-17.446749	185.956238	0	0	-0.95533648	0.29552023
-27.504259	-10.366210	183.680420	0	0	-0.92106097	0.38941839
-47.093777	6.711735	140.293900	0	0	-0.62160997	0.7833269
-49.389839	-12.162169	134.396240	0	0	-0.45359611	0.89120736
-49.392395	-12.159614	134.436127	0	0	-0.45359611	0.89120736
-49.403770	-12.148240	134.613708	0	0	-0.45359611	0.89120736
-49.410522	-12.141484	134.719193	0	0	-0.45359611	0.89120736
-49.365211	-12.186798	134.011688	0	0	-0.45359611	0.89120736
-49.364120	-12.187889	133.994644	0	0	-0.45359611	0.89120736
-49.421009	-12.131000	134.882904	0	0	-0.45359611	0.89120736
-49.354137	-12.197872	133.838760	0	0	-0.45359611	0.89120736
-49.429161	-12.122848	135.010193	0	0	-0.45359611	0.89120736
-49.442055	-12.109952	135.211533	0	0	-0.45359611	0.89120736
-49.334660	-12.217349	133.534653	0	0	-0.45359611	0.89120736
-49.460331	-12.091678	135.496857	0	0	-0.45359611	0.89120736
-49.471889	-12.080117	135.677368	0	0	-0.45359611	0.89120736
-49.483727	-12.068283	135.862137	0	0	-0.36235775	0.93203909
-49.528404	-12.023605	136.559723	0	0	-0.45359611	0.89120736
-49.614574	-11.937433	137.905197	0	0	-0.45359611	0.89120736
-49.662189	-11.889818	138.648651	0	0	-0.45359611	0.89120736
-49.680344	-11.871664	138.932098	0	0	-0.45359611	0.89120736
-50.041721	-11.510288	144.574524	0	0	-0.45359611	0.89120736
-49.100193	14.199786	137.535828	0	0	-0.45359611	0.89120736
-20.449928	-27.269907	191.711838	0	0	0.99913515	0.041580682
-44.540127	-37.746696	131.976151	0	0	0.80114363	0.59847213
-44.749992	-37.380859	131.962784	0	0	0.80114363	0.59847213
-44.234211	-38.216282	131.631653	0	0	0.80114363	0.59847213
-44.039062	-38.557041	131.647400	0	0	0.80114363	0.59847213
-45.059620	-36.863094	132.068634	0	0	0.73739371	0.67546319
-44.850704	-37.461498	133.420532	0	0	0.80114363	0.59847213
-43.709965	-39.110527	131.552917	0	0	0.80114363	0.59847213
-45.381207	-36.360115	132.377411	0	0	0.73739371	0.67546319
-45.476208	-36.139214	132.055359	0	0	0.73739371	0.67546319
-45.817837	-35.673447	132.775162	0	0	0.73739371	0.67546319
-45.697792	-35.519875	130.709198	0	0	0.73739371	0.67546319
-46.074322	-35.251347	132.901688	0	0	0.66627604	0.74570519
-46.429089	-34.543457	132.367828	0	0	0.66627604	0.74570519
-52.223236	-18.756273	132.458054	0	0	-0.16996714	0.98544973
-52.224945	-18.755816	132.477585	0	0	-0.16996714	0.98544973
-52.212093	-18.759260	132.330688	0	0	-0.16996714	0.98544973
-52.238178	-18.752272	132.628815	0	0	-0.16996714	0.98544973
-52.206470	-18.760765	132.266434	0	0	-0.16996714	0.98544973
-52.243137	-18.750940	132.685532	0	0	-0.16996714	0.98544973
-52.190269	-18.765108	132.081223	0	0	-0.16996714	0.98544973
-52.189507	-18.765312	132.072510	0	0	-0.16996714	0.98544973
-52.177486	-18.768532	131.935120	0	0	-0.16996714	0.98544973
-52.269646	-18.743837	132.988525	0	0	-0.16996714	0.98544973
-52.281391	-18.740692	133.122757	0	0	-0.16996714	0.98544973
-52.309540	-18.733149	133.444504	0	0	-0.16996714	0.98544973
-52.132381	-18.780619	131.419556	0	0	-0.16996714	0.98544973
-52.323708	-18.729353	133.606430	0	0	-0.16996714	0.98544973
-52.373707	-18.715956	134.177917	0	0	-0.16996714	0.98544973
-52.467079	-18.690937	135.245193	0	0	-0.16996714	0.98544973
-52.514450	-18.678244	135.786636	0	0	-0.16996714	0.98544973
-52.572407	-18.662714	136.449066	0	0	-0.16996714	0.98544973
-48.401684	-31.263636	133.149734	0	0	0.50484609	0.86320938
-48.268944	-31.130892	131.077133	0	0	0.50484609	0.86320938
-48.441326	-31.303278	133.768707	0	0	0.50484609	0.86320938
-48.495483	-31.357433	134.614288	0	0	0.50484609	0.86320938
-48.131626	-30.993576	128.933090	0	0	0.32328956	0.94630009
-46.267605	-36.583412	142.427750	0	0	0.73739371	0.67546319
-53.133766	-18.512299	142.865433	0	0	-0.16996714	0.98544973
-51.218098	-25.388359	131.678024	0	0	0.029199523	0.9995736
-51.218410	-25.388443	131.681595	0	0	0.029199523	0.9995736
-51.228580	-25.391169	131.797852	0	0	0.029199523	0.9995736
-51.229118	-25.391312	131.804001	0	0	0.029199523	0.9995736
-51.187729	-25.380220	131.330872	0	0	0.029199523	0.9995736
-51.187149	-25.380066	131.324249	0	0	0.029199523	0.9995736
-51.256794	-25.398727	132.120331	0	0	0.029199523	0.9995736
-51.178154	-25.377655	131.221466	0	0	0.029199523	0.9995736
-51.260223	-25.399647	132.159515	0	0	0.029199523	0.9995736
-51.157253	-25.372055	130.982574	0	0	0.1288445	0.99166481
-51.293228	-25.408489	132.536758	0	0	0.029199523	0.9995736
-51.305298	-25.411724	132.674698	0	0	0.029199523	0.9995736
-51.112728	-25.360125	130.473618	0	0	0.029199523	0.9995736
-51.345528	-25.422503	133.134537	0	0	0.029199523	0.9995736
-51.051617	-25.343750	129.775116	0	0	0.029199523	0.9995736
-51.401649	-25.437542	133.776031	0	0	0.029199523	0.9995736
-51.405392	-25.438543	133.818787	0	0	0.029199523	0.9995736
-51.501167	-25.464207	134.913528	0	0	0.029199523	0.9995736
-52.136116	-25.634340	142.170990	0	0	0.029199523	0.9995736
-25.244907	-36.307102	199.404984	0	0	0.94222235	0.33498812
-61.640110	10.045094	184.559418	0	0	0.029199523	0.9995736
-15.666239	-110.577423	200.447449	0	0	0.99913515	0.041580682
-152.440628	-4.041733	187.920441	0	0	0.58850112	0.8084964
-78.175758	-167.125229	200.447449	0	0	0.97095818	0.23924928
-187.781158	-86.014435	194.263657	0	0	0.73739371	0.67546319
-152.440628	-147.226013	200.447449	0	0	0.90407214	0.42737988
