0.741571	-24.879467	129.901093	0.000000	0.000000	3.058407
-4.561296	-33.886509	131.504745	0.000000	0.000000	2.458407
-13.664969	-38.828732	135.737808	0.000000	0.000000	1.858407
-24.517418	-40.956505	141.230698	0.000000	0.000000	1.658407
-64.108582	-64.944130	143.078491	0.000000	0.000000	1.858407
-124.383560	-47.931065	143.078491	0.000000	0.000000	1.458407
-140.218521	11.165807	143.078491	0.000000	0.000000	1.058407
-140.218521	11.165807	143.078491	0.000000	0.000000	1.058407
-140.218521	11.165807	143.078491	0.000000	0.000000	1.058407
-112.782059	58.687153	138.277725	0.000000	0.000000	0.658407
-44.714451	66.305107	133.430359	0.000000	0.000000	-0.141593
0.943807	11.165807	130.728394	0.000000	0.000000	-1.141593
0.741571	-24.879467	129.901093	0.000000	0.000000	3.058407
-4.561296	-33.886509	131.504745	0.000000	0.000000	2.458407
-13.664969	-38.828732	135.737808	0.000000	0.000000	1.858407
-24.517418	-40.956505	141.230698	0.000000	0.000000	1.658407
-64.108582	-64.944130	143.078491	0.000000	0.000000	1.858407
-124.383560	-47.931065	143.078491	0.000000	0.000000	1.458407
-140.218521	11.165807	143.078491	0.000000	0.000000	1.058407
-140.218521	11.165807	143.078491	0.000000	0.000000	1.058407
-140.218521	11.165807	143.078491	0.000000	0.000000	1.058407
-112.782059	58.687153	138.277725	0.000000	0.000000	0.658407
-44.714451	66.305107	133.430359	0.000000	0.000000	-0.141593
0.943807	11.165807	130.728394	0.000000	0.000000	-1.141593
0.741571	-24.879467	129.901093	0.000000	0.000000	3.058407
-4.561296	-33.886509	131.504745	0.000000	0.000000	2.458407
-13.664969	-38.828732	135.737808	0.000000	0.000000	1.858407
-24.517418	-40.956505	141.230698	0.000000	0.000000	1.658407
-64.108582	-64.944130	143.078491	0.000000	0.000000	1.858407
-124.383560	-47.931065	143.078491	0.000000	0.000000	1.458407
-140.218521	11.165807	143.078491	0.000000	0.000000	1.058407
-140.218521	11.165807	143.078491	0.000000	0.000000	1.058407
-140.218521	11.165807	143.078491	0.000000	0.000000	1.058407
-112.782059	58.687153	138.277725	0.000000	0.000000	0.658407
-44.714451	66.305107	133.430359	0.000000	0.000000	-0.141593
0.943807	11.165807	130.728394	0.000000	0.000000	-1.141593
0.741571	-24.879467	129.901093	0.000000	0.000000	3.058407
-4.561296	-33.886509	131.504745	0.000000	0.000000	2.458407
-13.664969	-38.828732	135.737808	0.000000	0.000000	1.858407
-24.517418	-40.956505	141.230698	0.000000	0.000000	1.658407
-64.108582	-64.944130	143.078491	0.000000	0.000000	1.858407
-124.383560	-47.931065	143.078491	0.000000	0.000000	1.458407
-140.218521	11.165807	143.078491	0.000000	0.000000	1.058407
-140.218521	11.165807	143.078491	0.000000	0.000000	1.058407
-140.218521	11.165807	143.078491	0.000000	0.000000	1.058407
-112.782059	58.687153	138.277725	0.000000	0.000000	0.658407
-44.714451	66.305107	133.430359	0.000000	0.000000	-0.141593
0.943807	11.165807	130.728394	0.000000	0.000000	-1.141593
0.741571	-24.879467	129.901093	0.000000	0.000000	3.058407
-4.561296	-33.886509	131.504745	0.000000	0.000000	2.458407
-13.664969	-38.828732	135.737808	0.000000	0.000000	1.858407
-24.517418	-40.956505	141.230698	0.000000	0.000000	1.658407
-64.108582	-64.944130	143.078491	0.000000	0.000000	1.858407
-124.383560	-47.931065	143.078491	0.000000	0.000000	1.458407
-140.218521	11.165807	143.078491	0.000000	0.000000	1.058407
-140.218521	11.165807	143.078491	0.000000	0.000000	1.058407
-140.218521	11.165807	143.078491	0.000000	0.000000	1.058407
-112.782059	58.687153	138.277725	0.000000	0.000000	0.658407
-44.714451	66.305107	133.430359	0.000000	0.000000	-0.141593
0.943807	11.165807	130.728394	0.000000	0.000000	-1.141593
0.741571	-24.879467	129.901093	0.000000	0.000000	3.058407
-4.561296	-33.886509	131.504745	0.000000	0.000000	2.458407
-13.664969	-38.828732	135.737808	0.000000	0.000000	1.858407
-24.517418	-40.956505	141.230698	0.000000	0.000000	1.658407
-64.108582	-64.944130	143.078491	0.000000	0.000000	1.858407
-124.383560	-47.931065	143.078491	0.000000	0.000000	1.458407
-140.218521	11.165807	143.078491	0.000000	0.000000	1.058407
-140.218521	11.165807	143.078491	0.000000	0.000000	1.058407
-140.218521	11.165807	143.078491	0.000000	0.000000	1.058407
-112.782059	58.687153	138.277725	0.000000	0.000000	0.658407
-44.714451	66.305107	133.430359	0.000000	0.000000	-0.141593
0.943807	11.165807	130.728394	0.000000	0.000000	-1.141593
0.741571	-24.879467	129.901093	0.000000	0.000000	3.058407
-4.561296	-33.886509	131.504745	0.000000	0.000000	2.458407
-13.664969	-38.828732	135.737808	0.000000	0.000000	1.858407
-24.517418	-40.956505	141.230698	0.000000	0.000000	1.658407
-64.108582	-64.944130	143.078491	0.000000	0.000000	1.858407
-124.383560	-47.931065	143.078491	0.000000	0.000000	1.458407
-140.218521	11.165807	143.078491	0.000000	0.000000	1.058407
-140.218521	11.165807	143.078491	0.000000	0.000000	1.058407
-140.218521	11.165807	143.078491	0.000000	0.000000	1.058407
-112.782059	58.687153	138.277725	0.000000	0.000000	0.658407
-44.714451	66.305107	133.430359	0.000000	0.000000	-0.141593
0.943807	11.165807	130.728394	0.000000	0.000000	-1.141593
0.741571	-24.879467	129.901093	0.000000	0.000000	3.058407
-4.561296	-33.886509	131.504745	0.000000	0.000000	2.458407
-13.664969	-38.828732	135.737808	0.000000	0.000000	1.858407
-24.517418	-40.956505	141.230698	0.000000	0.000000	1.658407
-64.108582	-64.944130	143.078491	0.000000	0.000000	1.858407
-124.383560	-47.931065	143.078491	0.000000	0.000000	1.458407
-140.218521	11.165807	143.078491	0.000000	0.000000	1.058407
-140.218521	11.165807	143.078491	0.000000	0.000000	1.058407
-140.218521	11.165807	143.078491	0.000000	0.000000	1.058407
-112.782059	58.687153	138.277725	0.000000	0.000000	0.658407
-44.714451	66.305107	133.430359	0.000000	0.000000	-0.141593
0.943807	11.165807	130.728394	0.000000	0.000000	-1.141593
0.741571	-24.879467	129.901093	0.000000	0.000000	3.058407
-4.561296	-33.886509	131.504745	0.000000	0.000000	2.458407
-13.664969	-38.828732	135.737808	0.000000	0.000000	1.858407
-24.517418	-40.956505	141.230698	0.000000	0.000000	1.658407
-64.108582	-64.944130	143.078491	0.000000	0.000000	1.858407
-124.383560	-47.931065	143.078491	0.000000	0.000000	1.458407
-140.218521	11.165807	143.078491	0.000000	0.000000	1.058407
-140.218521	11.165807	143.078491	0.000000	0.000000	1.058407
-140.218521	11.165807	143.078491	0.000000	0.000000	1.058407
-112.782059	58.687153	138.277725	0.000000	0.000000	0.658407
-44.714451	66.305107	133.430359	0.000000	0.000000	-0.141593
0.943807	11.165807	130.728394	0.000000	0.000000	-1.141593
0.741571	-24.879467	129.901093	0.000000	0.000000	3.058407
-4.561296	-33.886509	131.504745	0.000000	0.000000	2.458407
-13.664969	-38.828732	135.737808	0.000000	0.000000	1.858407
-24.517418	-40.956505	141.230698	0.000000	0.000000	1.658407
-64.108582	-64.944130	143.078491	0.000000	0.000000	1.858407
-124.383560	-47.931065	143.078491	0.000000	0.000000	1.458407
-140.218521	11.165807	143.078491	0.000000	0.000000	1.058407
-140.218521	11.165807	143.078491	0.000000	0.000000	1.058407
-140.218521	11.165807	143.078491	0.000000	0.000000	1.058407
-112.782059	58.687153	138.277725	0.000000	0.000000	0.658407
-44.714451	66.305107	133.430359	0.000000	0.000000	-0.141593
0.943807	11.165807	130.728394	0.000000	0.000000	-1.141593
0.741571	-24.879467	129.901093	0.000000	0.000000	3.058407
-4.561296	-33.886509	131.504745	0.000000	0.000000	2.458407
-13.664969	-38.828732	135.737808	0.000000	0.000000	1.858407
-24.517418	-40.956505	141.230698	0.000000	0.000000	1.658407
-64.108582	-64.944130	143.078491	0.000000	0.000000	1.858407
-124.383560	-47.931065	143.078491	0.000000	0.000000	1.458407
-140.218521	11.165807	143.078491	0.000000	0.000000	1.058407
-140.218521	11.165807	143.078491	0.000000	0.000000	1.058407
-140.218521	11.165807	143.078491	0.000000	0.000000	1.058407
-112.782059	58.687153	138.277725	0.000000	0.000000	0.658407
-44.714451	66.305107	133.430359	0.000000	0.000000	-0.141593
0.943807	11.165807	130.728394	0.000000	0.000000	-1.141593
0.741571	-24.879467	129.901093	0.000000	0.000000	3.058407
-4.561296	-33.886509	131.504745	0.000000	0.000000	2.458407
-13.664969	-38.828732	135.737808	0.000000	0.000000	1.858407
-24.517418	-40.956505	141.230698	0.000000	0.000000	1.658407
-64.108582	-64.944130	143.078491	0.000000	0.000000	1.858407
-124.383560	-47.931065	143.078491	0.000000	0.000000	1.458407
-140.218521	11.165807	143.078491	0.000000	0.000000	1.058407
-140.218521	11.165807	143.078491	0.000000	0.000000	1.058407
-140.218521	11.165807	143.078491	0.000000	0.000000	1.058407
-112.782059	58.687153	138.277725	0.000000	0.000000	0.658407
-44.714451	66.305107	133.430359	0.000000	0.000000	-0.141593
0.943807	11.165807	130.728394	0.000000	0.000000	-1.141593
0.741571	-24.879467	129.901093	0.000000	0.000000	3.058407
-4.561296	-33.886509	131.504745	0.000000	0.000000	2.458407
-13.664969	-38.828732	135.737808	0.000000	0.000000	1.858407
-24.517418	-40.956505	141.230698	0.000000	0.000000	1.658407
-64.108582	-64.944130	143.078491	0.000000	0.000000	1.858407
-124.383560	-47.931065	143.078491	0.000000	0.000000	1.458407
-140.218521	11.165807	143.078491	0.000000	0.000000	1.058407
-140.218521	11.165807	143.078491	0.000000	0.000000	1.058407
-140.218521	11.165807	143.078491	0.000000	0.000000	1.058407
-112.782059	58.687153	138.277725	0.000000	0.000000	0.658407
-44.714451	66.305107	133.430359	0.000000	0.000000	-0.141593
0.943807	11.165807	130.728394	0.000000	0.000000	-1.141593
0.741571	-24.879467	129.901093	0.000000	0.000000	3.058407
-4.561296	-33.886509	131.504745	0.000000	0.000000	2.458407
-13.664969	-38.828732	135.737808	0.000000	0.000000	1.858407
-24.517418	-40.956505	141.230698	0.000000	0.000000	1.658407
-64.108582	-64.944130	143.078491	0.000000	0.000000	1.858407
-124.383560	-47.931065	143.078491	0.000000	0.000000	1.458407
-140.218521	11.165807	143.078491	0.000000	0.000000	1.058407
-140.218521	11.165807	143.078491	0.000000	0.000000	1.058407
-140.218521	11.165807	143.078491	0.000000	0.000000	1.058407
-112.782059	58.687153	138.277725	0.000000	0.000000	0.658407
-44.714451	66.305107	133.430359	0.000000	0.000000	-0.141593
0.943807	11.165807	130.728394	0.000000	0.000000	-1.141593
0.741571	-24.879467	129.901093	0.000000	0.000000	3.058407
-4.561296	-33.886509	131.504745	0.000000	0.000000	2.458407
-13.664969	-38.828732	135.737808	0.000000	0.000000	1.858407
-24.517418	-40.956505	141.230698	0.000000	0.000000	1.658407
-64.108582	-64.944130	143.078491	0.000000	0.000000	1.858407
-124.383560	-47.931065	143.078491	0.000000	0.000000	1.458407
-140.218521	11.165807	143.078491	0.000000	0.000000	1.058407
-140.218521	11.165807	143.078491	0.000000	0.000000	1.058407
-140.218521	11.165807	143.078491	0.000000	0.000000	1.058407
-112.782059	58.687153	138.277725	0.000000	0.000000	0.658407
-44.714451	66.305107	133.430359	0.000000	0.000000	-0.141593
0.943807	11.165807	130.728394	0.000000	0.000000	-1.141593
0.741571	-24.879467	129.901093	0.000000	0.000000	3.058407
-4.561296	-33.886509	131.504745	0.000000	0.000000	2.458407
-13.664969	-38.828732	135.737808	0.000000	0.000000	1.858407
-24.517418	-40.956505	141.230698	0.000000	0.000000	1.658407
-64.108582	-64.944130	143.078491	0.000000	0.000000	1.858407
-124.383560	-47.931065	143.078491	0.000000	0.000000	1.458407
-140.218521	11.165807	143.078491	0.000000	0.000000	1.058407
-140.218521	11.165807	143.078491	0.000000	0.000000	1.058407
-140.218521	11.165807	143.078491	0.000000	0.000000	1.058407
-112.782059	58.687153	138.277725	0.000000	0.000000	0.658407
-44.714451	66.305107	133.430359	0.000000	0.000000	-0.141593
0.943807	11.165807	130.728394	0.000000	0.000000	-1.141593
0.741571	-24.879467	129.901093	0.000000	0.000000	3.058407
-4.561296	-33.886509	131.504745	0.000000	0.000000	2.458407
-13.664969	-38.828732	135.737808	0.000000	0.000000	1.858407
-24.517418	-40.956505	141.230698	0.000000	0.000000	1.658407
-64.108582	-64.944130	143.078491	0.000000	0.000000	1.858407
-124.383560	-47.931065	143.078491	0.000000	0.000000	1.458407
-140.218521	11.165807	143.078491	0.000000	0.000000	1.058407
-140.218521	11.165807	143.078491	0.000000	0.000000	1.058407
-140.218521	11.165807	143.078491	0.000000	0.000000	1.058407
-112.782059	58.687153	138.277725	0.000000	0.000000	0.658407
-44.714451	66.305107	133.430359	0.000000	0.000000	-0.141593
0.943807	11.165807	130.728394	0.000000	0.000000	-1.141593
0.741571	-24.879467	129.901093	0.000000	0.000000	3.058407
-4.561296	-33.886509	131.504745	0.000000	0.000000	2.458407
-13.664969	-38.828732	135.737808	0.000000	0.000000	1.858407
-24.517418	-40.956505	141.230698	0.000000	0.000000	1.658407
-64.108582	-64.944130	143.078491	0.000000	0.000000	1.858407
-124.383560	-47.931065	143.078491	0.000000	0.000000	1.458407
-140.218521	11.165807	143.078491	0.000000	0.000000	1.058407
-140.218521	11.165807	143.078491	0.000000	0.000000	1.058407
-140.218521	11.165807	143.078491	0.000000	0.000000	1.058407
-112.782059	58.687153	138.277725	0.000000	0.000000	0.658407
-44.714451	66.305107	133.430359	0.000000	0.000000	-0.141593
0.943807	11.165807	130.728394	0.000000	0.000000	-1.141593
0.741571	-24.879467	129.901093	0.000000	0.000000	3.058407
-4.561296	-33.886509	131.504745	0.000000	0.000000	2.458407
-13.664969	-38.828732	135.737808	0.000000	0.000000	1.858407
-24.517418	-40.956505	141.230698	0.000000	0.000000	1.658407
-64.108582	-64.944130	143.078491	0.000000	0.000000	1.858407
-124.383560	-47.931065	143.078491	0.000000	0.000000	1.458407
-140.218521	11.165807	143.078491	0.000000	0.000000	1.058407
-140.218521	11.165807	143.078491	0.000000	0.000000	1.058407
-140.218521	11.165807	143.078491	0.000000	0.000000	1.058407
-112.782059	58.687153	138.277725	0.000000	0.000000	0.658407
-44.714451	66.305107	133.430359	0.000000	0.000000	-0.141593
0.943807	11.165807	130.728394	0.000000	0.000000	-1.141593
0.741571	-24.879467	129.901093	0.000000	0.000000	3.058407
-4.561296	-33.886509	131.504745	0.000000	0.000000	2.458407
-13.664969	-38.828732	135.737808	0.000000	0.000000	1.858407
-24.517418	-40.956505	141.230698	0.000000	0.000000	1.658407
-64.108582	-64.944130	143.078491	0.000000	0.000000	1.858407
-124.383560	-47.931065	143.078491	0.000000	0.000000	1.458407
-140.218521	11.165807	143.078491	0.000000	0.000000	1.058407
-140.218521	11.165807	143.078491	0.000000	0.000000	1.058407
-140.218521	11.165807	143.078491	0.000000	0.000000	1.058407
-112.782059	58.687153	138.277725	0.000000	0.000000	0.658407
-44.714451	66.305107	133.430359	0.000000	0.000000	-0.141593
0.943807	11.165807	130.728394	0.000000	0.000000	-1.141593
