88.064537	171.503555	14.569149	0.000000	0.000000	-1.341593
120.452927	64.543633	14.555492	0.000000	0.000000	0.000000
-150.251373	108.187675	3.962538	0.000000	0.000000	0.058407
-89.487656	217.710831	3.962538	0.000000	0.000000	-0.541593
-22.881035	235.558014	3.962538	0.000000	0.000000	-0.741593
-22.881035	235.558014	3.962538	0.000000	0.000000	-0.741593
-16.954643	235.558014	12.426304	0.000000	0.000000	-0.741593
88.064537	171.503555	14.569149	0.000000	0.000000	-1.341593
120.452927	64.543633	14.555492	0.000000	0.000000	0.000000
-150.251373	108.187675	3.962538	0.000000	0.000000	0.058407
-89.487656	217.710831	3.962538	0.000000	0.000000	-0.541593
-22.881035	235.558014	3.962538	0.000000	0.000000	-0.741593
-22.881035	235.558014	3.962538	0.000000	0.000000	-0.741593
-16.954643	235.558014	12.426304	0.000000	0.000000	-0.741593
88.064537	171.503555	14.569149	0.000000	0.000000	-1.341593
120.452927	64.543633	14.555492	0.000000	0.000000	0.000000
-150.251373	108.187675	3.962538	0.000000	0.000000	0.058407
-89.487656	217.710831	3.962538	0.000000	0.000000	-0.541593
-22.881035	235.558014	3.962538	0.000000	0.000000	-0.741593
-22.881035	235.558014	3.962538	0.000000	0.000000	-0.741593
-16.954643	235.558014	12.426304	0.000000	0.000000	-0.741593
88.064537	171.503555	14.569149	0.000000	0.000000	-1.341593
120.452927	64.543633	14.555492	0.000000	0.000000	0.000000
-150.251373	108.187675	3.962538	0.000000	0.000000	0.058407
-89.487656	217.710831	3.962538	0.000000	0.000000	-0.541593
-22.881035	235.558014	3.962538	0.000000	0.000000	-0.741593
-22.881035	235.558014	3.962538	0.000000	0.000000	-0.741593
-16.954643	235.558014	12.426304	0.000000	0.000000	-0.741593
88.064537	171.503555	14.569149	0.000000	0.000000	-1.341593
120.452927	64.543633	14.555492	0.000000	0.000000	0.000000
-150.251373	108.187675	3.962538	0.000000	0.000000	0.058407
-89.487656	217.710831	3.962538	0.000000	0.000000	-0.541593
-22.881035	235.558014	3.962538	0.000000	0.000000	-0.741593
-22.881035	235.558014	3.962538	0.000000	0.000000	-0.741593
-16.954643	235.558014	12.426304	0.000000	0.000000	-0.741593
88.064537	171.503555	14.569149	0.000000	0.000000	-1.341593
120.452927	64.543633	14.555492	0.000000	0.000000	0.000000
-150.251373	108.187675	3.962538	0.000000	0.000000	0.058407
-89.487656	217.710831	3.962538	0.000000	0.000000	-0.541593
-22.881035	235.558014	3.962538	0.000000	0.000000	-0.741593
-22.881035	235.558014	3.962538	0.000000	0.000000	-0.741593
-16.954643	235.558014	12.426304	0.000000	0.000000	-0.741593
88.064537	171.503555	14.569149	0.000000	0.000000	-1.341593
120.452927	64.543633	14.555492	0.000000	0.000000	0.000000
-150.251373	108.187675	3.962538	0.000000	0.000000	0.058407
-89.487656	217.710831	3.962538	0.000000	0.000000	-0.541593
-22.881035	235.558014	3.962538	0.000000	0.000000	-0.741593
-22.881035	235.558014	3.962538	0.000000	0.000000	-0.741593
-16.954643	235.558014	12.426304	0.000000	0.000000	-0.741593
88.064537	171.503555	14.569149	0.000000	0.000000	-1.341593
120.452927	64.543633	14.555492	0.000000	0.000000	0.000000
-150.251373	108.187675	3.962538	0.000000	0.000000	0.058407
-89.487656	217.710831	3.962538	0.000000	0.000000	-0.541593
-22.881035	235.558014	3.962538	0.000000	0.000000	-0.741593
-22.881035	235.558014	3.962538	0.000000	0.000000	-0.741593
-16.954643	235.558014	12.426304	0.000000	0.000000	-0.741593
88.064537	171.503555	14.569149	0.000000	0.000000	-1.341593
120.452927	64.543633	14.555492	0.000000	0.000000	0.000000
-150.251373	108.187675	3.962538	0.000000	0.000000	0.058407
-89.487656	217.710831	3.962538	0.000000	0.000000	-0.541593
-22.881035	235.558014	3.962538	0.000000	0.000000	-0.741593
-22.881035	235.558014	3.962538	0.000000	0.000000	-0.741593
-16.954643	235.558014	12.426304	0.000000	0.000000	-0.741593
88.064537	171.503555	14.569149	0.000000	0.000000	-1.341593
120.452927	64.543633	14.555492	0.000000	0.000000	0.000000
-150.251373	108.187675	3.962538	0.000000	0.000000	0.058407
-89.487656	217.710831	3.962538	0.000000	0.000000	-0.541593
-22.881035	235.558014	3.962538	0.000000	0.000000	-0.741593
-22.881035	235.558014	3.962538	0.000000	0.000000	-0.741593
-16.954643	235.558014	12.426304	0.000000	0.000000	-0.741593
88.064537	171.503555	14.569149	0.000000	0.000000	-1.341593
120.452927	64.543633	14.555492	0.000000	0.000000	0.000000
-150.251373	108.187675	3.962538	0.000000	0.000000	0.058407
-89.487656	217.710831	3.962538	0.000000	0.000000	-0.541593
-22.881035	235.558014	3.962538	0.000000	0.000000	-0.741593
-22.881035	235.558014	3.962538	0.000000	0.000000	-0.741593
-16.954643	235.558014	12.426304	0.000000	0.000000	-0.741593
88.064537	171.503555	14.569149	0.000000	0.000000	-1.341593
120.452927	64.543633	14.555492	0.000000	0.000000	0.000000
-150.251373	108.187675	3.962538	0.000000	0.000000	0.058407
-89.487656	217.710831	3.962538	0.000000	0.000000	-0.541593
-22.881035	235.558014	3.962538	0.000000	0.000000	-0.741593
-22.881035	235.558014	3.962538	0.000000	0.000000	-0.741593
-16.954643	235.558014	12.426304	0.000000	0.000000	-0.741593
88.064537	171.503555	14.569149	0.000000	0.000000	-1.341593
120.452927	64.543633	14.555492	0.000000	0.000000	0.000000
-150.251373	108.187675	3.962538	0.000000	0.000000	0.058407
-89.487656	217.710831	3.962538	0.000000	0.000000	-0.541593
-22.881035	235.558014	3.962538	0.000000	0.000000	-0.741593
-22.881035	235.558014	3.962538	0.000000	0.000000	-0.741593
-16.954643	235.558014	12.426304	0.000000	0.000000	-0.741593
88.064537	171.503555	14.569149	0.000000	0.000000	-1.341593
120.452927	64.543633	14.555492	0.000000	0.000000	0.000000
-150.251373	108.187675	3.962538	0.000000	0.000000	0.058407
-89.487656	217.710831	3.962538	0.000000	0.000000	-0.541593
-22.881035	235.558014	3.962538	0.000000	0.000000	-0.741593
-22.881035	235.558014	3.962538	0.000000	0.000000	-0.741593
-16.954643	235.558014	12.426304	0.000000	0.000000	-0.741593
88.064537	171.503555	14.569149	0.000000	0.000000	-1.341593
120.452927	64.543633	14.555492	0.000000	0.000000	0.000000
-150.251373	108.187675	3.962538	0.000000	0.000000	0.058407
-89.487656	217.710831	3.962538	0.000000	0.000000	-0.541593
-22.881035	235.558014	3.962538	0.000000	0.000000	-0.741593
-22.881035	235.558014	3.962538	0.000000	0.000000	-0.741593
-16.954643	235.558014	12.426304	0.000000	0.000000	-0.741593
88.064537	171.503555	14.569149	0.000000	0.000000	-1.341593
120.452927	64.543633	14.555492	0.000000	0.000000	0.000000
-150.251373	108.187675	3.962538	0.000000	0.000000	0.058407
-89.487656	217.710831	3.962538	0.000000	0.000000	-0.541593
-22.881035	235.558014	3.962538	0.000000	0.000000	-0.741593
-22.881035	235.558014	3.962538	0.000000	0.000000	-0.741593
-16.954643	235.558014	12.426304	0.000000	0.000000	-0.741593
88.064537	171.503555	14.569149	0.000000	0.000000	-1.341593
120.452927	64.543633	14.555492	0.000000	0.000000	0.000000
-150.251373	108.187675	3.962538	0.000000	0.000000	0.058407
-89.487656	217.710831	3.962538	0.000000	0.000000	-0.541593
-22.881035	235.558014	3.962538	0.000000	0.000000	-0.741593
-22.881035	235.558014	3.962538	0.000000	0.000000	-0.741593
-16.954643	235.558014	12.426304	0.000000	0.000000	-0.741593
88.064537	171.503555	14.569149	0.000000	0.000000	-1.341593
120.452927	64.543633	14.555492	0.000000	0.000000	0.000000
-150.251373	108.187675	3.962538	0.000000	0.000000	0.058407
-89.487656	217.710831	3.962538	0.000000	0.000000	-0.541593
-22.881035	235.558014	3.962538	0.000000	0.000000	-0.741593
-22.881035	235.558014	3.962538	0.000000	0.000000	-0.741593
-16.954643	235.558014	12.426304	0.000000	0.000000	-0.741593
88.064537	171.503555	14.569149	0.000000	0.000000	-1.341593
120.452927	64.543633	14.555492	0.000000	0.000000	0.000000
-150.251373	108.187675	3.962538	0.000000	0.000000	0.058407
-89.487656	217.710831	3.962538	0.000000	0.000000	-0.541593
-22.881035	235.558014	3.962538	0.000000	0.000000	-0.741593
-22.881035	235.558014	3.962538	0.000000	0.000000	-0.741593
-16.954643	235.558014	12.426304	0.000000	0.000000	-0.741593
88.064537	171.503555	14.569149	0.000000	0.000000	-1.341593
120.452927	64.543633	14.555492	0.000000	0.000000	0.000000
-150.251373	108.187675	3.962538	0.000000	0.000000	0.058407
-89.487656	217.710831	3.962538	0.000000	0.000000	-0.541593
-22.881035	235.558014	3.962538	0.000000	0.000000	-0.741593
-22.881035	235.558014	3.962538	0.000000	0.000000	-0.741593
-16.954643	235.558014	12.426304	0.000000	0.000000	-0.741593
