76.988113	215.232285	71.629494	0.000000	0.000000	-0.941593
76.988113	215.232285	71.629494	0.000000	0.000000	-0.941593
76.988113	215.232285	71.629494	0.000000	0.000000	-0.941593
76.988113	215.232285	71.629494	0.000000	0.000000	-0.941593
76.988113	215.232285	71.629494	0.000000	0.000000	-0.941593
76.988113	215.232285	71.629494	0.000000	0.000000	-0.941593
76.988113	215.232285	71.629494	0.000000	0.000000	-0.941593
76.988113	215.232285	71.629494	0.000000	0.000000	-0.941593
76.988113	215.232285	71.629494	0.000000	0.000000	-0.941593
76.988113	215.232285	71.629494	0.000000	0.000000	-0.941593
76.988113	215.232285	71.629494	0.000000	0.000000	-0.941593
76.988113	215.232285	71.629494	0.000000	0.000000	-0.941593
76.988113	215.232285	71.629494	0.000000	0.000000	-0.941593
76.988113	215.232285	71.629494	0.000000	0.000000	-0.941593
76.988113	215.232285	71.629494	0.000000	0.000000	-0.941593
76.988113	215.232285	71.629494	0.000000	0.000000	-0.941593
76.988113	215.232285	71.629494	0.000000	0.000000	-0.941593
76.988113	215.232285	71.629494	0.000000	0.000000	-0.941593
76.988113	215.232285	71.629494	0.000000	0.000000	-0.941593
76.988113	215.232285	71.629494	0.000000	0.000000	-0.941593
76.988113	215.232285	71.629494	0.000000	0.000000	-0.941593
76.988113	215.232285	71.629494	0.000000	0.000000	-0.941593
76.988113	215.232285	71.629494	0.000000	0.000000	-0.941593
76.988113	215.232285	71.629494	0.000000	0.000000	-0.941593
76.988113	215.232285	71.629494	0.000000	0.000000	-0.941593
76.988113	215.232285	71.629494	0.000000	0.000000	-0.941593
76.988113	215.232285	71.629494	0.000000	0.000000	-0.941593
76.988113	215.232285	71.629494	0.000000	0.000000	-0.941593
76.988113	215.232285	71.629494	0.000000	0.000000	-0.941593
76.988113	215.232285	71.629494	0.000000	0.000000	-0.941593
76.988113	215.232285	71.629494	0.000000	0.000000	-0.941593
76.988113	215.232285	71.629494	0.000000	0.000000	-0.941593
76.988113	215.232285	71.629494	0.000000	0.000000	-0.941593
76.988113	215.232285	71.629494	0.000000	0.000000	-0.941593
76.988113	215.232285	71.629494	0.000000	0.000000	-0.941593
76.988113	215.232285	71.629494	0.000000	0.000000	-0.941593
76.988113	215.232285	71.629494	0.000000	0.000000	-0.941593
76.988113	215.232285	71.629494	0.000000	0.000000	-0.941593
76.988113	215.232285	71.629494	0.000000	0.000000	-0.941593
76.988113	215.232285	71.629494	0.000000	0.000000	-0.941593
76.988113	215.232285	71.629494	0.000000	0.000000	-0.941593
76.988113	215.232285	71.629494	0.000000	0.000000	-0.941593
76.988113	215.232285	71.629494	0.000000	0.000000	-0.941593
76.988113	215.232285	71.629494	0.000000	0.000000	-0.941593
76.988113	215.232285	71.629494	0.000000	0.000000	-0.941593
76.988113	215.232285	71.629494	0.000000	0.000000	-0.941593
76.988113	215.232285	71.629494	0.000000	0.000000	-0.941593
76.988113	215.232285	71.629494	0.000000	0.000000	-0.941593
76.988113	215.232285	71.629494	0.000000	0.000000	-0.941593
76.988113	215.232285	71.629494	0.000000	0.000000	-0.941593
77.038239	215.215652	71.624870	0.000000	0.000000	-0.941593
78.414581	214.748901	71.497726	0.000000	0.000000	-0.941593
79.785263	214.264786	71.370552	0.000000	0.000000	-0.941593
81.150032	213.763382	71.243362	0.000000	0.000000	-0.941593
82.508690	213.244751	71.116158	0.000000	0.000000	-0.941593
83.861023	212.709000	70.988945	0.000000	0.000000	-0.941593
85.206810	212.156174	70.861740	0.000000	0.000000	-0.941593
86.545837	211.586365	70.734528	0.000000	0.000000	-0.941593
87.877884	210.999664	70.607330	0.000000	0.000000	-0.941593
89.202751	210.396164	70.480141	0.000000	0.000000	-0.941593
90.520226	209.775940	70.352966	0.000000	0.000000	-0.941593
91.830086	209.139099	70.225822	0.000000	0.000000	-0.941593
93.132133	208.485718	70.098701	0.000000	0.000000	-0.941593
94.426155	207.815903	69.971619	0.000000	0.000000	-0.941593
95.711945	207.129761	69.844566	0.000000	0.000000	-0.941593
96.989296	206.427383	69.717567	0.000000	0.000000	-0.941593
98.258003	205.708893	69.590607	0.000000	0.000000	-0.941593
99.517883	204.974380	69.463699	0.000000	0.000000	-0.941593
100.768707	204.223953	69.336861	0.000000	0.000000	-0.941593
102.010284	203.457748	69.210075	0.000000	0.000000	-0.941593
103.242424	202.675858	69.083359	0.000000	0.000000	-0.941593
104.464920	201.878418	68.956718	0.000000	0.000000	-0.941593
105.677574	201.065536	68.830154	0.000000	0.000000	-0.941593
106.880203	200.237335	68.703674	0.000000	0.000000	-0.941593
108.072617	199.393936	68.577278	0.000000	0.000000	3.058407
109.254616	198.535492	68.450981	0.000000	0.000000	3.058407
110.426003	197.662109	68.324783	0.000000	0.000000	3.058407
111.586601	196.773926	68.198685	0.000000	0.000000	3.058407
112.736229	195.871094	68.072693	0.000000	0.000000	3.058407
113.874687	194.953720	67.946815	0.000000	0.000000	3.058407
115.001808	194.021957	67.821053	0.000000	0.000000	3.058407
116.117401	193.075958	67.695419	0.000000	0.000000	3.058407
117.221298	192.115860	67.569908	0.000000	0.000000	3.058407
118.313309	191.141815	67.444534	0.000000	0.000000	3.058407
119.393257	190.153946	67.319298	0.000000	0.000000	3.058407
120.460983	189.152435	67.194199	0.000000	0.000000	3.058407
121.516304	188.137436	67.069252	0.000000	0.000000	3.058407
122.559059	187.109070	66.944458	0.000000	0.000000	3.058407
123.589073	186.067520	66.819817	0.000000	0.000000	3.058407
124.606178	185.012939	66.695343	0.000000	0.000000	3.058407
125.610222	183.945496	66.571037	0.000000	0.000000	3.058407
126.601036	182.865341	66.446899	0.000000	0.000000	3.058407
127.578461	181.772659	66.322937	0.000000	0.000000	3.058407
128.542328	180.667603	66.199165	0.000000	0.000000	3.058407
129.492493	179.550339	66.075577	0.000000	0.000000	3.058407
130.428818	178.421051	65.952179	0.000000	0.000000	3.058407
131.351120	177.279907	65.828979	0.000000	0.000000	3.058407
132.259262	176.127090	65.705978	0.000000	0.000000	3.058407
133.153122	174.962753	65.583183	0.000000	0.000000	3.058407
134.032516	173.787094	65.460602	0.000000	0.000000	3.058407
134.897324	172.600296	65.338234	0.000000	0.000000	3.058407
135.747406	171.402557	65.216095	0.000000	0.000000	3.058407
136.582611	170.194016	65.094170	0.000000	0.000000	3.058407
137.402817	168.974884	64.972481	0.000000	0.000000	3.058407
138.207901	167.745346	64.851028	0.000000	0.000000	3.058407
138.997696	166.505600	64.729820	0.000000	0.000000	3.058407
139.772110	165.255844	64.608849	0.000000	0.000000	3.058407
140.530991	163.996262	64.488129	0.000000	0.000000	3.058407
141.274231	162.727036	64.367668	0.000000	0.000000	3.058407
142.001709	161.448364	64.247459	0.000000	0.000000	3.058407
142.713303	160.160446	64.127518	0.000000	0.000000	3.058407
143.408890	158.863495	64.007851	0.000000	0.000000	3.058407
144.088364	157.557693	63.888451	0.000000	0.000000	3.058407
144.751617	156.243256	63.769329	0.000000	0.000000	3.058407
145.398529	154.920395	63.650494	0.000000	0.000000	3.058407
146.029007	153.589279	63.531944	0.000000	0.000000	3.058407
146.642944	152.250137	63.413685	0.000000	0.000000	3.058407
147.240234	150.903168	63.295723	0.000000	0.000000	3.058407
147.820770	149.548615	63.178066	0.000000	0.000000	3.058407
148.384476	148.186630	63.060711	0.000000	0.000000	3.058407
148.931244	146.817474	62.943672	0.000000	0.000000	3.058407
149.460999	145.441330	62.826942	0.000000	0.000000	3.058407
149.973648	144.058411	62.710537	0.000000	0.000000	3.058407
150.469086	142.668961	62.594456	0.000000	0.000000	3.058407
150.947250	141.273148	62.478703	0.000000	0.000000	3.058407
151.408066	139.871216	62.363281	0.000000	0.000000	3.058407
151.851440	138.463394	62.248203	0.000000	0.000000	3.058407
152.277313	137.049866	62.133465	0.000000	0.000000	3.058407
152.685608	135.630890	62.019073	0.000000	0.000000	3.058407
153.076248	134.206665	61.905037	0.000000	0.000000	3.058407
153.449173	132.777390	61.791355	0.000000	0.000000	3.058407
153.804321	131.343338	61.678036	0.000000	0.000000	3.058407
154.141632	129.904694	61.565079	0.000000	0.000000	3.058407
154.461044	128.461685	61.452492	0.000000	0.000000	3.058407
154.762512	127.014542	61.340282	0.000000	0.000000	3.058407
155.045975	125.563499	61.228451	0.000000	0.000000	3.058407
155.311386	124.108772	61.117001	0.000000	0.000000	3.058407
155.559891	122.649155	61.005775	0.000000	0.000000	3.058407
155.791687	121.184578	60.894749	0.000000	0.000000	3.058407
156.005264	119.716942	60.784115	0.000000	0.000000	3.058407
156.200577	118.246521	60.673882	0.000000	0.000000	3.058407
156.377594	116.773514	60.564056	0.000000	0.000000	3.058407
156.536270	115.298164	60.454639	0.000000	0.000000	3.058407
156.676590	113.820694	60.345638	0.000000	0.000000	3.058407
156.798523	112.341324	60.237053	0.000000	0.000000	3.058407
156.902039	110.860291	60.128895	0.000000	0.000000	3.058407
156.987137	109.377838	60.021160	0.000000	0.000000	3.058407
157.053772	107.894180	59.913857	0.000000	0.000000	3.058407
157.101929	106.409569	59.806992	0.000000	0.000000	3.058407
157.131622	104.924210	59.700565	0.000000	0.000000	3.058407
157.142822	103.438347	59.594582	0.000000	0.000000	3.058407
157.135529	101.952194	59.489048	0.000000	0.000000	3.058407
157.109741	100.466019	59.383965	0.000000	0.000000	3.058407
157.065460	98.980019	59.279339	0.000000	0.000000	3.058407
157.002670	97.494446	59.175175	0.000000	0.000000	3.058407
156.921387	96.009514	59.071472	0.000000	0.000000	3.058407
156.821625	94.525482	58.968243	0.000000	0.000000	3.058407
156.703400	93.042542	58.865482	0.000000	0.000000	3.058407
156.566711	91.560959	58.763203	0.000000	0.000000	3.058407
156.411575	90.080940	58.661400	0.000000	0.000000	3.058407
156.238022	88.602737	58.560085	0.000000	0.000000	3.058407
156.046066	87.126564	58.459259	0.000000	0.000000	3.058407
155.835724	85.652649	58.358921	0.000000	0.000000	3.058407
155.607056	84.181244	58.259087	0.000000	0.000000	3.058407
155.360062	82.712555	58.159748	0.000000	0.000000	3.058407
155.094788	81.246826	58.060921	0.000000	0.000000	3.058407
154.811279	79.784271	57.962597	0.000000	0.000000	3.058407
154.509552	78.325134	57.864788	0.000000	0.000000	3.058407
154.189667	76.869629	57.767494	0.000000	0.000000	3.058407
153.851669	75.417992	57.670719	0.000000	0.000000	3.058407
153.495605	73.970444	57.574471	0.000000	0.000000	3.058407
153.121521	72.527206	57.478752	0.000000	0.000000	3.058407
152.729477	71.088524	57.383560	0.000000	0.000000	3.058407
152.319519	69.654602	57.288906	0.000000	0.000000	3.058407
151.891724	68.225670	57.194794	0.000000	0.000000	3.058407
151.446136	66.801949	57.101223	0.000000	0.000000	3.058407
150.982834	65.383667	57.008198	0.000000	0.000000	3.058407
150.501892	63.971043	56.915722	0.000000	0.000000	3.058407
150.003357	62.564293	56.823799	0.000000	0.000000	3.058407
149.487305	61.163643	56.732437	0.000000	0.000000	3.058407
148.953842	59.769306	56.641636	0.000000	0.000000	3.058407
148.403015	58.381508	56.551399	0.000000	0.000000	3.058407
147.834930	57.000450	56.461727	0.000000	0.000000	3.058407
147.249649	55.626369	56.372631	0.000000	0.000000	3.058407
146.647278	54.259460	56.284111	0.000000	0.000000	3.058407
146.027893	52.899952	56.196167	0.000000	0.000000	3.058407
145.391586	51.548050	56.108807	0.000000	0.000000	3.058407
144.738464	50.203960	56.022030	0.000000	0.000000	3.058407
144.068619	48.867901	55.935844	0.000000	0.000000	3.058407
143.382156	47.540073	55.850254	0.000000	0.000000	3.058407
142.679169	46.220695	55.765255	0.000000	0.000000	3.058407
141.959763	44.909966	55.680859	0.000000	0.000000	3.058407
141.224060	43.608093	55.597061	0.000000	0.000000	3.058407
140.472153	42.315277	55.513874	0.000000	0.000000	3.058407
139.704178	41.031723	55.431293	0.000000	0.000000	3.058407
138.920227	39.757629	55.349327	0.000000	0.000000	3.058407
138.120422	38.493198	55.267975	0.000000	0.000000	3.058407
137.304901	37.238621	55.187244	0.000000	0.000000	3.058407
136.473770	35.994106	55.107132	0.000000	0.000000	3.058407
135.627167	34.759830	55.027649	0.000000	0.000000	3.058407
134.765213	33.536003	54.948792	0.000000	0.000000	3.058407
133.888031	32.322811	54.870567	0.000000	0.000000	3.058407
132.995773	31.120438	54.792976	0.000000	0.000000	3.058407
132.088562	29.929083	54.716022	0.000000	0.000000	3.058407
131.166534	28.748922	54.639713	0.000000	0.000000	3.058407
130.229843	27.580143	54.564045	0.000000	0.000000	3.058407
129.278610	26.422934	54.489021	0.000000	0.000000	3.058407
128.312988	25.277472	54.414650	0.000000	0.000000	3.058407
127.333145	24.143938	54.340931	0.000000	0.000000	3.058407
126.339195	23.022503	54.267868	0.000000	0.000000	3.058407
125.331314	21.913351	54.195465	0.000000	0.000000	3.058407
124.309647	20.816650	54.123722	0.000000	0.000000	3.058407
123.274345	19.732576	54.052643	0.000000	0.000000	3.058407
122.225578	18.661297	53.982231	0.000000	0.000000	3.058407
121.163498	17.602983	53.912487	0.000000	0.000000	3.058407
120.088264	16.557795	53.843418	0.000000	0.000000	3.058407
119.000053	15.525901	53.775021	0.000000	0.000000	3.058407
117.899010	14.507458	53.707306	0.000000	0.000000	3.058407
116.785324	13.502632	53.640270	0.000000	0.000000	3.058407
115.659157	12.511578	53.573917	0.000000	0.000000	3.058407
114.520683	11.534451	53.508247	0.000000	0.000000	3.058407
113.370064	10.571401	53.443272	0.000000	0.000000	3.058407
112.207497	9.622585	53.378983	0.000000	0.000000	3.058407
111.033142	8.688148	53.315388	0.000000	0.000000	3.058407
109.847191	7.768238	53.252491	0.000000	0.000000	3.058407
108.649818	6.862998	53.190289	0.000000	0.000000	3.058407
107.441208	5.972571	53.128792	0.000000	0.000000	3.058407
106.221542	5.097096	53.067997	0.000000	0.000000	3.058407
104.991020	4.236713	53.007908	0.000000	0.000000	3.058407
103.749817	3.391555	52.948524	0.000000	0.000000	3.058407
102.498138	2.561755	52.889854	0.000000	0.000000	3.058407
101.236153	1.747442	52.831898	0.000000	0.000000	3.058407
99.964073	0.948746	52.774654	0.000000	0.000000	3.058407
98.682091	0.165792	52.718132	0.000000	0.000000	3.058407
97.390396	-0.601298	52.662323	0.000000	0.000000	3.058407
96.089188	-1.352402	52.607243	0.000000	0.000000	3.058407
94.778671	-2.087403	52.552883	0.000000	0.000000	3.058407
93.459053	-2.806185	52.499249	0.000000	0.000000	3.058407
92.130516	-3.508636	52.446342	0.000000	0.000000	3.058407
90.793282	-4.194643	52.394169	0.000000	0.000000	3.058407
89.447556	-4.864100	52.342724	0.000000	0.000000	3.058407
88.093529	-5.516901	52.292019	0.000000	0.000000	3.058407
86.731430	-6.152944	52.242046	0.000000	0.000000	3.058407
85.361450	-6.772128	52.192814	0.000000	0.000000	3.058407
84.172112	-7.348867	51.920731	0.000000	0.000000	3.058407
84.731598	-7.675304	49.461491	0.000000	0.000000	0.000000
85.206291	-8.001493	46.899330	0.000000	0.000000	3.058407
85.585648	-8.326030	44.234730	0.000000	0.000000	3.058407
85.858521	-8.647332	41.469147	0.000000	0.000000	0.000000
86.013237	-8.963633	38.605137	0.000000	0.000000	0.000000
86.037666	-9.272978	35.646519	0.000000	0.000000	0.000000
85.919350	-9.573226	32.598511	0.000000	0.000000	0.000000
85.645638	-9.862051	29.467894	0.000000	0.000000	0.000000
85.203926	-10.136955	26.263111	0.000000	0.000000	3.058407
84.581795	-10.395286	22.994419	0.000000	0.000000	0.000000
83.767349	-10.634254	19.673950	0.000000	0.000000	3.058407
82.749443	-10.850971	16.315779	0.000000	0.000000	0.000000
81.518036	-11.042493	12.935903	0.000000	0.000000	0.000000
80.064514	-11.205856	9.552228	0.000000	0.000000	3.058407
78.382034	-11.338147	6.184435	0.000000	0.000000	3.058407
76.465889	-11.436559	2.853791	0.000000	0.000000	0.000000
74.313835	-11.498462	-0.417094	0.000000	0.000000	3.058407
71.926361	-11.521475	-3.604597	0.000000	0.000000	3.058407
69.306969	-11.503542	-6.684503	0.000000	0.000000	3.058407
66.462341	-11.442999	-9.632442	0.000000	0.000000	3.058407
63.402397	-11.338641	-12.424433	0.000000	0.000000	0.000000
60.140354	-11.189775	-15.037392	0.000000	0.000000	3.058407
56.692520	-10.996264	-17.449715	0.000000	0.000000	3.058407
84.910126	-14.702526	-18.215269	0.000000	0.000000	3.058407
342.788696	-47.849678	-18.215267	0.000000	0.000000	3.058407
-58.951630	12.711547	67.994774	0.000000	0.000000	0.000000
-40.950825	7.541719	40.399082	0.000000	0.000000	1.058407
-40.759949	7.727005	42.426407	0.000000	0.000000	1.058407
-40.519032	7.894532	44.344307	0.000000	0.000000	0.000000
-40.236485	8.046034	46.159058	0.000000	0.000000	1.058407
-39.919544	8.183070	47.876762	0.000000	0.000000	1.058407
-39.574429	8.307047	49.503265	0.000000	0.000000	1.058407
-39.206455	8.419225	51.044159	0.000000	0.000000	0.858407
-38.820183	8.520740	52.504753	0.000000	0.000000	0.858407
-38.419518	8.612612	53.890049	0.000000	0.000000	0.858407
-38.007786	8.695755	55.204758	0.000000	0.000000	0.858407
-37.587833	8.770995	56.453304	0.000000	0.000000	0.858407
-37.162083	8.839071	57.639832	0.000000	0.000000	0.858407
-36.732594	8.900647	58.768204	0.000000	0.000000	0.858407
-36.301121	8.956325	59.842037	0.000000	0.000000	0.858407
-35.869144	9.006640	60.864697	0.000000	0.000000	0.858407
-35.437912	9.052081	61.839329	0.000000	0.000000	0.858407
-35.008480	9.093085	62.768856	0.000000	0.000000	0.858407
-34.581734	9.130048	63.655998	0.000000	0.000000	0.858407
-34.158413	9.163327	64.503296	0.000000	0.000000	0.858407
-33.739120	9.193245	65.313110	0.000000	0.000000	0.858407
-33.324364	9.220095	66.087646	0.000000	0.000000	0.858407
-32.914555	9.244141	66.828949	0.000000	0.000000	0.658407
-32.510021	9.265622	67.538933	0.000000	0.000000	0.658407
-32.111019	9.284760	68.219376	0.000000	0.000000	0.658407
-31.717760	9.301747	68.871941	0.000000	0.000000	0.000000
-31.330391	9.316769	69.498169	0.000000	0.000000	0.658407
-30.949020	9.329986	70.099518	0.000000	0.000000	0.658407
-30.573723	9.341547	70.677338	0.000000	0.000000	0.000000
-30.204536	9.351590	71.232887	0.000000	0.000000	0.658407
-30.252947	9.574801	71.629494	0.000000	0.000000	0.658407
-31.458296	10.412658	71.629494	0.000000	0.000000	0.658407
-32.653023	11.265595	71.629494	0.000000	0.000000	0.658407
-33.836937	12.133477	71.629494	0.000000	0.000000	0.658407
-35.009850	13.016170	71.629494	0.000000	0.000000	0.658407
-36.171581	13.913532	71.629494	0.000000	0.000000	0.658407
-37.321941	14.825416	71.629494	0.000000	0.000000	0.658407
-38.460758	15.751693	71.629494	0.000000	0.000000	0.658407
-39.587833	16.692196	71.629494	0.000000	0.000000	0.658407
-40.703014	17.646797	71.629494	0.000000	0.000000	0.658407
-41.806107	18.615332	71.629494	0.000000	0.000000	0.658407
-42.896942	19.597652	71.629494	0.000000	0.000000	0.658407
-43.975346	20.593605	71.629494	0.000000	0.000000	0.658407
-45.041145	21.603024	71.629494	0.000000	0.000000	0.658407
-46.094193	22.625769	71.629494	0.000000	0.000000	0.658407
-47.134289	23.661654	71.629494	0.000000	0.000000	0.658407
-48.161282	24.710524	71.629494	0.000000	0.000000	0.658407
-49.175030	25.772228	71.629494	0.000000	0.000000	0.658407
-50.175346	26.846582	71.629494	0.000000	0.000000	0.658407
-51.162090	27.933424	71.629494	0.000000	0.000000	0.658407
-52.135094	29.032576	71.629494	0.000000	0.000000	0.658407
-53.094200	30.143860	71.629494	0.000000	0.000000	0.658407
-54.039280	31.267124	71.629494	0.000000	0.000000	0.658407
-54.970173	32.402172	71.629494	0.000000	0.000000	0.658407
-55.886715	33.548817	71.629494	0.000000	0.000000	0.658407
-56.788780	34.706894	71.629494	0.000000	0.000000	0.658407
-57.676231	35.876225	71.629494	0.000000	0.000000	0.658407
-58.548908	37.056606	71.629494	0.000000	0.000000	0.658407
-59.406693	38.247868	71.629494	0.000000	0.000000	0.658407
-60.249432	39.449802	71.629494	0.000000	0.000000	0.658407
-61.077000	40.662235	71.629494	0.000000	0.000000	0.658407
-61.889267	41.884968	71.629494	0.000000	0.000000	0.658407
-62.686111	43.117821	71.629494	0.000000	0.000000	0.658407
-63.467400	44.360592	71.629494	0.000000	0.000000	0.658407
-64.233009	45.613071	71.629494	0.000000	0.000000	0.658407
-64.982819	46.875080	71.629494	0.000000	0.000000	0.658407
-65.716705	48.146408	71.629494	0.000000	0.000000	0.658407
-66.434563	49.426853	71.629494	0.000000	0.000000	0.658407
-67.136276	50.716228	71.629494	0.000000	0.000000	0.658407
-67.821724	52.014305	71.629494	0.000000	0.000000	0.658407
-68.490814	53.320911	71.629494	0.000000	0.000000	0.658407
-69.143433	54.635807	71.629494	0.000000	0.000000	0.658407
-69.779472	55.958817	71.629494	0.000000	0.000000	0.658407
-70.398842	57.289700	71.629494	0.000000	0.000000	0.458407
-71.001434	58.628269	71.629494	0.000000	0.000000	0.458407
-71.587158	59.974297	71.629494	0.000000	0.000000	0.458407
-72.155922	61.327576	71.629494	0.000000	0.000000	0.458407
-72.707634	62.687908	71.629494	0.000000	0.000000	0.458407
-73.242210	64.055054	71.629494	0.000000	0.000000	0.458407
-73.759567	65.428818	71.629494	0.000000	0.000000	0.458407
-74.259621	66.808968	71.629494	0.000000	0.000000	0.458407
-74.742287	68.195297	71.629494	0.000000	0.000000	0.458407
-75.207497	69.587578	71.629494	0.000000	0.000000	0.458407
-75.655174	70.985596	71.629494	0.000000	0.000000	0.458407
-76.085251	72.389130	71.629494	0.000000	0.000000	0.458407
-76.497650	73.797958	71.629494	0.000000	0.000000	0.458407
-76.892326	75.211868	71.629494	0.000000	0.000000	0.458407
-77.269196	76.630608	71.629494	0.000000	0.000000	0.458407
-77.628204	78.053986	71.629494	0.000000	0.000000	0.458407
-77.969299	79.481750	71.629494	0.000000	0.000000	0.458407
-78.292435	80.913696	71.629494	0.000000	0.000000	0.458407
-78.597542	82.349579	71.629494	0.000000	0.000000	0.258407
-78.884583	83.789192	71.629494	0.000000	0.000000	0.258407
-79.153511	85.232300	71.629494	0.000000	0.000000	0.258407
-79.404289	86.678665	71.629494	0.000000	0.000000	0.258407
-79.636864	88.128075	71.629494	0.000000	0.000000	0.258407
-79.851212	89.580292	71.629494	0.000000	0.000000	0.258407
-80.047295	91.035080	71.629494	0.000000	0.000000	0.258407
-80.225082	92.492226	71.629494	0.000000	0.000000	0.258407
-80.384544	93.951477	71.629494	0.000000	0.000000	0.258407
-80.525658	95.412636	71.629494	0.000000	0.000000	0.258407
-80.648392	96.875443	71.629494	0.000000	0.000000	0.258407
-80.752739	98.339684	71.629494	0.000000	0.000000	0.258407
-80.838684	99.805115	71.629494	0.000000	0.000000	0.258407
-80.906197	101.271500	71.629494	0.000000	0.000000	0.258407
-80.955284	102.738632	71.629494	0.000000	0.000000	0.258407
-80.985931	104.206276	71.629494	0.000000	0.000000	0.258407
-80.998131	105.674164	71.629494	0.000000	0.000000	0.258407
-80.991890	107.142097	71.629494	0.000000	0.000000	0.258407
-80.967201	108.609840	71.629494	0.000000	0.000000	0.258407
-80.924065	110.077156	71.629494	0.000000	0.000000	0.258407
-80.862503	111.543816	71.629494	0.000000	0.000000	0.258407
-80.782509	113.009575	71.629494	0.000000	0.000000	0.058407
-80.684105	114.474220	71.629494	0.000000	0.000000	0.058407
-80.567299	115.937523	71.629494	0.000000	0.000000	0.058407
-80.432121	117.399231	71.629494	0.000000	0.000000	0.058407
-80.278580	118.859131	71.629494	0.000000	0.000000	0.058407
-80.106712	120.316986	71.629494	0.000000	0.000000	0.058407
-79.916534	121.772560	71.629494	0.000000	0.000000	0.058407
-79.708084	123.225639	71.629494	0.000000	0.000000	0.058407
-79.481384	124.675972	71.629494	0.000000	0.000000	0.058407
-79.236481	126.123352	71.629494	0.000000	0.000000	0.058407
-78.973412	127.567528	71.629494	0.000000	0.000000	0.058407
-78.692215	129.008301	71.629494	0.000000	0.000000	0.058407
-78.392937	130.445419	71.629494	0.000000	0.000000	0.058407
-78.075623	131.878662	71.629494	0.000000	0.000000	0.058407
-77.740318	133.307800	71.629494	0.000000	0.000000	0.058407
-77.387085	134.732605	71.629494	0.000000	0.000000	0.058407
-77.015976	136.152878	71.629494	0.000000	0.000000	0.058407
-76.627045	137.568375	71.629494	0.000000	0.000000	0.058407
-76.220367	138.978867	71.629494	0.000000	0.000000	0.058407
-75.795990	140.384125	71.629494	0.000000	0.000000	0.058407
-75.353989	141.783951	71.629494	0.000000	0.000000	0.058407
-74.894432	143.178116	71.629494	0.000000	0.000000	0.058407
-74.417397	144.566391	71.629494	0.000000	0.000000	0.058407
-73.922951	145.948563	71.629494	0.000000	0.000000	0.058407
-73.411171	147.324402	71.629494	0.000000	0.000000	0.058407
-72.882149	148.693710	71.629494	0.000000	0.000000	-0.141593
-72.335960	150.056274	71.629494	0.000000	0.000000	-0.141593
-71.772690	151.411850	71.629494	0.000000	0.000000	-0.141593
-71.192436	152.760239	71.629494	0.000000	0.000000	-0.141593
-70.595276	154.101242	71.629494	0.000000	0.000000	-0.141593
-69.981316	155.434631	71.629494	0.000000	0.000000	-0.141593
-69.350647	156.760193	71.629494	0.000000	0.000000	-0.141593
-68.703377	158.077744	71.629494	0.000000	0.000000	-0.141593
-68.039597	159.387039	71.629494	0.000000	0.000000	-0.141593
-67.359413	160.687897	71.629494	0.000000	0.000000	-0.141593
-66.662941	161.980103	71.629494	0.000000	0.000000	-0.141593
-65.950287	163.263458	71.629494	0.000000	0.000000	-0.141593
-65.221558	164.537750	71.629494	0.000000	0.000000	-0.141593
-64.476875	165.802795	71.629494	0.000000	0.000000	-0.141593
-63.716362	167.058380	71.629494	0.000000	0.000000	-0.141593
-62.940125	168.304291	71.629494	0.000000	0.000000	-0.141593
-62.148293	169.540375	71.629494	0.000000	0.000000	-0.141593
-61.340992	170.766403	71.629494	0.000000	0.000000	-0.141593
-60.518349	171.982178	71.629494	0.000000	0.000000	-0.141593
-59.680489	173.187531	71.629494	0.000000	0.000000	-0.141593
-58.827553	174.382263	71.629494	0.000000	0.000000	-0.141593
-57.959667	175.566177	71.629494	0.000000	0.000000	-0.141593
-57.076977	176.739090	71.629494	0.000000	0.000000	-0.141593
-56.179619	177.900818	71.629494	0.000000	0.000000	-0.141593
-55.267727	179.051178	71.629494	0.000000	0.000000	-0.141593
-54.341454	180.190002	71.629494	0.000000	0.000000	-0.141593
-53.400948	181.317078	71.629494	0.000000	0.000000	-0.141593
-52.446350	182.432251	71.629494	0.000000	0.000000	-0.341593
-51.477814	183.535339	71.629494	0.000000	0.000000	-0.341593
-50.495495	184.626175	71.629494	0.000000	0.000000	-0.341593
-49.499542	185.704575	71.629494	0.000000	0.000000	-0.341593
-48.490120	186.770386	71.629494	0.000000	0.000000	-0.341593
-47.467384	187.823425	71.629494	0.000000	0.000000	-0.341593
-46.431492	188.863525	71.629494	0.000000	0.000000	-0.341593
-45.382618	189.890518	71.629494	0.000000	0.000000	-0.341593
-44.320919	190.904266	71.629494	0.000000	0.000000	-0.341593
-43.246563	191.904587	71.629494	0.000000	0.000000	-0.341593
-42.159725	192.891327	71.629494	0.000000	0.000000	-0.341593
-41.060574	193.864319	71.629494	0.000000	0.000000	-0.341593
-39.949284	194.823441	71.629494	0.000000	0.000000	-0.341593
-38.826023	195.768509	71.629494	0.000000	0.000000	-0.341593
-37.690979	196.699402	71.629494	0.000000	0.000000	-0.341593
-36.544327	197.615952	71.629494	0.000000	0.000000	-0.341593
-35.386246	198.518021	71.629494	0.000000	0.000000	-0.341593
-34.216927	199.405457	71.629494	0.000000	0.000000	-0.341593
-33.036541	200.278137	71.629494	0.000000	0.000000	-0.341593
-31.845285	201.135925	71.629494	0.000000	0.000000	-0.341593
-30.643347	201.978668	71.629494	0.000000	0.000000	-0.341593
-29.430912	202.806229	71.629494	0.000000	0.000000	-0.341593
-28.208172	203.618500	71.629494	0.000000	0.000000	-0.341593
-26.975325	204.415344	71.629494	0.000000	0.000000	-0.341593
-25.732557	205.196640	71.629494	0.000000	0.000000	-0.341593
-24.480074	205.962250	71.629494	0.000000	0.000000	-0.341593
-23.218067	206.712051	71.629494	0.000000	0.000000	-0.341593
-21.946739	207.445938	71.629494	0.000000	0.000000	-0.341593
-20.666288	208.163803	71.629494	0.000000	0.000000	-0.341593
-19.376919	208.865509	71.629494	0.000000	0.000000	-0.541593
-18.078833	209.550964	71.629494	0.000000	0.000000	-0.541593
-16.772236	210.220047	71.629494	0.000000	0.000000	-0.541593
-15.457334	210.872665	71.629494	0.000000	0.000000	-0.541593
-14.134336	211.508713	71.629494	0.000000	0.000000	-0.541593
-12.803448	212.128082	71.629494	0.000000	0.000000	-0.541593
-11.464884	212.730667	71.629494	0.000000	0.000000	-0.541593
-10.118853	213.316391	71.629494	0.000000	0.000000	-0.541593
-8.765568	213.885162	71.629494	0.000000	0.000000	-0.541593
-7.405242	214.436874	71.629494	0.000000	0.000000	-0.541593
-6.038092	214.971451	71.629494	0.000000	0.000000	-0.541593
-4.664331	215.488800	71.629494	0.000000	0.000000	-0.541593
-3.284179	215.988861	71.629494	0.000000	0.000000	-0.541593
-1.897851	216.471527	71.629494	0.000000	0.000000	-0.541593
-0.505567	216.936737	71.629494	0.000000	0.000000	-0.541593
0.892452	217.384415	71.629494	0.000000	0.000000	-0.541593
2.295986	217.814484	71.629494	0.000000	0.000000	-0.541593
3.704815	218.226898	71.629494	0.000000	0.000000	-0.541593
5.118714	218.621567	71.629494	0.000000	0.000000	-0.541593
6.537460	218.998428	71.629494	0.000000	0.000000	-0.541593
7.960831	219.357437	71.629494	0.000000	0.000000	-0.541593
9.388600	219.698532	71.629494	0.000000	0.000000	-0.541593
10.820544	220.021667	71.629494	0.000000	0.000000	-0.541593
12.256435	220.326782	71.629494	0.000000	0.000000	-0.541593
13.696045	220.613815	71.629494	0.000000	0.000000	-0.541593
15.139150	220.882751	71.629494	0.000000	0.000000	-0.541593
16.585520	221.133530	71.629494	0.000000	0.000000	-0.541593
18.034927	221.366104	71.629494	0.000000	0.000000	-0.541593
19.487143	221.580444	71.629494	0.000000	0.000000	-0.541593
20.941936	221.776535	71.629494	0.000000	0.000000	-0.541593
22.399080	221.954315	71.629494	0.000000	0.000000	-0.741593
23.858339	222.113785	71.629494	0.000000	0.000000	-0.741593
25.319492	222.254898	71.629494	0.000000	0.000000	-0.741593
26.782301	222.377625	71.629494	0.000000	0.000000	-0.741593
28.246536	222.481979	71.629494	0.000000	0.000000	-0.741593
29.711967	222.567917	71.629494	0.000000	0.000000	-0.741593
31.178360	222.635437	71.629494	0.000000	0.000000	-0.741593
32.645493	222.684525	71.629494	0.000000	0.000000	-0.741593
34.113121	222.715164	71.629494	0.000000	0.000000	-0.741593
35.581017	222.727371	71.629494	0.000000	0.000000	-0.741593
37.048954	222.721130	71.629494	0.000000	0.000000	-0.741593
38.516693	222.696442	71.629494	0.000000	0.000000	-0.741593
39.984009	222.653305	71.629494	0.000000	0.000000	-0.741593
41.450665	222.591736	71.629494	0.000000	0.000000	-0.741593
42.916431	222.511749	71.629494	0.000000	0.000000	-0.741593
44.381081	222.413345	71.629494	0.000000	0.000000	-0.741593
45.844376	222.296539	71.629494	0.000000	0.000000	-0.741593
47.306087	222.161362	71.629494	0.000000	0.000000	-0.741593
48.765984	222.007812	71.629494	0.000000	0.000000	-0.741593
50.223835	221.835953	71.629494	0.000000	0.000000	-0.741593
51.679417	221.645767	71.629494	0.000000	0.000000	-0.741593
53.132484	221.437317	71.629494	0.000000	0.000000	-0.741593
54.582821	221.210617	71.629494	0.000000	0.000000	-0.741593
56.030197	220.965714	71.629494	0.000000	0.000000	-0.741593
57.474388	220.702652	71.629494	0.000000	0.000000	-0.741593
58.915146	220.421448	71.629494	0.000000	0.000000	-0.741593
60.352264	220.122177	71.629494	0.000000	0.000000	-0.741593
61.785507	219.804855	71.629494	0.000000	0.000000	-0.741593
63.214649	219.469559	71.629494	0.000000	0.000000	-0.741593
64.639473	219.116318	71.629494	0.000000	0.000000	-0.741593
66.059731	218.745209	71.629494	0.000000	0.000000	-0.741593
67.475220	218.356293	71.629494	0.000000	0.000000	-0.941593
68.885712	217.949600	71.629494	0.000000	0.000000	-0.941593
70.290977	217.525223	71.629494	0.000000	0.000000	-0.941593
71.690804	217.083221	71.629494	0.000000	0.000000	-0.941593
73.084961	216.623672	71.629494	0.000000	0.000000	-0.941593
74.473236	216.146637	71.629494	0.000000	0.000000	-0.941593
75.855408	215.652191	71.629494	0.000000	0.000000	-0.941593
76.988113	215.232285	71.629494	0.000000	0.000000	-0.941593
76.988113	215.232285	71.629494	0.000000	0.000000	-0.941593
76.988113	215.232285	71.629494	0.000000	0.000000	-0.941593
76.988113	215.232285	71.629494	0.000000	0.000000	-0.941593
76.988113	215.232285	71.629494	0.000000	0.000000	-0.941593
76.988113	215.232285	71.629494	0.000000	0.000000	-0.941593
76.988113	215.232285	71.629494	0.000000	0.000000	-0.941593
76.988113	215.232285	71.629494	0.000000	0.000000	-0.941593
76.988113	215.232285	71.629494	0.000000	0.000000	-0.941593
76.988113	215.232285	71.629494	0.000000	0.000000	-0.941593
76.988113	215.232285	71.629494	0.000000	0.000000	-0.941593
76.988113	215.232285	71.629494	0.000000	0.000000	-0.941593
76.988113	215.232285	71.629494	0.000000	0.000000	-0.941593
76.988113	215.232285	71.629494	0.000000	0.000000	-0.941593
76.988113	215.232285	71.629494	0.000000	0.000000	-0.941593
76.988113	215.232285	71.629494	0.000000	0.000000	-0.941593
76.988113	215.232285	71.629494	0.000000	0.000000	-0.941593
76.988113	215.232285	71.629494	0.000000	0.000000	-0.941593
76.988113	215.232285	71.629494	0.000000	0.000000	-0.941593
76.988113	215.232285	71.629494	0.000000	0.000000	-0.941593
76.988113	215.232285	71.629494	0.000000	0.000000	-0.941593
76.988113	215.232285	71.629494	0.000000	0.000000	-0.941593
76.988113	215.232285	71.629494	0.000000	0.000000	-0.941593
76.988113	215.232285	71.629494	0.000000	0.000000	-0.941593
76.988113	215.232285	71.629494	0.000000	0.000000	-0.941593
76.988113	215.232285	71.629494	0.000000	0.000000	-0.941593
76.988113	215.232285	71.629494	0.000000	0.000000	-0.941593
76.988113	215.232285	71.629494	0.000000	0.000000	-0.941593
76.988113	215.232285	71.629494	0.000000	0.000000	-0.941593
76.988113	215.232285	71.629494	0.000000	0.000000	-0.941593
76.988113	215.232285	71.629494	0.000000	0.000000	-0.941593
76.988113	215.232285	71.629494	0.000000	0.000000	-0.941593
76.988113	215.232285	71.629494	0.000000	0.000000	-0.941593
76.988113	215.232285	71.629494	0.000000	0.000000	-0.941593
76.988113	215.232285	71.629494	0.000000	0.000000	-0.941593
76.988113	215.232285	71.629494	0.000000	0.000000	-0.941593
76.988113	215.232285	71.629494	0.000000	0.000000	-0.941593
76.988113	215.232285	71.629494	0.000000	0.000000	-0.941593
76.988113	215.232285	71.629494	0.000000	0.000000	-0.941593
76.988113	215.232285	71.629494	0.000000	0.000000	-0.941593
76.988113	215.232285	71.629494	0.000000	0.000000	-0.941593
76.988113	215.232285	71.629494	0.000000	0.000000	-0.941593
76.988113	215.232285	71.629494	0.000000	0.000000	-0.941593
76.988113	215.232285	71.629494	0.000000	0.000000	-0.941593
76.988113	215.232285	71.629494	0.000000	0.000000	-0.941593
76.988113	215.232285	71.629494	0.000000	0.000000	-0.941593
76.988113	215.232285	71.629494	0.000000	0.000000	-0.941593
76.988113	215.232285	71.629494	0.000000	0.000000	-0.941593
76.988113	215.232285	71.629494	0.000000	0.000000	-0.941593
76.988113	215.232285	71.629494	0.000000	0.000000	-0.941593
76.988113	215.232285	71.629494	0.000000	0.000000	-0.941593
76.988113	215.232285	71.629494	0.000000	0.000000	-0.941593
76.988113	215.232285	71.629494	0.000000	0.000000	-0.941593
76.988113	215.232285	71.629494	0.000000	0.000000	-0.941593
76.988113	215.232285	71.629494	0.000000	0.000000	-0.941593
76.988113	215.232285	71.629494	0.000000	0.000000	-0.941593
76.988113	215.232285	71.629494	0.000000	0.000000	-0.941593
76.988113	215.232285	71.629494	0.000000	0.000000	-0.941593
76.988113	215.232285	71.629494	0.000000	0.000000	-0.941593
76.988113	215.232285	71.629494	0.000000	0.000000	-0.941593
76.988113	215.232285	71.629494	0.000000	0.000000	-0.941593
76.988113	215.232285	71.629494	0.000000	0.000000	-0.941593
76.988113	215.232285	71.629494	0.000000	0.000000	-0.941593
76.988113	215.232285	71.629494	0.000000	0.000000	-0.941593
76.988113	215.232285	71.629494	0.000000	0.000000	-0.941593
76.988113	215.232285	71.629494	0.000000	0.000000	-0.941593
76.988113	215.232285	71.629494	0.000000	0.000000	-0.941593
76.988113	215.232285	71.629494	0.000000	0.000000	-0.941593
76.988113	215.232285	71.629494	0.000000	0.000000	-0.941593
76.988113	215.232285	71.629494	0.000000	0.000000	-0.941593
76.988113	215.232285	71.629494	0.000000	0.000000	-0.941593
76.988113	215.232285	71.629494	0.000000	0.000000	-0.941593
76.988113	215.232285	71.629494	0.000000	0.000000	-0.941593
76.988113	215.232285	71.629494	0.000000	0.000000	-0.941593
76.988113	215.232285	71.629494	0.000000	0.000000	-0.941593
76.988113	215.232285	71.629494	0.000000	0.000000	-0.941593
76.988113	215.232285	71.629494	0.000000	0.000000	-0.941593
76.988113	215.232285	71.629494	0.000000	0.000000	-0.941593
76.988113	215.232285	71.629494	0.000000	0.000000	-0.941593
76.988113	215.232285	71.629494	0.000000	0.000000	-0.941593
76.988113	215.232285	71.629494	0.000000	0.000000	-0.941593
76.988113	215.232285	71.629494	0.000000	0.000000	-0.941593
76.988113	215.232285	71.629494	0.000000	0.000000	-0.941593
76.988113	215.232285	71.629494	0.000000	0.000000	-0.941593
76.988113	215.232285	71.629494	0.000000	0.000000	-0.941593
76.988113	215.232285	71.629494	0.000000	0.000000	-0.941593
76.988113	215.232285	71.629494	0.000000	0.000000	-0.941593
76.988113	215.232285	71.629494	0.000000	0.000000	-0.941593
76.988113	215.232285	71.629494	0.000000	0.000000	-0.941593
76.988113	215.232285	71.629494	0.000000	0.000000	-0.941593
76.988113	215.232285	71.629494	0.000000	0.000000	-0.941593
76.988113	215.232285	71.629494	0.000000	0.000000	-0.941593
76.988113	215.232285	71.629494	0.000000	0.000000	-0.941593
76.988113	215.232285	71.629494	0.000000	0.000000	-0.941593
76.988113	215.232285	71.629494	0.000000	0.000000	-0.941593
76.988113	215.232285	71.629494	0.000000	0.000000	-0.941593
76.988113	215.232285	71.629494	0.000000	0.000000	-0.941593
76.988113	215.232285	71.629494	0.000000	0.000000	-0.941593
76.988113	215.232285	71.629494	0.000000	0.000000	-0.941593
76.988113	215.232285	71.629494	0.000000	0.000000	-0.941593
76.988113	215.232285	71.629494	0.000000	0.000000	-0.941593
76.988113	215.232285	71.629494	0.000000	0.000000	-0.941593
76.988113	215.232285	71.629494	0.000000	0.000000	-0.941593
76.988113	215.232285	71.629494	0.000000	0.000000	-0.941593
76.988113	215.232285	71.629494	0.000000	0.000000	-0.941593
76.988113	215.232285	71.629494	0.000000	0.000000	-0.941593
76.988113	215.232285	71.629494	0.000000	0.000000	-0.941593
76.988113	215.232285	71.629494	0.000000	0.000000	-0.941593
76.988113	215.232285	71.629494	0.000000	0.000000	-0.941593
76.988113	215.232285	71.629494	0.000000	0.000000	-0.941593
76.988113	215.232285	71.629494	0.000000	0.000000	-0.941593
76.988113	215.232285	71.629494	0.000000	0.000000	-0.941593
76.988113	215.232285	71.629494	0.000000	0.000000	-0.941593
76.988113	215.232285	71.629494	0.000000	0.000000	-0.941593
76.988113	215.232285	71.629494	0.000000	0.000000	-0.941593
76.988113	215.232285	71.629494	0.000000	0.000000	-0.941593
76.988113	215.232285	71.629494	0.000000	0.000000	-0.941593
76.988113	215.232285	71.629494	0.000000	0.000000	-0.941593
76.988113	215.232285	71.629494	0.000000	0.000000	-0.941593
76.988113	215.232285	71.629494	0.000000	0.000000	-0.941593
76.988113	215.232285	71.629494	0.000000	0.000000	-0.941593
76.988113	215.232285	71.629494	0.000000	0.000000	-0.941593
76.988113	215.232285	71.629494	0.000000	0.000000	-0.941593
76.988113	215.232285	71.629494	0.000000	0.000000	-0.941593
76.988113	215.232285	71.629494	0.000000	0.000000	-0.941593
76.988113	215.232285	71.629494	0.000000	0.000000	-0.941593
76.988113	215.232285	71.629494	0.000000	0.000000	-0.941593
76.988113	215.232285	71.629494	0.000000	0.000000	-0.941593
76.988113	215.232285	71.629494	0.000000	0.000000	-0.941593
76.988113	215.232285	71.629494	0.000000	0.000000	-0.941593
76.988113	215.232285	71.629494	0.000000	0.000000	-0.941593
76.988113	215.232285	71.629494	0.000000	0.000000	-0.941593
76.988113	215.232285	71.629494	0.000000	0.000000	-0.941593
76.988113	215.232285	71.629494	0.000000	0.000000	-0.941593
76.988113	215.232285	71.629494	0.000000	0.000000	-0.941593
76.988113	215.232285	71.629494	0.000000	0.000000	-0.941593
76.988113	215.232285	71.629494	0.000000	0.000000	-0.941593
76.988113	215.232285	71.629494	0.000000	0.000000	-0.941593
76.988113	215.232285	71.629494	0.000000	0.000000	-0.941593
76.988113	215.232285	71.629494	0.000000	0.000000	-0.941593
76.988113	215.232285	71.629494	0.000000	0.000000	-0.941593
76.988113	215.232285	71.629494	0.000000	0.000000	-0.941593
76.988113	215.232285	71.629494	0.000000	0.000000	-0.941593
76.988113	215.232285	71.629494	0.000000	0.000000	-0.941593
76.988113	215.232285	71.629494	0.000000	0.000000	-0.941593
76.988113	215.232285	71.629494	0.000000	0.000000	-0.941593
76.988113	215.232285	71.629494	0.000000	0.000000	-0.941593
76.988113	215.232285	71.629494	0.000000	0.000000	-0.941593
76.988113	215.232285	71.629494	0.000000	0.000000	-0.941593
76.988113	215.232285	71.629494	0.000000	0.000000	-0.941593
76.988113	215.232285	71.629494	0.000000	0.000000	-0.941593
76.988113	215.232285	71.629494	0.000000	0.000000	-0.941593
76.988113	215.232285	71.629494	0.000000	0.000000	-0.941593
76.988113	215.232285	71.629494	0.000000	0.000000	-0.941593
76.988113	215.232285	71.629494	0.000000	0.000000	-0.941593
76.988113	215.232285	71.629494	0.000000	0.000000	-0.941593
76.988113	215.232285	71.629494	0.000000	0.000000	-0.941593
76.988113	215.232285	71.629494	0.000000	0.000000	-0.941593
76.988113	215.232285	71.629494	0.000000	0.000000	-0.941593
76.988113	215.232285	71.629494	0.000000	0.000000	-0.941593
76.988113	215.232285	71.629494	0.000000	0.000000	-0.941593
76.988113	215.232285	71.629494	0.000000	0.000000	-0.941593
76.988113	215.232285	71.629494	0.000000	0.000000	-0.941593
76.988113	215.232285	71.629494	0.000000	0.000000	-0.941593
76.988113	215.232285	71.629494	0.000000	0.000000	-0.941593
76.988113	215.232285	71.629494	0.000000	0.000000	-0.941593
76.988113	215.232285	71.629494	0.000000	0.000000	-0.941593
76.988113	215.232285	71.629494	0.000000	0.000000	-0.941593
76.988113	215.232285	71.629494	0.000000	0.000000	-0.941593
76.988113	215.232285	71.629494	0.000000	0.000000	-0.941593
76.988113	215.232285	71.629494	0.000000	0.000000	-0.941593
76.988113	215.232285	71.629494	0.000000	0.000000	-0.941593
76.988113	215.232285	71.629494	0.000000	0.000000	-0.941593
76.988113	215.232285	71.629494	0.000000	0.000000	-0.941593
76.988113	215.232285	71.629494	0.000000	0.000000	-0.941593
76.988113	215.232285	71.629494	0.000000	0.000000	-0.941593
76.988113	215.232285	71.629494	0.000000	0.000000	-0.941593
76.988113	215.232285	71.629494	0.000000	0.000000	-0.941593
76.988113	215.232285	71.629494	0.000000	0.000000	-0.941593
76.988113	215.232285	71.629494	0.000000	0.000000	-0.941593
76.988113	215.232285	71.629494	0.000000	0.000000	-0.941593
76.988113	215.232285	71.629494	0.000000	0.000000	-0.941593
76.988113	215.232285	71.629494	0.000000	0.000000	-0.941593
76.988113	215.232285	71.629494	0.000000	0.000000	-0.941593
76.988113	215.232285	71.629494	0.000000	0.000000	-0.941593
76.988113	215.232285	71.629494	0.000000	0.000000	-0.941593
76.988113	215.232285	71.629494	0.000000	0.000000	-0.941593
76.988113	215.232285	71.629494	0.000000	0.000000	-0.941593
76.988113	215.232285	71.629494	0.000000	0.000000	-0.941593
76.988113	215.232285	71.629494	0.000000	0.000000	-0.941593
76.988113	215.232285	71.629494	0.000000	0.000000	-0.941593
76.988113	215.232285	71.629494	0.000000	0.000000	-0.941593
76.988113	215.232285	71.629494	0.000000	0.000000	-0.941593
