54.862156	212.066696	-2.882387	0.000000	0.000000	-1.141593
54.862156	212.066696	-2.882387	0.000000	0.000000	-1.141593
54.862156	212.066696	-2.882387	0.000000	0.000000	-1.141593
54.862156	212.066696	-2.882387	0.000000	0.000000	-1.141593
54.862156	212.066696	-2.882387	0.000000	0.000000	-1.141593
54.862156	212.066696	-2.882387	0.000000	0.000000	-1.141593
54.862156	212.066696	-2.882387	0.000000	0.000000	-1.141593
54.862156	212.066696	-2.882387	0.000000	0.000000	-1.141593
54.862156	212.066696	-2.882387	0.000000	0.000000	-1.141593
54.862156	212.066696	-2.882387	0.000000	0.000000	-1.141593
54.862156	212.066696	-2.882387	0.000000	0.000000	-1.141593
54.862156	212.066696	-2.882387	0.000000	0.000000	-1.141593
54.862156	212.066696	-2.882387	0.000000	0.000000	-1.141593
54.862156	212.066696	-2.882387	0.000000	0.000000	-1.141593
54.862156	212.066696	-2.882387	0.000000	0.000000	-1.141593
54.862156	212.066696	-2.882387	0.000000	0.000000	-1.141593
54.862156	212.066696	-2.882387	0.000000	0.000000	-1.141593
54.862156	212.066696	-2.882387	0.000000	0.000000	-1.141593
54.862156	212.066696	-2.882387	0.000000	0.000000	-1.141593
54.862156	212.066696	-2.882387	0.000000	0.000000	-1.141593
54.862156	212.066696	-2.882387	0.000000	0.000000	-1.141593
54.862156	212.066696	-2.882387	0.000000	0.000000	-1.141593
54.862156	212.066696	-2.882387	0.000000	0.000000	-1.141593
54.862156	212.066696	-2.882387	0.000000	0.000000	-1.141593
54.862156	212.066696	-2.882387	0.000000	0.000000	-1.141593
54.862156	212.066696	-2.882387	0.000000	0.000000	-1.141593
54.862156	212.066696	-2.882387	0.000000	0.000000	-1.141593
54.862156	212.066696	-2.882387	0.000000	0.000000	-1.141593
54.862156	212.066696	-2.882387	0.000000	0.000000	-1.141593
54.862156	212.066696	-2.882387	0.000000	0.000000	-1.141593
54.862156	212.066696	-2.882387	0.000000	0.000000	-1.141593
54.862156	212.066696	-2.882387	0.000000	0.000000	-1.141593
54.862156	212.066696	-2.882387	0.000000	0.000000	-1.141593
54.862156	212.066696	-2.882387	0.000000	0.000000	-1.141593
54.862156	212.066696	-2.882387	0.000000	0.000000	-1.141593
54.862156	212.066696	-2.882387	0.000000	0.000000	-1.141593
54.862156	212.066696	-2.882387	0.000000	0.000000	-1.141593
54.862156	212.066696	-2.882387	0.000000	0.000000	-1.141593
54.862156	212.066696	-2.882387	0.000000	0.000000	-1.141593
54.862156	212.066696	-2.882387	0.000000	0.000000	-1.141593
54.862156	212.066696	-2.882387	0.000000	0.000000	-1.141593
54.862156	212.066696	-2.882387	0.000000	0.000000	-1.141593
54.862156	212.066696	-2.882387	0.000000	0.000000	-1.141593
54.862156	212.066696	-2.882387	0.000000	0.000000	-1.141593
54.862156	212.066696	-2.882387	0.000000	0.000000	-1.141593
54.862156	212.066696	-2.882387	0.000000	0.000000	-1.141593
54.862156	212.066696	-2.882387	0.000000	0.000000	-1.141593
54.862156	212.066696	-2.882387	0.000000	0.000000	-1.141593
54.862156	212.066696	-2.882387	0.000000	0.000000	-1.141593
54.862156	212.066696	-2.882387	0.000000	0.000000	-1.141593
54.862156	212.066696	-2.882387	0.000000	0.000000	-1.141593
54.862156	212.066696	-2.882387	0.000000	0.000000	-1.141593
54.862156	212.066696	-2.882387	0.000000	0.000000	-1.141593
54.862156	212.066696	-2.882387	0.000000	0.000000	-1.141593
54.862156	212.066696	-2.882387	0.000000	0.000000	-1.141593
54.862156	212.066696	-2.882387	0.000000	0.000000	-1.141593
54.862156	212.066696	-2.882387	0.000000	0.000000	-1.141593
54.862156	212.066696	-2.882387	0.000000	0.000000	-1.141593
54.862156	212.066696	-2.882387	0.000000	0.000000	-1.141593
54.862156	212.066696	-2.882387	0.000000	0.000000	-1.141593
54.862156	212.066696	-2.882387	0.000000	0.000000	-1.141593
54.862156	212.066696	-2.882387	0.000000	0.000000	-1.141593
54.862156	212.066696	-2.882387	0.000000	0.000000	-1.141593
54.862156	212.066696	-2.882387	0.000000	0.000000	-1.141593
54.862156	212.066696	-2.882387	0.000000	0.000000	-1.141593
55.290367	211.878189	-2.214202	0.000000	0.000000	-1.141593
55.761635	211.663971	-1.474916	0.000000	0.000000	-1.141593
56.230259	211.443787	-0.735543	0.000000	0.000000	-1.141593
56.696167	211.217712	0.003876	0.000000	0.000000	-1.141593
57.159283	210.985748	0.743320	0.000000	0.000000	-1.141593
57.619534	210.747940	1.482757	0.000000	0.000000	-1.141593
58.304653	210.393631	2.044799	0.000000	0.000000	-1.141593
59.705200	209.675217	2.044639	0.000000	0.000000	-1.141593
61.096622	208.939255	2.044478	0.000000	0.000000	-1.141593
62.478703	208.185867	2.044301	0.000000	0.000000	-1.141593
63.851219	207.415161	2.044129	0.000000	0.000000	-1.141593
65.213951	206.627274	2.043958	0.000000	0.000000	-1.141593
66.566689	205.822311	2.043795	0.000000	0.000000	-1.141593
67.909218	205.000397	2.043603	0.000000	0.000000	-1.141593
69.241325	204.161682	2.043427	0.000000	0.000000	-1.141593
70.562805	203.306274	2.043246	0.000000	0.000000	-1.141593
71.873444	202.434341	2.043063	0.000000	0.000000	-1.141593
73.173027	201.545975	2.042873	0.000000	0.000000	-1.141593
74.461365	200.641357	2.042684	0.000000	0.000000	-1.141593
75.738243	199.720612	2.042490	0.000000	0.000000	-1.141593
77.003464	198.783890	2.042289	0.000000	0.000000	-1.141593
78.256821	197.831329	2.042102	0.000000	0.000000	-1.141593
79.498131	196.863083	2.041887	0.000000	0.000000	-1.341593
80.727188	195.879318	2.041687	0.000000	0.000000	-1.341593
81.943787	194.880173	2.041481	0.000000	0.000000	-1.341593
83.147766	193.865799	2.041271	0.000000	0.000000	-1.341593
84.338898	192.836380	2.041062	0.000000	0.000000	-1.341593
85.517021	191.792068	2.040844	0.000000	0.000000	-1.341593
86.681931	190.733032	2.040637	0.000000	0.000000	-1.341593
87.833466	189.659424	2.040405	0.000000	0.000000	-1.341593
88.971420	188.571411	2.040190	0.000000	0.000000	-1.341593
90.095627	187.469193	2.039969	0.000000	0.000000	-1.341593
91.205910	186.352936	2.039740	0.000000	0.000000	-1.341593
92.302094	185.222778	2.039498	0.000000	0.000000	-1.341593
93.383995	184.078934	2.039265	0.000000	0.000000	-1.341593
94.451454	182.921585	2.039041	0.000000	0.000000	-1.341593
95.504280	181.750916	2.038816	0.000000	0.000000	-1.341593
96.542343	180.567078	2.038570	0.000000	0.000000	-1.341593
97.565453	179.370300	2.038331	0.000000	0.000000	3.058407
98.573456	178.160736	2.038080	0.000000	0.000000	3.058407
99.566200	176.938583	2.037831	0.000000	0.000000	3.058407
100.543503	175.704071	2.037587	0.000000	0.000000	3.058407
101.505234	174.457352	2.037339	0.000000	0.000000	3.058407
102.451233	173.198639	2.037084	0.000000	0.000000	3.058407
103.381355	171.928131	2.036828	0.000000	0.000000	3.058407
104.295456	170.646011	2.036562	0.000000	0.000000	3.058407
105.193367	169.352509	2.036308	0.000000	0.000000	3.058407
106.074982	168.047806	2.036039	0.000000	0.000000	3.058407
106.940132	166.732132	2.035774	0.000000	0.000000	3.058407
107.788696	165.405685	2.035517	0.000000	0.000000	3.058407
108.620537	164.068649	2.035238	0.000000	0.000000	3.058407
109.435524	162.721252	2.034960	0.000000	0.000000	3.058407
110.233521	161.363724	2.034690	0.000000	0.000000	3.058407
111.014404	159.996292	2.034416	0.000000	0.000000	3.058407
111.778061	158.619110	2.034134	0.000000	0.000000	3.058407
112.524353	157.232437	2.033854	0.000000	0.000000	3.058407
113.253181	155.836487	2.033569	0.000000	0.000000	3.058407
113.964417	154.431473	2.033284	0.000000	0.000000	3.058407
114.657944	153.017639	2.032999	0.000000	0.000000	3.058407
115.333672	151.595184	2.032707	0.000000	0.000000	3.058407
115.991478	150.164322	2.032410	0.000000	0.000000	3.058407
116.631256	148.725327	2.032118	0.000000	0.000000	3.058407
117.252922	147.278381	2.031819	0.000000	0.000000	3.058407
117.856361	145.823715	2.031522	0.000000	0.000000	3.058407
118.441483	144.361588	2.031223	0.000000	0.000000	3.058407
119.008202	142.892197	2.030916	0.000000	0.000000	3.058407
119.556412	141.415817	2.030611	0.000000	0.000000	3.058407
120.086037	139.932632	2.030307	0.000000	0.000000	3.058407
120.597000	138.442902	2.029995	0.000000	0.000000	3.058407
121.089211	136.946854	2.029673	0.000000	0.000000	3.058407
121.562584	135.444733	2.029366	0.000000	0.000000	3.058407
122.017059	133.936768	2.029052	0.000000	0.000000	3.058407
122.452560	132.423203	2.028734	0.000000	0.000000	3.058407
122.869011	130.904282	2.028414	0.000000	0.000000	3.058407
123.266365	129.380203	2.028083	0.000000	0.000000	3.058407
123.644531	127.851273	2.027756	0.000000	0.000000	3.058407
124.003471	126.317696	2.027433	0.000000	0.000000	3.058407
124.343117	124.779716	2.027106	0.000000	0.000000	3.058407
124.663422	123.237579	2.026778	0.000000	0.000000	3.058407
124.964333	121.691521	2.026445	0.000000	0.000000	3.058407
125.245796	120.141792	2.026104	0.000000	0.000000	3.058407
125.507774	118.588638	2.025771	0.000000	0.000000	3.058407
125.750229	117.032295	2.025426	0.000000	0.000000	3.058407
125.973106	115.473038	2.025093	0.000000	0.000000	3.058407
126.176384	113.911087	2.024759	0.000000	0.000000	3.058407
126.360031	112.346680	2.024411	0.000000	0.000000	3.058407
126.524010	110.780075	2.024057	0.000000	0.000000	3.058407
126.668304	109.211533	2.023707	0.000000	0.000000	3.058407
126.792877	107.641281	2.023360	0.000000	0.000000	3.058407
126.897720	106.069588	2.023014	0.000000	0.000000	3.058407
126.982811	104.496666	2.022651	0.000000	0.000000	3.058407
127.048141	102.922821	2.022305	0.000000	0.000000	3.058407
127.093697	101.348236	2.021943	0.000000	0.000000	3.058407
127.119469	99.773209	2.021584	0.000000	0.000000	3.058407
127.125450	98.197952	2.021222	0.000000	0.000000	3.058407
127.111656	96.622757	2.020861	0.000000	0.000000	3.058407
127.078064	95.047829	2.020500	0.000000	0.000000	3.058407
127.024696	93.473434	2.020124	0.000000	0.000000	3.058407
126.951561	91.899834	2.019764	0.000000	0.000000	3.058407
126.858665	90.327248	2.019389	0.000000	0.000000	3.058407
126.746017	88.755959	2.019020	0.000000	0.000000	3.058407
126.613640	87.186180	2.018646	0.000000	0.000000	3.058407
126.461555	85.618187	2.018272	0.000000	0.000000	3.058407
126.289795	84.052216	2.017895	0.000000	0.000000	3.058407
126.098366	82.488510	2.017519	0.000000	0.000000	3.058407
125.887314	80.927322	2.017143	0.000000	0.000000	3.058407
125.656670	79.368896	2.016753	0.000000	0.000000	3.058407
125.406464	77.813477	2.016378	0.000000	0.000000	3.058407
125.136742	76.261314	2.015995	0.000000	0.000000	3.058407
124.847542	74.712654	2.015611	0.000000	0.000000	3.058407
124.538910	73.167725	2.015212	0.000000	0.000000	3.058407
124.210892	71.626785	2.014826	0.000000	0.000000	3.058407
123.863548	70.090088	2.014436	0.000000	0.000000	3.058407
123.496925	68.557854	2.014045	0.000000	0.000000	3.058407
123.111084	67.030342	2.013653	0.000000	0.000000	3.058407
122.706085	65.507774	2.013259	0.000000	0.000000	3.058407
122.281990	63.990417	2.012861	0.000000	0.000000	3.058407
121.838867	62.478481	2.012464	0.000000	0.000000	3.058407
121.376793	60.972233	2.012064	0.000000	0.000000	3.058407
120.895828	59.471886	2.011661	0.000000	0.000000	3.058407
120.396049	57.977695	2.011265	0.000000	0.000000	3.058407
119.877548	56.489887	2.010861	0.000000	0.000000	3.058407
119.340393	55.008694	2.010457	0.000000	0.000000	3.058407
118.784676	53.534363	2.010050	0.000000	0.000000	3.058407
118.210472	52.067104	2.009642	0.000000	0.000000	3.058407
117.617889	50.607174	2.009232	0.000000	0.000000	3.058407
117.007011	49.154789	2.008821	0.000000	0.000000	3.058407
116.377937	47.710182	2.008410	0.000000	0.000000	3.058407
115.730766	46.273579	2.008000	0.000000	0.000000	3.058407
115.065598	44.845211	2.007584	0.000000	0.000000	3.058407
114.382538	43.425297	2.007172	0.000000	0.000000	3.058407
113.681694	42.014069	2.006755	0.000000	0.000000	3.058407
112.963173	40.611736	2.006335	0.000000	0.000000	3.058407
112.227097	39.218540	2.005919	0.000000	0.000000	3.058407
111.473572	37.834682	2.005497	0.000000	0.000000	3.058407
110.702721	36.460388	2.005073	0.000000	0.000000	3.058407
109.914665	35.095882	2.004657	0.000000	0.000000	3.058407
109.109535	33.741367	2.004231	0.000000	0.000000	3.058407
108.287445	32.397064	2.003808	0.000000	0.000000	3.058407
107.448540	31.063183	2.003382	0.000000	0.000000	3.058407
106.592934	29.739933	2.002954	0.000000	0.000000	3.058407
105.720779	28.427526	2.002528	0.000000	0.000000	3.058407
104.832199	27.126171	2.002099	0.000000	0.000000	3.058407
103.927345	25.836073	2.001673	0.000000	0.000000	3.058407
103.006355	24.557426	2.001240	0.000000	0.000000	3.058407
102.069366	23.290442	2.000809	0.000000	0.000000	3.058407
101.116547	22.035316	2.000375	0.000000	0.000000	3.058407
100.148026	20.792250	1.999943	0.000000	0.000000	3.058407
99.163963	19.561438	1.999508	0.000000	0.000000	3.058407
98.164513	18.343077	1.999074	0.000000	0.000000	3.058407
97.149841	17.137354	1.998639	0.000000	0.000000	3.058407
96.120102	15.944464	1.998201	0.000000	0.000000	3.058407
95.075447	14.764590	1.997764	0.000000	0.000000	3.058407
94.016060	13.597925	1.997325	0.000000	0.000000	3.058407
92.942101	12.444651	1.996885	0.000000	0.000000	3.058407
91.853729	11.304949	1.996447	0.000000	0.000000	3.058407
90.751129	10.178996	1.996003	0.000000	0.000000	3.058407
89.634468	9.066976	1.995563	0.000000	0.000000	3.058407
88.503929	7.969059	1.995120	0.000000	0.000000	3.058407
87.359680	6.885423	1.994676	0.000000	0.000000	3.058407
86.201904	5.816235	1.994232	0.000000	0.000000	3.058407
85.030792	4.761665	1.993789	0.000000	0.000000	3.058407
83.846519	3.721879	1.993341	0.000000	0.000000	3.058407
82.649277	2.697046	1.992897	0.000000	0.000000	3.058407
81.439247	1.687321	1.992449	0.000000	0.000000	3.058407
80.216637	0.692869	1.992003	0.000000	0.000000	3.058407
78.981621	-0.286156	1.991555	0.000000	0.000000	3.058407
77.734406	-1.249602	1.991105	0.000000	0.000000	3.058407
76.475182	-2.197311	1.990655	0.000000	0.000000	3.058407
75.204147	-3.129136	1.990206	0.000000	0.000000	3.058407
73.921509	-4.044932	1.989756	0.000000	0.000000	3.058407
72.627464	-4.944552	1.989306	0.000000	0.000000	3.058407
71.322220	-5.827855	1.988855	0.000000	0.000000	3.058407
70.005981	-6.694700	1.988405	0.000000	0.000000	3.058407
68.678947	-7.544952	1.987951	0.000000	0.000000	3.058407
67.341339	-8.378475	1.987498	0.000000	0.000000	3.058407
65.993362	-9.195140	1.987044	0.000000	0.000000	3.058407
64.635231	-9.994816	1.986592	0.000000	0.000000	3.058407
63.267162	-10.777376	1.986138	0.000000	0.000000	3.058407
61.889362	-11.542698	1.985685	0.000000	0.000000	3.058407
60.502060	-12.290663	1.985229	0.000000	0.000000	3.058407
59.105465	-13.021148	1.984774	0.000000	0.000000	3.058407
57.699802	-13.734041	1.984318	0.000000	0.000000	3.058407
56.285290	-14.429228	1.983864	0.000000	0.000000	3.058407
54.862156	-15.106601	1.983408	0.000000	0.000000	3.058407
53.430622	-15.766051	1.982952	0.000000	0.000000	3.058407
51.990913	-16.407476	1.982495	0.000000	0.000000	3.058407
50.543259	-17.030773	1.982039	0.000000	0.000000	3.058407
49.087887	-17.635845	1.981581	0.000000	0.000000	3.058407
47.625023	-18.222593	1.981124	0.000000	0.000000	3.058407
46.154903	-18.790930	1.980667	0.000000	0.000000	3.058407
44.677757	-19.340761	1.980210	0.000000	0.000000	3.058407
43.193817	-19.872002	1.979752	0.000000	0.000000	3.058407
41.703316	-20.384569	1.979294	0.000000	0.000000	3.058407
40.206493	-20.878380	1.978837	0.000000	0.000000	3.058407
38.703583	-21.353357	1.978379	0.000000	0.000000	3.058407
37.194820	-21.809427	1.977921	0.000000	0.000000	3.058407
35.680443	-22.246515	1.977463	0.000000	0.000000	3.058407
34.160694	-22.664553	1.977005	0.000000	0.000000	3.058407
32.635811	-23.063477	1.976547	0.000000	0.000000	3.058407
31.106031	-23.443220	1.976089	0.000000	0.000000	3.058407
29.571604	-23.803728	1.975630	0.000000	0.000000	3.058407
28.032761	-24.144938	1.975173	0.000000	0.000000	3.058407
26.489750	-24.466797	1.974715	0.000000	0.000000	3.058407
24.942818	-24.769257	1.974257	0.000000	0.000000	3.058407
23.392204	-25.052269	1.973799	0.000000	0.000000	3.058407
21.838154	-25.315788	1.973341	0.000000	0.000000	3.058407
20.280910	-25.559772	1.972883	0.000000	0.000000	3.058407
18.720724	-25.784185	1.972424	0.000000	0.000000	3.058407
17.457264	-26.081160	2.477151	0.000000	0.000000	3.058407
15.435050	-26.295279	3.630323	0.000000	0.000000	3.058407
13.373369	-26.471796	4.717370	0.000000	0.000000	3.058407
11.276222	-26.610424	5.736297	0.000000	0.000000	3.058407
9.147696	-26.711014	6.685375	0.000000	0.000000	3.058407
6.991998	-26.773550	7.563118	0.000000	0.000000	0.000000
4.813380	-26.798157	8.368324	0.000000	0.000000	3.058407
2.616140	-26.785099	9.100060	0.000000	0.000000	0.000000
0.404580	-26.734756	9.757655	0.000000	0.000000	3.058407
-1.816991	-26.647650	10.340717	0.000000	0.000000	0.000000
-4.044326	-26.524416	10.849135	0.000000	0.000000	0.000000
-6.273219	-26.365805	11.283040	0.000000	0.000000	0.000000
-8.499567	-26.172672	11.642832	0.000000	0.000000	0.000000
1.549428	-29.165373	14.518221	0.000000	0.000000	0.000000
19.559763	-34.480892	19.569481	0.000000	0.000000	0.000000
56.232319	-45.304325	29.854834	0.000000	0.000000	0.000000
171.773529	-79.404823	62.260048	0.000000	0.000000	3.058407
-176.012695	162.696075	-149.509918	0.000000	0.000000	0.000000
-122.026207	86.179886	-72.752754	0.000000	0.000000	-0.541593
-128.432404	97.029030	-29.053434	0.000000	0.000000	0.000000
-124.495407	92.630898	-2.882387	0.000000	0.000000	-0.141593
-124.568039	94.203094	-2.882387	0.000000	0.000000	-0.141593
-124.620911	95.776070	-2.882387	0.000000	0.000000	-0.141593
-124.654007	97.349586	-2.882387	0.000000	0.000000	-0.141593
-124.667328	98.923416	-2.882387	0.000000	0.000000	-0.141593
-124.660873	100.497269	-2.882387	0.000000	0.000000	-0.141593
-124.634644	102.070923	-2.882387	0.000000	0.000000	-0.141593
-124.588638	103.644119	-2.882387	0.000000	0.000000	-0.141593
-124.522865	105.216614	-2.882387	0.000000	0.000000	-0.141593
-124.437340	106.788162	-2.882387	0.000000	0.000000	-0.141593
-124.332077	108.358505	-2.882387	0.000000	0.000000	-0.141593
-124.207085	109.927406	-2.882387	0.000000	0.000000	-0.141593
-124.062393	111.494606	-2.882387	0.000000	0.000000	-0.141593
-123.898018	113.059875	-2.882387	0.000000	0.000000	-0.141593
-123.713982	114.622948	-2.882387	0.000000	0.000000	-0.141593
-123.510323	116.183586	-2.882387	0.000000	0.000000	-0.141593
-123.287064	117.741539	-2.882387	0.000000	0.000000	-0.141593
-123.044250	119.296562	-2.882387	0.000000	0.000000	-0.141593
-122.781914	120.848419	-2.882387	0.000000	0.000000	-0.141593
-122.500092	122.396858	-2.882387	0.000000	0.000000	-0.141593
-122.198845	123.941628	-2.882387	0.000000	0.000000	-0.141593
-121.878204	125.482491	-2.882387	0.000000	0.000000	-0.141593
-121.538231	127.019196	-2.882387	0.000000	0.000000	-0.141593
-121.178963	128.551514	-2.882387	0.000000	0.000000	-0.341593
-120.800476	130.079208	-2.882387	0.000000	0.000000	-0.341593
-120.402824	131.602005	-2.882387	0.000000	0.000000	-0.341593
-119.986069	133.119690	-2.882387	0.000000	0.000000	-0.341593
-119.550270	134.632034	-2.882387	0.000000	0.000000	-0.341593
-119.095497	136.138763	-2.882387	0.000000	0.000000	-0.341593
-118.621834	137.639664	-2.882387	0.000000	0.000000	-0.341593
-118.129349	139.134491	-2.882387	0.000000	0.000000	-0.341593
-117.618118	140.623032	-2.882387	0.000000	0.000000	-0.341593
-117.088219	142.105011	-2.882387	0.000000	0.000000	-0.341593
-116.539742	143.580215	-2.882387	0.000000	0.000000	-0.341593
-115.972771	145.048416	-2.882387	0.000000	0.000000	-0.341593
-115.387390	146.509384	-2.882387	0.000000	0.000000	-0.341593
-114.783699	147.962875	-2.882387	0.000000	0.000000	-0.341593
-114.161797	149.408661	-2.882387	0.000000	0.000000	-0.341593
-113.521774	150.846512	-2.882387	0.000000	0.000000	-0.341593
-112.863724	152.276215	-2.882387	0.000000	0.000000	-0.341593
-112.187775	153.697540	-2.882387	0.000000	0.000000	-0.341593
-111.494011	155.110245	-2.882387	0.000000	0.000000	-0.341593
-110.782547	156.514130	-2.882387	0.000000	0.000000	-0.341593
-110.053497	157.908966	-2.882387	0.000000	0.000000	-0.341593
-109.306984	159.294525	-2.882387	0.000000	0.000000	-0.341593
-108.543121	160.670593	-2.882387	0.000000	0.000000	-0.341593
-107.762016	162.036972	-2.882387	0.000000	0.000000	-0.341593
-106.963814	163.393402	-2.882387	0.000000	0.000000	-0.341593
-106.148621	164.739716	-2.882387	0.000000	0.000000	-0.341593
-105.316574	166.075668	-2.882387	0.000000	0.000000	-0.341593
-104.467812	167.401062	-2.882387	0.000000	0.000000	-0.341593
-103.602463	168.715683	-2.882387	0.000000	0.000000	-0.341593
-102.720650	170.019333	-2.882387	0.000000	0.000000	-0.341593
-101.822540	171.311783	-2.882387	0.000000	0.000000	-0.341593
-100.908257	172.592865	-2.882387	0.000000	0.000000	-0.341593
-99.977936	173.862350	-2.882387	0.000000	0.000000	-0.541593
-99.031754	175.120041	-2.882387	0.000000	0.000000	-0.541593
-98.069832	176.365738	-2.882387	0.000000	0.000000	-0.541593
-97.092331	177.599258	-2.882387	0.000000	0.000000	-0.541593
-96.099411	178.820389	-2.882387	0.000000	0.000000	-0.541593
-95.091217	180.028961	-2.882387	0.000000	0.000000	-0.541593
-94.067924	181.224762	-2.882387	0.000000	0.000000	-0.541593
-93.029686	182.407608	-2.882387	0.000000	0.000000	-0.541593
-91.976662	183.577316	-2.882387	0.000000	0.000000	-0.541593
-90.909027	184.733688	-2.882387	0.000000	0.000000	-0.541593
-89.826935	185.876572	-2.882387	0.000000	0.000000	-0.541593
-88.730583	187.005753	-2.882387	0.000000	0.000000	-0.541593
-87.620117	188.121078	-2.882387	0.000000	0.000000	-0.541593
-86.495720	189.222351	-2.882387	0.000000	0.000000	-0.541593
-85.357582	190.309418	-2.882387	0.000000	0.000000	-0.541593
-84.205872	191.382080	-2.882387	0.000000	0.000000	-0.541593
-83.040771	192.440201	-2.882387	0.000000	0.000000	-0.541593
-81.862465	193.483597	-2.882387	0.000000	0.000000	-0.541593
-80.671143	194.512100	-2.882387	0.000000	0.000000	-0.541593
-79.466988	195.525558	-2.882387	0.000000	0.000000	-0.541593
-78.250198	196.523788	-2.882387	0.000000	0.000000	-0.541593
-77.020958	197.506668	-2.882387	0.000000	0.000000	-0.541593
-75.779465	198.474014	-2.882387	0.000000	0.000000	-0.541593
-74.525909	199.425690	-2.882387	0.000000	0.000000	-0.541593
-73.260506	200.361526	-2.882387	0.000000	0.000000	-0.541593
-71.983429	201.281387	-2.882387	0.000000	0.000000	-0.541593
-70.694901	202.185135	-2.882387	0.000000	0.000000	-0.541593
-69.395119	203.072632	-2.882387	0.000000	0.000000	-0.541593
-68.084282	203.943710	-2.882387	0.000000	0.000000	-0.541593
-66.762611	204.798248	-2.882387	0.000000	0.000000	-0.541593
-65.430290	205.636108	-2.882387	0.000000	0.000000	-0.541593
-64.087563	206.457169	-2.882387	0.000000	0.000000	-0.541593
-62.734615	207.261292	-2.882387	0.000000	0.000000	-0.741593
-61.371674	208.048340	-2.882387	0.000000	0.000000	-0.741593
-59.998951	208.818207	-2.882387	0.000000	0.000000	-0.741593
-58.616657	209.570770	-2.882387	0.000000	0.000000	-0.741593
-57.225018	210.305893	-2.882387	0.000000	0.000000	-0.741593
-55.824253	211.023468	-2.882387	0.000000	0.000000	-0.741593
-54.414577	211.723389	-2.882387	0.000000	0.000000	-0.741593
-52.996216	212.405548	-2.882387	0.000000	0.000000	-0.741593
-51.569401	213.069824	-2.882387	0.000000	0.000000	-0.741593
-50.134354	213.716110	-2.882387	0.000000	0.000000	-0.741593
-48.691296	214.344330	-2.882387	0.000000	0.000000	-0.741593
-47.240452	214.954346	-2.882387	0.000000	0.000000	-0.741593
-45.782059	215.546097	-2.882387	0.000000	0.000000	-0.741593
-44.316349	216.119476	-2.882387	0.000000	0.000000	-0.741593
-42.843548	216.674377	-2.882387	0.000000	0.000000	-0.741593
-41.363892	217.210739	-2.882387	0.000000	0.000000	-0.741593
-39.877609	217.728470	-2.882387	0.000000	0.000000	-0.741593
-38.384937	218.227463	-2.882387	0.000000	0.000000	-0.741593
-36.886120	218.707672	-2.882387	0.000000	0.000000	-0.741593
-35.381378	219.169022	-2.882387	0.000000	0.000000	-0.741593
-33.870960	219.611404	-2.882387	0.000000	0.000000	-0.741593
-32.355106	220.034790	-2.882387	0.000000	0.000000	-0.741593
-30.834051	220.439087	-2.882387	0.000000	0.000000	-0.741593
-29.308031	220.824234	-2.882387	0.000000	0.000000	-0.741593
-27.777298	221.190170	-2.882387	0.000000	0.000000	-0.741593
-26.242083	221.536850	-2.882387	0.000000	0.000000	-0.741593
-24.702633	221.864212	-2.882387	0.000000	0.000000	-0.741593
-23.159195	222.172211	-2.882387	0.000000	0.000000	-0.741593
-21.612005	222.460785	-2.882387	0.000000	0.000000	-0.741593
-20.061310	222.729889	-2.882387	0.000000	0.000000	-0.741593
-18.507357	222.979477	-2.882387	0.000000	0.000000	-0.741593
-16.950392	223.209534	-2.882387	0.000000	0.000000	-0.941593
-15.390659	223.419998	-2.882387	0.000000	0.000000	-0.941593
-13.828397	223.610855	-2.882387	0.000000	0.000000	-0.941593
-12.263867	223.782059	-2.882387	0.000000	0.000000	-0.941593
-10.697310	223.933594	-2.882387	0.000000	0.000000	-0.941593
-9.128972	224.065430	-2.882387	0.000000	0.000000	-0.941593
-7.559100	224.177551	-2.882387	0.000000	0.000000	-0.941593
-5.987940	224.269928	-2.882387	0.000000	0.000000	-0.941593
-4.415751	224.342560	-2.882387	0.000000	0.000000	-0.941593
-2.842768	224.395432	-2.882387	0.000000	0.000000	-0.941593
-1.269242	224.428528	-2.882387	0.000000	0.000000	-0.941593
0.304573	224.441849	-2.882387	0.000000	0.000000	-0.941593
1.878429	224.435394	-2.882387	0.000000	0.000000	-0.941593
3.452081	224.409164	-2.882387	0.000000	0.000000	-0.941593
5.025279	224.363159	-2.882387	0.000000	0.000000	-0.941593
6.597777	224.297394	-2.882387	0.000000	0.000000	-0.941593
8.169317	224.211868	-2.882387	0.000000	0.000000	-0.941593
9.739660	224.106598	-2.882387	0.000000	0.000000	-0.941593
11.308563	223.981613	-2.882387	0.000000	0.000000	-0.941593
12.875772	223.836914	-2.882387	0.000000	0.000000	-0.941593
14.441029	223.672546	-2.882387	0.000000	0.000000	-0.941593
16.004103	223.488510	-2.882387	0.000000	0.000000	-0.941593
17.564749	223.284836	-2.882387	0.000000	0.000000	-0.941593
19.122698	223.061584	-2.882387	0.000000	0.000000	-0.941593
20.677732	222.818771	-2.882387	0.000000	0.000000	-0.941593
22.229582	222.556442	-2.882387	0.000000	0.000000	-0.941593
23.778013	222.274628	-2.882387	0.000000	0.000000	-0.941593
25.322790	221.973373	-2.882387	0.000000	0.000000	-0.941593
26.863649	221.652725	-2.882387	0.000000	0.000000	-0.941593
28.400358	221.312744	-2.882387	0.000000	0.000000	-0.941593
29.932674	220.953491	-2.882387	0.000000	0.000000	-0.941593
31.460363	220.574997	-2.882387	0.000000	0.000000	-0.941593
32.983166	220.177353	-2.882387	0.000000	0.000000	-1.141593
34.500858	219.760590	-2.882387	0.000000	0.000000	-1.141593
36.013191	219.324799	-2.882387	0.000000	0.000000	-1.141593
37.519928	218.870026	-2.882387	0.000000	0.000000	-1.141593
39.020836	218.396362	-2.882387	0.000000	0.000000	-1.141593
40.515667	217.903870	-2.882387	0.000000	0.000000	-1.141593
42.004189	217.392639	-2.882387	0.000000	0.000000	-1.141593
43.486179	216.862747	-2.882387	0.000000	0.000000	-1.141593
44.961384	216.314270	-2.882387	0.000000	0.000000	-1.141593
46.429577	215.747299	-2.882387	0.000000	0.000000	-1.141593
47.890541	215.161911	-2.882387	0.000000	0.000000	-1.141593
49.344032	214.558228	-2.882387	0.000000	0.000000	-1.141593
50.789818	213.936325	-2.882387	0.000000	0.000000	-1.141593
52.227673	213.296295	-2.882387	0.000000	0.000000	-1.141593
53.657375	212.638245	-2.882387	0.000000	0.000000	-1.141593
54.862156	212.066696	-2.882387	0.000000	0.000000	-1.141593
54.862156	212.066696	-2.882387	0.000000	0.000000	-1.141593
54.862156	212.066696	-2.882387	0.000000	0.000000	-1.141593
54.862156	212.066696	-2.882387	0.000000	0.000000	-1.141593
54.862156	212.066696	-2.882387	0.000000	0.000000	-1.141593
54.862156	212.066696	-2.882387	0.000000	0.000000	-1.141593
54.862156	212.066696	-2.882387	0.000000	0.000000	-1.141593
54.862156	212.066696	-2.882387	0.000000	0.000000	-1.141593
54.862156	212.066696	-2.882387	0.000000	0.000000	-1.141593
54.862156	212.066696	-2.882387	0.000000	0.000000	-1.141593
54.862156	212.066696	-2.882387	0.000000	0.000000	-1.141593
54.862156	212.066696	-2.882387	0.000000	0.000000	-1.141593
54.862156	212.066696	-2.882387	0.000000	0.000000	-1.141593
54.862156	212.066696	-2.882387	0.000000	0.000000	-1.141593
54.862156	212.066696	-2.882387	0.000000	0.000000	-1.141593
54.862156	212.066696	-2.882387	0.000000	0.000000	-1.141593
54.862156	212.066696	-2.882387	0.000000	0.000000	-1.141593
54.862156	212.066696	-2.882387	0.000000	0.000000	-1.141593
54.862156	212.066696	-2.882387	0.000000	0.000000	-1.141593
54.862156	212.066696	-2.882387	0.000000	0.000000	-1.141593
54.862156	212.066696	-2.882387	0.000000	0.000000	-1.141593
54.862156	212.066696	-2.882387	0.000000	0.000000	-1.141593
54.862156	212.066696	-2.882387	0.000000	0.000000	-1.141593
54.862156	212.066696	-2.882387	0.000000	0.000000	-1.141593
54.862156	212.066696	-2.882387	0.000000	0.000000	-1.141593
54.862156	212.066696	-2.882387	0.000000	0.000000	-1.141593
54.862156	212.066696	-2.882387	0.000000	0.000000	-1.141593
54.862156	212.066696	-2.882387	0.000000	0.000000	-1.141593
54.862156	212.066696	-2.882387	0.000000	0.000000	-1.141593
54.862156	212.066696	-2.882387	0.000000	0.000000	-1.141593
54.862156	212.066696	-2.882387	0.000000	0.000000	-1.141593
54.862156	212.066696	-2.882387	0.000000	0.000000	-1.141593
54.862156	212.066696	-2.882387	0.000000	0.000000	-1.141593
54.862156	212.066696	-2.882387	0.000000	0.000000	-1.141593
54.862156	212.066696	-2.882387	0.000000	0.000000	-1.141593
54.862156	212.066696	-2.882387	0.000000	0.000000	-1.141593
54.862156	212.066696	-2.882387	0.000000	0.000000	-1.141593
54.862156	212.066696	-2.882387	0.000000	0.000000	-1.141593
54.862156	212.066696	-2.882387	0.000000	0.000000	-1.141593
54.862156	212.066696	-2.882387	0.000000	0.000000	-1.141593
54.862156	212.066696	-2.882387	0.000000	0.000000	-1.141593
54.862156	212.066696	-2.882387	0.000000	0.000000	-1.141593
54.862156	212.066696	-2.882387	0.000000	0.000000	-1.141593
54.862156	212.066696	-2.882387	0.000000	0.000000	-1.141593
54.862156	212.066696	-2.882387	0.000000	0.000000	-1.141593
54.862156	212.066696	-2.882387	0.000000	0.000000	-1.141593
54.862156	212.066696	-2.882387	0.000000	0.000000	-1.141593
54.862156	212.066696	-2.882387	0.000000	0.000000	-1.141593
54.862156	212.066696	-2.882387	0.000000	0.000000	-1.141593
54.862156	212.066696	-2.882387	0.000000	0.000000	-1.141593
54.862156	212.066696	-2.882387	0.000000	0.000000	-1.141593
54.862156	212.066696	-2.882387	0.000000	0.000000	-1.141593
54.862156	212.066696	-2.882387	0.000000	0.000000	-1.141593
54.862156	212.066696	-2.882387	0.000000	0.000000	-1.141593
54.862156	212.066696	-2.882387	0.000000	0.000000	-1.141593
54.862156	212.066696	-2.882387	0.000000	0.000000	-1.141593
54.862156	212.066696	-2.882387	0.000000	0.000000	-1.141593
54.862156	212.066696	-2.882387	0.000000	0.000000	-1.141593
54.862156	212.066696	-2.882387	0.000000	0.000000	-1.141593
54.862156	212.066696	-2.882387	0.000000	0.000000	-1.141593
54.862156	212.066696	-2.882387	0.000000	0.000000	-1.141593
54.862156	212.066696	-2.882387	0.000000	0.000000	-1.141593
54.862156	212.066696	-2.882387	0.000000	0.000000	-1.141593
54.862156	212.066696	-2.882387	0.000000	0.000000	-1.141593
54.862156	212.066696	-2.882387	0.000000	0.000000	-1.141593
54.862156	212.066696	-2.882387	0.000000	0.000000	-1.141593
54.862156	212.066696	-2.882387	0.000000	0.000000	-1.141593
54.862156	212.066696	-2.882387	0.000000	0.000000	-1.141593
54.862156	212.066696	-2.882387	0.000000	0.000000	-1.141593
54.862156	212.066696	-2.882387	0.000000	0.000000	-1.141593
54.862156	212.066696	-2.882387	0.000000	0.000000	-1.141593
54.862156	212.066696	-2.882387	0.000000	0.000000	-1.141593
54.862156	212.066696	-2.882387	0.000000	0.000000	-1.141593
54.862156	212.066696	-2.882387	0.000000	0.000000	-1.141593
54.862156	212.066696	-2.882387	0.000000	0.000000	-1.141593
54.862156	212.066696	-2.882387	0.000000	0.000000	-1.141593
54.862156	212.066696	-2.882387	0.000000	0.000000	-1.141593
54.862156	212.066696	-2.882387	0.000000	0.000000	-1.141593
54.862156	212.066696	-2.882387	0.000000	0.000000	-1.141593
54.862156	212.066696	-2.882387	0.000000	0.000000	-1.141593
54.862156	212.066696	-2.882387	0.000000	0.000000	-1.141593
54.862156	212.066696	-2.882387	0.000000	0.000000	-1.141593
54.862156	212.066696	-2.882387	0.000000	0.000000	-1.141593
54.862156	212.066696	-2.882387	0.000000	0.000000	-1.141593
54.862156	212.066696	-2.882387	0.000000	0.000000	-1.141593
54.862156	212.066696	-2.882387	0.000000	0.000000	-1.141593
54.862156	212.066696	-2.882387	0.000000	0.000000	-1.141593
54.862156	212.066696	-2.882387	0.000000	0.000000	-1.141593
54.862156	212.066696	-2.882387	0.000000	0.000000	-1.141593
54.862156	212.066696	-2.882387	0.000000	0.000000	-1.141593
54.862156	212.066696	-2.882387	0.000000	0.000000	-1.141593
54.862156	212.066696	-2.882387	0.000000	0.000000	-1.141593
54.862156	212.066696	-2.882387	0.000000	0.000000	-1.141593
54.862156	212.066696	-2.882387	0.000000	0.000000	-1.141593
54.862156	212.066696	-2.882387	0.000000	0.000000	-1.141593
54.862156	212.066696	-2.882387	0.000000	0.000000	-1.141593
54.862156	212.066696	-2.882387	0.000000	0.000000	-1.141593
54.862156	212.066696	-2.882387	0.000000	0.000000	-1.141593
54.862156	212.066696	-2.882387	0.000000	0.000000	-1.141593
54.862156	212.066696	-2.882387	0.000000	0.000000	-1.141593
54.862156	212.066696	-2.882387	0.000000	0.000000	-1.141593
54.862156	212.066696	-2.882387	0.000000	0.000000	-1.141593
54.862156	212.066696	-2.882387	0.000000	0.000000	-1.141593
54.862156	212.066696	-2.882387	0.000000	0.000000	-1.141593
54.862156	212.066696	-2.882387	0.000000	0.000000	-1.141593
54.862156	212.066696	-2.882387	0.000000	0.000000	-1.141593
54.862156	212.066696	-2.882387	0.000000	0.000000	-1.141593
54.862156	212.066696	-2.882387	0.000000	0.000000	-1.141593
54.862156	212.066696	-2.882387	0.000000	0.000000	-1.141593
54.862156	212.066696	-2.882387	0.000000	0.000000	-1.141593
54.862156	212.066696	-2.882387	0.000000	0.000000	-1.141593
54.862156	212.066696	-2.882387	0.000000	0.000000	-1.141593
54.862156	212.066696	-2.882387	0.000000	0.000000	-1.141593
54.862156	212.066696	-2.882387	0.000000	0.000000	-1.141593
54.862156	212.066696	-2.882387	0.000000	0.000000	-1.141593
54.862156	212.066696	-2.882387	0.000000	0.000000	-1.141593
54.862156	212.066696	-2.882387	0.000000	0.000000	-1.141593
54.862156	212.066696	-2.882387	0.000000	0.000000	-1.141593
54.862156	212.066696	-2.882387	0.000000	0.000000	-1.141593
54.862156	212.066696	-2.882387	0.000000	0.000000	-1.141593
54.862156	212.066696	-2.882387	0.000000	0.000000	-1.141593
54.862156	212.066696	-2.882387	0.000000	0.000000	-1.141593
54.862156	212.066696	-2.882387	0.000000	0.000000	-1.141593
54.862156	212.066696	-2.882387	0.000000	0.000000	-1.141593
54.862156	212.066696	-2.882387	0.000000	0.000000	-1.141593
54.862156	212.066696	-2.882387	0.000000	0.000000	-1.141593
54.862156	212.066696	-2.882387	0.000000	0.000000	-1.141593
54.862156	212.066696	-2.882387	0.000000	0.000000	-1.141593
54.862156	212.066696	-2.882387	0.000000	0.000000	-1.141593
54.862156	212.066696	-2.882387	0.000000	0.000000	-1.141593
54.862156	212.066696	-2.882387	0.000000	0.000000	-1.141593
54.862156	212.066696	-2.882387	0.000000	0.000000	-1.141593
54.862156	212.066696	-2.882387	0.000000	0.000000	-1.141593
54.862156	212.066696	-2.882387	0.000000	0.000000	-1.141593
54.862156	212.066696	-2.882387	0.000000	0.000000	-1.141593
54.862156	212.066696	-2.882387	0.000000	0.000000	-1.141593
54.862156	212.066696	-2.882387	0.000000	0.000000	-1.141593
54.862156	212.066696	-2.882387	0.000000	0.000000	-1.141593
54.862156	212.066696	-2.882387	0.000000	0.000000	-1.141593
54.862156	212.066696	-2.882387	0.000000	0.000000	-1.141593
54.862156	212.066696	-2.882387	0.000000	0.000000	-1.141593
54.862156	212.066696	-2.882387	0.000000	0.000000	-1.141593
54.862156	212.066696	-2.882387	0.000000	0.000000	-1.141593
54.862156	212.066696	-2.882387	0.000000	0.000000	-1.141593
54.862156	212.066696	-2.882387	0.000000	0.000000	-1.141593
54.862156	212.066696	-2.882387	0.000000	0.000000	-1.141593
54.862156	212.066696	-2.882387	0.000000	0.000000	-1.141593
54.862156	212.066696	-2.882387	0.000000	0.000000	-1.141593
54.862156	212.066696	-2.882387	0.000000	0.000000	-1.141593
54.862156	212.066696	-2.882387	0.000000	0.000000	-1.141593
54.862156	212.066696	-2.882387	0.000000	0.000000	-1.141593
54.862156	212.066696	-2.882387	0.000000	0.000000	-1.141593
54.862156	212.066696	-2.882387	0.000000	0.000000	-1.141593
54.862156	212.066696	-2.882387	0.000000	0.000000	-1.141593
54.862156	212.066696	-2.882387	0.000000	0.000000	-1.141593
54.862156	212.066696	-2.882387	0.000000	0.000000	-1.141593
54.862156	212.066696	-2.882387	0.000000	0.000000	-1.141593
54.862156	212.066696	-2.882387	0.000000	0.000000	-1.141593
54.862156	212.066696	-2.882387	0.000000	0.000000	-1.141593
54.862156	212.066696	-2.882387	0.000000	0.000000	-1.141593
54.862156	212.066696	-2.882387	0.000000	0.000000	-1.141593
54.862156	212.066696	-2.882387	0.000000	0.000000	-1.141593
54.862156	212.066696	-2.882387	0.000000	0.000000	-1.141593
54.862156	212.066696	-2.882387	0.000000	0.000000	-1.141593
54.862156	212.066696	-2.882387	0.000000	0.000000	-1.141593
54.862156	212.066696	-2.882387	0.000000	0.000000	-1.141593
54.862156	212.066696	-2.882387	0.000000	0.000000	-1.141593
54.862156	212.066696	-2.882387	0.000000	0.000000	-1.141593
54.862156	212.066696	-2.882387	0.000000	0.000000	-1.141593
54.862156	212.066696	-2.882387	0.000000	0.000000	-1.141593
54.862156	212.066696	-2.882387	0.000000	0.000000	-1.141593
54.862156	212.066696	-2.882387	0.000000	0.000000	-1.141593
54.862156	212.066696	-2.882387	0.000000	0.000000	-1.141593
54.862156	212.066696	-2.882387	0.000000	0.000000	-1.141593
54.862156	212.066696	-2.882387	0.000000	0.000000	-1.141593
54.862156	212.066696	-2.882387	0.000000	0.000000	-1.141593
54.862156	212.066696	-2.882387	0.000000	0.000000	-1.141593
54.862156	212.066696	-2.882387	0.000000	0.000000	-1.141593
54.862156	212.066696	-2.882387	0.000000	0.000000	-1.141593
