-87.817978	43.001701	26.834780	0	0	0.029199523	0.9995736
-87.790222	43.032703	26.874130	0	0	-0.82533563	0.56464246
-87.617973	43.026337	26.629913	0	0	-0.82533563	0.56464246
-87.519936	43.030071	26.525190	0	0	-0.82533563	0.56464246
-87.419632	43.039070	26.426271	0	0	-0.82533563	0.56464246
-88.712151	42.857872	27.757675	0	0	0.029199523	0.9995736
-85.905968	43.772724	25.437849	0	0	-0.82533563	0.56464246
-85.783508	43.547150	25.413649	0	0	-0.82533563	0.56464246
-85.692726	43.628262	25.468431	0	0	-0.82533563	0.56464246
-85.659538	43.619305	25.482664	0	0	-0.82533563	0.56464246
-85.638138	43.630497	25.499155	0	0	-0.82533563	0.56464246
-84.872833	44.169403	25.266140	0	0	-0.82533563	0.56464246
-84.759674	48.172668	24.784262	0	0	0.029199523	0.9995736
-92.642174	38.177509	26.834780	0	0	-0.36235775	0.93203909
-92.643799	38.179131	26.874130	0	0	-0.36235775	0.93203909
-92.554489	38.089825	26.629913	0	0	-0.36235775	0.93203909
-92.507339	38.042671	26.525190	0	0	-0.36235775	0.93203909
-92.461685	37.997021	26.426271	0	0	-0.36235775	0.93203909
-93.017342	38.552681	27.757675	0	0	-0.26749883	0.96355818
-92.071678	37.607014	25.437849	0	0	0.029199523	0.9995736
-91.866653	37.401985	25.499155	0	0	-0.26749883	0.96355818
-91.892830	37.428162	25.468431	0	0	-0.26749883	0.96355818
-91.871758	37.407089	25.482664	0	0	-0.26749883	0.96355818
-91.897659	37.432995	25.413649	0	0	-0.26749883	0.96355818
-82.235344	45.796085	23.471582	0	0	0.029199523	0.9995736
-91.753448	37.288784	25.266140	0	0	0.1288445	0.99166481
-93.698502	39.233841	24.784262	0	0	0.1288445	0.99166481
-91.248047	36.783382	23.471582	0	0	-0.76484218	0.64421769
-92.956429	38.491760	22.311144	0	0	-0.36235775	0.93203909
-80.777321	50.670868	22.311144	0	0	-0.76484218	0.64421769
-100.562019	46.097351	20.477642	0	0	0.1288445	0.99166481
-102.503845	48.039181	23.408127	0	0	-0.76484218	0.64421769
-87.203072	59.456299	20.477642	0	0	0.029199523	0.9995736
-89.701706	60.841320	23.408127	0	0	-0.82533563	0.56464246
-71.468803	52.440903	25.183134	0	0	-0.45359611	0.89120736
-71.472069	52.453995	25.225618	0	0	-0.45359611	0.89120736
-71.443649	52.364586	24.995932	0	0	-0.45359611	0.89120736
-71.428062	52.320717	24.899538	0	0	-0.45359611	0.89120736
-71.413719	52.280090	24.809303	0	0	-0.45359611	0.89120736
-71.566238	52.757069	26.025541	0	0	-0.62160997	0.7833269
-71.416275	52.138355	23.974052	0	0	-0.36235775	0.93203909
-71.282059	51.918983	24.048859	0	0	-0.45359611	0.89120736
-71.283966	51.919048	24.030397	0	0	-0.45359611	0.89120736
-71.297371	51.939426	24.014166	0	0	-0.45359611	0.89120736
-71.289841	51.915070	23.949451	0	0	-0.45359611	0.89120736
-71.335472	51.985199	23.898552	0	0	-0.36235775	0.93203909
-71.495033	51.997005	22.386562	0	0	-0.69670669	0.71735611
-73.063072	54.925705	23.602633	0	0	-0.070737201	0.99749499
-73.304283	54.985424	21.556194	0	0	-0.62160997	0.7833269
-107.184525	52.719860	21.795650	0	0	-0.76484218	0.64421769
-78.860504	64.272881	19.634850	0	0	-0.070737201	0.99749499
-79.874222	66.515221	22.415323	0	0	-0.87758258	0.4794255
-75.961136	63.977825	46.648609	0	0	-0.16996714	0.98544973
-93.484680	39.020020	57.463860	0	0	-0.16996714	0.98544973
-79.798271	55.499119	55.765793	0	0	-0.16996714	0.98544973
-79.889030	80.015350	21.795650	0	0	-0.87758258	0.4794255
-99.686874	-1.293616	26.834780	0	0	-0.16996714	0.98544973
-99.668732	-1.298477	26.874130	0	0	-0.16996714	0.98544973
-99.506424	-1.341967	26.629913	0	0	-0.16996714	0.98544973
-99.415886	-1.366226	26.525190	0	0	-0.16996714	0.98544973
-99.324554	-1.390698	26.426271	0	0	-0.070737201	0.99749499
-100.485191	-1.079707	27.757675	0	0	-0.16996714	0.98544973
-98.095703	-1.719969	25.437849	0	0	-0.070737201	0.99749499
-97.925049	-1.765696	25.413649	0	0	-0.070737201	0.99749499
-97.860626	-1.782957	25.468431	0	0	-0.070737201	0.99749499
-97.827423	-1.791854	25.482664	0	0	-0.070737201	0.99749499
-97.810249	-1.796455	25.499155	0	0	-0.070737201	0.99749499
-98.126183	-1.711802	24.784262	0	0	-0.26749883	0.96355818
-97.230942	-1.951681	25.266140	0	0	-0.070737201	0.99749499
-101.542480	-0.796408	21.795650	0	0	0.32328956	0.94630009
-95.176804	-2.502086	23.471582	0	0	-0.26749883	0.96355818
-95.035141	-2.540044	22.311144	0	0	-0.070737201	0.99749499
-105.904320	0.372344	23.408127	0	0	0.22720209	0.97384763
-103.226807	-0.345094	20.477642	0	0	-0.36235775	0.93203909
-92.458832	-3.230364	57.463863	0	0	-0.16996714	0.98544973
-102.575775	102.996460	6.190400	0	0	-0.070737201	0.99749499
-69.026230	-27.130068	26.834780	0	0	0.1288445	0.99166481
-68.992584	-27.121052	26.874130	0	0	0.1288445	0.99166481
-68.833458	-27.078415	26.629913	0	0	0.1288445	0.99166481
-68.741058	-27.053656	26.525190	0	0	0.1288445	0.99166481
-68.645226	-27.027979	26.426271	0	0	0.1288445	0.99166481
-69.896461	-27.363245	27.757675	0	0	0.1288445	0.99166481
-67.049545	-26.600416	25.437849	0	0	0.1288445	0.99166481
-66.991676	-26.584911	25.413649	0	0	0.1288445	0.99166481
-66.886703	-26.556782	25.468431	0	0	0.1288445	0.99166481
-66.857971	-26.549086	25.482664	0	0	0.1288445	0.99166481
-66.835213	-26.542986	25.499155	0	0	0.1288445	0.99166481
-65.986443	-26.315559	25.266140	0	0	0.1288445	0.99166481
-66.323860	-26.405972	23.408127	0	0	0.22720209	0.97384763
-64.880051	-26.019102	24.784262	0	0	0.1288445	0.99166481
-63.118961	-25.547220	23.471582	0	0	0.1288445	0.99166481
-64.338860	-25.874090	20.477642	0	0	0.029199523	0.9995736
-60.539909	-24.856165	22.311144	0	0	0.22720209	0.97384763
-52.375008	-22.668386	21.795650	0	0	0.32328956	0.94630009
-67.202049	-26.641279	50.897469	0	0	-0.16996714	0.98544973
-46.429588	-28.604103	12.448187	0	0	0.22720209	0.97384763
-46.433315	-28.607830	12.456016	0	0	0.22720209	0.97384763
-46.327438	-28.501953	12.233635	0	0	0.22720209	0.97384763
-46.277260	-28.451775	12.128240	0	0	0.22720209	0.97384763
-46.227810	-28.402323	12.024371	0	0	0.22720209	0.97384763
-46.893814	-29.068329	13.423242	0	0	0.32328956	0.94630009
-45.561657	-27.736172	10.625197	0	0	0.22720209	0.97384763
-45.553997	-27.728512	10.609106	0	0	0.22720209	0.97384763
-45.553677	-27.728191	10.608436	0	0	0.22720209	0.97384763
-45.553505	-27.728018	10.608069	0	0	0.22720209	0.97384763
-45.552795	-27.727308	10.606581	0	0	0.22720209	0.97384763
-45.274250	-27.448763	10.021527	0	0	0.22720209	0.97384763
-44.474365	-26.648882	8.341464	0	0	0.22720209	0.97384763
-44.021301	-26.195816	7.389852	0	0	0.22720209	0.97384763
-42.818462	-24.992977	4.863424	0	0	0.22720209	0.97384763
-42.653446	-24.827961	4.516826	0	0	0.32328956	0.94630009
-41.684776	-23.859291	2.482247	0	0	0.22720209	0.97384763
-41.624844	-23.799358	2.356365	0	0	0.32328956	0.94630009
-52.707123	-34.881638	25.633440	0	0	-0.16996714	0.98544973
-228.210815	97.388519	5.657630	0	0	0.22720209	0.97384763
-153.499969	-135.674484	-1.771882	0	0	0.73739371	0.67546319
-286.171722	-3.002718	-1.771882	0	0	0.41614682	0.90929743
-265.593903	-79.800217	-1.771882	0	0	0.50484609	0.86320938
