141.160919	-159.498230	47.543736	0.000000	0.000000	3.058407
65.550781	-259.267426	47.543736	0.000000	0.000000	2.658407
32.548885	-268.110260	47.543736	0.000000	0.000000	2.658407
32.548885	-268.110260	47.543736	0.000000	0.000000	2.658407
-1.995560	-268.110260	70.620026	0.000000	0.000000	2.458407
-101.149666	-190.919357	70.152405	0.000000	0.000000	1.858407
141.160919	-159.498230	47.543736	0.000000	0.000000	3.058407
65.550781	-259.267426	47.543736	0.000000	0.000000	2.658407
32.548885	-268.110260	47.543736	0.000000	0.000000	2.658407
32.548885	-268.110260	47.543736	0.000000	0.000000	2.658407
-1.995560	-268.110260	70.620026	0.000000	0.000000	2.458407
-101.149666	-190.919357	70.152405	0.000000	0.000000	1.858407
141.160919	-159.498230	47.543736	0.000000	0.000000	3.058407
65.550781	-259.267426	47.543736	0.000000	0.000000	2.658407
32.548885	-268.110260	47.543736	0.000000	0.000000	2.658407
32.548885	-268.110260	47.543736	0.000000	0.000000	2.658407
-1.995560	-268.110260	70.620026	0.000000	0.000000	2.458407
-101.149666	-190.919357	70.152405	0.000000	0.000000	1.858407
141.160919	-159.498230	47.543736	0.000000	0.000000	3.058407
65.550781	-259.267426	47.543736	0.000000	0.000000	2.658407
32.548885	-268.110260	47.543736	0.000000	0.000000	2.658407
32.548885	-268.110260	47.543736	0.000000	0.000000	2.658407
-1.995560	-268.110260	70.620026	0.000000	0.000000	2.458407
-101.149666	-190.919357	70.152405	0.000000	0.000000	1.858407
141.160919	-159.498230	47.543736	0.000000	0.000000	3.058407
65.550781	-259.267426	47.543736	0.000000	0.000000	2.658407
32.548885	-268.110260	47.543736	0.000000	0.000000	2.658407
32.548885	-268.110260	47.543736	0.000000	0.000000	2.658407
-1.995560	-268.110260	70.620026	0.000000	0.000000	2.458407
-101.149666	-190.919357	70.152405	0.000000	0.000000	1.858407
141.160919	-159.498230	47.543736	0.000000	0.000000	3.058407
65.550781	-259.267426	47.543736	0.000000	0.000000	2.658407
32.548885	-268.110260	47.543736	0.000000	0.000000	2.658407
32.548885	-268.110260	47.543736	0.000000	0.000000	2.658407
-1.995560	-268.110260	70.620026	0.000000	0.000000	2.458407
-101.149666	-190.919357	70.152405	0.000000	0.000000	1.858407
141.160919	-159.498230	47.543736	0.000000	0.000000	3.058407
65.550781	-259.267426	47.543736	0.000000	0.000000	2.658407
32.548885	-268.110260	47.543736	0.000000	0.000000	2.658407
32.548885	-268.110260	47.543736	0.000000	0.000000	2.658407
-1.995560	-268.110260	70.620026	0.000000	0.000000	2.458407
-101.149666	-190.919357	70.152405	0.000000	0.000000	1.858407
141.160919	-159.498230	47.543736	0.000000	0.000000	3.058407
65.550781	-259.267426	47.543736	0.000000	0.000000	2.658407
32.548885	-268.110260	47.543736	0.000000	0.000000	2.658407
32.548885	-268.110260	47.543736	0.000000	0.000000	2.658407
-1.995560	-268.110260	70.620026	0.000000	0.000000	2.458407
-101.149666	-190.919357	70.152405	0.000000	0.000000	1.858407
141.160919	-159.498230	47.543736	0.000000	0.000000	3.058407
65.550781	-259.267426	47.543736	0.000000	0.000000	2.658407
32.548885	-268.110260	47.543736	0.000000	0.000000	2.658407
32.548885	-268.110260	47.543736	0.000000	0.000000	2.658407
-1.995560	-268.110260	70.620026	0.000000	0.000000	2.458407
-101.149666	-190.919357	70.152405	0.000000	0.000000	1.858407
141.160919	-159.498230	47.543736	0.000000	0.000000	3.058407
65.550781	-259.267426	47.543736	0.000000	0.000000	2.658407
32.548885	-268.110260	47.543736	0.000000	0.000000	2.658407
32.548885	-268.110260	47.543736	0.000000	0.000000	2.658407
-1.995560	-268.110260	70.620026	0.000000	0.000000	2.458407
-101.149666	-190.919357	70.152405	0.000000	0.000000	1.858407
141.160919	-159.498230	47.543736	0.000000	0.000000	3.058407
65.550781	-259.267426	47.543736	0.000000	0.000000	2.658407
32.548885	-268.110260	47.543736	0.000000	0.000000	2.658407
32.548885	-268.110260	47.543736	0.000000	0.000000	2.658407
-1.995560	-268.110260	70.620026	0.000000	0.000000	2.458407
-101.149666	-190.919357	70.152405	0.000000	0.000000	1.858407
141.160919	-159.498230	47.543736	0.000000	0.000000	3.058407
65.550781	-259.267426	47.543736	0.000000	0.000000	2.658407
32.548885	-268.110260	47.543736	0.000000	0.000000	2.658407
32.548885	-268.110260	47.543736	0.000000	0.000000	2.658407
-1.995560	-268.110260	70.620026	0.000000	0.000000	2.458407
-101.149666	-190.919357	70.152405	0.000000	0.000000	1.858407
141.160919	-159.498230	47.543736	0.000000	0.000000	3.058407
65.550781	-259.267426	47.543736	0.000000	0.000000	2.658407
32.548885	-268.110260	47.543736	0.000000	0.000000	2.658407
32.548885	-268.110260	47.543736	0.000000	0.000000	2.658407
-1.995560	-268.110260	70.620026	0.000000	0.000000	2.458407
-101.149666	-190.919357	70.152405	0.000000	0.000000	1.858407
141.160919	-159.498230	47.543736	0.000000	0.000000	3.058407
65.550781	-259.267426	47.543736	0.000000	0.000000	2.658407
32.548885	-268.110260	47.543736	0.000000	0.000000	2.658407
32.548885	-268.110260	47.543736	0.000000	0.000000	2.658407
-1.995560	-268.110260	70.620026	0.000000	0.000000	2.458407
-101.149666	-190.919357	70.152405	0.000000	0.000000	1.858407
141.160919	-159.498230	47.543736	0.000000	0.000000	3.058407
65.550781	-259.267426	47.543736	0.000000	0.000000	2.658407
32.548885	-268.110260	47.543736	0.000000	0.000000	2.658407
32.548885	-268.110260	47.543736	0.000000	0.000000	2.658407
-1.995560	-268.110260	70.620026	0.000000	0.000000	2.458407
-101.149666	-190.919357	70.152405	0.000000	0.000000	1.858407
141.160919	-159.498230	47.543736	0.000000	0.000000	3.058407
65.550781	-259.267426	47.543736	0.000000	0.000000	2.658407
32.548885	-268.110260	47.543736	0.000000	0.000000	2.658407
32.548885	-268.110260	47.543736	0.000000	0.000000	2.658407
-1.995560	-268.110260	70.620026	0.000000	0.000000	2.458407
-101.149666	-190.919357	70.152405	0.000000	0.000000	1.858407
141.160919	-159.498230	47.543736	0.000000	0.000000	3.058407
65.550781	-259.267426	47.543736	0.000000	0.000000	2.658407
32.548885	-268.110260	47.543736	0.000000	0.000000	2.658407
32.548885	-268.110260	47.543736	0.000000	0.000000	2.658407
-1.995560	-268.110260	70.620026	0.000000	0.000000	2.458407
-101.149666	-190.919357	70.152405	0.000000	0.000000	1.858407
141.160919	-159.498230	47.543736	0.000000	0.000000	3.058407
65.550781	-259.267426	47.543736	0.000000	0.000000	2.658407
32.548885	-268.110260	47.543736	0.000000	0.000000	2.658407
32.548885	-268.110260	47.543736	0.000000	0.000000	2.658407
-1.995560	-268.110260	70.620026	0.000000	0.000000	2.458407
-101.149666	-190.919357	70.152405	0.000000	0.000000	1.858407
141.160919	-159.498230	47.543736	0.000000	0.000000	3.058407
65.550781	-259.267426	47.543736	0.000000	0.000000	2.658407
32.548885	-268.110260	47.543736	0.000000	0.000000	2.658407
32.548885	-268.110260	47.543736	0.000000	0.000000	2.658407
-1.995560	-268.110260	70.620026	0.000000	0.000000	2.458407
-101.149666	-190.919357	70.152405	0.000000	0.000000	1.858407
141.160919	-159.498230	47.543736	0.000000	0.000000	3.058407
65.550781	-259.267426	47.543736	0.000000	0.000000	2.658407
32.548885	-268.110260	47.543736	0.000000	0.000000	2.658407
32.548885	-268.110260	47.543736	0.000000	0.000000	2.658407
-1.995560	-268.110260	70.620026	0.000000	0.000000	2.458407
-101.149666	-190.919357	70.152405	0.000000	0.000000	1.858407
