-51.750744	-15.103795	9.945464	0	0	0.22720209	0.97384763
-51.725735	-15.094023	9.991772	0	0	-0.45359611	0.89120736
-51.694870	-15.079480	10.042464	0	0	0.22720209	0.97384763
-51.806271	-15.164798	10.065603	0	0	-0.45359611	0.89120736
-51.835358	-15.171146	10.081882	0	0	0.22720209	0.97384763
-51.657398	-15.058511	10.095378	0	0	0.22720209	0.97384763
-51.609463	-15.027963	10.153374	0	0	-0.45359611	0.89120736
-51.580181	-15.013083	10.198644	0	0	0.22720209	0.97384763
-51.548504	-14.996703	10.246881	0	0	0.22720209	0.97384763
-51.514751	-14.978831	10.297188	0	0	0.22720209	0.97384763
-51.478771	-14.959323	10.349623	0	0	-0.45359611	0.89120736
-51.440426	-14.938047	10.404247	0	0	-0.45359611	0.89120736
-51.399582	-14.914795	10.460892	0	0	0.22720209	0.97384763
-51.356075	-14.889486	10.519823	0	0	-0.45359611	0.89120736
-51.310074	-14.862336	10.581115	0	0	0.22720209	0.97384763
-51.261326	-14.833043	10.644702	0	0	-0.54030229	0.84147099
-51.138088	-14.589288	10.363584	0	0	-0.54030229	0.84147099
-51.436810	-14.509246	9.298056	0	0	-0.45359611	0.89120736
-51.211498	-14.803144	10.709820	0	0	0.22720209	0.97384763
-51.011097	-14.439992	10.339196	0	0	-0.54030229	0.84147099
-51.158501	-14.769618	10.774580	0	0	-0.54030229	0.84147099
-51.111324	-14.740516	10.834160	0	0	0.22720209	0.97384763
-51.039925	-14.615591	10.713735	0	0	0.22720209	0.97384763
-51.032803	-14.617499	10.739135	0	0	-0.54030229	0.84147099
-51.060040	-14.706591	10.892974	0	0	0.22720209	0.97384763
-51.009079	-14.672806	10.951219	0	0	0.22720209	0.97384763
-50.959457	-14.637152	11.000756	0	0	0.22720209	0.97384763
-50.940754	-14.615164	10.997165	0	0	0.22720209	0.97384763
-50.942024	-14.641822	11.062930	0	0	-0.54030229	0.84147099
-50.906445	-14.599990	11.056097	0	0	-0.54030229	0.84147099
-50.923729	-14.646725	11.128194	0	0	-0.54030229	0.84147099
-50.912037	-14.649858	11.169906	0	0	-0.54030229	0.84147099
-50.888660	-14.622378	11.165417	0	0	-0.54030229	0.84147099
-50.848785	-14.558618	11.113802	0	0	-0.54030229	0.84147099
-50.821247	-14.674185	11.493742	0	0	0.22720209	0.97384763
-51.298840	-13.907450	8.126888	0	0	-0.45359611	0.89120736
-51.661884	-13.782044	11.917320	0	0	-0.070737201	0.99749499
-51.806271	-13.839864	11.957806	0	0	0.1288445	0.99166481
-51.634979	-13.798089	11.928555	0	0	0.029199523	0.9995736
-51.835358	-13.851772	11.966145	0	0	0.1288445	0.99166481
-51.602818	-13.812725	11.938804	0	0	-0.070737201	0.99749499
-51.564228	-13.824015	11.946708	0	0	-0.070737201	0.99749499
-51.516766	-13.830554	11.951287	0	0	0.029199523	0.9995736
-51.484390	-13.843217	11.960154	0	0	-0.070737201	0.99749499
-51.450722	-13.855776	11.968947	0	0	-0.16996714	0.98544973
-51.415192	-13.868213	11.977656	0	0	-0.16996714	0.98544973
-51.377735	-13.880416	11.986201	0	0	-0.16996714	0.98544973
-51.338303	-13.892289	11.994514	0	0	-0.26749883	0.96355818
-51.296558	-13.903702	12.002505	0	0	0.22720209	0.97384763
-51.252644	-13.914588	12.010128	0	0	-0.54030229	0.84147099
-51.207027	-13.924995	12.017416	0	0	0.22720209	0.97384763
-51.159958	-13.934470	12.024050	0	0	-0.54030229	0.84147099
-51.113102	-13.943680	12.030499	0	0	0.22720209	0.97384763
-51.063274	-13.950199	12.035064	0	0	-0.54030229	0.84147099
-50.119095	-13.848703	11.358903	0	0	0.22720209	0.97384763
-51.015949	-13.958732	12.041038	0	0	0.22720209	0.97384763
-50.961449	-13.965032	12.045449	0	0	0.22720209	0.97384763
-50.891548	-13.978160	12.054642	0	0	0.22720209	0.97384763
-50.792686	-13.974665	12.052195	0	0	0.22720209	0.97384763
-50.741554	-13.999662	12.069698	0	0	-0.54030229	0.84147099
-50.653961	-14.012341	12.078576	0	0	-0.54030229	0.84147099
-50.346577	-14.233979	12.233768	0	0	-0.26749883	0.96355818
-49.971909	-13.944715	12.031224	0	0	-0.54030229	0.84147099
-49.810677	-13.701713	11.861072	0	0	0.22720209	0.97384763
-50.454811	-14.772371	12.800815	0	0	-0.54030229	0.84147099
-51.337666	-12.054384	10.707600	0	0	0.029199523	0.9995736
-54.372200	-14.974757	7.698106	0	0	0.1288445	0.99166481
-49.258682	-12.521493	10.371672	0	0	0.1288445	0.99166481
-50.280510	-14.819075	13.422535	0	0	-0.54030229	0.84147099
-49.367008	-13.493508	12.591917	0	0	-0.62160997	0.7833269
-49.001488	-12.482121	11.007104	0	0	-0.62160997	0.7833269
-48.920750	-12.360435	10.921899	0	0	0.1288445	0.99166481
-52.374702	-14.257938	5.952632	0	0	-0.070737201	0.99749499
-52.494801	-14.225758	5.524241	0	0	-0.16996714	0.98544973
-52.494801	-14.225758	5.524241	0	0	-0.070737201	0.99749499
-50.043533	-14.882572	14.267816	0	0	-0.54030229	0.84147099
-49.863174	-14.670534	14.233180	0	0	-0.54030229	0.84147099
-50.001694	-14.893784	14.417056	0	0	-0.54030229	0.84147099
-49.956001	-14.906027	14.580048	0	0	-0.070737201	0.99749499
-49.063595	-11.088517	7.200062	0	0	-0.45359611	0.89120736
-48.895832	-10.876945	7.130501	0	0	-0.45359611	0.89120736
-49.648289	-14.988478	15.677644	0	0	-0.54030229	0.84147099
-49.221645	-10.688091	14.054135	0	0	-0.26749883	0.96355818
-49.240707	-10.677083	14.054135	0	0	-0.26749883	0.96355818
-49.104847	-10.755524	14.054135	0	0	-0.36235775	0.93203909
-49.088158	-10.765160	14.054135	0	0	-0.16996714	0.98544973
-49.069824	-10.775744	14.054135	0	0	-0.36235775	0.93203909
-49.049519	-10.787467	14.054135	0	0	-0.36235775	0.93203909
-49.027336	-10.800274	14.054135	0	0	-0.16996714	0.98544973
-49.008286	-10.811275	14.054135	0	0	-0.36235775	0.93203909
-48.989346	-10.822209	14.054135	0	0	-0.36235775	0.93203909
-48.969734	-10.833531	14.054135	0	0	-0.36235775	0.93203909
-48.949509	-10.845208	14.054135	0	0	-0.16996714	0.98544973
-48.928719	-10.857211	14.054135	0	0	-0.16996714	0.98544973
-48.907127	-10.869678	14.054135	0	0	-0.36235775	0.93203909
-48.884991	-10.882457	14.054135	0	0	-0.16996714	0.98544973
-48.862686	-10.895334	14.054135	0	0	-0.36235775	0.93203909
-48.840729	-10.908012	14.054135	0	0	-0.16996714	0.98544973
-48.819698	-10.920154	14.054135	0	0	-0.36235775	0.93203909
-48.798096	-10.932628	14.054135	0	0	-0.16996714	0.98544973
-48.775143	-10.945879	14.054135	0	0	-0.36235775	0.93203909
-48.747692	-10.961726	14.054135	0	0	-0.36235775	0.93203909
-48.702454	-10.987844	14.054135	0	0	-0.36235775	0.93203909
-48.641266	-11.023171	14.054135	0	0	-0.36235775	0.93203909
-48.602875	-11.045337	14.054135	0	0	-0.26749883	0.96355818
-48.543331	-11.079714	14.054135	0	0	-0.26749883	0.96355818
-48.148724	-11.307543	14.054135	0	0	-0.26749883	0.96355818
-47.942142	-11.426811	14.054135	0	0	0.1288445	0.99166481
-47.311981	-11.790635	14.054135	0	0	0.1288445	0.99166481
-47.311981	-11.790635	14.054135	0	0	-0.69670669	0.71735611
-55.643417	-17.386980	4.721684	0	0	0.1288445	0.99166481
-47.108475	-9.814981	9.493585	0	0	-0.69670669	0.71735611
-46.982929	-11.260313	13.617347	0	0	0.029199523	0.9995736
-46.880188	-11.094729	13.480967	0	0	-0.070737201	0.99749499
-46.697105	-10.226349	11.745073	0	0	0.029199523	0.9995736
-46.850651	-11.047128	13.441761	0	0	-0.69670669	0.71735611
-46.542671	-10.380783	12.590319	0	0	-0.69670669	0.71735611
-47.635700	-9.287757	6.607997	0	0	-0.45359611	0.89120736
-46.355343	-10.568114	13.615610	0	0	-0.69670669	0.71735611
-46.557350	-8.798369	8.427713	0	0	-0.69670669	0.71735611
-46.449688	-8.636104	8.314094	0	0	-0.69670669	0.71735611
-45.872074	-10.038833	13.624017	0	0	-0.76484218	0.64421769
-57.423264	-22.718315	13.497266	0	0	-0.26749883	0.96355818
-57.401115	-22.712379	13.545363	0	0	-0.26749883	0.96355818
-57.390602	-22.709562	13.568188	0	0	-0.26749883	0.96355818
-57.389816	-22.709352	13.569900	0	0	-0.36235775	0.93203909
-57.376087	-22.705673	13.599711	0	0	-0.36235775	0.93203909
-57.348785	-22.698359	13.658994	0	0	-0.36235775	0.93203909
-57.317329	-22.689930	13.727307	0	0	-0.26749883	0.96355818
-57.294594	-22.683838	13.776677	0	0	-0.36235775	0.93203909
-57.270264	-22.677319	13.829513	0	0	-0.36235775	0.93203909
-57.244724	-22.670475	13.884965	0	0	-0.36235775	0.93203909
-57.217930	-22.663296	13.943151	0	0	-0.26749883	0.96355818
-57.189823	-22.655764	14.004186	0	0	-0.26749883	0.96355818
-57.160435	-22.647890	14.068003	0	0	-0.36235775	0.93203909
-57.129635	-22.639637	14.134890	0	0	-0.26749883	0.96355818
-57.116989	-22.636248	14.162350	0	0	-0.36235775	0.93203909
-57.097431	-22.631008	14.204821	0	0	-0.36235775	0.93203909
-57.063793	-22.621994	14.277867	0	0	-0.26749883	0.96355818
-57.029362	-22.612768	14.352630	0	0	-0.36235775	0.93203909
-56.994354	-22.603388	14.428653	0	0	-0.26749883	0.96355818
-56.962502	-22.594852	14.497826	0	0	-0.36235775	0.93203909
-56.930000	-22.586145	14.568401	0	0	-0.36235775	0.93203909
-56.897774	-22.577511	14.638377	0	0	0	1
-56.866058	-22.569012	14.707248	0	0	-0.36235775	0.93203909
-56.837315	-22.561310	14.769664	0	0	-0.26749883	0.96355818
-56.803787	-22.552326	14.842477	0	0	-0.26749883	0.96355818
-56.794262	-22.549774	14.863160	0	0	-0.26749883	0.96355818
-56.713173	-22.528048	15.039241	0	0	0	1
-58.233372	-22.935383	11.738093	0	0	0	1
-56.552864	-22.485092	15.387357	0	0	-0.36235775	0.93203909
-50.633404	-6.290054	15.358355	0	0	-0.36235775	0.93203909
-44.759583	-7.242448	9.534446	0	0	-0.76484218	0.64421769
-44.527470	-7.302937	10.357938	0	0	-0.82533563	0.56464246
-56.005497	-22.338425	16.575983	0	0	-0.36235775	0.93203909
-55.943813	-22.321898	16.709929	0	0	-0.36235775	0.93203909
-44.365250	-7.041490	10.142604	0	0	-0.76484218	0.64421769
-44.348633	-7.014707	10.120543	0	0	-0.82533563	0.56464246
-55.468204	-22.194458	17.742723	0	0	-0.36235775	0.93203909
-45.390636	-11.532818	18.895599	0	0	-0.36235775	0.93203909
-43.764557	-8.020514	14.415447	0	0	-0.62160997	0.7833269
-43.764557	-8.020514	14.415447	0	0	-0.82533563	0.56464246
-43.764557	-8.020514	14.415447	0	0	-0.36235775	0.93203909
-43.764557	-8.020514	14.415447	0	0	-0.16996714	0.98544973
-43.764557	-8.020514	14.415447	0	0	-0.76484218	0.64421769
-43.764557	-8.020514	14.415447	0	0	-0.45359611	0.89120736
-51.254097	-5.669359	3.146996	0	0	-0.45359611	0.89120736
-54.792702	-22.013456	19.209595	0	0	-0.36235775	0.93203909
-43.018799	-6.870478	13.560592	0	0	-0.87758258	0.4794255
-42.889870	-6.671654	13.412800	0	0	-0.69670669	0.71735611
-42.528454	-6.114310	12.998509	0	0	-0.87758258	0.4794255
-46.100201	-3.975060	14.415447	0	0	-0.070737201	0.99749499
-42.464222	-5.299984	11.062359	0	0	-0.87758258	0.4794255
-42.507545	-5.138301	10.517045	0	0	-0.26749883	0.96355818
-53.222584	-21.592745	22.619143	0	0	-0.16996714	0.98544973
-52.576401	-21.419601	24.022345	0	0	-0.45359611	0.89120736
-42.973972	-3.397577	4.646038	0	0	-0.69670669	0.71735611
-46.632317	-15.796605	26.435509	0	0	-0.36235775	0.93203909
-46.286812	-15.889184	27.667915	0	0	-0.36235775	0.93203909
-38.640064	-2.568058	14.921076	0	0	-0.45359611	0.89120736
-38.640064	-2.568058	14.921076	0	0	-0.92106097	0.38941839
-38.640064	-2.568058	14.921076	0	0	-0.87758258	0.4794255
-38.640064	-2.568058	14.921076	0	0	-0.36235775	0.93203909
-38.640064	-2.568058	14.921076	0	0	-0.54030229	0.84147099
-38.640064	-2.568058	14.921076	0	0	-0.95533648	0.29552023
-38.622486	-2.625843	15.121977	0	0	-0.36235775	0.93203909
-38.494732	-3.045853	16.582207	0	0	-0.36235775	0.93203909
-50.052055	-20.743204	29.504026	0	0	0.73739371	0.67546319
-52.341148	-4.582309	27.657204	0	0	-0.36235775	0.93203909
-49.329727	-20.549658	31.072578	0	0	-0.45359611	0.89120736
-36.148861	1.326205	11.928570	0	0	-0.45359611	0.89120736
-52.743603	7.531648	14.415447	0	0	-0.070737201	0.99749499
-35.694466	1.469757	12.858545	0	0	-0.45359611	0.89120736
-35.479477	1.764460	12.708010	0	0	-0.87758258	0.4794255
-35.463047	1.749286	12.794664	0	0	-0.95533648	0.29552023
-44.910149	-16.258059	32.578426	0	0	0.1288445	0.99166481
-36.658379	3.201611	6.177372	0	0	-0.87758258	0.4794255
-37.654797	3.773517	1.235055	0	0	-0.82533563	0.56464246
-72.269386	2.618532	14.054135	0	0	0.1288445	0.99166481
-47.439613	13.268429	2.142051	0	0	-0.69670669	0.71735611
-43.254154	-16.701782	38.485294	0	0	0.029199523	0.9995736
-63.209934	6.286476	28.719761	0	0	-0.070737201	0.99749499
-48.022030	15.442030	17.744690	0	0	-0.62160997	0.7833269
-42.158169	-16.995449	42.394627	0	0	-0.16996714	0.98544973
-43.354774	-18.948675	44.047329	0	0	-0.16996714	0.98544973
-53.588688	-3.334767	45.546585	0	0	-0.36235775	0.93203909
-42.270153	-18.658051	46.402615	0	0	0.029199523	0.9995736
-42.270153	-18.658051	46.402615	0	0	0.1288445	0.99166481
-42.666008	-14.257448	48.492172	0	0	-0.36235775	0.93203909
-91.064201	-7.654959	7.627089	0	0	0.32328956	0.94630009
-49.459278	-28.159317	50.515854	0	0	0.029199523	0.9995736
-49.436543	-28.136583	50.521885	0	0	0.1288445	0.99166481
-49.500168	-28.200207	50.505005	0	0	0.1288445	0.99166481
-49.408115	-28.108156	50.529427	0	0	0.029199523	0.9995736
-49.515194	-28.215235	50.501019	0	0	0.029199523	0.9995736
-49.373108	-28.073149	50.538715	0	0	0.029199523	0.9995736
-49.327766	-28.027807	50.550747	0	0	0.1288445	0.99166481
-49.616924	-28.316965	50.474026	0	0	0.85688874	0.51550139
-49.300636	-28.000677	50.557945	0	0	0.029199523	0.9995736
-49.271244	-27.971285	50.565742	0	0	0.029199523	0.9995736
-49.239864	-27.939903	50.574070	0	0	0.029199523	0.9995736
-49.206345	-27.906384	50.582962	0	0	0.1288445	0.99166481
-49.205742	-27.905781	50.583122	0	0	-0.16996714	0.98544973
-49.170547	-27.870586	50.592461	0	0	0.1288445	0.99166481
-49.132328	-27.832369	50.602600	0	0	0.029199523	0.9995736
-49.091537	-27.791578	50.613422	0	0	0.1288445	0.99166481
-49.048351	-27.748390	50.624882	0	0	0.029199523	0.9995736
-49.002510	-27.702549	50.637043	0	0	0.1288445	0.99166481
-48.955654	-27.655695	50.649475	0	0	0.029199523	0.9995736
-48.905567	-27.605606	50.662762	0	0	0.1288445	0.99166481
-48.861088	-27.561129	50.674564	0	0	0.029199523	0.9995736
-48.812397	-27.512436	50.687485	0	0	0.029199523	0.9995736
-48.764000	-27.464039	50.700325	0	0	0.029199523	0.9995736
-48.730957	-27.430996	50.709091	0	0	0.41614682	0.90929743
-48.697269	-27.397308	50.718029	0	0	0.029199523	0.9995736
-48.665817	-27.365856	50.726372	0	0	0.1288445	0.99166481
-48.654034	-27.354073	50.729500	0	0	0.1288445	0.99166481
-48.610592	-27.310631	50.741028	0	0	0.1288445	0.99166481
-48.502338	-27.202379	50.769749	0	0	-0.16996714	0.98544973
-47.883850	-26.583891	50.933842	0	0	0.029199523	0.9995736
-47.788853	-26.488894	50.959049	0	0	-0.16996714	0.98544973
-47.191025	-25.891066	51.117661	0	0	0.80114363	0.59847213
-46.953743	-25.653782	51.180618	0	0	0.58850112	0.8084964
-53.134796	-31.834835	49.540672	0	0	0.85688874	0.51550139
-50.333603	24.068937	27.657204	0	0	-0.76484218	0.64421769
-43.702103	-22.402142	52.043335	0	0	-0.070737201	0.99749499
-51.236816	27.439775	-0.666652	0	0	-0.87758258	0.4794255
-42.338188	-21.038229	52.405209	0	0	0.1288445	0.99166481
-41.897114	-20.597155	52.522232	0	0	0.32328956	0.94630009
-41.897114	-20.597155	52.522232	0	0	0.41614682	0.90929743
-58.700817	-37.400860	48.063908	0	0	0	1
-93.434509	-32.367500	8.482323	0	0	0	1
-97.669334	-18.494616	-5.325951	0	0	0.41614682	0.90929743
-95.459038	-22.716789	-17.556423	0	0	0	1
-30.072096	32.508003	9.123600	0	0	-0.82533563	0.56464246
-54.278980	38.793282	15.358355	0	0	-0.54030229	0.84147099
-26.415241	34.130638	23.918818	0	0	-0.82533563	0.56464246
-24.681667	36.041893	29.906757	0	0	-0.92106097	0.38941839
-24.656164	35.987633	30.068850	0	0	-0.92106097	0.38941839
-28.106201	46.356079	5.421026	0	0	-0.95533648	0.29552023
-27.667887	46.501728	7.238276	0	0	-0.95533648	0.29552023
-47.565285	-26.265326	76.969147	0	0	0.73739371	0.67546319
-115.161011	27.382023	14.054135	0	0	-0.62160997	0.7833269
-20.770071	63.310566	22.795881	0	0	-0.54030229	0.84147099
-61.987732	67.562744	28.719761	0	0	-0.54030229	0.84147099
-60.900433	63.504890	48.492172	0	0	-0.62160997	0.7833269
-63.091389	71.681641	45.546585	0	0	-0.54030229	0.84147099
-163.560654	15.824627	-8.813495	0	0	-0.54030229	0.84147099
-11.270088	95.873978	35.766178	0	0	-0.92106097	0.38941839
-174.634903	-54.125076	0.972056	0	0	0.50484609	0.86320938
-168.220596	-52.406372	76.969147	0	0	0.58850112	0.8084964
-3.429994	115.354218	53.111965	0	0	-0.62160997	0.7833269
-188.615402	-13.052511	-40.466591	0	0	-0.36235775	0.93203909
-2.671999	113.741592	57.929520	0	0	-0.54030229	0.84147099
-3.042362	116.800873	53.535229	0	0	-0.82533563	0.56464246
-1.506481	113.707146	63.140591	0	0	-0.82533563	0.56464246
-188.932343	-29.799982	-71.758553	0	0	0.32328956	0.94630009
-34.645252	148.121185	60.581947	0	0	-0.26749883	0.96355818
-251.187073	39.013676	76.969147	0	0	0.32328956	0.94630009
-151.720749	188.669098	69.874184	0	0	-0.070737201	0.99749499
-221.951797	148.121185	76.969147	0	0	0.1288445	0.99166481
