234.322845	-42.614819	-203.988449	0	0	0	1
102.469826	-33.957737	-111.461731	0	0	0	1
56.685215	-30.952477	-79.330315	0	0	0	1
38.786430	-29.915966	-66.774315	0	0	0.99913515	0.041580682
39.454338	-30.467144	-67.268440	0	0	0.99913515	0.041580682
40.118690	-31.027031	-67.762878	0	0	0.99913515	0.041580682
40.779373	-31.595598	-68.257599	0	0	0.99913515	0.041580682
41.436283	-32.172821	-68.752602	0	0	0.99913515	0.041580682
42.089302	-32.758675	-69.247833	0	0	0.99913515	0.041580682
42.738323	-33.353130	-69.743309	0	0	0.99913515	0.041580682
43.383236	-33.956161	-70.238991	0	0	0	1
44.023926	-34.567730	-70.734871	0	0	0	1
44.660286	-35.187809	-71.230904	0	0	0	1
45.292206	-35.816364	-71.727097	0	0	0	1
45.919575	-36.453358	-72.223427	0	0	0	1
46.542286	-37.098755	-72.719864	0	0	0	1
47.160233	-37.752522	-73.216400	0	0	0	1
47.773300	-38.414612	-73.713013	0	0	0	1
48.381382	-39.084988	-74.209671	0	0	0	1
48.984375	-39.763611	-74.706367	0	0	0	1
49.582169	-40.450432	-75.203072	0	0	0	1
50.174648	-41.145409	-75.699768	0	0	0	1
50.761723	-41.848495	-76.196449	0	0	0	1
51.343273	-42.559647	-76.693077	0	0	0	1
51.919201	-43.278805	-77.189644	0	0	0	1
52.489399	-44.005936	-77.686134	0	0	0	1
53.053764	-44.740971	-78.182510	0	0	0	1
53.612190	-45.483864	-78.678780	0	0	0	1
54.164574	-46.234566	-79.174896	0	0	0	1
54.710812	-46.993011	-79.670853	0	0	0	1
55.250801	-47.759151	-80.166618	0	0	0	1
55.784443	-48.532925	-80.662193	0	0	0	1
56.311634	-49.314274	-81.157539	0	0	0	1
56.832272	-50.103130	-81.652649	0	0	0	1
57.346260	-50.899445	-82.147499	0	0	0.98999249	0.14112005
57.853504	-51.703144	-82.642075	0	0	0.98999249	0.14112005
58.353893	-52.514168	-83.136353	0	0	0.98999249	0.14112005
58.847336	-53.332447	-83.630302	0	0	0.98999249	0.14112005
59.333736	-54.157917	-84.123924	0	0	0.98999249	0.14112005
59.812992	-54.990505	-84.617180	0	0	0	1
60.285019	-55.830147	-85.110062	0	0	0	1
60.749710	-56.676769	-85.602547	0	0	0	1
61.206978	-57.530296	-86.094620	0	0	0	1
61.656723	-58.390659	-86.586250	0	0	0	1
62.098866	-59.257790	-87.077431	0	0	0	1
62.533295	-60.131592	-87.568130	0	0	0	1
62.959938	-61.012009	-88.058350	0	0	0	1
63.378693	-61.898952	-88.548050	0	0	0	1
63.789474	-62.792347	-89.037216	0	0	0	1
64.192192	-63.692108	-89.525833	0	0	0	1
64.586769	-64.598160	-90.013885	0	0	0	1
64.973099	-65.510414	-90.501335	0	0	0	1
65.351120	-66.428787	-90.988190	0	0	0	1
65.720726	-67.353195	-91.474396	0	0	0	1
66.081841	-68.283554	-91.959969	0	0	0	1
66.434387	-69.219772	-92.444878	0	0	0	1
66.778275	-70.161766	-92.929092	0	0	0	1
67.113426	-71.109436	-93.412605	0	0	0	1
67.439766	-72.062698	-93.895393	0	0	0	1
67.757210	-73.021477	-94.377441	0	0	0	1
68.065689	-73.985657	-94.858727	0	0	0	1
68.365112	-74.955147	-95.339226	0	0	0	1
68.655411	-75.929855	-95.818924	0	0	0	1
68.936516	-76.909691	-96.297813	0	0	0	1
69.208344	-77.894554	-96.775856	0	0	0	1
69.470833	-78.884354	-97.253044	0	0	0.97095818	0.23924928
69.723900	-79.878975	-97.729355	0	0	0.97095818	0.23924928
69.967484	-80.878334	-98.204773	0	0	0.97095818	0.23924928
70.201508	-81.882324	-98.679276	0	0	0.97095818	0.23924928
70.425919	-82.890839	-99.152847	0	0	0	1
70.640633	-83.903786	-99.625473	0	0	0	1
70.845589	-84.921051	-100.097122	0	0	0	1
71.040733	-85.942543	-100.567787	0	0	0	1
71.225990	-86.968140	-101.037445	0	0	0	1
71.401306	-87.997757	-101.506081	0	0	0	1
71.566612	-89.031273	-101.973671	0	0	0	1
71.721855	-90.068581	-102.440193	0	0	0	1
71.866974	-91.109581	-102.905640	0	0	0	1
72.001915	-92.154144	-103.369987	0	0	0	1
72.126625	-93.202194	-103.833221	0	0	0	1
72.241035	-94.253586	-104.295319	0	0	0	1
72.345108	-95.308220	-104.756256	0	0	0	1
72.438789	-96.365997	-105.216026	0	0	0	1
72.522018	-97.426788	-105.674606	0	0	0	1
72.594749	-98.490494	-106.131973	0	0	0	1
72.656944	-99.556984	-106.588120	0	0	0	1
72.708542	-100.626144	-107.043015	0	0	0	1
72.749512	-101.697876	-107.496658	0	0	0	1
72.779800	-102.772057	-107.949020	0	0	0	1
72.799362	-103.848549	-108.400078	0	0	0	1
72.808167	-104.927261	-108.849815	0	0	0	1
72.806168	-106.008072	-109.298233	0	0	0	1
72.793327	-107.090851	-109.745293	0	0	0	1
72.769615	-108.175491	-110.190979	0	0	0	1
72.734978	-109.261856	-110.635292	0	0	0	1
72.689400	-110.349838	-111.078186	0	0	0	1
72.632835	-111.439308	-111.519661	0	0	0	1
72.565262	-112.530167	-111.959702	0	0	0.94222235	0.33498812
72.486649	-113.622269	-112.398285	0	0	0.94222235	0.33498812
72.396957	-114.715492	-112.835396	0	0	0	1
72.296165	-115.809738	-113.271011	0	0	0	1
72.184258	-116.904854	-113.705124	0	0	0	1
72.061195	-118.000725	-114.137711	0	0	0	1
71.926964	-119.097244	-114.568756	0	0	0	1
71.781540	-120.194267	-114.998230	0	0	0	1
71.624901	-121.291687	-115.426147	0	0	0	1
71.457039	-122.389351	-115.852463	0	0	0	1
71.277916	-123.487175	-116.277161	0	0	0	1
71.087532	-124.584991	-116.700241	0	0	0	1
70.885880	-125.682701	-117.121674	0	0	0	1
70.672928	-126.780174	-117.541443	0	0	0	1
70.448677	-127.877274	-117.959541	0	0	0	1
70.213112	-128.973877	-118.375946	0	0	0	1
69.966232	-130.069870	-118.790642	0	0	0	1
69.708023	-131.165115	-119.203613	0	0	0	1
69.438484	-132.259476	-119.614838	0	0	0	1
69.157608	-133.352844	-120.024307	0	0	0	1
68.865402	-134.445084	-120.431999	0	0	0	1
68.561852	-135.536057	-120.837898	0	0	0	1
68.246964	-136.625671	-121.241997	0	0	0	1
67.920746	-137.713745	-121.644272	0	0	0	1
67.583199	-138.800201	-122.044708	0	0	0	1
67.234322	-139.884888	-122.443283	0	0	0	1
66.874130	-140.967682	-122.839989	0	0	0	1
66.502632	-142.048447	-123.234818	0	0	0	1
66.119835	-143.127060	-123.627739	0	0	0	1
65.725746	-144.203400	-124.018738	0	0	0	1
65.320381	-145.277328	-124.407814	0	0	0	1
64.903763	-146.348724	-124.794937	0	0	0	1
64.475891	-147.417465	-125.180099	0	0	0.90407214	0.42737988
64.036797	-148.483429	-125.563286	0	0	0	1
63.586498	-149.546463	-125.944473	0	0	0	1
63.125011	-150.606461	-126.323654	0	0	0	1
62.652355	-151.663284	-126.700813	0	0	0	1
62.168568	-152.716812	-127.075928	0	0	0	1
61.673656	-153.766922	-127.448997	0	0	0	1
61.167652	-154.813477	-127.820000	0	0	0	1
60.650593	-155.856369	-128.188919	0	0	0	1
60.122498	-156.895447	-128.555740	0	0	0	1
59.583408	-157.930603	-128.920441	0	0	0	1
59.033344	-158.961716	-129.283020	0	0	0	1
58.472347	-159.988647	-129.643463	0	0	0	1
57.900455	-161.011276	-130.001755	0	0	0	1
57.317703	-162.029465	-130.357880	0	0	0	1
56.724121	-163.043121	-130.711807	0	0	0	1
56.119766	-164.052109	-131.063553	0	0	0	1
55.504658	-165.056290	-131.413086	0	0	0	1
54.878864	-166.055542	-131.760391	0	0	0	1
54.242413	-167.049774	-132.105453	0	0	0	1
53.595352	-168.038834	-132.448273	0	0	0	1
52.937729	-169.022598	-132.788818	0	0	0	1
52.269600	-170.000961	-133.127090	0	0	0	1
51.591003	-170.973816	-133.463074	0	0	0	1
50.902004	-171.941010	-133.796738	0	0	0	1
50.202644	-172.902435	-134.128098	0	0	0	1
49.492989	-173.857971	-134.457123	0	0	0	1
48.773083	-174.807510	-134.783798	0	0	0	1
48.042988	-175.750931	-135.108124	0	0	0	1
47.302765	-176.688126	-135.430084	0	0	0	1
46.552471	-177.618958	-135.749649	0	0	0	1
45.792175	-178.543320	-136.066818	0	0	0	1
45.021931	-179.461090	-136.381592	0	0	0	1
44.241806	-180.372162	-136.693924	0	0	0	1
43.451866	-181.276443	-137.003845	0	0	0	1
42.652180	-182.173782	-137.311310	0	0	0	1
41.842815	-183.064087	-137.616318	0	0	0	1
41.023846	-183.947235	-137.918869	0	0	0	1
40.195335	-184.823135	-138.218918	0	0	0	1
39.357353	-185.691650	-138.516495	0	0	0	1
38.509983	-186.552704	-138.811554	0	0	0	1
37.653301	-187.406158	-139.104095	0	0	0	1
36.787376	-188.251923	-139.394119	0	0	0	1
35.912285	-189.089890	-139.681595	0	0	0	1
35.028114	-189.919937	-139.966522	0	0	0	1
34.134941	-190.741974	-140.248901	0	0	0	1
33.232845	-191.555908	-140.528671	0	0	0	1
32.321907	-192.361618	-140.805893	0	0	0	1
31.402216	-193.158997	-141.080505	0	0	0	1
30.473856	-193.947968	-141.352509	0	0	0	1
29.536911	-194.728409	-141.621902	0	0	0	1
28.591469	-195.500229	-141.888672	0	0	0	1
27.637623	-196.263321	-142.152786	0	0	0	1
26.675453	-197.017593	-142.414276	0	0	0	1
25.705069	-197.762955	-142.673080	0	0	0	1
24.726540	-198.499313	-142.929245	0	0	0	1
23.739979	-199.226562	-143.182709	0	0	0	1
22.745466	-199.944611	-143.433487	0	0	0	1
21.743109	-200.653381	-143.681580	0	0	0	1
20.732994	-201.352753	-143.926956	0	0	0	1
19.715231	-202.042664	-144.169601	0	0	0	1
18.689905	-202.723022	-144.409531	0	0	0	1
17.657120	-203.393723	-144.646729	0	0	0	1
16.616987	-204.054703	-144.881165	0	0	0.80114363	0.59847213
15.569599	-204.705856	-145.112854	0	0	0	1
14.515058	-205.347092	-145.341782	0	0	0	1
13.453478	-205.978348	-145.567932	0	0	0	1
12.384952	-206.599548	-145.791290	0	0	0	1
11.309593	-207.210587	-146.011871	0	0	0	1
10.227512	-207.811401	-146.229645	0	0	0	1
9.138816	-208.401901	-146.444611	0	0	0	1
8.043599	-208.982025	-146.656738	0	0	0	1
6.941990	-209.551682	-146.866074	0	0	0	1
5.834093	-210.110809	-147.072556	0	0	0	1
4.720010	-210.659317	-147.276199	0	0	0	1
3.599869	-211.197159	-147.476990	0	0	0	1
2.473778	-211.724243	-147.674927	0	0	0	1
1.341845	-212.240494	-147.869995	0	0	0	1
0.204200	-212.745865	-148.062195	0	0	0	1
-0.939060	-213.240295	-148.251495	0	0	0	1
-2.087798	-213.723679	-148.437927	0	0	0	1
-3.241912	-214.195999	-148.621445	0	0	0	1
-4.401275	-214.657166	-148.802063	0	0	0	1
-5.565775	-215.107117	-148.979782	0	0	0	1
-6.735287	-215.545792	-149.154572	0	0	0	1
-7.909688	-215.973145	-149.326447	0	0	0	1
-9.088865	-216.389114	-149.495392	0	0	0	1
-10.272690	-216.793640	-149.661392	0	0	0	1
-11.461037	-217.186661	-149.824448	0	0	0	1
-12.653791	-217.568146	-149.984543	0	0	0	1
-13.850816	-217.938019	-150.141693	0	0	0	1
-15.052006	-218.296249	-150.295868	0	0	0	1
-16.257219	-218.642776	-150.447083	0	0	0	1
-17.466335	-218.977554	-150.595322	0	0	0	1
-18.679226	-219.300537	-150.740570	0	0	0	1
-19.895773	-219.611694	-150.882843	0	0	0.73739371	0.67546319
-21.115837	-219.910950	-151.022125	0	0	0	1
-22.339291	-220.198288	-151.158401	0	0	0	1
-23.566019	-220.473679	-151.291672	0	0	0	1
-24.795883	-220.737045	-151.421936	0	0	0	1
-26.028749	-220.988388	-151.549194	0	0	0	1
-27.264494	-221.227661	-151.673416	0	0	0	1
-28.502985	-221.454803	-151.794632	0	0	0	1
-29.744095	-221.669830	-151.912796	0	0	0	1
-30.987688	-221.872665	-152.027954	0	0	0	1
-32.233635	-222.063309	-152.140060	0	0	0	1
-33.481808	-222.241730	-152.249115	0	0	0	1
-34.732059	-222.407883	-152.355133	0	0	0	1
-35.984276	-222.561752	-152.458099	0	0	0	1
-37.238316	-222.703323	-152.558014	0	0	0	1
-38.494045	-222.832565	-152.654861	0	0	0	1
-39.751331	-222.949463	-152.748657	0	0	0	1
-41.010044	-223.054001	-152.839371	0	0	0	1
-42.270042	-223.146133	-152.927032	0	0	0	1
-43.531197	-223.225891	-153.011597	0	0	0	1
-44.793377	-223.293228	-153.093094	0	0	0	1
-46.056446	-223.348129	-153.171524	0	0	0	1
-47.320259	-223.390610	-153.246857	0	0	0	1
-48.584694	-223.420624	-153.319122	0	0	0	1
-49.849613	-223.438202	-153.388275	0	0	0	1
-51.114876	-223.443314	-153.454346	0	0	0	1
-52.380352	-223.435944	-153.517319	0	0	0	1
-53.645912	-223.416122	-153.577209	0	0	0	1
-54.911407	-223.383835	-153.633972	0	0	0	1
-56.176716	-223.339066	-153.687653	0	0	0	1
-57.441692	-223.281830	-153.738235	0	0	0	1
-58.706211	-223.212112	-153.785706	0	0	0.66627604	0.74570519
-59.970127	-223.129944	-153.830063	0	0	0	1
-61.233311	-223.035324	-153.871323	0	0	0	1
-62.495628	-222.928253	-153.909454	0	0	0	1
-63.756939	-222.808746	-153.944489	0	0	0	1
-65.017113	-222.676804	-153.976395	0	0	0	1
-66.276024	-222.532440	-154.005203	0	0	0	1
-67.533524	-222.375687	-154.030884	0	0	0	1
-68.789474	-222.206528	-154.053436	0	0	0	1
-70.043755	-222.025009	-154.072891	0	0	0	1
-71.296227	-221.831146	-154.089218	0	0	0	1
-72.546753	-221.624939	-154.102432	0	0	0	1
-73.795204	-221.406433	-154.112534	0	0	0	1
-75.041443	-221.175629	-154.119492	0	0	0	1
-75.394600	-221.106339	-154.122009	0	0	0	1
-75.590965	-221.067566	-154.121155	0	0	0	1
-75.787537	-221.029694	-154.117188	0	0	0	1
-75.984344	-220.992722	-154.110107	0	0	0	1
-76.181427	-220.956650	-154.099884	0	0	0	1
-76.378807	-220.921448	-154.086548	0	0	0	1
-76.576523	-220.887115	-154.070099	0	0	0	1
-76.774605	-220.853653	-154.050537	0	0	0	1
-76.973091	-220.821030	-154.027863	0	0	0	1
-77.172005	-220.789261	-154.002060	0	0	0	1
-77.371384	-220.758331	-153.973145	0	0	0	1
-77.571251	-220.728210	-153.941101	0	0	0	1
-77.771645	-220.698914	-153.905945	0	0	0	1
-77.972595	-220.670395	-153.867691	0	0	0	1
-78.174133	-220.642670	-153.826324	0	0	0	1
-78.376289	-220.615707	-153.781845	0	0	0	1
-78.579086	-220.589508	-153.734253	0	0	0	1
-78.782562	-220.564041	-153.683563	0	0	0	1
-78.986755	-220.539307	-153.629761	0	0	0	1
-79.191673	-220.515289	-153.572876	0	0	0.58850112	0.8084964
-79.397362	-220.491959	-153.512878	0	0	0.66627604	0.74570519
-79.603851	-220.469299	-153.449783	0	0	0.66627604	0.74570519
-79.811157	-220.447311	-153.383591	0	0	0.66627604	0.74570519
-80.019318	-220.425964	-153.314316	0	0	0.66627604	0.74570519
-80.228363	-220.405243	-153.241943	0	0	0.66627604	0.74570519
-80.438316	-220.385117	-153.166504	0	0	0.66627604	0.74570519
-80.649208	-220.365601	-153.087952	0	0	0.66627604	0.74570519
-80.861061	-220.346634	-153.006348	0	0	0.66627604	0.74570519
-81.073906	-220.328217	-152.921646	0	0	0.66627604	0.74570519
-81.287773	-220.310333	-152.833878	0	0	0.66627604	0.74570519
-81.502693	-220.292953	-152.743042	0	0	0.66627604	0.74570519
-81.718674	-220.276062	-152.649139	0	0	0.66627604	0.74570519
-81.935760	-220.259628	-152.552170	0	0	0.66627604	0.74570519
-82.153961	-220.243652	-152.452148	0	0	0.66627604	0.74570519
-82.373322	-220.228073	-152.349060	0	0	0.66627604	0.74570519
-82.593849	-220.212906	-152.242935	0	0	0.66627604	0.74570519
-82.815582	-220.198105	-152.133774	0	0	0.66627604	0.74570519
-83.038536	-220.183655	-152.021545	0	0	0.66627604	0.74570519
-83.262733	-220.169525	-151.906281	0	0	0.66627604	0.74570519
-83.488205	-220.155701	-151.787994	0	0	0.66627604	0.74570519
-83.714966	-220.142151	-151.666672	0	0	0.66627604	0.74570519
-83.943047	-220.128830	-151.542328	0	0	0.66627604	0.74570519
-84.172462	-220.115753	-151.414978	0	0	0.66627604	0.74570519
-84.403244	-220.102859	-151.284592	0	0	0.66627604	0.74570519
-84.635406	-220.090134	-151.151215	0	0	0.66627604	0.74570519
-84.868980	-220.077560	-151.014816	0	0	0.66627604	0.74570519
-85.103966	-220.065094	-150.875427	0	0	0.66627604	0.74570519
-85.340408	-220.052719	-150.733047	0	0	0.66627604	0.74570519
-85.578308	-220.040390	-150.587692	0	0	0.66627604	0.74570519
-85.817696	-220.028091	-150.439346	0	0	0.66627604	0.74570519
-86.058594	-220.015793	-150.288010	0	0	0.66627604	0.74570519
-86.301010	-220.003464	-150.133728	0	0	0.66627604	0.74570519
-86.544960	-219.991089	-149.976471	0	0	0.66627604	0.74570519
-86.790482	-219.978607	-149.816254	0	0	0.66627604	0.74570519
-87.038773	-219.968033	-149.649719	0	0	0.66627604	0.74570519
-87.292320	-219.963379	-149.470139	0	0	0.66627604	0.74570519
-87.547577	-219.958450	-149.287643	0	0	0.66627604	0.74570519
-87.804550	-219.953247	-149.102219	0	0	0.66627604	0.74570519
-88.063263	-219.947708	-148.913895	0	0	0.66627604	0.74570519
-88.323723	-219.941833	-148.722687	0	0	0.66627604	0.74570519
-88.585945	-219.935562	-148.528580	0	0	0.66627604	0.74570519
-88.849937	-219.928879	-148.331573	0	0	0.66627604	0.74570519
-89.115723	-219.921722	-148.131714	0	0	0.66627604	0.74570519
-89.383308	-219.914093	-147.928970	0	0	0.66627604	0.74570519
-89.652702	-219.905930	-147.723389	0	0	0.66627604	0.74570519
-89.923920	-219.897217	-147.514938	0	0	0.66627604	0.74570519
-90.196968	-219.887894	-147.303650	0	0	0.66627604	0.74570519
-90.471863	-219.877960	-147.089523	0	0	0.66627604	0.74570519
-90.748604	-219.867355	-146.872574	0	0	0.66627604	0.74570519
-91.027214	-219.856033	-146.652802	0	0	0.73739371	0.67546319
-91.307693	-219.843994	-146.430222	0	0	0.73739371	0.67546319
-91.590050	-219.831177	-146.204849	0	0	0.73739371	0.67546319
-91.874290	-219.817551	-145.976685	0	0	0.73739371	0.67546319
-92.160423	-219.803070	-145.745728	0	0	0.73739371	0.67546319
-92.448448	-219.787704	-145.512009	0	0	0.73739371	0.67546319
-92.738388	-219.771423	-145.275528	0	0	0.73739371	0.67546319
-93.030228	-219.754196	-145.036270	0	0	0.73739371	0.67546319
-93.323990	-219.735962	-144.794296	0	0	0.73739371	0.67546319
-93.619667	-219.716690	-144.549561	0	0	0.73739371	0.67546319
-93.917259	-219.696365	-144.302109	0	0	0.73739371	0.67546319
-94.216782	-219.674911	-144.051956	0	0	0.73739371	0.67546319
-94.518227	-219.652328	-143.799088	0	0	0.73739371	0.67546319
-94.821609	-219.628555	-143.543503	0	0	0.73739371	0.67546319
-95.126915	-219.603546	-143.285263	0	0	0.73739371	0.67546319
-95.434158	-219.577286	-143.024323	0	0	0.73739371	0.67546319
-95.743324	-219.549728	-142.760727	0	0	0.73739371	0.67546319
-96.054420	-219.520844	-142.494492	0	0	0.73739371	0.67546319
-96.367455	-219.490570	-142.225586	0	0	0.73739371	0.67546319
-96.682411	-219.458878	-141.954056	0	0	0.73739371	0.67546319
-96.999290	-219.425735	-141.679901	0	0	0.73739371	0.67546319
-97.318100	-219.391098	-141.403137	0	0	0.73739371	0.67546319
-97.638824	-219.354935	-141.123764	0	0	0.73739371	0.67546319
-97.961464	-219.317200	-140.841812	0	0	0.73739371	0.67546319
-98.286011	-219.277847	-140.557266	0	0	0.73739371	0.67546319
-98.612473	-219.236847	-140.270157	0	0	0.73739371	0.67546319
-98.940826	-219.194168	-139.980499	0	0	0.73739371	0.67546319
-99.271080	-219.149750	-139.688293	0	0	0.73739371	0.67546319
-99.603218	-219.103577	-139.393539	0	0	0.73739371	0.67546319
-99.937233	-219.055588	-139.096283	0	0	0.73739371	0.67546319
-100.273125	-219.005753	-138.796509	0	0	0.73739371	0.67546319
-100.610878	-218.954041	-138.494232	0	0	0.73739371	0.67546319
-100.950485	-218.900406	-138.189468	0	0	0.73739371	0.67546319
-101.291939	-218.844803	-137.882233	0	0	0.73739371	0.67546319
-101.635223	-218.787201	-137.572525	0	0	0.73739371	0.67546319
-101.980331	-218.727570	-137.260376	0	0	0.73739371	0.67546319
-102.327248	-218.665848	-136.945786	0	0	0.73739371	0.67546319
-102.675964	-218.602005	-136.628769	0	0	0.73739371	0.67546319
-103.026466	-218.536011	-136.309341	0	0	0.73739371	0.67546319
-103.378746	-218.467819	-135.987518	0	0	0.73739371	0.67546319
-103.732780	-218.397400	-135.663300	0	0	0.73739371	0.67546319
-104.088562	-218.324692	-135.336716	0	0	0.73739371	0.67546319
-104.446068	-218.249695	-135.007767	0	0	0.73739371	0.67546319
-104.805290	-218.172333	-134.676453	0	0	0.73739371	0.67546319
-105.166206	-218.092575	-134.342819	0	0	0.73739371	0.67546319
-105.528809	-218.010406	-134.006851	0	0	0.73739371	0.67546319
-105.893074	-217.925766	-133.668579	0	0	0.73739371	0.67546319
-106.258980	-217.838623	-133.328018	0	0	0.73739371	0.67546319
-106.626511	-217.748947	-132.985168	0	0	0.73739371	0.67546319
-106.995659	-217.656693	-132.640045	0	0	0.73739371	0.67546319
-107.366386	-217.561813	-132.292664	0	0	0.73739371	0.67546319
-107.738678	-217.464294	-131.943054	0	0	0.73739371	0.67546319
-108.112518	-217.364090	-131.591202	0	0	0.73739371	0.67546319
-108.487885	-217.261139	-131.237152	0	0	0.73739371	0.67546319
-108.864754	-217.155441	-130.880875	0	0	0.73739371	0.67546319
-109.243103	-217.046951	-130.522430	0	0	0.73739371	0.67546319
-109.622902	-216.935608	-130.161819	0	0	0.73739371	0.67546319
-110.004143	-216.821396	-129.799042	0	0	0.73739371	0.67546319
-110.386787	-216.704285	-129.434113	0	0	0.73739371	0.67546319
-110.770813	-216.584229	-129.067062	0	0	0.73739371	0.67546319
-111.156197	-216.461197	-128.697906	0	0	0.73739371	0.67546319
-111.542915	-216.335159	-128.326630	0	0	0.73739371	0.67546319
-111.930939	-216.206055	-127.953285	0	0	0.73739371	0.67546319
-112.320236	-216.073883	-127.577866	0	0	0.73739371	0.67546319
-112.710793	-215.938583	-127.200386	0	0	0.73739371	0.67546319
-113.102562	-215.800140	-126.820862	0	0	0.80114363	0.59847213
-113.495529	-215.658524	-126.439323	0	0	0.80114363	0.59847213
-113.889664	-215.513672	-126.055763	0	0	0.80114363	0.59847213
-114.284927	-215.365585	-125.670212	0	0	0.80114363	0.59847213
-114.681297	-215.214203	-125.282677	0	0	0.80114363	0.59847213
-115.078743	-215.059509	-124.893181	0	0	0.80114363	0.59847213
-115.477226	-214.901459	-124.501740	0	0	0.80114363	0.59847213
-115.876717	-214.740036	-124.108353	0	0	0.80114363	0.59847213
-116.277191	-214.575195	-123.713051	0	0	0.80114363	0.59847213
-116.678604	-214.406921	-123.315849	0	0	0.80114363	0.59847213
-117.080933	-214.235168	-122.916756	0	0	0.80114363	0.59847213
-117.484131	-214.059921	-122.515800	0	0	0.80114363	0.59847213
-117.888176	-213.881134	-122.112976	0	0	0.80114363	0.59847213
-118.293030	-213.698776	-121.708313	0	0	0.80114363	0.59847213
-118.698654	-213.512833	-121.301826	0	0	0.80114363	0.59847213
-119.105019	-213.323273	-120.893539	0	0	0.80114363	0.59847213
-119.512077	-213.130051	-120.483452	0	0	0.80114363	0.59847213
-119.919792	-212.933151	-120.071594	0	0	0.80114363	0.59847213
-120.328140	-212.732559	-119.657974	0	0	0.80114363	0.59847213
-120.737076	-212.528229	-119.242607	0	0	0.80114363	0.59847213
-121.146553	-212.320129	-118.825516	0	0	0.80114363	0.59847213
-121.556549	-212.108246	-118.406723	0	0	0.80114363	0.59847213
-121.967010	-211.892563	-117.986221	0	0	0.80114363	0.59847213
-122.377907	-211.673035	-117.564056	0	0	0.80114363	0.59847213
-122.789192	-211.449631	-117.140221	0	0	0.80114363	0.59847213
-123.200829	-211.222351	-116.714745	0	0	0.80114363	0.59847213
-123.612770	-210.991165	-116.287636	0	0	0.80114363	0.59847213
-124.024986	-210.756042	-115.858925	0	0	0.80114363	0.59847213
-124.437424	-210.516953	-115.428619	0	0	0.80114363	0.59847213
-124.850044	-210.273880	-114.996742	0	0	0.80114363	0.59847213
-125.262810	-210.026810	-114.563293	0	0	0.80114363	0.59847213
-125.675674	-209.775711	-114.128311	0	0	0.80114363	0.59847213
-126.088593	-209.520569	-113.691803	0	0	0.80114363	0.59847213
-126.501518	-209.261368	-113.253784	0	0	0.80114363	0.59847213
-126.914413	-208.998062	-112.814270	0	0	0.80114363	0.59847213
-127.327225	-208.730652	-112.373299	0	0	0.80114363	0.59847213
-127.739914	-208.459122	-111.930855	0	0	0.80114363	0.59847213
-128.152435	-208.183441	-111.486984	0	0	0.80114363	0.59847213
-128.564743	-207.903610	-111.041687	0	0	0.80114363	0.59847213
-128.976791	-207.619583	-110.594986	0	0	0.80114363	0.59847213
-129.388535	-207.331360	-110.146904	0	0	0.80114363	0.59847213
-129.799927	-207.038925	-109.697449	0	0	0.80114363	0.59847213
-130.210922	-206.742264	-109.246651	0	0	0.80114363	0.59847213
-130.621460	-206.441345	-108.794518	0	0	0.80114363	0.59847213
-131.031494	-206.136169	-108.341072	0	0	0.80114363	0.59847213
-131.440994	-205.826721	-107.886322	0	0	0.80114363	0.59847213
-131.849899	-205.512985	-107.430305	0	0	0.80114363	0.59847213
-132.258163	-205.194946	-106.973015	0	0	0.80114363	0.59847213
-132.665741	-204.872604	-106.514488	0	0	0.80114363	0.59847213
-133.072586	-204.545914	-106.054733	0	0	0.80114363	0.59847213
-133.478622	-204.214890	-105.593781	0	0	0.80114363	0.59847213
-133.883835	-203.879532	-105.131638	0	0	0.80114363	0.59847213
-134.288162	-203.539795	-104.668320	0	0	0.80114363	0.59847213
-134.691544	-203.195709	-104.203857	0	0	0.80114363	0.59847213
-135.093933	-202.847229	-103.738258	0	0	0.80114363	0.59847213
-135.495285	-202.494370	-103.271545	0	0	0.80114363	0.59847213
-135.895538	-202.137115	-102.803734	0	0	0.80114363	0.59847213
-136.294662	-201.775467	-102.334839	0	0	0.80114363	0.59847213
-136.692581	-201.409409	-101.864891	0	0	0.80114363	0.59847213
-137.089249	-201.038925	-101.393898	0	0	0.80114363	0.59847213
-137.484634	-200.664032	-100.921890	0	0	0.80114363	0.59847213
-137.878662	-200.284714	-100.448875	0	0	0.80114363	0.59847213
-138.271286	-199.900970	-99.974884	0	0	0.80114363	0.59847213
-138.662445	-199.512802	-99.499916	0	0	0.80114363	0.59847213
-139.052109	-199.120193	-99.024002	0	0	0.80114363	0.59847213
-139.440216	-198.723145	-98.547157	0	0	0.80114363	0.59847213
-139.826706	-198.321671	-98.069405	0	0	0.80114363	0.59847213
-140.211533	-197.915741	-97.590759	0	0	0.80114363	0.59847213
-140.594635	-197.505386	-97.111244	0	0	0.80114363	0.59847213
-140.975952	-197.090591	-96.630875	0	0	0.80114363	0.59847213
-141.355453	-196.671371	-96.149673	0	0	0.80114363	0.59847213
-141.733078	-196.247696	-95.667656	0	0	0.80114363	0.59847213
-142.108765	-195.819611	-95.184845	0	0	0.80114363	0.59847213
-142.482468	-195.387085	-94.701256	0	0	0.80114363	0.59847213
-142.854126	-194.950134	-94.216904	0	0	0.73739371	0.67546319
-143.223694	-194.508759	-93.731819	0	0	0.73739371	0.67546319
-143.591095	-194.062973	-93.246010	0	0	0.73739371	0.67546319
-143.956314	-193.612778	-92.759499	0	0	0.73739371	0.67546319
-144.319260	-193.158188	-92.272316	0	0	0.73739371	0.67546319
-144.679901	-192.699188	-91.784454	0	0	0.73739371	0.67546319
-145.038162	-192.235809	-91.295959	0	0	0.73739371	0.67546319
-145.394012	-191.768051	-90.806854	0	0	0.73739371	0.67546319
-145.747391	-191.295914	-90.317123	0	0	0.73739371	0.67546319
-146.098236	-190.819427	-89.826820	0	0	0.73739371	0.67546319
-146.446487	-190.338593	-89.335945	0	0	0.73739371	0.67546319
-146.792114	-189.853409	-88.844528	0	0	0.73739371	0.67546319
-147.135040	-189.363907	-88.352585	0	0	0.73739371	0.67546319
-147.475220	-188.870087	-87.860130	0	0	0.73739371	0.67546319
-147.812592	-188.371964	-87.367180	0	0	0.73739371	0.67546319
-148.147110	-187.869568	-86.873779	0	0	0.73739371	0.67546319
-148.478729	-187.362885	-86.379913	0	0	0.73739371	0.67546319
-148.807373	-186.851959	-85.885628	0	0	0.73739371	0.67546319
-149.132996	-186.336777	-85.390938	0	0	0.73739371	0.67546319
-149.455551	-185.817383	-84.895836	0	0	0.73739371	0.67546319
-149.774979	-185.293777	-84.400383	0	0	0.73739371	0.67546319
-150.091217	-184.765991	-83.904572	0	0	0.73739371	0.67546319
-150.404236	-184.234024	-83.408432	0	0	0.73739371	0.67546319
-150.713959	-183.697922	-82.911972	0	0	0.73739371	0.67546319
-151.020340	-183.157684	-82.415230	0	0	0.73739371	0.67546319
-151.323334	-182.613327	-81.918198	0	0	0.73739371	0.67546319
-151.622864	-182.064896	-81.420929	0	0	0.73739371	0.67546319
-151.918900	-181.512390	-80.923424	0	0	0.73739371	0.67546319
-152.211395	-180.955856	-80.425697	0	0	0.73739371	0.67546319
-152.500259	-180.395294	-79.927780	0	0	0.73739371	0.67546319
-152.785477	-179.830734	-79.429695	0	0	0.73739371	0.67546319
-153.066971	-179.262207	-78.931442	0	0	0.73739371	0.67546319
-153.344711	-178.689743	-78.433067	0	0	0.73739371	0.67546319
-153.618637	-178.113358	-77.934570	0	0	0.73739371	0.67546319
-153.888687	-177.533081	-77.435982	0	0	0.73739371	0.67546319
-154.154816	-176.948944	-76.937302	0	0	0.73739371	0.67546319
-154.416962	-176.360962	-76.438576	0	0	0.73739371	0.67546319
-154.675095	-175.769180	-75.939812	0	0	0.73739371	0.67546319
-154.929153	-175.173630	-75.441025	0	0	0.73739371	0.67546319
-155.179092	-174.574326	-74.942253	0	0	0.73739371	0.67546319
-155.424850	-173.971313	-74.443504	0	0	0.73739371	0.67546319
-155.666367	-173.364609	-73.944786	0	0	0.73739371	0.67546319
-155.903625	-172.754257	-73.446136	0	0	0.73739371	0.67546319
-156.136551	-172.140274	-72.947563	0	0	0.73739371	0.67546319
-156.365097	-171.522720	-72.449081	0	0	0.73739371	0.67546319
-156.589218	-170.901611	-71.950737	0	0	0.73739371	0.67546319
-156.808868	-170.276993	-71.452522	0	0	0.73739371	0.67546319
-157.023987	-169.648895	-70.954468	0	0	0.73739371	0.67546319
-157.234543	-169.017349	-70.456596	0	0	0.73739371	0.67546319
-157.440475	-168.382401	-69.958923	0	0	0.73739371	0.67546319
-157.641754	-167.744064	-69.461479	0	0	0.73739371	0.67546319
-157.838303	-167.102417	-68.964256	0	0	0.73739371	0.67546319
-158.030106	-166.457458	-68.467300	0	0	0.73739371	0.67546319
-158.217087	-165.809265	-67.970619	0	0	0.73739371	0.67546319
-158.399216	-165.157837	-67.474236	0	0	0.73739371	0.67546319
-158.576447	-164.503250	-66.978165	0	0	0.73739371	0.67546319
-158.748734	-163.845535	-66.482437	0	0	0.73739371	0.67546319
-158.916031	-163.184708	-65.987068	0	0	0.73739371	0.67546319
-159.078308	-162.520844	-65.492065	0	0	0.73739371	0.67546319
-159.235489	-161.853989	-64.997467	0	0	0.73739371	0.67546319
-159.387543	-161.184143	-64.503273	0	0	0.73739371	0.67546319
-159.534454	-160.511398	-64.009529	0	0	0.73739371	0.67546319
-159.676132	-159.835770	-63.516224	0	0	0.73739371	0.67546319
-159.812576	-159.157318	-63.023399	0	0	0.73739371	0.67546319
-159.943710	-158.476089	-62.531063	0	0	0.73739371	0.67546319
-160.069519	-157.792114	-62.039242	0	0	0.73739371	0.67546319
-160.189941	-157.105469	-61.547943	0	0	0.73739371	0.67546319
-160.304962	-156.416168	-61.057209	0	0	0.73739371	0.67546319
-160.414505	-155.724274	-60.567036	0	0	0.73739371	0.67546319
-160.518570	-155.029831	-60.077454	0	0	0.73739371	0.67546319
-160.617096	-154.332901	-59.588486	0	0	0.73739371	0.67546319
-160.710037	-153.633514	-59.100143	0	0	0.73739371	0.67546319
-160.797363	-152.931732	-58.612442	0	0	0.73739371	0.67546319
-160.879044	-152.227615	-58.125420	0	0	0.73739371	0.67546319
-160.955032	-151.521210	-57.639069	0	0	0.73739371	0.67546319
-161.025299	-150.812546	-57.153439	0	0	0.73739371	0.67546319
-161.089813	-150.101700	-56.668514	0	0	0.73739371	0.67546319
-161.148514	-149.388718	-56.184345	0	0	0.73739371	0.67546319
-161.201385	-148.673645	-55.700943	0	0	0.73739371	0.67546319
-161.248398	-147.956558	-55.218311	0	0	0.73739371	0.67546319
-161.289505	-147.237488	-54.736488	0	0	0.73739371	0.67546319
-161.324677	-146.516495	-54.255482	0	0	0.73739371	0.67546319
-161.353867	-145.793625	-53.775311	0	0	0.73739371	0.67546319
-161.377075	-145.068970	-53.296005	0	0	0.73739371	0.67546319
-161.394241	-144.342545	-52.817574	0	0	0.73739371	0.67546319
-161.405350	-143.614426	-52.340031	0	0	0.73739371	0.67546319
-161.410370	-142.884674	-51.863411	0	0	0.73739371	0.67546319
-161.409256	-142.153336	-51.387718	0	0	0.73739371	0.67546319
-161.401993	-141.420471	-50.912983	0	0	0.73739371	0.67546319
-161.388550	-140.686127	-50.439209	0	0	0.73739371	0.67546319
-161.368896	-139.950409	-49.966438	0	0	0.73739371	0.67546319
-161.343018	-139.213318	-49.494667	0	0	0.73739371	0.67546319
-161.310852	-138.474945	-49.023918	0	0	0.73739371	0.67546319
-161.272415	-137.735336	-48.554222	0	0	0.66627604	0.74570519
-161.227646	-136.994583	-48.085587	0	0	0.66627604	0.74570519
-161.176544	-136.252701	-47.618034	0	0	0.66627604	0.74570519
-161.119080	-135.509781	-47.151581	0	0	0.66627604	0.74570519
-161.055237	-134.765884	-46.686253	0	0	0.66627604	0.74570519
-160.984955	-134.021042	-46.222057	0	0	0.66627604	0.74570519
-160.908264	-133.275360	-45.759022	0	0	0.66627604	0.74570519
-160.825104	-132.528870	-45.297150	0	0	0.66627604	0.74570519
-160.735474	-131.781662	-44.836479	0	0	0.66627604	0.74570519
-160.639343	-131.033768	-44.377018	0	0	0.66627604	0.74570519
-160.536682	-130.285263	-43.918785	0	0	0.66627604	0.74570519
-160.427505	-129.536224	-43.461800	0	0	0.66627604	0.74570519
-160.311768	-128.786697	-43.006077	0	0	0.66627604	0.74570519
-160.189453	-128.036774	-42.551640	0	0	0.66627604	0.74570519
-160.060562	-127.286476	-42.098499	0	0	0.66627604	0.74570519
-159.925049	-126.535904	-41.646679	0	0	0.66627604	0.74570519
-159.782928	-125.785118	-41.196198	0	0	0.66627604	0.74570519
-159.634171	-125.034172	-40.747070	0	0	0.66627604	0.74570519
-159.478760	-124.283142	-40.299313	0	0	0.66627604	0.74570519
-159.316696	-123.532082	-39.852943	0	0	0.66627604	0.74570519
-159.147949	-122.781075	-39.407982	0	0	0.66627604	0.74570519
-158.972519	-122.030174	-38.964451	0	0	0.66627604	0.74570519
-158.790390	-121.279449	-38.522354	0	0	0.66627604	0.74570519
-158.601547	-120.528976	-38.081722	0	0	0.66627604	0.74570519
-158.405991	-119.778809	-37.642570	0	0	0.66627604	0.74570519
-158.203705	-119.029030	-37.204906	0	0	0.66627604	0.74570519
-157.994690	-118.279694	-36.768757	0	0	0.66627604	0.74570519
-157.778931	-117.530869	-36.334137	0	0	0.66627604	0.74570519
-157.556427	-116.782631	-35.901062	0	0	0.66627604	0.74570519
-157.327164	-116.035049	-35.469555	0	0	0.66627604	0.74570519
-157.091141	-115.288185	-35.039627	0	0	0.66627604	0.74570519
-156.848343	-114.542107	-34.611290	0	0	0.66627604	0.74570519
-156.598785	-113.796883	-34.184570	0	0	0.66627604	0.74570519
-156.342453	-113.052589	-33.759483	0	0	0.66627604	0.74570519
-156.079361	-112.309288	-33.336044	0	0	0.66627604	0.74570519
-155.809479	-111.567055	-32.914272	0	0	0.66627604	0.74570519
-155.532837	-110.825943	-32.494175	0	0	0.66627604	0.74570519
-155.249405	-110.086052	-32.075779	0	0	0.66627604	0.74570519
-154.959198	-109.347420	-31.659096	0	0	0.66627604	0.74570519
-154.662231	-108.610130	-31.244146	0	0	0.66627604	0.74570519
-154.358475	-107.874252	-30.830942	0	0	0.66627604	0.74570519
-154.047974	-107.139847	-30.419502	0	0	0.66627604	0.74570519
-153.730698	-106.407005	-30.009840	0	0	0.66627604	0.74570519
-153.406662	-105.675766	-29.601973	0	0	0.66627604	0.74570519
-153.075882	-104.946228	-29.195923	0	0	0.66627604	0.74570519
-152.738358	-104.218437	-28.791700	0	0	0.66627604	0.74570519
-152.394089	-103.492477	-28.389315	0	0	0.66627604	0.74570519
-152.043091	-102.768417	-27.988796	0	0	0.66627604	0.74570519
-151.685364	-102.046326	-27.590149	0	0	0.66627604	0.74570519
-151.320938	-101.326263	-27.193396	0	0	0.66627604	0.74570519
-150.949799	-100.608315	-26.798552	0	0	0.66627604	0.74570519
-150.571960	-99.892540	-26.405626	0	0	0.66627604	0.74570519
-150.187454	-99.179008	-26.014637	0	0	0.66627604	0.74570519
-149.796280	-98.467796	-25.625608	0	0	0.66627604	0.74570519
-149.398453	-97.758957	-25.238543	0	0	0.66627604	0.74570519
-148.993988	-97.052582	-24.853462	0	0	0.66627604	0.74570519
-148.582901	-96.348724	-24.470383	0	0	0.66627604	0.74570519
-148.165192	-95.647453	-24.089319	0	0	0.66627604	0.74570519
-147.740906	-94.948853	-23.710283	0	0	0.66627604	0.74570519
-147.310028	-94.252983	-23.333292	0	0	0.66627604	0.74570519
-146.872604	-93.559906	-22.958363	0	0	0.66627604	0.74570519
-146.428650	-92.869690	-22.585503	0	0	0.66627604	0.74570519
-145.978165	-92.182419	-22.214739	0	0	0.66627604	0.74570519
-145.521179	-91.498146	-21.846067	0	0	0.66627604	0.74570519
-145.057739	-90.816956	-21.479525	0	0	0.66627604	0.74570519
-144.587814	-90.138893	-21.115110	0	0	0.66627604	0.74570519
-144.111481	-89.464050	-20.752844	0	0	0.66627604	0.74570519
-143.628723	-88.792473	-20.392738	0	0	0.66627604	0.74570519
-143.139587	-88.124237	-20.034807	0	0	0.66627604	0.74570519
-142.644089	-87.459419	-19.679068	0	0	0.66627604	0.74570519
-142.142273	-86.798080	-19.325529	0	0	0.66627604	0.74570519
-141.634140	-86.140289	-18.974215	0	0	0.66627604	0.74570519
-141.119720	-85.486107	-18.625124	0	0	0.66627604	0.74570519
-140.599060	-84.835602	-18.278282	0	0	0.66627604	0.74570519
-139.371445	-85.666344	-16.801170	0	0	0.66627604	0.74570519
-138.078339	-86.475029	-15.316452	0	0	0.66627604	0.74570519
-153.407471	-96.648621	-14.704779	0	0	0.66627604	0.74570519
-197.470673	-123.961166	-14.726457	0	0	0	1
-295.725311	-184.893158	-14.748139	0	0	0	1
