9.245887	-7.584903	196.906693	0.000000	0.000000	-3.141593
9.256405	-7.693977	196.956802	0.000000	0.000000	-3.141593
9.266213	-7.803186	197.007355	0.000000	0.000000	-3.141593
9.275314	-7.912523	197.058334	0.000000	0.000000	-3.141593
9.283704	-8.021985	197.109772	0.000000	0.000000	-3.141593
9.291382	-8.131567	197.161636	0.000000	0.000000	-3.141593
9.298345	-8.241263	197.213928	0.000000	0.000000	-3.141593
9.304591	-8.351070	197.266678	0.000000	0.000000	-3.141593
9.310122	-8.460982	197.319839	0.000000	0.000000	-3.141593
9.314933	-8.570994	197.373428	0.000000	0.000000	-3.141593
9.319023	-8.681102	197.427460	0.000000	0.000000	-3.141593
9.322393	-8.791301	197.481903	0.000000	0.000000	-3.141593
9.325040	-8.901586	197.536774	0.000000	0.000000	-3.141593
9.326962	-9.011950	197.592056	0.000000	0.000000	3.058407
9.328157	-9.122392	197.647766	0.000000	0.000000	3.058407
9.328627	-9.232903	197.703888	0.000000	0.000000	3.058407
9.328367	-9.343481	197.760422	0.000000	0.000000	3.058407
9.327379	-9.454120	197.817368	0.000000	0.000000	3.058407
9.325660	-9.564814	197.874725	0.000000	0.000000	3.058407
9.323208	-9.675560	197.932495	0.000000	0.000000	3.058407
9.320024	-9.786350	197.990662	0.000000	0.000000	3.058407
9.316107	-9.897183	198.049225	0.000000	0.000000	3.058407
9.311454	-10.008050	198.108200	0.000000	0.000000	3.058407
9.306065	-10.118948	198.167572	0.000000	0.000000	3.058407
9.299939	-10.229871	198.227325	0.000000	0.000000	3.058407
9.293075	-10.340814	198.287491	0.000000	0.000000	3.058407
9.285472	-10.451773	198.348038	0.000000	0.000000	3.058407
9.277129	-10.562740	198.408966	0.000000	0.000000	3.058407
9.268047	-10.673714	198.470291	0.000000	0.000000	3.058407
9.258224	-10.784686	198.531998	0.000000	0.000000	3.058407
9.247659	-10.895653	198.594086	0.000000	0.000000	0.000000
9.236350	-11.006608	198.656555	0.000000	0.000000	0.000000
9.224299	-11.117547	198.719391	0.000000	0.000000	0.000000
9.211505	-11.228466	198.782608	0.000000	0.000000	0.000000
9.197965	-11.339357	198.846191	0.000000	0.000000	0.000000
9.183681	-11.450216	198.910141	0.000000	0.000000	0.000000
9.168652	-11.561039	198.974457	0.000000	0.000000	0.000000
9.152877	-11.671819	199.039154	0.000000	0.000000	0.000000
9.136355	-11.782550	199.104187	0.000000	0.000000	0.000000
9.119088	-11.893228	199.169601	0.000000	0.000000	0.000000
9.101073	-12.003847	199.235352	0.000000	0.000000	0.000000
9.082312	-12.114403	199.301468	0.000000	0.000000	0.000000
9.062803	-12.224889	199.367935	0.000000	0.000000	0.000000
9.042546	-12.335302	199.434738	0.000000	0.000000	0.000000
9.021544	-12.445634	199.501892	0.000000	0.000000	0.000000
8.999791	-12.555880	199.569397	0.000000	0.000000	2.858407
8.977292	-12.666037	199.637238	0.000000	0.000000	2.858407
8.954045	-12.776095	199.705414	0.000000	0.000000	2.858407
8.930050	-12.886053	199.773911	0.000000	0.000000	2.858407
8.905308	-12.995904	199.842758	0.000000	0.000000	2.858407
8.879819	-13.105642	199.911926	0.000000	0.000000	2.858407
8.853580	-13.215264	199.981430	0.000000	0.000000	2.858407
8.826596	-13.324760	200.051254	0.000000	0.000000	2.858407
8.798864	-13.434130	200.121399	0.000000	0.000000	2.858407
8.770386	-13.543364	200.191849	0.000000	0.000000	2.858407
8.741160	-13.652459	200.262634	0.000000	0.000000	2.858407
8.711191	-13.761410	200.333725	0.000000	0.000000	0.000000
8.680474	-13.870209	200.405121	0.000000	0.000000	0.000000
8.649014	-13.978852	200.476822	0.000000	0.000000	0.000000
8.616807	-14.087334	200.548843	0.000000	0.000000	0.000000
8.583858	-14.195650	200.621155	0.000000	0.000000	0.000000
8.550164	-14.303792	200.693756	0.000000	0.000000	0.000000
8.515728	-14.411757	200.766663	0.000000	0.000000	0.000000
8.480550	-14.519540	200.839859	0.000000	0.000000	0.000000
8.444631	-14.627133	200.913345	0.000000	0.000000	0.000000
8.407969	-14.734531	200.987122	0.000000	0.000000	0.000000
8.370570	-14.841730	201.061188	0.000000	0.000000	0.000000
8.332432	-14.948724	201.135529	0.000000	0.000000	0.000000
8.293555	-15.055508	201.210144	0.000000	0.000000	0.000000
8.253941	-15.162074	201.285034	0.000000	0.000000	0.000000
8.213591	-15.268420	201.360199	0.000000	0.000000	0.000000
8.172505	-15.374538	201.435638	0.000000	0.000000	0.000000
8.130687	-15.480424	201.511337	0.000000	0.000000	0.000000
8.088135	-15.586072	201.587311	0.000000	0.000000	0.000000
8.044852	-15.691476	201.663528	0.000000	0.000000	0.000000
8.000838	-15.796633	201.740021	0.000000	0.000000	0.000000
7.956095	-15.901534	201.816757	0.000000	0.000000	2.658407
7.910624	-16.006176	201.893738	0.000000	0.000000	2.658407
7.864427	-16.110552	201.970978	0.000000	0.000000	2.658407
7.817505	-16.214657	202.048462	0.000000	0.000000	2.658407
7.769859	-16.318485	202.126190	0.000000	0.000000	2.658407
7.721492	-16.422035	202.204147	0.000000	0.000000	2.658407
7.672402	-16.525295	202.282349	0.000000	0.000000	0.000000
7.622595	-16.628263	202.360779	0.000000	0.000000	0.000000
7.572071	-16.730934	202.439438	0.000000	0.000000	0.000000
7.520830	-16.833302	202.518341	0.000000	0.000000	0.000000
7.468875	-16.935360	202.597443	0.000000	0.000000	0.000000
7.416208	-17.037106	202.676773	0.000000	0.000000	0.000000
7.362831	-17.138531	202.756332	0.000000	0.000000	0.000000
7.308746	-17.239632	202.836090	0.000000	0.000000	0.000000
7.253953	-17.340403	202.916077	0.000000	0.000000	0.000000
7.198456	-17.440838	202.996246	0.000000	0.000000	0.000000
7.142258	-17.540932	203.076645	0.000000	0.000000	0.000000
7.085356	-17.640682	203.157227	0.000000	0.000000	0.000000
7.027757	-17.740078	203.238022	0.000000	0.000000	0.000000
6.969462	-17.839119	203.319000	0.000000	0.000000	0.000000
6.910473	-17.937798	203.400177	0.000000	0.000000	0.000000
6.850791	-18.036108	203.481537	0.000000	0.000000	0.000000
6.790419	-18.134048	203.563095	0.000000	0.000000	0.000000
6.729360	-18.231609	203.644821	0.000000	0.000000	0.000000
6.667615	-18.328787	203.726730	0.000000	0.000000	0.000000
6.605189	-18.425577	203.808823	0.000000	0.000000	0.000000
6.542081	-18.521973	203.891083	0.000000	0.000000	0.000000
6.478296	-18.617971	203.973511	0.000000	0.000000	0.000000
6.413836	-18.713566	204.056107	0.000000	0.000000	0.000000
6.348703	-18.808750	204.138870	0.000000	0.000000	0.000000
6.282899	-18.903521	204.221786	0.000000	0.000000	0.000000
6.216429	-18.997873	204.304855	0.000000	0.000000	0.000000
6.149293	-19.091801	204.388092	0.000000	0.000000	0.000000
6.081495	-19.185299	204.471466	0.000000	0.000000	0.000000
6.013038	-19.278362	204.554993	0.000000	0.000000	0.000000
5.943925	-19.370987	204.638657	0.000000	0.000000	0.000000
5.874158	-19.463167	204.722458	0.000000	0.000000	0.000000
5.803741	-19.554897	204.806396	0.000000	0.000000	0.000000
5.732676	-19.646172	204.890472	0.000000	0.000000	0.000000
5.660966	-19.736988	204.974686	0.000000	0.000000	0.000000
5.588615	-19.827339	205.059021	0.000000	0.000000	0.000000
5.515625	-19.917221	205.143478	0.000000	0.000000	0.000000
5.441999	-20.006630	205.228058	0.000000	0.000000	0.000000
5.367742	-20.095558	205.312744	0.000000	0.000000	0.000000
5.292854	-20.184004	205.397552	0.000000	0.000000	0.000000
5.217343	-20.271959	205.482468	0.000000	0.000000	0.000000
5.141209	-20.359421	205.567490	0.000000	0.000000	0.000000
5.064455	-20.446384	205.652618	0.000000	0.000000	0.000000
4.987085	-20.532845	205.737839	0.000000	0.000000	0.000000
4.909104	-20.618795	205.823166	0.000000	0.000000	0.000000
4.830513	-20.704235	205.908585	0.000000	0.000000	0.000000
4.751317	-20.789158	205.994080	0.000000	0.000000	0.000000
4.671520	-20.873556	206.079681	0.000000	0.000000	0.000000
4.591124	-20.957430	206.165359	0.000000	0.000000	0.000000
4.510132	-21.040771	206.251114	0.000000	0.000000	0.000000
4.428552	-21.123577	206.336945	0.000000	0.000000	0.000000
4.346383	-21.205843	206.422836	0.000000	0.000000	0.000000
4.263631	-21.287563	206.508820	0.000000	0.000000	0.000000
4.180298	-21.368734	206.594849	0.000000	0.000000	2.258407
4.096391	-21.449348	206.680954	0.000000	0.000000	2.258407
4.011912	-21.529406	206.767120	0.000000	0.000000	2.258407
3.926865	-21.608900	206.853333	0.000000	0.000000	2.258407
3.841252	-21.687828	206.939606	0.000000	0.000000	2.258407
3.755081	-21.766184	207.025925	0.000000	0.000000	2.258407
3.668353	-21.843964	207.112289	0.000000	0.000000	0.000000
3.581073	-21.921164	207.198685	0.000000	0.000000	0.000000
3.493244	-21.997776	207.285141	0.000000	0.000000	0.000000
3.404872	-22.073803	207.371613	0.000000	0.000000	0.000000
3.315960	-22.149235	207.458130	0.000000	0.000000	0.000000
3.226514	-22.224070	207.544678	0.000000	0.000000	0.000000
3.136534	-22.298304	207.631241	0.000000	0.000000	0.000000
3.046029	-22.371933	207.717819	0.000000	0.000000	0.000000
2.955000	-22.444950	207.804428	0.000000	0.000000	0.000000
2.863453	-22.517357	207.891052	0.000000	0.000000	0.000000
2.771393	-22.589144	207.977692	0.000000	0.000000	0.000000
2.678823	-22.660309	208.064331	0.000000	0.000000	0.000000
2.585746	-22.730850	208.150970	0.000000	0.000000	0.000000
2.492170	-22.800760	208.237625	0.000000	0.000000	0.000000
2.398098	-22.870037	208.324265	0.000000	0.000000	0.000000
2.303534	-22.938677	208.410904	0.000000	0.000000	0.000000
2.208483	-23.006678	208.497528	0.000000	0.000000	0.000000
2.112949	-23.074032	208.584152	0.000000	0.000000	0.000000
2.016938	-23.140736	208.670746	0.000000	0.000000	0.000000
1.920455	-23.206791	208.757339	0.000000	0.000000	0.000000
1.823500	-23.272188	208.843887	0.000000	0.000000	2.058407
1.726085	-23.336926	208.930435	0.000000	0.000000	2.058407
1.628210	-23.401001	209.016937	0.000000	0.000000	2.058407
1.529881	-23.464411	209.103409	0.000000	0.000000	2.058407
1.431103	-23.527147	209.189835	0.000000	0.000000	2.058407
1.331879	-23.589212	209.276230	0.000000	0.000000	2.058407
1.232218	-23.650600	209.362579	0.000000	0.000000	2.058407
1.132121	-23.711308	209.448883	0.000000	0.000000	2.058407
1.031594	-23.771330	209.535141	0.000000	0.000000	2.058407
0.930643	-23.830667	209.621353	0.000000	0.000000	2.058407
1.122686	-24.427025	209.653900	0.000000	0.000000	2.258407
1.483389	-25.353479	209.653900	0.000000	0.000000	2.258407
1.832423	-26.284395	209.653900	0.000000	0.000000	2.458407
2.169731	-27.219620	209.653900	0.000000	0.000000	2.458407
2.495261	-28.159014	209.653900	0.000000	0.000000	2.658407
2.808961	-29.102425	209.653900	0.000000	0.000000	2.658407
3.110780	-30.049700	209.653900	0.000000	0.000000	2.658407
3.400673	-31.000692	209.653900	0.000000	0.000000	2.658407
3.678591	-31.955254	209.653900	0.000000	0.000000	2.658407
3.944494	-32.913231	209.653900	0.000000	0.000000	2.658407
4.198338	-33.874477	209.653900	0.000000	0.000000	2.858407
4.440081	-34.838833	209.653900	0.000000	0.000000	2.858407
4.669688	-35.806152	209.653900	0.000000	0.000000	2.858407
4.887122	-36.776283	209.653900	0.000000	0.000000	2.858407
5.092348	-37.749069	209.653900	0.000000	0.000000	2.858407
5.285332	-38.724350	209.653900	0.000000	0.000000	2.858407
5.466046	-39.701984	209.653900	0.000000	0.000000	2.858407
5.634462	-40.681812	209.653900	0.000000	0.000000	2.858407
5.790552	-41.663681	209.653900	0.000000	0.000000	2.858407
5.934291	-42.647430	209.653900	0.000000	0.000000	2.858407
6.065657	-43.632912	209.653900	0.000000	0.000000	2.858407
6.184628	-44.619965	209.653900	0.000000	0.000000	2.858407
6.291188	-45.608433	209.653900	0.000000	0.000000	2.858407
6.385317	-46.598167	209.653900	0.000000	0.000000	2.858407
6.467002	-47.588997	209.653900	0.000000	0.000000	2.858407
6.536230	-48.580784	209.653900	0.000000	0.000000	2.858407
6.592989	-49.573360	209.653900	0.000000	0.000000	2.858407
6.637272	-50.566566	209.653900	0.000000	0.000000	2.858407
6.669070	-51.560253	209.653900	0.000000	0.000000	2.858407
6.688379	-52.554264	209.653900	0.000000	0.000000	2.858407
6.695196	-53.548435	209.653900	0.000000	0.000000	3.058407
6.689518	-54.542618	209.653900	0.000000	0.000000	3.058407
6.671349	-55.536652	209.653900	0.000000	0.000000	3.058407
6.640691	-56.530373	209.653900	0.000000	0.000000	3.058407
6.597548	-57.523636	209.653900	0.000000	0.000000	3.058407
6.541926	-58.516273	209.653900	0.000000	0.000000	3.058407
6.473835	-59.508133	209.653900	0.000000	0.000000	3.058407
6.393286	-60.499065	209.653900	0.000000	0.000000	3.058407
6.300290	-61.488903	209.653900	0.000000	0.000000	3.058407
6.194865	-62.477493	209.653900	0.000000	0.000000	3.058407
6.077025	-63.464680	209.653900	0.000000	0.000000	3.058407
5.946789	-64.450310	209.653900	0.000000	0.000000	3.058407
5.804178	-65.434227	209.653900	0.000000	0.000000	3.058407
5.649215	-66.416267	209.653900	0.000000	0.000000	3.058407
5.481923	-67.396294	209.653900	0.000000	0.000000	2.858407
5.302330	-68.374130	209.653900	0.000000	0.000000	2.858407
5.110462	-69.349640	209.653900	0.000000	0.000000	2.858407
4.906352	-70.322655	209.653900	0.000000	0.000000	2.858407
4.690031	-71.293037	209.653900	0.000000	0.000000	2.858407
4.461533	-72.260620	209.653900	0.000000	0.000000	2.858407
4.220895	-73.225250	209.653900	0.000000	0.000000	2.858407
3.968154	-74.186783	209.653900	0.000000	0.000000	2.858407
3.703350	-75.145065	209.653900	0.000000	0.000000	2.858407
3.426525	-76.099945	209.653900	0.000000	0.000000	2.858407
3.137723	-77.051277	209.653900	0.000000	0.000000	2.858407
2.836990	-77.998894	209.653900	0.000000	0.000000	2.858407
2.524372	-78.942665	209.653900	0.000000	0.000000	2.858407
2.199920	-79.882431	209.653900	0.000000	0.000000	2.858407
1.863684	-80.818039	209.653900	0.000000	0.000000	2.858407
1.515718	-81.749359	209.653900	0.000000	0.000000	2.858407
1.156077	-82.676224	209.653900	0.000000	0.000000	2.858407
0.784816	-83.598495	209.653900	0.000000	0.000000	2.858407
0.401995	-84.516037	209.653900	0.000000	0.000000	2.858407
0.007676	-85.428688	209.653900	0.000000	0.000000	2.858407
-0.398082	-86.336319	209.653900	0.000000	0.000000	2.858407
-0.815212	-87.238777	209.653900	0.000000	0.000000	2.858407
-1.243651	-88.135925	209.653900	0.000000	0.000000	2.858407
-1.683327	-89.027611	209.653900	0.000000	0.000000	2.858407
-2.134176	-89.913704	209.653900	0.000000	0.000000	2.858407
-2.596123	-90.794067	209.653900	0.000000	0.000000	2.858407
-3.069096	-91.668549	209.653900	0.000000	0.000000	2.858407
-3.553020	-92.537018	209.653900	0.000000	0.000000	2.858407
-4.047820	-93.399345	209.653900	0.000000	0.000000	2.858407
-4.553416	-94.255379	209.653900	0.000000	0.000000	2.858407
-5.069730	-95.104996	209.653900	0.000000	0.000000	2.858407
-5.596679	-95.948059	209.653900	0.000000	0.000000	2.858407
-6.134181	-96.784431	209.653900	0.000000	0.000000	2.858407
-6.682149	-97.613983	209.653900	0.000000	0.000000	2.858407
-7.240500	-98.436584	209.653900	0.000000	0.000000	2.858407
-7.809143	-99.252098	209.653900	0.000000	0.000000	2.858407
-8.387988	-100.060410	209.653900	0.000000	0.000000	2.858407
-8.976945	-100.861382	209.653900	0.000000	0.000000	2.858407
-9.575921	-101.654892	209.653900	0.000000	0.000000	2.858407
-10.184821	-102.440811	209.653900	0.000000	0.000000	2.858407
-10.803548	-103.219017	209.653900	0.000000	0.000000	2.858407
-11.432006	-103.989380	209.653900	0.000000	0.000000	2.858407
-12.070094	-104.751793	209.653900	0.000000	0.000000	2.858407
-12.717713	-105.506126	209.653900	0.000000	0.000000	2.858407
-13.374759	-106.252258	209.653900	0.000000	0.000000	2.858407
-14.041130	-106.990082	209.653900	0.000000	0.000000	2.858407
-14.716720	-107.719467	209.653900	0.000000	0.000000	2.858407
-15.401421	-108.440308	209.653900	0.000000	0.000000	2.858407
-16.095127	-109.152489	209.653900	0.000000	0.000000	2.858407
-16.797726	-109.855896	209.653900	0.000000	0.000000	2.858407
-17.509109	-110.550415	209.653900	0.000000	0.000000	2.858407
-18.229164	-111.235939	209.653900	0.000000	0.000000	2.858407
-18.957777	-111.912369	209.653900	0.000000	0.000000	2.858407
-19.694832	-112.579582	209.653900	0.000000	0.000000	2.658407
-20.440212	-113.237488	209.653900	0.000000	0.000000	2.658407
-21.193802	-113.885971	209.653900	0.000000	0.000000	2.658407
-21.955479	-114.524933	209.653900	0.000000	0.000000	2.658407
-22.725128	-115.154274	209.653900	0.000000	0.000000	2.658407
-23.502625	-115.773888	209.653900	0.000000	0.000000	2.658407
-24.287844	-116.383690	209.653900	0.000000	0.000000	2.658407
-25.080666	-116.983574	209.653900	0.000000	0.000000	2.658407
-25.880959	-117.573448	209.653900	0.000000	0.000000	2.658407
-26.688606	-118.153221	209.653900	0.000000	0.000000	2.658407
-27.503473	-118.722801	209.653900	0.000000	0.000000	2.658407
-28.325434	-119.282089	209.653900	0.000000	0.000000	2.658407
-29.154358	-119.831009	209.653900	0.000000	0.000000	2.658407
-29.990112	-120.369469	209.653900	0.000000	0.000000	2.658407
-30.832569	-120.897385	209.653900	0.000000	0.000000	2.658407
-31.681591	-121.414673	209.653900	0.000000	0.000000	2.658407
-32.537048	-121.921249	209.653900	0.000000	0.000000	2.658407
-33.398804	-122.417038	209.653900	0.000000	0.000000	2.658407
-34.266720	-122.901962	209.653900	0.000000	0.000000	2.658407
-35.140663	-123.375938	209.653900	0.000000	0.000000	2.658407
-36.020489	-123.838890	209.653900	0.000000	0.000000	2.658407
-36.906067	-124.290756	209.653900	0.000000	0.000000	2.658407
-37.797253	-124.731453	209.653900	0.000000	0.000000	2.658407
-38.693905	-125.160919	209.653900	0.000000	0.000000	2.658407
-39.595879	-125.579086	209.653900	0.000000	0.000000	2.658407
-40.503044	-125.985886	209.653900	0.000000	0.000000	2.658407
-41.415249	-126.381248	209.653900	0.000000	0.000000	2.658407
-42.332344	-126.765121	209.653900	0.000000	0.000000	2.658407
-43.254192	-127.137436	209.653900	0.000000	0.000000	2.658407
-44.180649	-127.498146	209.653900	0.000000	0.000000	2.658407
-45.111565	-127.847176	209.653900	0.000000	0.000000	2.658407
-46.046795	-128.184494	209.653900	0.000000	0.000000	2.658407
-46.986187	-128.510010	209.653900	0.000000	0.000000	2.658407
-47.929592	-128.823715	209.653900	0.000000	0.000000	2.658407
-48.876869	-129.125534	209.653900	0.000000	0.000000	2.658407
-49.827862	-129.415421	209.653900	0.000000	0.000000	2.658407
-50.782421	-129.693344	209.653900	0.000000	0.000000	2.658407
-51.740398	-129.959244	209.653900	0.000000	0.000000	2.458407
-52.701649	-130.213089	209.653900	0.000000	0.000000	2.458407
-53.666000	-130.454834	209.653900	0.000000	0.000000	2.458407
-54.633324	-130.684448	209.653900	0.000000	0.000000	2.458407
-55.603455	-130.901871	209.653900	0.000000	0.000000	2.458407
-56.576237	-131.107101	209.653900	0.000000	0.000000	2.458407
-57.551525	-131.300079	209.653900	0.000000	0.000000	2.458407
-58.529156	-131.480804	209.653900	0.000000	0.000000	2.458407
-59.508987	-131.649216	209.653900	0.000000	0.000000	2.458407
-60.490856	-131.805313	209.653900	0.000000	0.000000	2.458407
-61.474606	-131.949051	209.653900	0.000000	0.000000	2.458407
-62.460083	-132.080414	209.653900	0.000000	0.000000	2.458407
-63.447136	-132.199387	209.653900	0.000000	0.000000	2.458407
-64.435608	-132.305939	209.653900	0.000000	0.000000	2.458407
-65.425339	-132.400070	209.653900	0.000000	0.000000	2.458407
-66.416168	-132.481750	209.653900	0.000000	0.000000	2.458407
-67.407951	-132.550980	209.653900	0.000000	0.000000	2.458407
-68.400528	-132.607742	209.653900	0.000000	0.000000	2.458407
-69.393738	-132.652023	209.653900	0.000000	0.000000	2.458407
-70.387421	-132.683823	209.653900	0.000000	0.000000	2.458407
-71.381432	-132.703140	209.653900	0.000000	0.000000	2.458407
-72.375610	-132.709946	209.653900	0.000000	0.000000	2.458407
-73.369789	-132.704269	209.653900	0.000000	0.000000	2.458407
-74.363823	-132.686096	209.653900	0.000000	0.000000	2.458407
-75.357544	-132.655441	209.653900	0.000000	0.000000	2.458407
-76.350800	-132.612305	209.653900	0.000000	0.000000	2.458407
-77.343445	-132.556686	209.653900	0.000000	0.000000	2.458407
-78.335304	-132.488586	209.653900	0.000000	0.000000	2.458407
-79.326233	-132.408035	209.653900	0.000000	0.000000	2.458407
-80.316071	-132.315048	209.653900	0.000000	0.000000	2.458407
-81.304657	-132.209625	209.653900	0.000000	0.000000	2.458407
-82.291847	-132.091782	209.653900	0.000000	0.000000	2.458407
-83.277481	-131.961548	209.653900	0.000000	0.000000	2.458407
-84.261391	-131.818939	209.653900	0.000000	0.000000	2.458407
-85.243439	-131.663971	209.653900	0.000000	0.000000	2.258407
-86.223457	-131.496674	209.653900	0.000000	0.000000	2.258407
-87.201309	-131.317078	209.653900	0.000000	0.000000	2.258407
-88.176811	-131.125214	209.653900	0.000000	0.000000	2.258407
-89.149826	-130.921112	209.653900	0.000000	0.000000	2.258407
-90.120209	-130.704788	209.653900	0.000000	0.000000	2.258407
-91.087791	-130.476288	209.653900	0.000000	0.000000	2.258407
-92.052429	-130.235641	209.653900	0.000000	0.000000	2.258407
-93.013962	-129.982910	209.653900	0.000000	0.000000	2.258407
-93.972237	-129.718109	209.653900	0.000000	0.000000	2.258407
-94.927116	-129.441284	209.653900	0.000000	0.000000	2.258407
-95.878448	-129.152481	209.653900	0.000000	0.000000	2.258407
-96.826065	-128.851746	209.653900	0.000000	0.000000	2.258407
-97.769829	-128.539124	209.653900	0.000000	0.000000	2.258407
-98.709602	-128.214676	209.653900	0.000000	0.000000	2.258407
-99.645210	-127.878441	209.653900	0.000000	0.000000	2.258407
-100.576530	-127.530472	209.653900	0.000000	0.000000	2.258407
-101.503395	-127.170830	209.653900	0.000000	0.000000	2.258407
-102.425674	-126.799568	209.653900	0.000000	0.000000	2.258407
-103.343208	-126.416748	209.653900	0.000000	0.000000	2.258407
-104.255859	-126.022430	209.653900	0.000000	0.000000	2.258407
-105.163490	-125.616669	209.653900	0.000000	0.000000	2.258407
-106.065948	-125.199539	209.653900	0.000000	0.000000	2.258407
-106.963089	-124.771103	209.653900	0.000000	0.000000	2.258407
-107.854782	-124.331429	209.653900	0.000000	0.000000	2.258407
-108.740875	-123.880577	209.653900	0.000000	0.000000	2.258407
-109.621231	-123.418633	209.653900	0.000000	0.000000	2.258407
-110.495712	-122.945663	209.653900	0.000000	0.000000	2.258407
-111.364189	-122.461731	209.653900	0.000000	0.000000	2.258407
-112.226509	-121.966934	209.653900	0.000000	0.000000	2.258407
-113.082550	-121.461334	209.653900	0.000000	0.000000	2.258407
-113.932167	-120.945023	209.653900	0.000000	0.000000	2.258407
-114.775230	-120.418076	209.653900	0.000000	0.000000	2.258407
-115.611603	-119.880569	209.653900	0.000000	0.000000	2.058407
-116.441147	-119.332603	209.653900	0.000000	0.000000	2.058407
-117.263756	-118.774254	209.653900	0.000000	0.000000	2.058407
-118.079269	-118.205612	209.653900	0.000000	0.000000	2.058407
-118.887581	-117.626762	209.653900	0.000000	0.000000	2.058407
-119.688553	-117.037811	209.653900	0.000000	0.000000	2.058407
-120.482063	-116.438835	209.653900	0.000000	0.000000	2.058407
-121.267975	-115.829933	209.653900	0.000000	0.000000	2.058407
-122.046181	-115.211205	209.653900	0.000000	0.000000	2.058407
-122.816551	-114.582748	209.653900	0.000000	0.000000	2.058407
-123.578964	-113.944664	209.653900	0.000000	0.000000	2.058407
-124.333298	-113.297035	209.653900	0.000000	0.000000	2.058407
-125.079430	-112.639992	209.653900	0.000000	0.000000	2.058407
-125.817253	-111.973618	209.653900	0.000000	0.000000	2.058407
-126.546638	-111.298035	209.653900	0.000000	0.000000	2.058407
-127.267479	-110.613327	209.653900	0.000000	0.000000	2.058407
-127.979660	-109.919624	209.653900	0.000000	0.000000	2.058407
-128.683060	-109.217026	209.653900	0.000000	0.000000	2.058407
-129.377579	-108.505646	209.653900	0.000000	0.000000	2.058407
-130.063110	-107.785591	209.653900	0.000000	0.000000	2.058407
-130.739532	-107.056976	209.653900	0.000000	0.000000	2.058407
-131.406754	-106.319923	209.653900	0.000000	0.000000	2.058407
-132.064651	-105.574539	209.653900	0.000000	0.000000	2.058407
-132.713135	-104.820953	209.653900	0.000000	0.000000	2.058407
-133.352097	-104.059280	209.653900	0.000000	0.000000	2.058407
-133.981445	-103.289627	209.653900	0.000000	0.000000	2.058407
-134.601059	-102.512131	209.653900	0.000000	0.000000	2.058407
-135.210861	-101.726906	209.653900	0.000000	0.000000	2.058407
-135.810745	-100.934090	209.653900	0.000000	0.000000	2.058407
-136.400620	-100.133797	209.653900	0.000000	0.000000	2.058407
-136.744629	-99.657166	209.653900	0.000000	0.000000	2.058407
-136.838516	-99.553329	209.641647	0.000000	0.000000	2.058407
-137.494354	-98.817474	209.555420	0.000000	0.000000	2.058407
-138.141312	-98.072937	209.469131	0.000000	0.000000	2.058407
-138.779297	-97.319839	209.382782	0.000000	0.000000	1.858407
-139.408218	-96.558281	209.296402	0.000000	0.000000	1.858407
-140.027939	-95.788361	209.209961	0.000000	0.000000	1.858407
-140.638351	-95.010216	209.123489	0.000000	0.000000	1.858407
-141.239380	-94.223946	209.036987	0.000000	0.000000	1.858407
-141.830887	-93.429672	208.950439	0.000000	0.000000	1.858407
-142.412796	-92.627518	208.863861	0.000000	0.000000	1.858407
-142.984985	-91.817589	208.777267	0.000000	0.000000	1.858407
-143.547348	-91.000015	208.690643	0.000000	0.000000	1.858407
-144.099823	-90.174911	208.603989	0.000000	0.000000	1.858407
-144.642273	-89.342400	208.517334	0.000000	0.000000	1.858407
-145.174637	-88.502617	208.430664	0.000000	0.000000	1.858407
-145.696793	-87.655670	208.343979	0.000000	0.000000	1.858407
-146.208649	-86.801704	208.257278	0.000000	0.000000	1.858407
-146.710129	-85.940834	208.170593	0.000000	0.000000	1.858407
-147.201141	-85.073181	208.083893	0.000000	0.000000	1.858407
-147.681595	-84.198891	207.997208	0.000000	0.000000	1.858407
-148.151413	-83.318092	207.910522	0.000000	0.000000	1.858407
-148.610489	-82.430908	207.823853	0.000000	0.000000	1.858407
-149.058762	-81.537476	207.737198	0.000000	0.000000	1.858407
-149.496140	-80.637924	207.650558	0.000000	0.000000	1.858407
-149.922531	-79.732414	207.563934	0.000000	0.000000	1.858407
-150.337891	-78.821045	207.477341	0.000000	0.000000	1.858407
-150.742126	-77.903976	207.390778	0.000000	0.000000	1.858407
-151.135147	-76.981331	207.304245	0.000000	0.000000	1.858407
-151.516907	-76.053268	207.217743	0.000000	0.000000	1.858407
-151.887314	-75.119911	207.131287	0.000000	0.000000	1.858407
-152.246323	-74.181396	207.044861	0.000000	0.000000	1.858407
-152.593842	-73.237892	206.958496	0.000000	0.000000	1.858407
-152.929810	-72.289513	206.872162	0.000000	0.000000	1.858407
-153.254181	-71.336426	206.785889	0.000000	0.000000	1.858407
-153.566864	-70.378754	206.699661	0.000000	0.000000	1.858407
-153.867828	-69.416649	206.613510	0.000000	0.000000	1.658407
-154.156998	-68.450264	206.527405	0.000000	0.000000	1.658407
-154.434326	-67.479736	206.441376	0.000000	0.000000	1.658407
-154.699738	-66.505219	206.355408	0.000000	0.000000	1.658407
-154.953217	-65.526855	206.269516	0.000000	0.000000	1.658407
-155.194672	-64.544800	206.183701	0.000000	0.000000	1.658407
-155.424088	-63.559193	206.097961	0.000000	0.000000	1.658407
-155.641388	-62.570194	206.012299	0.000000	0.000000	1.658407
-155.846542	-61.577942	205.926727	0.000000	0.000000	1.658407
-156.039505	-60.582600	205.841248	0.000000	0.000000	1.658407
-156.220245	-59.584320	205.755859	0.000000	0.000000	1.658407
-156.388702	-58.583241	205.670563	0.000000	0.000000	1.658407
-156.544861	-57.579529	205.585373	0.000000	0.000000	1.658407
-156.688675	-56.573330	205.500275	0.000000	0.000000	1.658407
-156.820099	-55.564800	205.415298	0.000000	0.000000	1.658407
-156.939102	-54.554089	205.330414	0.000000	0.000000	1.658407
-157.045685	-53.541359	205.245651	0.000000	0.000000	1.658407
-157.139771	-52.526756	205.161011	0.000000	0.000000	1.658407
-157.221375	-51.510445	205.076477	0.000000	0.000000	1.658407
-157.290466	-50.492577	204.992065	0.000000	0.000000	1.658407
-157.347000	-49.473301	204.907791	0.000000	0.000000	1.658407
-157.390976	-48.452782	204.823639	0.000000	0.000000	1.658407
-157.422363	-47.431171	204.739624	0.000000	0.000000	1.658407
-157.441147	-46.408634	204.655731	0.000000	0.000000	1.658407
-157.447327	-45.385319	204.571991	0.000000	0.000000	1.658407
-157.440872	-44.361385	204.488388	0.000000	0.000000	1.658407
-157.421783	-43.336990	204.404938	0.000000	0.000000	1.658407
-157.390060	-42.312290	204.321640	0.000000	0.000000	1.658407
-157.345673	-41.287445	204.238480	0.000000	0.000000	1.658407
-157.288620	-40.262615	204.155487	0.000000	0.000000	1.658407
-157.218918	-39.237946	204.072647	0.000000	0.000000	1.658407
-157.136551	-38.213612	203.989975	0.000000	0.000000	1.458407
-157.041519	-37.189758	203.907455	0.000000	0.000000	1.458407
-156.933838	-36.166542	203.825119	0.000000	0.000000	1.458407
-156.813492	-35.144135	203.742950	0.000000	0.000000	1.458407
-156.680511	-34.122681	203.660950	0.000000	0.000000	1.458407
-156.534897	-33.102345	203.579132	0.000000	0.000000	1.458407
-156.376663	-32.083279	203.497498	0.000000	0.000000	1.458407
-156.205795	-31.065645	203.416061	0.000000	0.000000	1.458407
-156.022354	-30.049599	203.334793	0.000000	0.000000	1.458407
-155.826324	-29.035299	203.253723	0.000000	0.000000	1.458407
-155.617722	-28.022902	203.172852	0.000000	0.000000	1.458407
-155.396591	-27.012560	203.092178	0.000000	0.000000	1.458407
-155.162949	-26.004431	203.011688	0.000000	0.000000	1.458407
-154.916794	-24.998674	202.931427	0.000000	0.000000	1.458407
-154.658188	-23.995445	202.851364	0.000000	0.000000	1.458407
-154.387146	-22.994898	202.771500	0.000000	0.000000	1.458407
-154.103683	-21.997189	202.691864	0.000000	0.000000	1.458407
-153.807861	-21.002468	202.612442	0.000000	0.000000	1.458407
-153.499695	-20.010899	202.533234	0.000000	0.000000	1.458407
-153.179230	-19.022625	202.454254	0.000000	0.000000	1.458407
-152.846497	-18.037807	202.375504	0.000000	0.000000	1.458407
-152.501526	-17.056597	202.296982	0.000000	0.000000	1.458407
-152.144394	-16.079147	202.218689	0.000000	0.000000	1.458407
-151.775101	-15.105605	202.140625	0.000000	0.000000	1.458407
-151.393738	-14.136129	202.062805	0.000000	0.000000	1.458407
-151.000320	-13.170866	201.985229	0.000000	0.000000	1.458407
-150.594910	-12.209968	201.907898	0.000000	0.000000	1.458407
-150.177551	-11.253584	201.830811	0.000000	0.000000	1.458407
-149.748306	-10.301862	201.753983	0.000000	0.000000	1.458407
-149.307220	-9.354951	201.677399	0.000000	0.000000	1.458407
-148.854370	-8.413002	201.601074	0.000000	0.000000	1.258407
-148.389801	-7.476158	201.525009	0.000000	0.000000	1.258407
-147.913574	-6.544568	201.449203	0.000000	0.000000	1.258407
-147.425751	-5.618375	201.373672	0.000000	0.000000	1.258407
-146.926392	-4.697725	201.298401	0.000000	0.000000	1.258407
-146.415573	-3.782763	201.223404	0.000000	0.000000	1.258407
-145.893372	-2.873631	201.148697	0.000000	0.000000	1.258407
-145.359833	-1.970472	201.074249	0.000000	0.000000	1.258407
-144.815048	-1.073427	201.000092	0.000000	0.000000	1.258407
-144.259079	-0.182636	200.926208	0.000000	0.000000	1.258407
-143.692001	0.701759	200.852615	0.000000	0.000000	1.258407
-143.113907	1.579621	200.779312	0.000000	0.000000	1.258407
-142.524857	2.450813	200.706314	0.000000	0.000000	1.258407
-141.924942	3.315196	200.633591	0.000000	0.000000	1.258407
-141.314255	4.172637	200.561172	0.000000	0.000000	1.258407
-140.692856	5.022997	200.489059	0.000000	0.000000	1.258407
-140.060837	5.866147	200.417252	0.000000	0.000000	1.258407
-139.418289	6.701951	200.345749	0.000000	0.000000	1.258407
-138.765305	7.530278	200.274551	0.000000	0.000000	1.258407
-138.101974	8.350999	200.203659	0.000000	0.000000	1.258407
-137.428375	9.163982	200.133102	0.000000	0.000000	1.258407
-136.744629	9.969102	200.062851	0.000000	0.000000	1.258407
-136.050812	10.766229	199.992920	0.000000	0.000000	1.258407
-135.347015	11.555239	199.923309	0.000000	0.000000	1.258407
-134.633362	12.336005	199.854019	0.000000	0.000000	1.258407
-133.909927	13.108407	199.785080	0.000000	0.000000	1.258407
-133.176819	13.872318	199.716461	0.000000	0.000000	1.258407
-132.434158	14.627623	199.648163	0.000000	0.000000	1.258407
-131.682022	15.374196	199.580215	0.000000	0.000000	1.058407
-130.920532	16.111923	199.512604	0.000000	0.000000	1.058407
-130.149796	16.840687	199.445343	0.000000	0.000000	1.058407
-129.369934	17.560368	199.378418	0.000000	0.000000	1.058407
-128.581024	18.270857	199.311844	0.000000	0.000000	1.058407
-127.783211	18.972036	199.245621	0.000000	0.000000	1.058407
-126.976593	19.663799	199.179749	0.000000	0.000000	1.058407
-126.161285	20.346029	199.114227	0.000000	0.000000	1.058407
-125.337410	21.018623	199.049072	0.000000	0.000000	1.058407
-124.505081	21.681473	198.984268	0.000000	0.000000	1.058407
-123.664413	22.334467	198.919846	0.000000	0.000000	1.058407
-122.815536	22.977509	198.855774	0.000000	0.000000	1.058407
-121.958565	23.610491	198.792068	0.000000	0.000000	1.058407
-121.093620	24.233311	198.728745	0.000000	0.000000	1.058407
-120.220833	24.845873	198.665787	0.000000	0.000000	1.058407
-119.340332	25.448076	198.603195	0.000000	0.000000	1.058407
-118.452232	26.039825	198.541000	0.000000	0.000000	1.058407
-117.556664	26.621023	198.479172	0.000000	0.000000	1.058407
-116.653763	27.191576	198.417740	0.000000	0.000000	1.058407
-115.743652	27.751392	198.356689	0.000000	0.000000	1.058407
-114.826469	28.300385	198.296021	0.000000	0.000000	1.058407
-113.902344	28.838457	198.235748	0.000000	0.000000	1.058407
-112.971413	29.365534	198.175858	0.000000	0.000000	1.058407
-112.033806	29.881517	198.116379	0.000000	0.000000	1.058407
-111.089661	30.386332	198.057281	0.000000	0.000000	1.058407
-110.139107	30.879892	197.998596	0.000000	0.000000	0.858407
-109.182297	31.362120	197.940308	0.000000	0.000000	0.858407
-108.219360	31.832933	197.882416	0.000000	0.000000	0.858407
-107.250435	32.292259	197.824936	0.000000	0.000000	0.858407
-106.275673	32.740017	197.767868	0.000000	0.000000	0.858407
-105.295204	33.176136	197.711212	0.000000	0.000000	0.858407
-104.309174	33.600548	197.654968	0.000000	0.000000	0.858407
-103.317734	34.013176	197.599136	0.000000	0.000000	0.858407
-102.321014	34.413960	197.543732	0.000000	0.000000	0.858407
-101.319168	34.802826	197.488739	0.000000	0.000000	0.858407
-100.312347	35.179714	197.434174	0.000000	0.000000	0.858407
-99.300690	35.544559	197.380035	0.000000	0.000000	0.858407
-98.284348	35.897305	197.326309	0.000000	0.000000	0.858407
-97.263466	36.237888	197.273026	0.000000	0.000000	0.858407
-96.238197	36.566250	197.220169	0.000000	0.000000	0.858407
-95.208694	36.882339	197.167740	0.000000	0.000000	0.858407
-94.175095	37.186100	197.115753	0.000000	0.000000	0.858407
-93.137566	37.477478	197.064194	0.000000	0.000000	0.858407
-92.096245	37.756432	197.013077	0.000000	0.000000	0.858407
-91.051292	38.022907	196.962402	0.000000	0.000000	0.858407
-90.002869	38.276855	196.912186	0.000000	0.000000	0.858407
-88.951111	38.518238	196.862396	0.000000	0.000000	0.858407
-87.896187	38.747013	196.813049	0.000000	0.000000	0.858407
-86.838249	38.963135	196.764160	0.000000	0.000000	0.658407
-85.777451	39.166573	196.715729	0.000000	0.000000	0.658407
-84.713943	39.357285	196.667740	0.000000	0.000000	0.658407
-83.647881	39.535236	196.620209	0.000000	0.000000	0.658407
-82.579437	39.700397	196.573135	0.000000	0.000000	0.658407
-81.508751	39.852737	196.526520	0.000000	0.000000	0.658407
-80.435989	39.992226	196.480362	0.000000	0.000000	0.658407
-79.361305	40.118835	196.434662	0.000000	0.000000	0.658407
-78.284859	40.232544	196.389435	0.000000	0.000000	0.658407
-77.206818	40.333328	196.344666	0.000000	0.000000	0.658407
-76.127319	40.421165	196.300369	0.000000	0.000000	0.658407
-75.046539	40.496040	196.256546	0.000000	0.000000	0.658407
-73.964638	40.557934	196.213181	0.000000	0.000000	0.658407
-72.881760	40.606831	196.170288	0.000000	0.000000	0.658407
-71.798080	40.642719	196.127884	0.000000	0.000000	0.658407
-70.713753	40.665585	196.085953	0.000000	0.000000	0.658407
-69.628937	40.675426	196.044495	0.000000	0.000000	0.658407
-68.543793	40.672230	196.003510	0.000000	0.000000	0.658407
-67.458481	40.655991	195.963013	0.000000	0.000000	0.658407
-66.373161	40.626709	195.923004	0.000000	0.000000	0.458407
-65.287987	40.584385	195.883469	0.000000	0.000000	0.458407
-64.203133	40.529018	195.844421	0.000000	0.000000	0.458407
-63.118748	40.460609	195.805862	0.000000	0.000000	0.458407
-62.035000	40.379166	195.767792	0.000000	0.000000	0.458407
-60.952042	40.284691	195.730209	0.000000	0.000000	0.458407
-59.870037	40.177200	195.693130	0.000000	0.000000	0.458407
-58.789146	40.056698	195.656525	0.000000	0.000000	0.458407
-57.709526	39.923203	195.620422	0.000000	0.000000	0.458407
-56.631336	39.776726	195.584824	0.000000	0.000000	0.458407
-55.554741	39.617287	195.549713	0.000000	0.000000	0.458407
-54.479897	39.444904	195.515106	0.000000	0.000000	0.458407
-53.406960	39.259594	195.481003	0.000000	0.000000	0.458407
-52.336098	39.061386	195.447388	0.000000	0.000000	0.458407
-51.267452	38.850300	195.414291	0.000000	0.000000	0.458407
-50.201191	38.626362	195.381683	0.000000	0.000000	0.458407
-49.137486	38.389610	195.349594	0.000000	0.000000	0.258407
-48.076466	38.140064	195.318008	0.000000	0.000000	0.258407
-47.018311	37.877762	195.286926	0.000000	0.000000	0.258407
-45.963161	37.602737	195.256348	0.000000	0.000000	0.258407
-44.911198	37.315029	195.226288	0.000000	0.000000	0.258407
-43.862545	37.014668	195.196747	0.000000	0.000000	0.258407
-42.817375	36.701706	195.167709	0.000000	0.000000	0.258407
-41.775845	36.376175	195.139175	0.000000	0.000000	0.258407
-40.738106	36.038128	195.111176	0.000000	0.000000	0.258407
-39.704300	35.687599	195.083679	0.000000	0.000000	0.258407
-38.674595	35.324650	195.056702	0.000000	0.000000	0.258407
-37.649143	34.949322	195.030243	0.000000	0.000000	0.258407
-36.628098	34.561676	195.004318	0.000000	0.000000	0.058407
-35.611588	34.161751	194.978897	0.000000	0.000000	0.058407
-34.599785	33.749615	194.953995	0.000000	0.000000	0.058407
-33.592834	33.325321	194.929626	0.000000	0.000000	0.058407
-32.590885	32.888927	194.905777	0.000000	0.000000	0.058407
-31.594091	32.440502	194.882446	0.000000	0.000000	0.058407
-30.602591	31.980103	194.859650	0.000000	0.000000	0.058407
-29.616537	31.507793	194.837372	0.000000	0.000000	0.058407
-28.636070	31.023640	194.815628	0.000000	0.000000	0.058407
-27.661331	30.527710	194.794403	0.000000	0.000000	0.058407
-26.692482	30.020084	194.773712	0.000000	0.000000	-0.141593
-25.729647	29.500820	194.753555	0.000000	0.000000	-0.141593
-24.772984	28.970003	194.733917	0.000000	0.000000	-0.141593
-23.822632	28.427708	194.714813	0.000000	0.000000	-0.141593
-22.878716	27.874001	194.696243	0.000000	0.000000	-0.141593
-21.941387	27.308968	194.678207	0.000000	0.000000	-0.141593
-21.010790	26.732695	194.660706	0.000000	0.000000	-0.141593
-20.087061	26.145264	194.643738	0.000000	0.000000	-0.341593
-19.170324	25.546747	194.627289	0.000000	0.000000	-0.341593
-18.260729	24.937244	194.611389	0.000000	0.000000	-0.341593
-17.358402	24.316837	194.596024	0.000000	0.000000	-0.341593
-16.463476	23.685612	194.581207	0.000000	0.000000	-0.341593
-15.576097	23.043673	194.566910	0.000000	0.000000	-0.341593
-14.696371	22.391092	194.553162	0.000000	0.000000	-0.541593
-13.824445	21.727974	194.539932	0.000000	0.000000	-0.541593
-12.960457	21.054426	194.527267	0.000000	0.000000	-0.541593
-12.104512	20.370525	194.515121	0.000000	0.000000	-0.541593
-11.256751	19.676382	194.503525	0.000000	0.000000	-0.741593
-10.417297	18.972099	194.492462	0.000000	0.000000	-0.741593
-9.586267	18.257769	194.481949	0.000000	0.000000	-0.741593
-8.763799	17.533508	194.471970	0.000000	0.000000	-0.741593
-7.950000	16.799408	194.462540	0.000000	0.000000	-0.941593
-7.144989	16.055580	194.453644	0.000000	0.000000	-0.941593
-6.348893	15.302134	194.445282	0.000000	0.000000	-0.941593
-5.561833	14.539186	194.437485	0.000000	0.000000	-1.141593
-4.783918	13.766839	194.430206	0.000000	0.000000	-1.141593
-4.015257	12.985200	194.423492	0.000000	0.000000	-1.141593
-3.255978	12.194401	194.417297	0.000000	0.000000	-1.341593
-2.506176	11.394535	194.411667	0.000000	0.000000	-1.341593
-1.765977	10.585735	194.406570	0.000000	0.000000	-1.541593
-1.035484	9.768118	194.402023	0.000000	0.000000	-1.541593
-0.314801	8.941797	194.398010	0.000000	0.000000	-1.741593
0.395960	8.106898	194.394547	0.000000	0.000000	-1.941593
1.096702	7.263535	194.391632	0.000000	0.000000	-1.941593
1.787320	6.411836	194.389267	0.000000	0.000000	-2.141593
2.467707	5.551928	194.387436	0.000000	0.000000	-2.141593
3.137772	4.683931	194.386154	0.000000	0.000000	-2.341593
3.797402	3.807986	194.385406	0.000000	0.000000	0.000000
4.446512	2.924210	194.385223	0.000000	0.000000	0.000000
5.085008	2.032728	194.385559	0.000000	0.000000	-2.541593
5.161408	1.912965	194.386200	0.000000	0.000000	-2.541593
5.214200	1.825057	194.387375	0.000000	0.000000	-2.541593
5.266428	1.736873	194.389084	0.000000	0.000000	-2.541593
5.318092	1.648414	194.391342	0.000000	0.000000	0.000000
5.371141	1.561000	194.393936	0.000000	0.000000	0.000000
5.437264	1.482366	194.395645	0.000000	0.000000	-2.541593
5.502949	1.403273	194.397903	0.000000	0.000000	-2.541593
5.568193	1.323722	194.400696	0.000000	0.000000	-2.541593
5.632991	1.243716	194.404037	0.000000	0.000000	-2.541593
5.697340	1.163254	194.407913	0.000000	0.000000	-2.541593
5.761238	1.082342	194.412354	0.000000	0.000000	-2.541593
5.824679	1.000979	194.417313	0.000000	0.000000	-2.541593
5.887662	0.919170	194.422836	0.000000	0.000000	-2.541593
5.950182	0.836915	194.428894	0.000000	0.000000	-2.541593
6.012236	0.754217	194.435501	0.000000	0.000000	-2.541593
6.073820	0.671078	194.442642	0.000000	0.000000	-2.541593
6.134933	0.587501	194.450333	0.000000	0.000000	-2.541593
6.195568	0.503489	194.458557	0.000000	0.000000	-2.541593
6.255724	0.419042	194.467331	0.000000	0.000000	-2.541593
6.315398	0.334165	194.476639	0.000000	0.000000	-2.541593
6.374583	0.248859	194.486496	0.000000	0.000000	-2.541593
6.433280	0.163126	194.496887	0.000000	0.000000	-2.541593
6.491485	0.076970	194.507812	0.000000	0.000000	-2.541593
6.549191	-0.009608	194.519287	0.000000	0.000000	-2.541593
6.606398	-0.096605	194.531311	0.000000	0.000000	-2.541593
6.663104	-0.184016	194.543854	0.000000	0.000000	-2.541593
6.719300	-0.271843	194.556946	0.000000	0.000000	-2.541593
6.774988	-0.360079	194.570587	0.000000	0.000000	-2.541593
6.830162	-0.448725	194.584747	0.000000	0.000000	-2.541593
6.884820	-0.537775	194.599442	0.000000	0.000000	-2.541593
6.938957	-0.627228	194.614685	0.000000	0.000000	-2.541593
6.992572	-0.717082	194.630463	0.000000	0.000000	-2.541593
7.045659	-0.807332	194.646774	0.000000	0.000000	-2.541593
7.098218	-0.897977	194.663620	0.000000	0.000000	-2.541593
7.150244	-0.989013	194.681000	0.000000	0.000000	0.000000
7.201734	-1.080437	194.698898	0.000000	0.000000	-2.741593
7.252683	-1.172248	194.717346	0.000000	0.000000	-2.741593
7.303091	-1.264441	194.736328	0.000000	0.000000	-2.741593
7.352952	-1.357014	194.755829	0.000000	0.000000	-2.741593
7.402265	-1.449965	194.775864	0.000000	0.000000	-2.741593
7.451025	-1.543288	194.796432	0.000000	0.000000	-2.741593
7.499230	-1.636982	194.817520	0.000000	0.000000	-2.741593
7.546875	-1.731044	194.839142	0.000000	0.000000	-2.741593
7.593959	-1.825470	194.861298	0.000000	0.000000	-2.741593
7.640480	-1.920257	194.883972	0.000000	0.000000	-2.741593
7.686431	-2.015403	194.907166	0.000000	0.000000	-2.741593
7.731811	-2.110903	194.930893	0.000000	0.000000	-2.741593
7.776619	-2.206754	194.955139	0.000000	0.000000	-2.741593
7.820848	-2.302955	194.979904	0.000000	0.000000	-2.741593
7.864497	-2.399500	195.005188	0.000000	0.000000	-2.741593
7.907564	-2.496386	195.031006	0.000000	0.000000	-2.741593
7.950044	-2.593612	195.057327	0.000000	0.000000	-2.741593
7.991934	-2.691172	195.084167	0.000000	0.000000	-2.741593
8.033233	-2.789063	195.111542	0.000000	0.000000	-2.741593
8.073936	-2.887283	195.139420	0.000000	0.000000	-2.741593
8.114041	-2.985826	195.167816	0.000000	0.000000	-2.741593
8.153546	-3.084691	195.196716	0.000000	0.000000	-2.741593
8.192447	-3.183873	195.226151	0.000000	0.000000	-2.741593
8.230741	-3.283369	195.256073	0.000000	0.000000	-2.741593
8.268424	-3.383175	195.286514	0.000000	0.000000	-2.741593
8.305496	-3.483288	195.317474	0.000000	0.000000	-2.741593
8.341952	-3.583704	195.348938	0.000000	0.000000	-2.741593
8.377789	-3.684418	195.380905	0.000000	0.000000	-2.741593
8.413008	-3.785429	195.413376	0.000000	0.000000	-2.741593
8.447602	-3.886732	195.446350	0.000000	0.000000	0.000000
8.481569	-3.988322	195.479828	0.000000	0.000000	0.000000
8.514908	-4.090196	195.513809	0.000000	0.000000	0.000000
8.547615	-4.192350	195.548279	0.000000	0.000000	-2.941593
8.579686	-4.294782	195.583267	0.000000	0.000000	-2.941593
8.611122	-4.397485	195.618744	0.000000	0.000000	-2.941593
8.641917	-4.500458	195.654709	0.000000	0.000000	-2.941593
8.672071	-4.603694	195.691177	0.000000	0.000000	-2.941593
8.701579	-4.707192	195.728149	0.000000	0.000000	-2.941593
8.730441	-4.810947	195.765594	0.000000	0.000000	-2.941593
8.758652	-4.914954	195.803543	0.000000	0.000000	-2.941593
8.786211	-5.019210	195.841965	0.000000	0.000000	-2.941593
8.813115	-5.123710	195.880890	0.000000	0.000000	-2.941593
8.839361	-5.228451	195.920288	0.000000	0.000000	-2.941593
8.864949	-5.333428	195.960175	0.000000	0.000000	-2.941593
8.889874	-5.438636	196.000549	0.000000	0.000000	-2.941593
8.914134	-5.544073	196.041397	0.000000	0.000000	-2.941593
8.937728	-5.649734	196.082733	0.000000	0.000000	-2.941593
8.960653	-5.755613	196.124542	0.000000	0.000000	-2.941593
8.982905	-5.861709	196.166824	0.000000	0.000000	-2.941593
9.004485	-5.968014	196.209579	0.000000	0.000000	-2.941593
9.025389	-6.074527	196.252808	0.000000	0.000000	-2.941593
9.045615	-6.181242	196.296509	0.000000	0.000000	-2.941593
9.065159	-6.288154	196.340683	0.000000	0.000000	-2.941593
9.084022	-6.395259	196.385330	0.000000	0.000000	-2.941593
9.102201	-6.502554	196.430435	0.000000	0.000000	-2.941593
9.119691	-6.610034	196.475998	0.000000	0.000000	-2.941593
9.136494	-6.717693	196.522034	0.000000	0.000000	0.000000
9.152606	-6.825528	196.568527	0.000000	0.000000	0.000000
9.168025	-6.933534	196.615463	0.000000	0.000000	0.000000
9.182750	-7.041706	196.662872	0.000000	0.000000	0.000000
9.196777	-7.150040	196.710739	0.000000	0.000000	0.000000
9.210108	-7.258532	196.759048	0.000000	0.000000	0.000000
9.222737	-7.367176	196.807816	0.000000	0.000000	0.000000
9.234664	-7.475968	196.857025	0.000000	0.000000	-3.141593
