89.872681	39.409977	270.187469	-0.741593	82.354019	39.409977	270.845276
82.354019	39.409977	270.845276	-0.741593	82.354019	39.409977	270.845276
82.354019	39.409977	270.845276	-0.741593	45.460377	29.524355	270.845276
45.460377	29.524355	270.845276	-0.341593	35.494610	-7.449434	270.845276
35.494610	-7.449434	270.845276	-0.141593	36.548439	-27.604673	268.408813
36.548439	-27.604673	268.408813	-0.141593	36.561172	-41.584461	264.940216
36.561172	-41.584461	264.940216	0.658407	44.581940	-52.655785	262.529663
44.581940	-52.655785	262.529663	1.258407	56.682426	-56.835648	261.823059
56.682426	-56.835648	261.823059	1.458407	82.354019	-56.671810	262.439209
82.354019	-56.671810	262.439209	2.658407	120.886589	-27.330395	264.102936
120.886589	-27.330395	264.102936	3.058407	121.838036	16.613869	266.856476
121.838036	16.613869	266.856476	3.058407	0.000000	0.000000	0.000000
89.872681	39.409977	270.187469	-0.741593	82.354019	39.409977	270.845276
82.354019	39.409977	270.845276	-0.741593	82.354019	39.409977	270.845276
82.354019	39.409977	270.845276	-0.741593	45.460377	29.524355	270.845276
45.460377	29.524355	270.845276	-0.341593	35.494610	-7.449434	270.845276
35.494610	-7.449434	270.845276	-0.141593	36.548439	-27.604673	268.408813
36.548439	-27.604673	268.408813	-0.141593	36.561172	-41.584461	264.940216
36.561172	-41.584461	264.940216	0.658407	44.581940	-52.655785	262.529663
44.581940	-52.655785	262.529663	1.258407	56.682426	-56.835648	261.823059
56.682426	-56.835648	261.823059	1.458407	82.354019	-56.671810	262.439209
82.354019	-56.671810	262.439209	2.658407	120.886589	-27.330395	264.102936
120.886589	-27.330395	264.102936	3.058407	121.838036	16.613869	266.856476
121.838036	16.613869	266.856476	3.058407	0.000000	0.000000	0.000000
89.872681	39.409977	270.187469	-0.741593	82.354019	39.409977	270.845276
82.354019	39.409977	270.845276	-0.741593	82.354019	39.409977	270.845276
82.354019	39.409977	270.845276	-0.741593	45.460377	29.524355	270.845276
45.460377	29.524355	270.845276	-0.341593	35.494610	-7.449434	270.845276
35.494610	-7.449434	270.845276	-0.141593	36.548439	-27.604673	268.408813
36.548439	-27.604673	268.408813	-0.141593	36.561172	-41.584461	264.940216
36.561172	-41.584461	264.940216	0.658407	44.581940	-52.655785	262.529663
44.581940	-52.655785	262.529663	1.258407	56.682426	-56.835648	261.823059
56.682426	-56.835648	261.823059	1.458407	82.354019	-56.671810	262.439209
82.354019	-56.671810	262.439209	2.658407	120.886589	-27.330395	264.102936
120.886589	-27.330395	264.102936	3.058407	121.838036	16.613869	266.856476
121.838036	16.613869	266.856476	3.058407	0.000000	0.000000	0.000000
89.872681	39.409977	270.187469	-0.741593	82.354019	39.409977	270.845276
82.354019	39.409977	270.845276	-0.741593	82.354019	39.409977	270.845276
82.354019	39.409977	270.845276	-0.741593	45.460377	29.524355	270.845276
45.460377	29.524355	270.845276	-0.341593	35.494610	-7.449434	270.845276
35.494610	-7.449434	270.845276	-0.141593	36.548439	-27.604673	268.408813
36.548439	-27.604673	268.408813	-0.141593	36.561172	-41.584461	264.940216
36.561172	-41.584461	264.940216	0.658407	44.581940	-52.655785	262.529663
44.581940	-52.655785	262.529663	1.258407	56.682426	-56.835648	261.823059
56.682426	-56.835648	261.823059	1.458407	82.354019	-56.671810	262.439209
82.354019	-56.671810	262.439209	2.658407	120.886589	-27.330395	264.102936
120.886589	-27.330395	264.102936	3.058407	121.838036	16.613869	266.856476
121.838036	16.613869	266.856476	3.058407	0.000000	0.000000	0.000000
89.872681	39.409977	270.187469	-0.741593	82.354019	39.409977	270.845276
82.354019	39.409977	270.845276	-0.741593	82.354019	39.409977	270.845276
82.354019	39.409977	270.845276	-0.741593	45.460377	29.524355	270.845276
45.460377	29.524355	270.845276	-0.341593	35.494610	-7.449434	270.845276
35.494610	-7.449434	270.845276	-0.141593	36.548439	-27.604673	268.408813
36.548439	-27.604673	268.408813	-0.141593	36.561172	-41.584461	264.940216
36.561172	-41.584461	264.940216	0.658407	44.581940	-52.655785	262.529663
44.581940	-52.655785	262.529663	1.258407	56.682426	-56.835648	261.823059
56.682426	-56.835648	261.823059	1.458407	82.354019	-56.671810	262.439209
82.354019	-56.671810	262.439209	2.658407	120.886589	-27.330395	264.102936
120.886589	-27.330395	264.102936	3.058407	121.838036	16.613869	266.856476
121.838036	16.613869	266.856476	3.058407	0.000000	0.000000	0.000000
89.872681	39.409977	270.187469	-0.741593	82.354019	39.409977	270.845276
82.354019	39.409977	270.845276	-0.741593	82.354019	39.409977	270.845276
82.354019	39.409977	270.845276	-0.741593	45.460377	29.524355	270.845276
45.460377	29.524355	270.845276	-0.341593	35.494610	-7.449434	270.845276
35.494610	-7.449434	270.845276	-0.141593	36.548439	-27.604673	268.408813
36.548439	-27.604673	268.408813	-0.141593	36.561172	-41.584461	264.940216
36.561172	-41.584461	264.940216	0.658407	44.581940	-52.655785	262.529663
44.581940	-52.655785	262.529663	1.258407	56.682426	-56.835648	261.823059
56.682426	-56.835648	261.823059	1.458407	82.354019	-56.671810	262.439209
82.354019	-56.671810	262.439209	2.658407	120.886589	-27.330395	264.102936
120.886589	-27.330395	264.102936	3.058407	121.838036	16.613869	266.856476
121.838036	16.613869	266.856476	3.058407	0.000000	0.000000	0.000000
89.872681	39.409977	270.187469	-0.741593	82.354019	39.409977	270.845276
82.354019	39.409977	270.845276	-0.741593	82.354019	39.409977	270.845276
82.354019	39.409977	270.845276	-0.741593	45.460377	29.524355	270.845276
45.460377	29.524355	270.845276	-0.341593	35.494610	-7.449434	270.845276
35.494610	-7.449434	270.845276	-0.141593	36.548439	-27.604673	268.408813
36.548439	-27.604673	268.408813	-0.141593	36.561172	-41.584461	264.940216
36.561172	-41.584461	264.940216	0.658407	44.581940	-52.655785	262.529663
44.581940	-52.655785	262.529663	1.258407	56.682426	-56.835648	261.823059
56.682426	-56.835648	261.823059	1.458407	82.354019	-56.671810	262.439209
82.354019	-56.671810	262.439209	2.658407	120.886589	-27.330395	264.102936
120.886589	-27.330395	264.102936	3.058407	121.838036	16.613869	266.856476
121.838036	16.613869	266.856476	3.058407	0.000000	0.000000	0.000000
89.872681	39.409977	270.187469	-0.741593	82.354019	39.409977	270.845276
82.354019	39.409977	270.845276	-0.741593	82.354019	39.409977	270.845276
82.354019	39.409977	270.845276	-0.741593	45.460377	29.524355	270.845276
45.460377	29.524355	270.845276	-0.341593	35.494610	-7.449434	270.845276
35.494610	-7.449434	270.845276	-0.141593	36.548439	-27.604673	268.408813
36.548439	-27.604673	268.408813	-0.141593	36.561172	-41.584461	264.940216
36.561172	-41.584461	264.940216	0.658407	44.581940	-52.655785	262.529663
44.581940	-52.655785	262.529663	1.258407	56.682426	-56.835648	261.823059
56.682426	-56.835648	261.823059	1.458407	82.354019	-56.671810	262.439209
82.354019	-56.671810	262.439209	2.658407	120.886589	-27.330395	264.102936
120.886589	-27.330395	264.102936	3.058407	121.838036	16.613869	266.856476
121.838036	16.613869	266.856476	3.058407	0.000000	0.000000	0.000000
89.872681	39.409977	270.187469	-0.741593	82.354019	39.409977	270.845276
82.354019	39.409977	270.845276	-0.741593	82.354019	39.409977	270.845276
82.354019	39.409977	270.845276	-0.741593	45.460377	29.524355	270.845276
45.460377	29.524355	270.845276	-0.341593	35.494610	-7.449434	270.845276
35.494610	-7.449434	270.845276	-0.141593	36.548439	-27.604673	268.408813
36.548439	-27.604673	268.408813	-0.141593	36.561172	-41.584461	264.940216
36.561172	-41.584461	264.940216	0.658407	44.581940	-52.655785	262.529663
44.581940	-52.655785	262.529663	1.258407	56.682426	-56.835648	261.823059
56.682426	-56.835648	261.823059	1.458407	82.354019	-56.671810	262.439209
82.354019	-56.671810	262.439209	2.658407	120.886589	-27.330395	264.102936
120.886589	-27.330395	264.102936	3.058407	121.838036	16.613869	266.856476
121.838036	16.613869	266.856476	3.058407	0.000000	0.000000	0.000000
89.872681	39.409977	270.187469	-0.741593	82.354019	39.409977	270.845276
82.354019	39.409977	270.845276	-0.741593	82.354019	39.409977	270.845276
82.354019	39.409977	270.845276	-0.741593	45.460377	29.524355	270.845276
45.460377	29.524355	270.845276	-0.341593	35.494610	-7.449434	270.845276
35.494610	-7.449434	270.845276	-0.141593	36.548439	-27.604673	268.408813
36.548439	-27.604673	268.408813	-0.141593	36.561172	-41.584461	264.940216
36.561172	-41.584461	264.940216	0.658407	44.581940	-52.655785	262.529663
44.581940	-52.655785	262.529663	1.258407	56.682426	-56.835648	261.823059
56.682426	-56.835648	261.823059	1.458407	82.354019	-56.671810	262.439209
82.354019	-56.671810	262.439209	2.658407	120.886589	-27.330395	264.102936
120.886589	-27.330395	264.102936	3.058407	121.838036	16.613869	266.856476
121.838036	16.613869	266.856476	3.058407	0.000000	0.000000	0.000000
89.872681	39.409977	270.187469	-0.741593	82.354019	39.409977	270.845276
82.354019	39.409977	270.845276	-0.741593	82.354019	39.409977	270.845276
82.354019	39.409977	270.845276	-0.741593	45.460377	29.524355	270.845276
45.460377	29.524355	270.845276	-0.341593	35.494610	-7.449434	270.845276
35.494610	-7.449434	270.845276	-0.141593	36.548439	-27.604673	268.408813
36.548439	-27.604673	268.408813	-0.141593	36.561172	-41.584461	264.940216
36.561172	-41.584461	264.940216	0.658407	44.581940	-52.655785	262.529663
44.581940	-52.655785	262.529663	1.258407	56.682426	-56.835648	261.823059
56.682426	-56.835648	261.823059	1.458407	82.354019	-56.671810	262.439209
82.354019	-56.671810	262.439209	2.658407	120.886589	-27.330395	264.102936
120.886589	-27.330395	264.102936	3.058407	121.838036	16.613869	266.856476
121.838036	16.613869	266.856476	3.058407	0.000000	0.000000	0.000000
89.872681	39.409977	270.187469	-0.741593	82.354019	39.409977	270.845276
82.354019	39.409977	270.845276	-0.741593	82.354019	39.409977	270.845276
82.354019	39.409977	270.845276	-0.741593	45.460377	29.524355	270.845276
45.460377	29.524355	270.845276	-0.341593	35.494610	-7.449434	270.845276
35.494610	-7.449434	270.845276	-0.141593	36.548439	-27.604673	268.408813
36.548439	-27.604673	268.408813	-0.141593	36.561172	-41.584461	264.940216
36.561172	-41.584461	264.940216	0.658407	44.581940	-52.655785	262.529663
44.581940	-52.655785	262.529663	1.258407	56.682426	-56.835648	261.823059
56.682426	-56.835648	261.823059	1.458407	82.354019	-56.671810	262.439209
82.354019	-56.671810	262.439209	2.658407	120.886589	-27.330395	264.102936
120.886589	-27.330395	264.102936	3.058407	121.838036	16.613869	266.856476
121.838036	16.613869	266.856476	3.058407	0.000000	0.000000	0.000000
89.872681	39.409977	270.187469	-0.741593	82.354019	39.409977	270.845276
82.354019	39.409977	270.845276	-0.741593	82.354019	39.409977	270.845276
82.354019	39.409977	270.845276	-0.741593	45.460377	29.524355	270.845276
45.460377	29.524355	270.845276	-0.341593	35.494610	-7.449434	270.845276
35.494610	-7.449434	270.845276	-0.141593	36.548439	-27.604673	268.408813
36.548439	-27.604673	268.408813	-0.141593	36.561172	-41.584461	264.940216
36.561172	-41.584461	264.940216	0.658407	44.581940	-52.655785	262.529663
44.581940	-52.655785	262.529663	1.258407	56.682426	-56.835648	261.823059
56.682426	-56.835648	261.823059	1.458407	82.354019	-56.671810	262.439209
82.354019	-56.671810	262.439209	2.658407	120.886589	-27.330395	264.102936
120.886589	-27.330395	264.102936	3.058407	121.838036	16.613869	266.856476
121.838036	16.613869	266.856476	3.058407	0.000000	0.000000	0.000000
89.872681	39.409977	270.187469	-0.741593	82.354019	39.409977	270.845276
82.354019	39.409977	270.845276	-0.741593	82.354019	39.409977	270.845276
82.354019	39.409977	270.845276	-0.741593	45.460377	29.524355	270.845276
45.460377	29.524355	270.845276	-0.341593	35.494610	-7.449434	270.845276
35.494610	-7.449434	270.845276	-0.141593	36.548439	-27.604673	268.408813
36.548439	-27.604673	268.408813	-0.141593	36.561172	-41.584461	264.940216
36.561172	-41.584461	264.940216	0.658407	44.581940	-52.655785	262.529663
44.581940	-52.655785	262.529663	1.258407	56.682426	-56.835648	261.823059
56.682426	-56.835648	261.823059	1.458407	82.354019	-56.671810	262.439209
82.354019	-56.671810	262.439209	2.658407	120.886589	-27.330395	264.102936
120.886589	-27.330395	264.102936	3.058407	121.838036	16.613869	266.856476
121.838036	16.613869	266.856476	3.058407	0.000000	0.000000	0.000000
89.872681	39.409977	270.187469	-0.741593	82.354019	39.409977	270.845276
82.354019	39.409977	270.845276	-0.741593	82.354019	39.409977	270.845276
82.354019	39.409977	270.845276	-0.741593	45.460377	29.524355	270.845276
45.460377	29.524355	270.845276	-0.341593	35.494610	-7.449434	270.845276
35.494610	-7.449434	270.845276	-0.141593	36.548439	-27.604673	268.408813
36.548439	-27.604673	268.408813	-0.141593	36.561172	-41.584461	264.940216
36.561172	-41.584461	264.940216	0.658407	44.581940	-52.655785	262.529663
44.581940	-52.655785	262.529663	1.258407	56.682426	-56.835648	261.823059
56.682426	-56.835648	261.823059	1.458407	82.354019	-56.671810	262.439209
82.354019	-56.671810	262.439209	2.658407	120.886589	-27.330395	264.102936
120.886589	-27.330395	264.102936	3.058407	121.838036	16.613869	266.856476
121.838036	16.613869	266.856476	3.058407	0.000000	0.000000	0.000000
89.872681	39.409977	270.187469	-0.741593	82.354019	39.409977	270.845276
82.354019	39.409977	270.845276	-0.741593	82.354019	39.409977	270.845276
82.354019	39.409977	270.845276	-0.741593	45.460377	29.524355	270.845276
45.460377	29.524355	270.845276	-0.341593	35.494610	-7.449434	270.845276
35.494610	-7.449434	270.845276	-0.141593	36.548439	-27.604673	268.408813
36.548439	-27.604673	268.408813	-0.141593	36.561172	-41.584461	264.940216
36.561172	-41.584461	264.940216	0.658407	44.581940	-52.655785	262.529663
44.581940	-52.655785	262.529663	1.258407	56.682426	-56.835648	261.823059
56.682426	-56.835648	261.823059	1.458407	82.354019	-56.671810	262.439209
82.354019	-56.671810	262.439209	2.658407	120.886589	-27.330395	264.102936
120.886589	-27.330395	264.102936	3.058407	121.838036	16.613869	266.856476
121.838036	16.613869	266.856476	3.058407	0.000000	0.000000	0.000000
89.872681	39.409977	270.187469	-0.741593	82.354019	39.409977	270.845276
82.354019	39.409977	270.845276	-0.741593	82.354019	39.409977	270.845276
82.354019	39.409977	270.845276	-0.741593	45.460377	29.524355	270.845276
45.460377	29.524355	270.845276	-0.341593	35.494610	-7.449434	270.845276
35.494610	-7.449434	270.845276	-0.141593	36.548439	-27.604673	268.408813
36.548439	-27.604673	268.408813	-0.141593	36.561172	-41.584461	264.940216
36.561172	-41.584461	264.940216	0.658407	44.581940	-52.655785	262.529663
44.581940	-52.655785	262.529663	1.258407	56.682426	-56.835648	261.823059
56.682426	-56.835648	261.823059	1.458407	82.354019	-56.671810	262.439209
82.354019	-56.671810	262.439209	2.658407	120.886589	-27.330395	264.102936
120.886589	-27.330395	264.102936	3.058407	121.838036	16.613869	266.856476
121.838036	16.613869	266.856476	3.058407	0.000000	0.000000	0.000000
89.872681	39.409977	270.187469	-0.741593	82.354019	39.409977	270.845276
82.354019	39.409977	270.845276	-0.741593	82.354019	39.409977	270.845276
82.354019	39.409977	270.845276	-0.741593	45.460377	29.524355	270.845276
45.460377	29.524355	270.845276	-0.341593	35.494610	-7.449434	270.845276
35.494610	-7.449434	270.845276	-0.141593	36.548439	-27.604673	268.408813
36.548439	-27.604673	268.408813	-0.141593	36.561172	-41.584461	264.940216
36.561172	-41.584461	264.940216	0.658407	44.581940	-52.655785	262.529663
44.581940	-52.655785	262.529663	1.258407	56.682426	-56.835648	261.823059
56.682426	-56.835648	261.823059	1.458407	82.354019	-56.671810	262.439209
82.354019	-56.671810	262.439209	2.658407	120.886589	-27.330395	264.102936
120.886589	-27.330395	264.102936	3.058407	121.838036	16.613869	266.856476
121.838036	16.613869	266.856476	3.058407	0.000000	0.000000	0.000000
89.872681	39.409977	270.187469	-0.741593	82.354019	39.409977	270.845276
82.354019	39.409977	270.845276	-0.741593	82.354019	39.409977	270.845276
82.354019	39.409977	270.845276	-0.741593	45.460377	29.524355	270.845276
45.460377	29.524355	270.845276	-0.341593	35.494610	-7.449434	270.845276
35.494610	-7.449434	270.845276	-0.141593	36.548439	-27.604673	268.408813
36.548439	-27.604673	268.408813	-0.141593	36.561172	-41.584461	264.940216
36.561172	-41.584461	264.940216	0.658407	44.581940	-52.655785	262.529663
44.581940	-52.655785	262.529663	1.258407	56.682426	-56.835648	261.823059
56.682426	-56.835648	261.823059	1.458407	82.354019	-56.671810	262.439209
82.354019	-56.671810	262.439209	2.658407	120.886589	-27.330395	264.102936
120.886589	-27.330395	264.102936	3.058407	121.838036	16.613869	266.856476
121.838036	16.613869	266.856476	3.058407	0.000000	0.000000	0.000000
89.872681	39.409977	270.187469	-0.741593	82.354019	39.409977	270.845276
82.354019	39.409977	270.845276	-0.741593	82.354019	39.409977	270.845276
82.354019	39.409977	270.845276	-0.741593	45.460377	29.524355	270.845276
45.460377	29.524355	270.845276	-0.341593	35.494610	-7.449434	270.845276
35.494610	-7.449434	270.845276	-0.141593	36.548439	-27.604673	268.408813
36.548439	-27.604673	268.408813	-0.141593	36.561172	-41.584461	264.940216
36.561172	-41.584461	264.940216	0.658407	44.581940	-52.655785	262.529663
44.581940	-52.655785	262.529663	1.258407	56.682426	-56.835648	261.823059
56.682426	-56.835648	261.823059	1.458407	82.354019	-56.671810	262.439209
82.354019	-56.671810	262.439209	2.658407	120.886589	-27.330395	264.102936
120.886589	-27.330395	264.102936	3.058407	121.838036	16.613869	266.856476
121.838036	16.613869	266.856476	3.058407	0.000000	0.000000	0.000000
