-53.672325	-26.203297	8.798392	0	0	0.50484609	0.86320938
-53.639973	-26.219995	8.727892	0	0	-0.070737201	0.99749499
-53.699219	-26.104269	8.907217	0	0	-0.070737201	0.99749499
-53.622829	-26.270744	8.648032	0	0	0.50484609	0.86320938
-53.810993	-26.416952	8.964025	0	0	0.58850112	0.8084964
-53.821171	-26.324833	9.090538	0	0	0.58850112	0.8084964
-53.514957	-26.445976	8.997685	0	0	-0.070737201	0.99749499
-53.872211	-26.532560	8.861822	0	0	0.58850112	0.8084964
-53.396053	-26.421091	8.972281	0	0	0.58850112	0.8084964
-53.914371	-26.435040	9.018293	0	0	-0.070737201	0.99749499
-53.876915	-26.570894	8.802958	0	0	0.58850112	0.8084964
-53.832020	-26.230385	9.224247	0	0	0.58850112	0.8084964
-53.262562	-26.436840	8.904750	0	0	-0.070737201	0.99749499
-53.862968	-26.100382	9.414932	0	0	-0.070737201	0.99749499
-53.838585	-26.069500	9.477523	0	0	-0.070737201	0.99749499
-52.916237	-26.417786	8.753975	0	0	-0.070737201	0.99749499
-52.956715	-26.517532	8.615705	0	0	0.50484609	0.86320938
-52.860748	-26.376938	8.846948	0	0	0.50484609	0.86320938
-52.873566	-26.234194	9.106818	0	0	0.58850112	0.8084964
-52.506577	-26.258619	8.877688	0	0	0.50484609	0.86320938
-54.002285	-25.728651	9.978831	0	0	0.58850112	0.8084964
-52.340134	-26.268179	8.930651	0	0	0.50484609	0.86320938
-51.917118	-26.425047	8.617304	0	0	0.029199523	0.9995736
-51.895336	-26.306683	9.051353	0	0	0.029199523	0.9995736
-51.966991	-26.801931	8.970097	0	0	0.58850112	0.8084964
-51.871540	-26.138403	9.029778	0	0	0.029199523	0.9995736
-52.009323	-27.077545	8.706517	0	0	0.029199523	0.9995736
-54.615295	-25.658873	10.353430	0	0	0.58850112	0.8084964
-54.621994	-25.653027	10.347322	0	0	-0.16996714	0.98544973
-54.648804	-25.678400	10.339947	0	0	0.58850112	0.8084964
-54.577168	-25.597385	10.355024	0	0	-0.16996714	0.98544973
-54.566166	-25.806526	10.434915	0	0	0.58850112	0.8084964
-54.493366	-25.736420	10.454515	0	0	-0.16996714	0.98544973
-54.625854	-25.860249	10.417528	0	0	0.58850112	0.8084964
-54.445133	-25.719309	10.477774	0	0	-0.16996714	0.98544973
-54.682789	-25.913620	10.401690	0	0	0.58850112	0.8084964
-54.513683	-25.354174	10.308370	0	0	-0.16996714	0.98544973
-54.741158	-25.957697	10.381727	0	0	-0.16996714	0.98544973
-54.315907	-25.547583	10.496016	0	0	0.58850112	0.8084964
-54.450237	-25.905993	10.540038	0	0	-0.16996714	0.98544973
-54.786957	-26.004431	10.370316	0	0	0.58850112	0.8084964
-54.367462	-25.860249	10.574217	0	0	0.58850112	0.8084964
-54.819912	-26.026453	10.358041	0	0	0.58850112	0.8084964
-54.296631	-25.839821	10.610017	0	0	-0.16996714	0.98544973
-54.195358	-25.802402	10.658329	0	0	0.58850112	0.8084964
-54.094395	-25.737576	10.696856	0	0	-0.16996714	0.98544973
-54.008949	-25.714025	10.740426	0	0	0.58850112	0.8084964
-53.892529	-25.645897	10.787170	0	0	0.58850112	0.8084964
-51.765659	-25.373060	8.723357	0	0	0.41614682	0.90929743
-53.712803	-25.562204	10.866855	0	0	0.58850112	0.8084964
-53.567242	-25.559710	10.954249	0	0	0.58850112	0.8084964
-53.059853	-25.555788	11.260556	0	0	-0.16996714	0.98544973
-53.056004	-25.557489	11.263486	0	0	-0.16996714	0.98544973
-53.113533	-26.001202	11.383945	0	0	0.50484609	0.86320938
-52.960346	-25.393391	11.264039	0	0	-0.16996714	0.98544973
-52.252659	-28.755573	8.382357	0	0	0.58850112	0.8084964
-52.759613	-26.188023	11.663968	0	0	-0.070737201	0.99749499
-55.555141	-27.951529	10.586177	0	0	0.58850112	0.8084964
-52.333553	-29.356478	8.822163	0	0	0.1288445	0.99166481
-52.333591	-29.356518	8.819232	0	0	0.1288445	0.99166481
-52.334042	-29.356968	8.784853	0	0	0.66627604	0.74570519
-52.332813	-29.355740	8.878641	0	0	0.1288445	0.99166481
-52.332809	-29.355734	8.879056	0	0	0.029199523	0.9995736
-52.334476	-29.357399	8.751891	0	0	0.66627604	0.74570519
-52.334621	-29.357546	8.740648	0	0	0.029199523	0.9995736
-52.332325	-29.355249	8.915974	0	0	0.029199523	0.9995736
-52.332130	-29.355055	8.930791	0	0	0.66627604	0.74570519
-52.332115	-29.355042	8.931894	0	0	0.66627604	0.74570519
-52.331604	-29.354528	8.970972	0	0	0.029199523	0.9995736
-52.335526	-29.358450	8.671618	0	0	0.1288445	0.99166481
-52.331444	-29.354370	8.983125	0	0	0.1288445	0.99166481
-52.331268	-29.354191	8.996757	0	0	0.029199523	0.9995736
-52.335876	-29.358803	8.644794	0	0	0.029199523	0.9995736
-52.335957	-29.358881	8.638852	0	0	0.029199523	0.9995736
-52.331116	-29.354040	9.008302	0	0	0.58850112	0.8084964
-52.330959	-29.353884	9.020269	0	0	0.66627604	0.74570519
-52.330757	-29.353680	9.035783	0	0	0.66627604	0.74570519
-52.330204	-29.353128	9.077901	0	0	0.32328956	0.94630009
-52.329956	-29.352879	9.096954	0	0	0.66627604	0.74570519
-52.329773	-29.352699	9.110666	0	0	0.1288445	0.99166481
-52.329384	-29.352308	9.140538	0	0	0.029199523	0.9995736
-52.328011	-29.350933	9.245425	0	0	0.1288445	0.99166481
-52.325497	-29.348419	9.437342	0	0	0.66627604	0.74570519
-52.324665	-29.347589	9.500635	0	0	0.66627604	0.74570519
-51.476242	-23.362904	8.926007	0	0	0.32328956	0.94630009
-52.318069	-29.340994	10.004091	0	0	0.029199523	0.9995736
-53.649101	-29.715790	7.404555	0	0	0.029199523	0.9995736
-52.358822	-29.381748	6.893313	0	0	0.50484609	0.86320938
-51.503902	-23.764954	11.577101	0	0	0.50484609	0.86320938
-53.856640	-30.306643	7.259235	0	0	0.58850112	0.8084964
-52.294922	-29.317844	11.771117	0	0	0.66627604	0.74570519
-52.373547	-29.396469	5.769567	0	0	0.41614682	0.90929743
-52.373547	-29.396469	5.769567	0	0	0.32328956	0.94630009
-52.290989	-29.313913	12.071239	0	0	0.66627604	0.74570519
-56.823948	-29.443859	10.339247	0	0	0.50484609	0.86320938
-52.545483	-30.916206	9.790134	0	0	0.22720209	0.97384763
-54.633762	-30.740662	6.715089	0	0	0.41614682	0.90929743
-57.473618	-29.622091	10.007688	0	0	-0.070737201	0.99749499
-52.971119	-29.994041	5.197989	0	0	0.41614682	0.90929743
-51.261688	-22.033180	11.117679	0	0	0.50484609	0.86320938
-54.552269	-21.293674	6.772151	0	0	0.1288445	0.99166481
-54.147781	-31.170704	6.635199	0	0	0.41614682	0.90929743
-51.229912	-21.805975	11.057404	0	0	0.41614682	0.90929743
-52.570255	-30.727549	5.184268	0	0	0.41614682	0.90929743
-52.379436	-30.024805	13.237778	0	0	-0.070737201	0.99749499
-56.522987	-31.246210	6.941544	0	0	0.66627604	0.74570519
-55.430820	-23.157494	13.821174	0	0	0.22720209	0.97384763
-55.430328	-23.140068	13.810780	0	0	0.22720209	0.97384763
-55.420071	-23.136778	13.812374	0	0	0.50484609	0.86320938
-55.415829	-23.131012	13.810364	0	0	-0.26749883	0.96355818
-55.388714	-23.327288	13.938878	0	0	0.50484609	0.86320938
-55.446281	-23.358002	13.937347	0	0	0.50484609	0.86320938
-55.404800	-23.356733	13.951101	0	0	0.50484609	0.86320938
-55.481197	-23.373928	13.934782	0	0	0.22720209	0.97384763
-55.516106	-23.389120	13.931772	0	0	0.22720209	0.97384763
-55.549606	-23.405582	13.930026	0	0	0.22720209	0.97384763
-55.274151	-23.398970	14.022454	0	0	0.50484609	0.86320938
-55.634312	-23.456015	13.930952	0	0	0.50484609	0.86320938
-55.646271	-23.459799	13.929061	0	0	0.22720209	0.97384763
-55.167446	-23.352949	14.031904	0	0	0.1288445	0.99166481
-55.335217	-31.529234	6.223926	0	0	0.029199523	0.9995736
-55.669876	-23.465393	13.924188	0	0	0.22720209	0.97384763
-55.063042	-23.318317	14.047456	0	0	0.50484609	0.86320938
-54.861748	-23.217916	14.057048	0	0	0.22720209	0.97384763
-54.777908	-23.193275	14.071459	0	0	0.50484609	0.86320938
-58.236526	-30.256899	9.767310	0	0	0.58850112	0.8084964
-54.699322	-23.192434	14.098461	0	0	0.22720209	0.97384763
-54.629704	-23.192478	14.122862	0	0	0.22720209	0.97384763
-55.193821	-23.841137	14.318707	0	0	0.1288445	0.99166481
-55.205074	-23.847633	14.318707	0	0	0.41614682	0.90929743
-54.350204	-23.065363	14.143633	0	0	0.22720209	0.97384763
-55.789951	-24.185312	14.318707	0	0	0.32328956	0.94630009
-54.186371	-23.070404	14.204048	0	0	0.22720209	0.97384763
-52.631920	-31.144825	5.000784	0	0	0.50484609	0.86320938
-52.635468	-31.168827	4.990229	0	0	0.32328956	0.94630009
-53.835976	-23.057184	14.318707	0	0	0.22720209	0.97384763
-53.662323	-22.956926	14.318707	0	0	0.50484609	0.86320938
-53.584644	-22.912077	14.318707	0	0	-0.16996714	0.98544973
-53.525963	-22.878197	14.318707	0	0	0.41614682	0.90929743
-52.920841	-32.373810	7.084821	0	0	0.50484609	0.86320938
-53.512524	-22.870440	14.318707	0	0	0.50484609	0.86320938
-53.484123	-22.854042	14.318707	0	0	-0.26749883	0.96355818
-53.002602	-32.785645	7.857239	0	0	0.58850112	0.8084964
-55.373138	-32.396061	6.941544	0	0	0.66627604	0.74570519
-54.170353	-31.529234	4.560327	0	0	0.22720209	0.97384763
-53.932362	-31.675978	12.874170	0	0	0.22720209	0.97384763
-57.719402	-25.299282	14.318707	0	0	0.41614682	0.90929743
-57.755264	-25.319984	14.318707	0	0	-0.26749883	0.96355818
-51.014896	-20.345837	11.631429	0	0	0.41614682	0.90929743
-51.012146	-20.345100	11.866934	0	0	0.41614682	0.90929743
-52.342117	-20.392202	13.225674	0	0	-0.070737201	0.99749499
-53.914703	-32.260338	13.089464	0	0	0.58850112	0.8084964
-50.939404	-19.817156	11.628893	0	0	0.41614682	0.90929743
-51.150547	-21.506750	14.318707	0	0	-0.26749883	0.96355818
-51.150547	-21.506750	14.318707	0	0	0.50484609	0.86320938
-53.974129	-33.868645	7.176969	0	0	0.32328956	0.94630009
-59.397186	-26.267950	14.318707	0	0	0.58850112	0.8084964
-53.898155	-32.448948	3.776365	0	0	0.32328956	0.94630009
-52.961151	-33.915745	10.929490	0	0	0	1
-50.892582	-19.617880	13.263615	0	0	0.41614682	0.90929743
-50.819973	-19.086224	12.966640	0	0	0.41614682	0.90929743
-60.887768	-22.991266	4.880054	0	0	-0.16996714	0.98544973
-50.784409	-18.825817	12.821182	0	0	0.32328956	0.94630009
-50.676418	-18.035095	12.379498	0	0	0.32328956	0.94630009
-61.333580	-21.327477	4.880054	0	0	-0.16996714	0.98544973
-52.206451	-29.229376	18.524172	0	0	0.73739371	0.67546319
-55.500282	-23.513205	19.316242	0	0	-0.36235775	0.93203909
-53.169952	-35.676815	14.737202	0	0	0.80114363	0.59847213
-52.759689	-21.947668	19.150473	0	0	0.32328956	0.94630009
-50.936382	-20.324800	18.355526	0	0	0.50484609	0.86320938
-62.687870	-18.981775	8.748308	0	0	-0.36235775	0.93203909
-53.672325	-15.334641	13.897080	0	0	-0.16996714	0.98544973
-53.699219	-15.334641	13.897080	0	0	0.22720209	0.97384763
-53.639973	-15.334641	13.897080	0	0	0.22720209	0.97384763
-53.622829	-15.334641	13.897080	0	0	-0.16996714	0.98544973
-53.810993	-15.334641	13.897080	0	0	-0.16996714	0.98544973
-53.821171	-15.334641	13.897080	0	0	-0.16996714	0.98544973
-53.514957	-15.334641	13.897080	0	0	0.1288445	0.99166481
-53.832020	-15.334641	13.897080	0	0	-0.16996714	0.98544973
-53.838585	-15.334641	13.897080	0	0	0.22720209	0.97384763
-53.862968	-15.334641	13.897080	0	0	0.22720209	0.97384763
-53.872211	-15.334641	13.897080	0	0	-0.16996714	0.98544973
-53.876915	-15.334641	13.897080	0	0	-0.16996714	0.98544973
-53.914371	-15.334641	13.897080	0	0	0.1288445	0.99166481
-53.396053	-15.334641	13.897080	0	0	-0.16996714	0.98544973
-54.002285	-15.334641	13.897080	0	0	-0.36235775	0.93203909
-53.262562	-15.334641	13.897080	0	0	0.1288445	0.99166481
-54.170353	-15.334641	13.897080	0	0	0.32328956	0.94630009
-52.956715	-15.334641	13.897080	0	0	-0.16996714	0.98544973
-52.916237	-15.334641	13.897080	0	0	0.1288445	0.99166481
-52.873566	-15.334641	13.897080	0	0	-0.16996714	0.98544973
-52.860748	-15.334641	13.897080	0	0	-0.16996714	0.98544973
-54.577824	-15.334641	13.897080	0	0	-0.070737201	0.99749499
-52.506577	-15.334641	13.897080	0	0	-0.16996714	0.98544973
-52.340134	-15.334641	13.897080	0	0	-0.16996714	0.98544973
-52.368572	-30.483906	20.045414	0	0	-0.070737201	0.99749499
-51.713329	-15.334641	13.897080	0	0	0.22720209	0.97384763
-51.647606	-15.334641	13.897080	0	0	-0.26749883	0.96355818
-50.238037	-14.923072	11.831937	0	0	0.1288445	0.99166481
-51.603672	-15.334641	13.897080	0	0	0.22720209	0.97384763
-51.475964	-15.334641	13.897080	0	0	-0.16996714	0.98544973
-51.440155	-15.334641	13.897080	0	0	0.1288445	0.99166481
-50.959068	-15.334641	13.897080	0	0	0.22720209	0.97384763
-56.522987	-15.334641	13.897080	0	0	0.32328956	0.94630009
-50.273636	-15.334641	13.897080	0	0	-0.54030229	0.84147099
-50.273636	-15.334641	13.897080	0	0	0.22720209	0.97384763
-50.273636	-15.334641	13.897080	0	0	-0.070737201	0.99749499
-50.273636	-15.334641	13.897080	0	0	0.029199523	0.9995736
-54.533730	-13.772045	6.241268	0	0	-0.16996714	0.98544973
-62.090019	-36.045677	9.457235	0	0	0.41614682	0.90929743
-50.029083	-13.460422	11.833916	0	0	0.1288445	0.99166481
-50.440311	-16.850672	18.338863	0	0	0.32328956	0.94630009
-49.973709	-13.112666	12.341236	0	0	0.1288445	0.99166481
-61.333580	-15.119276	13.746281	0	0	-0.45359611	0.89120736
-52.970871	-34.748425	20.656237	0	0	0.32328956	0.94630009
-50.172321	-14.961056	18.167187	0	0	0.32328956	0.94630009
-51.395496	-14.917898	18.660477	0	0	-0.62160997	0.7833269
-50.156048	-14.901052	18.853031	0	0	0.22720209	0.97384763
-51.370239	-9.259226	6.814923	0	0	-0.26749883	0.96355818
-49.500214	-9.932993	14.060038	0	0	-0.26749883	0.96355818
-49.500214	-9.932993	14.060038	0	0	-0.070737201	0.99749499
-49.500214	-9.932993	14.060038	0	0	-0.16996714	0.98544973
-49.500214	-9.932993	14.060038	0	0	-0.69670669	0.71735611
-49.500214	-9.932993	14.060038	0	0	-0.54030229	0.84147099
-49.500214	-9.932993	14.060038	0	0	-0.36235775	0.93203909
-49.500214	-9.932993	14.060038	0	0	0.029199523	0.9995736
-53.441280	-7.657616	14.060038	0	0	-0.69670669	0.71735611
-49.414337	-9.616596	17.682739	0	0	-0.76484218	0.64421769
-49.403282	-9.575868	18.149073	0	0	-0.76484218	0.64421769
-49.398014	-9.556455	18.371347	0	0	0.029199523	0.9995736
-49.141026	-6.943737	8.021706	0	0	-0.26749883	0.96355818
-53.425571	-30.448498	28.796188	0	0	-0.26749883	0.96355818
-50.924225	-21.090378	29.176723	0	0	0	1
-50.744640	-19.806135	28.832859	0	0	-0.45359611	0.89120736
-48.905216	-5.541911	11.188986	0	0	-0.16996714	0.98544973
-63.356499	-44.327541	0.607364	0	0	0.029199523	0.9995736
-49.955128	-14.160190	27.321121	0	0	0	1
-52.038933	-29.061857	31.311138	0	0	0	1
-67.075211	-24.649185	28.796188	0	0	-0.45359611	0.89120736
-49.219261	-8.897867	25.912102	0	0	0	1
-64.352043	-43.047157	-6.273322	0	0	0.50484609	0.86320938
-48.220600	-1.030190	14.763914	0	0	-0.69670669	0.71735611
-48.220600	-1.030190	14.763914	0	0	-0.26749883	0.96355818
-48.220600	-1.030190	14.763914	0	0	-0.87758258	0.4794255
-48.220600	-1.030190	14.763914	0	0	-0.16996714	0.98544973
-48.178066	-0.847565	16.228662	0	0	-0.87758258	0.4794255
-48.176659	-0.841525	16.277107	0	0	-0.87758258	0.4794255
-48.176304	-0.840005	16.289301	0	0	-0.16996714	0.98544973
-48.109650	-0.553817	18.584681	0	0	-0.76484218	0.64421769
-69.948631	-13.925442	28.796188	0	0	-0.54030229	0.84147099
-49.656986	2.679974	21.749220	0	0	-0.87758258	0.4794255
-62.519981	-1.058647	27.496344	0	0	-0.76484218	0.64421769
-148.690002	-125.712921	14.745752	0	0	0.73739371	0.67546319
-117.866119	119.599380	14.763913	0	0	-0.070737201	0.99749499
-267.006165	-78.220520	14.745752	0	0	0.50484609	0.86320938
-244.395462	102.589836	14.060038	0	0	0.22720209	0.97384763
-292.929443	18.526520	14.745752	0	0	0.32328956	0.94630009
