202.118454	-60.940472	10.003297	0.000000	0.000000	3.058407
170.067291	-181.970505	10.003297	0.000000	0.000000	3.058407
169.549927	-182.487869	10.003297	0.000000	0.000000	3.058407
169.549927	-182.487869	10.003297	0.000000	0.000000	3.058407
112.406204	-215.479813	17.962927	0.000000	0.000000	3.058407
-8.445107	-182.487869	18.095470	0.000000	0.000000	2.458407
-36.827354	-52.790520	32.117668	0.000000	0.000000	2.058407
113.328949	27.331661	10.003297	0.000000	0.000000	3.058407
202.118454	-60.940472	10.003297	0.000000	0.000000	3.058407
170.067291	-181.970505	10.003297	0.000000	0.000000	3.058407
169.549927	-182.487869	10.003297	0.000000	0.000000	3.058407
169.549927	-182.487869	10.003297	0.000000	0.000000	3.058407
112.406204	-215.479813	17.962927	0.000000	0.000000	3.058407
-8.445107	-182.487869	18.095470	0.000000	0.000000	2.458407
-36.827354	-52.790520	32.117668	0.000000	0.000000	2.058407
113.328949	27.331661	10.003297	0.000000	0.000000	3.058407
202.118454	-60.940472	10.003297	0.000000	0.000000	3.058407
170.067291	-181.970505	10.003297	0.000000	0.000000	3.058407
169.549927	-182.487869	10.003297	0.000000	0.000000	3.058407
169.549927	-182.487869	10.003297	0.000000	0.000000	3.058407
112.406204	-215.479813	17.962927	0.000000	0.000000	3.058407
-8.445107	-182.487869	18.095470	0.000000	0.000000	2.458407
-36.827354	-52.790520	32.117668	0.000000	0.000000	2.058407
113.328949	27.331661	10.003297	0.000000	0.000000	3.058407
202.118454	-60.940472	10.003297	0.000000	0.000000	3.058407
170.067291	-181.970505	10.003297	0.000000	0.000000	3.058407
169.549927	-182.487869	10.003297	0.000000	0.000000	3.058407
169.549927	-182.487869	10.003297	0.000000	0.000000	3.058407
112.406204	-215.479813	17.962927	0.000000	0.000000	3.058407
-8.445107	-182.487869	18.095470	0.000000	0.000000	2.458407
-36.827354	-52.790520	32.117668	0.000000	0.000000	2.058407
113.328949	27.331661	10.003297	0.000000	0.000000	3.058407
202.118454	-60.940472	10.003297	0.000000	0.000000	3.058407
170.067291	-181.970505	10.003297	0.000000	0.000000	3.058407
169.549927	-182.487869	10.003297	0.000000	0.000000	3.058407
169.549927	-182.487869	10.003297	0.000000	0.000000	3.058407
112.406204	-215.479813	17.962927	0.000000	0.000000	3.058407
-8.445107	-182.487869	18.095470	0.000000	0.000000	2.458407
-36.827354	-52.790520	32.117668	0.000000	0.000000	2.058407
113.328949	27.331661	10.003297	0.000000	0.000000	3.058407
202.118454	-60.940472	10.003297	0.000000	0.000000	3.058407
170.067291	-181.970505	10.003297	0.000000	0.000000	3.058407
169.549927	-182.487869	10.003297	0.000000	0.000000	3.058407
169.549927	-182.487869	10.003297	0.000000	0.000000	3.058407
112.406204	-215.479813	17.962927	0.000000	0.000000	3.058407
-8.445107	-182.487869	18.095470	0.000000	0.000000	2.458407
-36.827354	-52.790520	32.117668	0.000000	0.000000	2.058407
113.328949	27.331661	10.003297	0.000000	0.000000	3.058407
202.118454	-60.940472	10.003297	0.000000	0.000000	3.058407
170.067291	-181.970505	10.003297	0.000000	0.000000	3.058407
169.549927	-182.487869	10.003297	0.000000	0.000000	3.058407
169.549927	-182.487869	10.003297	0.000000	0.000000	3.058407
112.406204	-215.479813	17.962927	0.000000	0.000000	3.058407
-8.445107	-182.487869	18.095470	0.000000	0.000000	2.458407
-36.827354	-52.790520	32.117668	0.000000	0.000000	2.058407
113.328949	27.331661	10.003297	0.000000	0.000000	3.058407
202.118454	-60.940472	10.003297	0.000000	0.000000	3.058407
170.067291	-181.970505	10.003297	0.000000	0.000000	3.058407
169.549927	-182.487869	10.003297	0.000000	0.000000	3.058407
169.549927	-182.487869	10.003297	0.000000	0.000000	3.058407
112.406204	-215.479813	17.962927	0.000000	0.000000	3.058407
-8.445107	-182.487869	18.095470	0.000000	0.000000	2.458407
-36.827354	-52.790520	32.117668	0.000000	0.000000	2.058407
113.328949	27.331661	10.003297	0.000000	0.000000	3.058407
202.118454	-60.940472	10.003297	0.000000	0.000000	3.058407
170.067291	-181.970505	10.003297	0.000000	0.000000	3.058407
169.549927	-182.487869	10.003297	0.000000	0.000000	3.058407
169.549927	-182.487869	10.003297	0.000000	0.000000	3.058407
112.406204	-215.479813	17.962927	0.000000	0.000000	3.058407
-8.445107	-182.487869	18.095470	0.000000	0.000000	2.458407
-36.827354	-52.790520	32.117668	0.000000	0.000000	2.058407
113.328949	27.331661	10.003297	0.000000	0.000000	3.058407
202.118454	-60.940472	10.003297	0.000000	0.000000	3.058407
170.067291	-181.970505	10.003297	0.000000	0.000000	3.058407
169.549927	-182.487869	10.003297	0.000000	0.000000	3.058407
169.549927	-182.487869	10.003297	0.000000	0.000000	3.058407
112.406204	-215.479813	17.962927	0.000000	0.000000	3.058407
-8.445107	-182.487869	18.095470	0.000000	0.000000	2.458407
-36.827354	-52.790520	32.117668	0.000000	0.000000	2.058407
113.328949	27.331661	10.003297	0.000000	0.000000	3.058407
202.118454	-60.940472	10.003297	0.000000	0.000000	3.058407
170.067291	-181.970505	10.003297	0.000000	0.000000	3.058407
169.549927	-182.487869	10.003297	0.000000	0.000000	3.058407
169.549927	-182.487869	10.003297	0.000000	0.000000	3.058407
112.406204	-215.479813	17.962927	0.000000	0.000000	3.058407
-8.445107	-182.487869	18.095470	0.000000	0.000000	2.458407
-36.827354	-52.790520	32.117668	0.000000	0.000000	2.058407
113.328949	27.331661	10.003297	0.000000	0.000000	3.058407
202.118454	-60.940472	10.003297	0.000000	0.000000	3.058407
170.067291	-181.970505	10.003297	0.000000	0.000000	3.058407
169.549927	-182.487869	10.003297	0.000000	0.000000	3.058407
169.549927	-182.487869	10.003297	0.000000	0.000000	3.058407
112.406204	-215.479813	17.962927	0.000000	0.000000	3.058407
-8.445107	-182.487869	18.095470	0.000000	0.000000	2.458407
-36.827354	-52.790520	32.117668	0.000000	0.000000	2.058407
113.328949	27.331661	10.003297	0.000000	0.000000	3.058407
202.118454	-60.940472	10.003297	0.000000	0.000000	3.058407
170.067291	-181.970505	10.003297	0.000000	0.000000	3.058407
169.549927	-182.487869	10.003297	0.000000	0.000000	3.058407
169.549927	-182.487869	10.003297	0.000000	0.000000	3.058407
112.406204	-215.479813	17.962927	0.000000	0.000000	3.058407
-8.445107	-182.487869	18.095470	0.000000	0.000000	2.458407
-36.827354	-52.790520	32.117668	0.000000	0.000000	2.058407
113.328949	27.331661	10.003297	0.000000	0.000000	3.058407
202.118454	-60.940472	10.003297	0.000000	0.000000	3.058407
170.067291	-181.970505	10.003297	0.000000	0.000000	3.058407
169.549927	-182.487869	10.003297	0.000000	0.000000	3.058407
169.549927	-182.487869	10.003297	0.000000	0.000000	3.058407
112.406204	-215.479813	17.962927	0.000000	0.000000	3.058407
-8.445107	-182.487869	18.095470	0.000000	0.000000	2.458407
-36.827354	-52.790520	32.117668	0.000000	0.000000	2.058407
113.328949	27.331661	10.003297	0.000000	0.000000	3.058407
202.118454	-60.940472	10.003297	0.000000	0.000000	3.058407
170.067291	-181.970505	10.003297	0.000000	0.000000	3.058407
169.549927	-182.487869	10.003297	0.000000	0.000000	3.058407
169.549927	-182.487869	10.003297	0.000000	0.000000	3.058407
112.406204	-215.479813	17.962927	0.000000	0.000000	3.058407
-8.445107	-182.487869	18.095470	0.000000	0.000000	2.458407
-36.827354	-52.790520	32.117668	0.000000	0.000000	2.058407
113.328949	27.331661	10.003297	0.000000	0.000000	3.058407
202.118454	-60.940472	10.003297	0.000000	0.000000	3.058407
170.067291	-181.970505	10.003297	0.000000	0.000000	3.058407
169.549927	-182.487869	10.003297	0.000000	0.000000	3.058407
169.549927	-182.487869	10.003297	0.000000	0.000000	3.058407
112.406204	-215.479813	17.962927	0.000000	0.000000	3.058407
-8.445107	-182.487869	18.095470	0.000000	0.000000	2.458407
-36.827354	-52.790520	32.117668	0.000000	0.000000	2.058407
113.328949	27.331661	10.003297	0.000000	0.000000	3.058407
202.118454	-60.940472	10.003297	0.000000	0.000000	3.058407
170.067291	-181.970505	10.003297	0.000000	0.000000	3.058407
169.549927	-182.487869	10.003297	0.000000	0.000000	3.058407
169.549927	-182.487869	10.003297	0.000000	0.000000	3.058407
112.406204	-215.479813	17.962927	0.000000	0.000000	3.058407
-8.445107	-182.487869	18.095470	0.000000	0.000000	2.458407
-36.827354	-52.790520	32.117668	0.000000	0.000000	2.058407
113.328949	27.331661	10.003297	0.000000	0.000000	3.058407
202.118454	-60.940472	10.003297	0.000000	0.000000	3.058407
170.067291	-181.970505	10.003297	0.000000	0.000000	3.058407
169.549927	-182.487869	10.003297	0.000000	0.000000	3.058407
169.549927	-182.487869	10.003297	0.000000	0.000000	3.058407
112.406204	-215.479813	17.962927	0.000000	0.000000	3.058407
-8.445107	-182.487869	18.095470	0.000000	0.000000	2.458407
-36.827354	-52.790520	32.117668	0.000000	0.000000	2.058407
113.328949	27.331661	10.003297	0.000000	0.000000	3.058407
202.118454	-60.940472	10.003297	0.000000	0.000000	3.058407
170.067291	-181.970505	10.003297	0.000000	0.000000	3.058407
169.549927	-182.487869	10.003297	0.000000	0.000000	3.058407
169.549927	-182.487869	10.003297	0.000000	0.000000	3.058407
112.406204	-215.479813	17.962927	0.000000	0.000000	3.058407
-8.445107	-182.487869	18.095470	0.000000	0.000000	2.458407
-36.827354	-52.790520	32.117668	0.000000	0.000000	2.058407
113.328949	27.331661	10.003297	0.000000	0.000000	3.058407
202.118454	-60.940472	10.003297	0.000000	0.000000	3.058407
170.067291	-181.970505	10.003297	0.000000	0.000000	3.058407
169.549927	-182.487869	10.003297	0.000000	0.000000	3.058407
169.549927	-182.487869	10.003297	0.000000	0.000000	3.058407
112.406204	-215.479813	17.962927	0.000000	0.000000	3.058407
-8.445107	-182.487869	18.095470	0.000000	0.000000	2.458407
-36.827354	-52.790520	32.117668	0.000000	0.000000	2.058407
113.328949	27.331661	10.003297	0.000000	0.000000	3.058407
