157.357758	168.724823	66.613304	0.000000	0.000000	3.058407
194.443222	104.490929	60.124191	0.000000	0.000000	3.058407
157.357758	-8.924410	51.071011	0.000000	0.000000	3.058407
-38.654732	116.203430	66.613304	0.000000	0.000000	-0.141593
46.493801	198.430725	66.613304	0.000000	0.000000	-0.741593
157.357758	168.724823	66.613304	0.000000	0.000000	3.058407
157.357758	168.724823	66.613304	0.000000	0.000000	3.058407
157.357758	168.724823	66.613304	0.000000	0.000000	3.058407
194.443222	104.490929	60.124191	0.000000	0.000000	3.058407
157.357758	-8.924410	51.071011	0.000000	0.000000	3.058407
-38.654732	116.203430	66.613304	0.000000	0.000000	-0.141593
46.493801	198.430725	66.613304	0.000000	0.000000	-0.741593
157.357758	168.724823	66.613304	0.000000	0.000000	3.058407
157.357758	168.724823	66.613304	0.000000	0.000000	3.058407
157.357758	168.724823	66.613304	0.000000	0.000000	3.058407
194.443222	104.490929	60.124191	0.000000	0.000000	3.058407
157.357758	-8.924410	51.071011	0.000000	0.000000	3.058407
-38.654732	116.203430	66.613304	0.000000	0.000000	-0.141593
46.493801	198.430725	66.613304	0.000000	0.000000	-0.741593
157.357758	168.724823	66.613304	0.000000	0.000000	3.058407
157.357758	168.724823	66.613304	0.000000	0.000000	3.058407
157.357758	168.724823	66.613304	0.000000	0.000000	3.058407
194.443222	104.490929	60.124191	0.000000	0.000000	3.058407
157.357758	-8.924410	51.071011	0.000000	0.000000	3.058407
-38.654732	116.203430	66.613304	0.000000	0.000000	-0.141593
46.493801	198.430725	66.613304	0.000000	0.000000	-0.741593
157.357758	168.724823	66.613304	0.000000	0.000000	3.058407
157.357758	168.724823	66.613304	0.000000	0.000000	3.058407
157.357758	168.724823	66.613304	0.000000	0.000000	3.058407
194.443222	104.490929	60.124191	0.000000	0.000000	3.058407
157.357758	-8.924410	51.071011	0.000000	0.000000	3.058407
-38.654732	116.203430	66.613304	0.000000	0.000000	-0.141593
46.493801	198.430725	66.613304	0.000000	0.000000	-0.741593
157.357758	168.724823	66.613304	0.000000	0.000000	3.058407
157.357758	168.724823	66.613304	0.000000	0.000000	3.058407
157.357758	168.724823	66.613304	0.000000	0.000000	3.058407
194.443222	104.490929	60.124191	0.000000	0.000000	3.058407
157.357758	-8.924410	51.071011	0.000000	0.000000	3.058407
-38.654732	116.203430	66.613304	0.000000	0.000000	-0.141593
46.493801	198.430725	66.613304	0.000000	0.000000	-0.741593
157.357758	168.724823	66.613304	0.000000	0.000000	3.058407
157.357758	168.724823	66.613304	0.000000	0.000000	3.058407
157.357758	168.724823	66.613304	0.000000	0.000000	3.058407
194.443222	104.490929	60.124191	0.000000	0.000000	3.058407
157.357758	-8.924410	51.071011	0.000000	0.000000	3.058407
-38.654732	116.203430	66.613304	0.000000	0.000000	-0.141593
46.493801	198.430725	66.613304	0.000000	0.000000	-0.741593
157.357758	168.724823	66.613304	0.000000	0.000000	3.058407
157.357758	168.724823	66.613304	0.000000	0.000000	3.058407
157.357758	168.724823	66.613304	0.000000	0.000000	3.058407
194.443222	104.490929	60.124191	0.000000	0.000000	3.058407
157.357758	-8.924410	51.071011	0.000000	0.000000	3.058407
-38.654732	116.203430	66.613304	0.000000	0.000000	-0.141593
46.493801	198.430725	66.613304	0.000000	0.000000	-0.741593
157.357758	168.724823	66.613304	0.000000	0.000000	3.058407
157.357758	168.724823	66.613304	0.000000	0.000000	3.058407
157.357758	168.724823	66.613304	0.000000	0.000000	3.058407
194.443222	104.490929	60.124191	0.000000	0.000000	3.058407
157.357758	-8.924410	51.071011	0.000000	0.000000	3.058407
-38.654732	116.203430	66.613304	0.000000	0.000000	-0.141593
46.493801	198.430725	66.613304	0.000000	0.000000	-0.741593
157.357758	168.724823	66.613304	0.000000	0.000000	3.058407
157.357758	168.724823	66.613304	0.000000	0.000000	3.058407
157.357758	168.724823	66.613304	0.000000	0.000000	3.058407
194.443222	104.490929	60.124191	0.000000	0.000000	3.058407
157.357758	-8.924410	51.071011	0.000000	0.000000	3.058407
-38.654732	116.203430	66.613304	0.000000	0.000000	-0.141593
46.493801	198.430725	66.613304	0.000000	0.000000	-0.741593
157.357758	168.724823	66.613304	0.000000	0.000000	3.058407
157.357758	168.724823	66.613304	0.000000	0.000000	3.058407
157.357758	168.724823	66.613304	0.000000	0.000000	3.058407
194.443222	104.490929	60.124191	0.000000	0.000000	3.058407
157.357758	-8.924410	51.071011	0.000000	0.000000	3.058407
-38.654732	116.203430	66.613304	0.000000	0.000000	-0.141593
46.493801	198.430725	66.613304	0.000000	0.000000	-0.741593
157.357758	168.724823	66.613304	0.000000	0.000000	3.058407
157.357758	168.724823	66.613304	0.000000	0.000000	3.058407
157.357758	168.724823	66.613304	0.000000	0.000000	3.058407
194.443222	104.490929	60.124191	0.000000	0.000000	3.058407
157.357758	-8.924410	51.071011	0.000000	0.000000	3.058407
-38.654732	116.203430	66.613304	0.000000	0.000000	-0.141593
46.493801	198.430725	66.613304	0.000000	0.000000	-0.741593
157.357758	168.724823	66.613304	0.000000	0.000000	3.058407
157.357758	168.724823	66.613304	0.000000	0.000000	3.058407
157.357758	168.724823	66.613304	0.000000	0.000000	3.058407
194.443222	104.490929	60.124191	0.000000	0.000000	3.058407
157.357758	-8.924410	51.071011	0.000000	0.000000	3.058407
-38.654732	116.203430	66.613304	0.000000	0.000000	-0.141593
46.493801	198.430725	66.613304	0.000000	0.000000	-0.741593
157.357758	168.724823	66.613304	0.000000	0.000000	3.058407
157.357758	168.724823	66.613304	0.000000	0.000000	3.058407
157.357758	168.724823	66.613304	0.000000	0.000000	3.058407
194.443222	104.490929	60.124191	0.000000	0.000000	3.058407
157.357758	-8.924410	51.071011	0.000000	0.000000	3.058407
-38.654732	116.203430	66.613304	0.000000	0.000000	-0.141593
46.493801	198.430725	66.613304	0.000000	0.000000	-0.741593
157.357758	168.724823	66.613304	0.000000	0.000000	3.058407
157.357758	168.724823	66.613304	0.000000	0.000000	3.058407
157.357758	168.724823	66.613304	0.000000	0.000000	3.058407
194.443222	104.490929	60.124191	0.000000	0.000000	3.058407
157.357758	-8.924410	51.071011	0.000000	0.000000	3.058407
-38.654732	116.203430	66.613304	0.000000	0.000000	-0.141593
46.493801	198.430725	66.613304	0.000000	0.000000	-0.741593
157.357758	168.724823	66.613304	0.000000	0.000000	3.058407
157.357758	168.724823	66.613304	0.000000	0.000000	3.058407
157.357758	168.724823	66.613304	0.000000	0.000000	3.058407
194.443222	104.490929	60.124191	0.000000	0.000000	3.058407
157.357758	-8.924410	51.071011	0.000000	0.000000	3.058407
-38.654732	116.203430	66.613304	0.000000	0.000000	-0.141593
46.493801	198.430725	66.613304	0.000000	0.000000	-0.741593
157.357758	168.724823	66.613304	0.000000	0.000000	3.058407
157.357758	168.724823	66.613304	0.000000	0.000000	3.058407
157.357758	168.724823	66.613304	0.000000	0.000000	3.058407
194.443222	104.490929	60.124191	0.000000	0.000000	3.058407
157.357758	-8.924410	51.071011	0.000000	0.000000	3.058407
-38.654732	116.203430	66.613304	0.000000	0.000000	-0.141593
46.493801	198.430725	66.613304	0.000000	0.000000	-0.741593
157.357758	168.724823	66.613304	0.000000	0.000000	3.058407
157.357758	168.724823	66.613304	0.000000	0.000000	3.058407
157.357758	168.724823	66.613304	0.000000	0.000000	3.058407
194.443222	104.490929	60.124191	0.000000	0.000000	3.058407
157.357758	-8.924410	51.071011	0.000000	0.000000	3.058407
-38.654732	116.203430	66.613304	0.000000	0.000000	-0.141593
46.493801	198.430725	66.613304	0.000000	0.000000	-0.741593
157.357758	168.724823	66.613304	0.000000	0.000000	3.058407
157.357758	168.724823	66.613304	0.000000	0.000000	3.058407
157.357758	168.724823	66.613304	0.000000	0.000000	3.058407
194.443222	104.490929	60.124191	0.000000	0.000000	3.058407
157.357758	-8.924410	51.071011	0.000000	0.000000	3.058407
-38.654732	116.203430	66.613304	0.000000	0.000000	-0.141593
46.493801	198.430725	66.613304	0.000000	0.000000	-0.741593
157.357758	168.724823	66.613304	0.000000	0.000000	3.058407
157.357758	168.724823	66.613304	0.000000	0.000000	3.058407
157.357758	168.724823	66.613304	0.000000	0.000000	3.058407
194.443222	104.490929	60.124191	0.000000	0.000000	3.058407
157.357758	-8.924410	51.071011	0.000000	0.000000	3.058407
-38.654732	116.203430	66.613304	0.000000	0.000000	-0.141593
46.493801	198.430725	66.613304	0.000000	0.000000	-0.741593
157.357758	168.724823	66.613304	0.000000	0.000000	3.058407
157.357758	168.724823	66.613304	0.000000	0.000000	3.058407
