87.390800	92.978882	-43.375679	0	-0	-1	-4.371139e-08
87.666573	92.365677	-43.062469	0	0	-0.69670669	0.71735611
87.106445	93.614326	-43.718853	0	0	-0.99500417	0.099833397
87.933388	91.773102	-42.800327	0	0	-0.69670669	0.71735611
86.816017	94.244797	-44.160236	0	0	-0.69670669	0.71735611
88.192955	91.213562	-42.435909	0	0	-0.69670669	0.71735611
86.507950	94.912743	-44.481178	0	-0	-1	-4.371139e-08
86.168854	95.491478	-44.864151	0	-0	-1	-4.371139e-08
86.880112	92.880150	-47.109543	0	0	-0.69670669	0.71735611
88.697624	89.709244	-44.939178	0	0	0.99913515	0.041580682
85.637604	96.283928	-45.374756	0	-0	-1	-4.371139e-08
84.942337	96.262177	-45.893337	0	-0	-1	-4.371139e-08
84.232224	96.709427	-48.492233	0	-0	-1	-4.371139e-08
91.119751	90.825974	-37.226334	0	0	-0.69670669	0.71735611
91.112679	90.376068	-37.379559	0	0	0.99913515	0.041580682
91.135712	91.288025	-37.074249	0	0	-0.69670669	0.71735611
91.186363	91.721581	-36.953171	0	0	-0.98006658	0.19866933
91.122574	89.931824	-37.541092	0	0	0.99913515	0.041580682
91.090103	89.540894	-37.658268	0	-0	-1	-4.371139e-08
91.180054	92.215309	-36.776493	0	0	-0.98006658	0.19866933
91.353889	92.597733	-36.748016	0	0	-0.99500417	0.099833397
92.240311	89.785439	-38.270134	0	0	-0.69670669	0.71735611
91.162903	92.608162	-36.628551	0	0	-0.95533648	0.29552023
90.767586	92.898964	-36.287018	0	0	0.99913515	0.041580682
91.083389	93.139801	-36.394203	0	0	-0.95533648	0.29552023
92.274529	87.644112	-39.040569	0	0	0.99913515	0.041580682
93.344566	88.625145	-38.972431	0	0	0.99913515	0.041580682
89.112892	84.393463	-44.990387	0	0	-0.98006658	0.19866933
90.195663	85.476242	-48.200813	0	0	-0.92106097	0.38941839
99.439240	94.719810	-27.634615	0	0	0.99913515	0.041580682
99.607132	73.899223	-44.990387	0	0	0.99913515	0.041580682
104.860298	74.282722	-51.350422	0	0	-0.76484218	0.64421769
97.932640	93.213219	-18.407200	0	0	-0.82533563	0.56464246
88.922607	84.203186	-74.828255	0	0	-0.76484218	0.64421769
90.623398	82.502403	-74.828255	0	0	-0.76484218	0.64421769
119.343254	56.328648	-48.200813	0	0	-0.82533563	0.56464246
111.565765	51.106617	-15.484166	0	0	-0.95533648	0.29552023
111.507072	51.072727	-15.484166	0	0	-0.98006658	0.19866933
111.627655	51.142345	-15.484166	0	0	-0.95533648	0.29552023
111.450584	51.040115	-15.484166	0	0	-0.98006658	0.19866933
111.681992	51.173717	-15.484166	0	0	-0.95533648	0.29552023
111.682838	51.174206	-15.484166	0	0	-0.98006658	0.19866933
111.402977	51.012630	-15.484166	0	0	-0.98006658	0.19866933
111.737289	51.205647	-15.484166	0	0	-0.95533648	0.29552023
111.741020	51.207798	-15.484166	0	0	-0.98006658	0.19866933
111.151123	50.867222	-15.484166	0	0	-0.95533648	0.29552023
111.139999	50.860798	-15.484166	0	0	-0.98006658	0.19866933
111.130089	50.855076	-15.484166	0	0	-0.92106097	0.38941839
110.812202	50.671547	-15.484166	0	0	-0.98006658	0.19866933
112.466278	51.626530	-15.484166	0	0	-0.99500417	0.099833397
110.759697	47.625305	-17.313017	0	0	-0.92106097	0.38941839
134.225739	47.743973	-38.972431	0	0	-0.82533563	0.56464246
127.133385	42.835743	-25.949886	0	0	-0.82533563	0.56464246
137.400925	42.244400	-29.903177	0	0	-0.82533563	0.56464246
145.212494	45.933361	-18.407200	0	0	0.97095818	0.23924928
166.664215	34.582054	-27.634615	0	0	-0.87758258	0.4794255
169.258316	24.900732	-27.634615	0	0	-0.87758258	0.4794255
87.390800	-17.052525	-14.942194	0	-0	-1	-4.371139e-08
87.666573	-17.052525	-14.942194	0	-0	-1	-4.371139e-08
87.106445	-17.052525	-14.942194	0	-0	-1	-4.371139e-08
86.880112	-17.052525	-14.942194	0	0	0.99913515	0.041580682
87.933388	-17.052525	-14.942194	0	-0	-1	-4.371139e-08
86.816017	-17.052525	-14.942194	0	-0	-1	-4.371139e-08
88.192955	-17.052525	-14.942194	0	-0	-1	-4.371139e-08
86.507950	-17.052525	-14.942194	0	-0	-1	-4.371139e-08
86.168854	-17.052525	-14.942194	0	-0	-1	-4.371139e-08
88.697624	-17.052525	-14.942194	0	0	-0.99500417	0.099833397
85.637604	-17.052525	-14.942194	0	-0	-1	-4.371139e-08
84.942337	-17.052525	-14.942194	0	-0	-1	-4.371139e-08
84.232224	-17.052525	-14.942194	0	-0	-1	-4.371139e-08
90.623398	-17.052525	-14.942194	0	0	-0.99500417	0.099833397
99.607132	-17.052525	-14.942194	0	-0	-1	-4.371139e-08
102.811470	98.092049	70.327454	0	0	0.99913515	0.041580682
119.343254	-17.052525	-14.942194	0	0	0.99913515	0.041580682
134.225739	-17.052525	-14.942194	0	0	-0.99500417	0.099833397
145.212494	-17.052525	-14.942194	0	0	-0.98006658	0.19866933
2.624348	25.063875	34.791477	0	0	-0.45359611	0.89120736
2.642245	25.130669	34.868919	0	0	-0.45359611	0.89120736
2.604810	24.990959	34.706936	0	0	-0.45359611	0.89120736
2.646782	25.147600	34.888550	0	0	-0.45359611	0.89120736
2.591988	24.943108	34.651459	0	0	-0.45359611	0.89120736
2.580726	24.901077	34.602726	0	0	-0.45359611	0.89120736
2.670437	25.235882	34.990906	0	0	0	1
2.675300	25.254030	35.011944	0	0	-0.45359611	0.89120736
2.573244	24.873152	34.570351	0	0	-0.45359611	0.89120736
2.681743	25.278078	35.039825	0	0	0	1
2.335616	23.986313	33.542137	0	0	-0.54030229	0.84147099
2.286311	23.802307	33.328796	0	0	-0.36235775	0.93203909
2.118107	23.174559	32.600975	0	0	-0.45359611	0.89120736
2.099524	23.105206	32.520569	0	0	0.99913515	0.041580682
0.663734	17.746767	26.307917	0	0	0	1
-0.434432	13.648354	21.556158	0	0	-0.76484218	0.64421769
-0.468931	13.519603	21.406883	0	0	-0.76484218	0.64421769
-1.111236	11.122487	18.627634	0	0	-0.54030229	0.84147099
-2.485779	5.992623	12.679997	0	0	0	1
169.258316	-17.052525	-14.942194	0	0	0.90407214	0.42737988
16.036669	-30.610104	-14.659256	0	0	0.97095818	0.23924928
15.696403	-30.413652	-14.659256	0	0	0.97095818	0.23924928
16.509022	-30.882818	-14.659256	0	0	0.97095818	0.23924928
15.548240	-30.328110	-14.659256	0	0	0.97095818	0.23924928
16.965723	-31.146494	-14.659256	0	0	0.97095818	0.23924928
15.057419	-30.044735	-14.659256	0	0	0.97095818	0.23924928
17.402687	-31.398775	-14.659256	0	0	0.97095818	0.23924928
14.537142	-29.744352	-14.659256	0	0	0.97095818	0.23924928
14.032220	-29.452835	-14.659256	0	0	0.97095818	0.23924928
18.432579	-31.993383	-14.659256	0	0	0.97095818	0.23924928
13.290640	-29.024683	-14.659256	0	0	0.97095818	0.23924928
12.778610	-28.729063	-14.659256	0	0	0.97095818	0.23924928
12.052360	-28.309763	-14.659256	0	0	0.97095818	0.23924928
22.997561	-34.628979	-14.659256	0	0	0.97095818	0.23924928
33.460648	-40.669842	-14.659256	0	0	0.97095818	0.23924928
-5.317663	-21.546629	-14.659256	0	0	0.94222235	0.33498812
-5.317663	-21.546629	-14.659256	0	0	0.94222235	0.33498812
-5.317663	-21.546629	-14.659256	0	0	0.90407214	0.42737988
-5.317663	-21.546629	-14.659256	0	0	0.94222235	0.33498812
-5.317663	-21.546629	-14.659256	0	0	0.94222235	0.33498812
-5.317663	-21.546629	-14.659256	0	0	0.94222235	0.33498812
-5.317663	-21.546629	-14.659256	0	0	0.85688874	0.51550139
-5.317663	-21.546629	-14.659256	0	0	0.94222235	0.33498812
-5.317663	-21.546629	-14.659256	0	0	0.94222235	0.33498812
-5.317663	-21.546629	-14.659256	0	0	0.94222235	0.33498812
-5.317663	-21.546629	-14.659256	0	0	0.94222235	0.33498812
-5.317663	-21.546629	-14.659256	0	0	0.94222235	0.33498812
-5.317663	-21.546629	-14.659256	0	0	0.94222235	0.33498812
-5.317663	-21.546629	-14.659256	0	0	0.94222235	0.33498812
-5.317663	-21.546629	-14.659256	0	0	0.94222235	0.33498812
-5.317663	-21.546629	-14.659256	0	0	0.94222235	0.33498812
55.871021	-53.608479	-14.659256	0	0	0.94222235	0.33498812
4.801465	33.188988	70.327454	0	0	-0.26749883	0.96355818
-0.435522	-30.002745	-14.659256	0	0	0.94222235	0.33498812
3.095187	-36.118111	-14.659256	0	0	0.90407214	0.42737988
70.750160	-62.198956	-14.659256	0	0	0.99913515	0.041580682
79.774246	-67.409012	-14.659256	0	0	0.98999249	0.14112005
208.024170	45.664421	70.327454	0	0	0.99913515	0.041580682
18.214037	-62.304726	-14.659256	0	0	0.94222235	0.33498812
106.916008	-83.079315	-14.659256	0	0	0.98999249	0.14112005
227.344849	-26.441334	70.327454	0	0	0.99913515	0.041580682
49.886528	-128.896942	52.400043	0	0	0.99913515	0.041580682
169.438217	-126.738564	60.195107	0	0	0.99913515	0.041580682
