46.077156	-9.114572	246.687958	-2.341593	30.602943	12.235696	244.708313
30.602943	12.235696	244.708313	-1.541593	5.907538	15.225685	244.331116
5.907538	15.225685	244.331116	-1.341593	-10.561146	1.049746	245.657440
-10.561146	1.049746	245.657440	0.000000	-50.551792	2.739748	244.572098
-50.551792	2.739748	244.572098	-1.141593	-80.868492	-33.321945	244.940048
-80.868492	-33.321945	244.940048	1.258407	-70.519478	-77.607826	246.883636
-70.519478	-77.607826	246.883636	1.858407	-31.948521	-93.649750	249.882095
-31.948521	-93.649750	249.882095	2.058407	-4.163099	-77.607826	252.689072
-4.163099	-77.607826	252.689072	2.258407	9.531836	-73.938278	252.689072
9.531836	-73.938278	252.689072	2.458407	23.312719	-50.132008	252.689072
23.312719	-50.132008	252.689072	2.258407	41.040302	-34.722340	249.739624
41.040302	-34.722340	249.739624	2.458407	0.000000	0.000000	0.000000
46.077156	-9.114572	246.687958	-2.341593	30.602943	12.235696	244.708313
30.602943	12.235696	244.708313	-1.541593	5.907538	15.225685	244.331116
5.907538	15.225685	244.331116	-1.341593	-10.561146	1.049746	245.657440
-10.561146	1.049746	245.657440	0.000000	-50.551792	2.739748	244.572098
-50.551792	2.739748	244.572098	-1.141593	-80.868492	-33.321945	244.940048
-80.868492	-33.321945	244.940048	1.258407	-70.519478	-77.607826	246.883636
-70.519478	-77.607826	246.883636	1.858407	-31.948521	-93.649750	249.882095
-31.948521	-93.649750	249.882095	2.058407	-4.163099	-77.607826	252.689072
-4.163099	-77.607826	252.689072	2.258407	9.531836	-73.938278	252.689072
9.531836	-73.938278	252.689072	2.458407	23.312719	-50.132008	252.689072
23.312719	-50.132008	252.689072	2.258407	41.040302	-34.722340	249.739624
41.040302	-34.722340	249.739624	2.458407	0.000000	0.000000	0.000000
46.077156	-9.114572	246.687958	-2.341593	30.602943	12.235696	244.708313
30.602943	12.235696	244.708313	-1.541593	5.907538	15.225685	244.331116
5.907538	15.225685	244.331116	-1.341593	-10.561146	1.049746	245.657440
-10.561146	1.049746	245.657440	0.000000	-50.551792	2.739748	244.572098
-50.551792	2.739748	244.572098	-1.141593	-80.868492	-33.321945	244.940048
-80.868492	-33.321945	244.940048	1.258407	-70.519478	-77.607826	246.883636
-70.519478	-77.607826	246.883636	1.858407	-31.948521	-93.649750	249.882095
-31.948521	-93.649750	249.882095	2.058407	-4.163099	-77.607826	252.689072
-4.163099	-77.607826	252.689072	2.258407	9.531836	-73.938278	252.689072
9.531836	-73.938278	252.689072	2.458407	23.312719	-50.132008	252.689072
23.312719	-50.132008	252.689072	2.258407	41.040302	-34.722340	249.739624
41.040302	-34.722340	249.739624	2.458407	0.000000	0.000000	0.000000
46.077156	-9.114572	246.687958	-2.341593	30.602943	12.235696	244.708313
30.602943	12.235696	244.708313	-1.541593	5.907538	15.225685	244.331116
5.907538	15.225685	244.331116	-1.341593	-10.561146	1.049746	245.657440
-10.561146	1.049746	245.657440	0.000000	-50.551792	2.739748	244.572098
-50.551792	2.739748	244.572098	-1.141593	-80.868492	-33.321945	244.940048
-80.868492	-33.321945	244.940048	1.258407	-70.519478	-77.607826	246.883636
-70.519478	-77.607826	246.883636	1.858407	-31.948521	-93.649750	249.882095
-31.948521	-93.649750	249.882095	2.058407	-4.163099	-77.607826	252.689072
-4.163099	-77.607826	252.689072	2.258407	9.531836	-73.938278	252.689072
9.531836	-73.938278	252.689072	2.458407	23.312719	-50.132008	252.689072
23.312719	-50.132008	252.689072	2.258407	41.040302	-34.722340	249.739624
41.040302	-34.722340	249.739624	2.458407	0.000000	0.000000	0.000000
46.077156	-9.114572	246.687958	-2.341593	30.602943	12.235696	244.708313
30.602943	12.235696	244.708313	-1.541593	5.907538	15.225685	244.331116
5.907538	15.225685	244.331116	-1.341593	-10.561146	1.049746	245.657440
-10.561146	1.049746	245.657440	0.000000	-50.551792	2.739748	244.572098
-50.551792	2.739748	244.572098	-1.141593	-80.868492	-33.321945	244.940048
-80.868492	-33.321945	244.940048	1.258407	-70.519478	-77.607826	246.883636
-70.519478	-77.607826	246.883636	1.858407	-31.948521	-93.649750	249.882095
-31.948521	-93.649750	249.882095	2.058407	-4.163099	-77.607826	252.689072
-4.163099	-77.607826	252.689072	2.258407	9.531836	-73.938278	252.689072
9.531836	-73.938278	252.689072	2.458407	23.312719	-50.132008	252.689072
23.312719	-50.132008	252.689072	2.258407	41.040302	-34.722340	249.739624
41.040302	-34.722340	249.739624	2.458407	0.000000	0.000000	0.000000
46.077156	-9.114572	246.687958	-2.341593	30.602943	12.235696	244.708313
30.602943	12.235696	244.708313	-1.541593	5.907538	15.225685	244.331116
5.907538	15.225685	244.331116	-1.341593	-10.561146	1.049746	245.657440
-10.561146	1.049746	245.657440	0.000000	-50.551792	2.739748	244.572098
-50.551792	2.739748	244.572098	-1.141593	-80.868492	-33.321945	244.940048
-80.868492	-33.321945	244.940048	1.258407	-70.519478	-77.607826	246.883636
-70.519478	-77.607826	246.883636	1.858407	-31.948521	-93.649750	249.882095
-31.948521	-93.649750	249.882095	2.058407	-4.163099	-77.607826	252.689072
-4.163099	-77.607826	252.689072	2.258407	9.531836	-73.938278	252.689072
9.531836	-73.938278	252.689072	2.458407	23.312719	-50.132008	252.689072
23.312719	-50.132008	252.689072	2.258407	41.040302	-34.722340	249.739624
41.040302	-34.722340	249.739624	2.458407	0.000000	0.000000	0.000000
46.077156	-9.114572	246.687958	-2.341593	30.602943	12.235696	244.708313
30.602943	12.235696	244.708313	-1.541593	5.907538	15.225685	244.331116
5.907538	15.225685	244.331116	-1.341593	-10.561146	1.049746	245.657440
-10.561146	1.049746	245.657440	0.000000	-50.551792	2.739748	244.572098
-50.551792	2.739748	244.572098	-1.141593	-80.868492	-33.321945	244.940048
-80.868492	-33.321945	244.940048	1.258407	-70.519478	-77.607826	246.883636
-70.519478	-77.607826	246.883636	1.858407	-31.948521	-93.649750	249.882095
-31.948521	-93.649750	249.882095	2.058407	-4.163099	-77.607826	252.689072
-4.163099	-77.607826	252.689072	2.258407	9.531836	-73.938278	252.689072
9.531836	-73.938278	252.689072	2.458407	23.312719	-50.132008	252.689072
23.312719	-50.132008	252.689072	2.258407	41.040302	-34.722340	249.739624
41.040302	-34.722340	249.739624	2.458407	0.000000	0.000000	0.000000
46.077156	-9.114572	246.687958	-2.341593	30.602943	12.235696	244.708313
30.602943	12.235696	244.708313	-1.541593	5.907538	15.225685	244.331116
5.907538	15.225685	244.331116	-1.341593	-10.561146	1.049746	245.657440
-10.561146	1.049746	245.657440	0.000000	-50.551792	2.739748	244.572098
-50.551792	2.739748	244.572098	-1.141593	-80.868492	-33.321945	244.940048
-80.868492	-33.321945	244.940048	1.258407	-70.519478	-77.607826	246.883636
-70.519478	-77.607826	246.883636	1.858407	-31.948521	-93.649750	249.882095
-31.948521	-93.649750	249.882095	2.058407	-4.163099	-77.607826	252.689072
-4.163099	-77.607826	252.689072	2.258407	9.531836	-73.938278	252.689072
9.531836	-73.938278	252.689072	2.458407	23.312719	-50.132008	252.689072
23.312719	-50.132008	252.689072	2.258407	41.040302	-34.722340	249.739624
41.040302	-34.722340	249.739624	2.458407	0.000000	0.000000	0.000000
46.077156	-9.114572	246.687958	-2.341593	30.602943	12.235696	244.708313
30.602943	12.235696	244.708313	-1.541593	5.907538	15.225685	244.331116
5.907538	15.225685	244.331116	-1.341593	-10.561146	1.049746	245.657440
-10.561146	1.049746	245.657440	0.000000	-50.551792	2.739748	244.572098
-50.551792	2.739748	244.572098	-1.141593	-80.868492	-33.321945	244.940048
-80.868492	-33.321945	244.940048	1.258407	-70.519478	-77.607826	246.883636
-70.519478	-77.607826	246.883636	1.858407	-31.948521	-93.649750	249.882095
-31.948521	-93.649750	249.882095	2.058407	-4.163099	-77.607826	252.689072
-4.163099	-77.607826	252.689072	2.258407	9.531836	-73.938278	252.689072
9.531836	-73.938278	252.689072	2.458407	23.312719	-50.132008	252.689072
23.312719	-50.132008	252.689072	2.258407	41.040302	-34.722340	249.739624
41.040302	-34.722340	249.739624	2.458407	0.000000	0.000000	0.000000
46.077156	-9.114572	246.687958	-2.341593	30.602943	12.235696	244.708313
30.602943	12.235696	244.708313	-1.541593	5.907538	15.225685	244.331116
5.907538	15.225685	244.331116	-1.341593	-10.561146	1.049746	245.657440
-10.561146	1.049746	245.657440	0.000000	-50.551792	2.739748	244.572098
-50.551792	2.739748	244.572098	-1.141593	-80.868492	-33.321945	244.940048
-80.868492	-33.321945	244.940048	1.258407	-70.519478	-77.607826	246.883636
-70.519478	-77.607826	246.883636	1.858407	-31.948521	-93.649750	249.882095
-31.948521	-93.649750	249.882095	2.058407	-4.163099	-77.607826	252.689072
-4.163099	-77.607826	252.689072	2.258407	9.531836	-73.938278	252.689072
9.531836	-73.938278	252.689072	2.458407	23.312719	-50.132008	252.689072
23.312719	-50.132008	252.689072	2.258407	41.040302	-34.722340	249.739624
41.040302	-34.722340	249.739624	2.458407	0.000000	0.000000	0.000000
46.077156	-9.114572	246.687958	-2.341593	30.602943	12.235696	244.708313
30.602943	12.235696	244.708313	-1.541593	5.907538	15.225685	244.331116
5.907538	15.225685	244.331116	-1.341593	-10.561146	1.049746	245.657440
-10.561146	1.049746	245.657440	0.000000	-50.551792	2.739748	244.572098
-50.551792	2.739748	244.572098	-1.141593	-80.868492	-33.321945	244.940048
-80.868492	-33.321945	244.940048	1.258407	-70.519478	-77.607826	246.883636
-70.519478	-77.607826	246.883636	1.858407	-31.948521	-93.649750	249.882095
-31.948521	-93.649750	249.882095	2.058407	-4.163099	-77.607826	252.689072
-4.163099	-77.607826	252.689072	2.258407	9.531836	-73.938278	252.689072
9.531836	-73.938278	252.689072	2.458407	23.312719	-50.132008	252.689072
23.312719	-50.132008	252.689072	2.258407	41.040302	-34.722340	249.739624
41.040302	-34.722340	249.739624	2.458407	0.000000	0.000000	0.000000
46.077156	-9.114572	246.687958	-2.341593	30.602943	12.235696	244.708313
30.602943	12.235696	244.708313	-1.541593	5.907538	15.225685	244.331116
5.907538	15.225685	244.331116	-1.341593	-10.561146	1.049746	245.657440
-10.561146	1.049746	245.657440	0.000000	-50.551792	2.739748	244.572098
-50.551792	2.739748	244.572098	-1.141593	-80.868492	-33.321945	244.940048
-80.868492	-33.321945	244.940048	1.258407	-70.519478	-77.607826	246.883636
-70.519478	-77.607826	246.883636	1.858407	-31.948521	-93.649750	249.882095
-31.948521	-93.649750	249.882095	2.058407	-4.163099	-77.607826	252.689072
-4.163099	-77.607826	252.689072	2.258407	9.531836	-73.938278	252.689072
9.531836	-73.938278	252.689072	2.458407	23.312719	-50.132008	252.689072
23.312719	-50.132008	252.689072	2.258407	41.040302	-34.722340	249.739624
41.040302	-34.722340	249.739624	2.458407	0.000000	0.000000	0.000000
46.077156	-9.114572	246.687958	-2.341593	30.602943	12.235696	244.708313
30.602943	12.235696	244.708313	-1.541593	5.907538	15.225685	244.331116
5.907538	15.225685	244.331116	-1.341593	-10.561146	1.049746	245.657440
-10.561146	1.049746	245.657440	0.000000	-50.551792	2.739748	244.572098
-50.551792	2.739748	244.572098	-1.141593	-80.868492	-33.321945	244.940048
-80.868492	-33.321945	244.940048	1.258407	-70.519478	-77.607826	246.883636
-70.519478	-77.607826	246.883636	1.858407	-31.948521	-93.649750	249.882095
-31.948521	-93.649750	249.882095	2.058407	-4.163099	-77.607826	252.689072
-4.163099	-77.607826	252.689072	2.258407	9.531836	-73.938278	252.689072
9.531836	-73.938278	252.689072	2.458407	23.312719	-50.132008	252.689072
23.312719	-50.132008	252.689072	2.258407	41.040302	-34.722340	249.739624
41.040302	-34.722340	249.739624	2.458407	0.000000	0.000000	0.000000
46.077156	-9.114572	246.687958	-2.341593	30.602943	12.235696	244.708313
30.602943	12.235696	244.708313	-1.541593	5.907538	15.225685	244.331116
5.907538	15.225685	244.331116	-1.341593	-10.561146	1.049746	245.657440
-10.561146	1.049746	245.657440	0.000000	-50.551792	2.739748	244.572098
-50.551792	2.739748	244.572098	-1.141593	-80.868492	-33.321945	244.940048
-80.868492	-33.321945	244.940048	1.258407	-70.519478	-77.607826	246.883636
-70.519478	-77.607826	246.883636	1.858407	-31.948521	-93.649750	249.882095
-31.948521	-93.649750	249.882095	2.058407	-4.163099	-77.607826	252.689072
-4.163099	-77.607826	252.689072	2.258407	9.531836	-73.938278	252.689072
9.531836	-73.938278	252.689072	2.458407	23.312719	-50.132008	252.689072
23.312719	-50.132008	252.689072	2.258407	41.040302	-34.722340	249.739624
41.040302	-34.722340	249.739624	2.458407	0.000000	0.000000	0.000000
46.077156	-9.114572	246.687958	-2.341593	30.602943	12.235696	244.708313
30.602943	12.235696	244.708313	-1.541593	5.907538	15.225685	244.331116
5.907538	15.225685	244.331116	-1.341593	-10.561146	1.049746	245.657440
-10.561146	1.049746	245.657440	0.000000	-50.551792	2.739748	244.572098
-50.551792	2.739748	244.572098	-1.141593	-80.868492	-33.321945	244.940048
-80.868492	-33.321945	244.940048	1.258407	-70.519478	-77.607826	246.883636
-70.519478	-77.607826	246.883636	1.858407	-31.948521	-93.649750	249.882095
-31.948521	-93.649750	249.882095	2.058407	-4.163099	-77.607826	252.689072
-4.163099	-77.607826	252.689072	2.258407	9.531836	-73.938278	252.689072
9.531836	-73.938278	252.689072	2.458407	23.312719	-50.132008	252.689072
23.312719	-50.132008	252.689072	2.258407	41.040302	-34.722340	249.739624
41.040302	-34.722340	249.739624	2.458407	0.000000	0.000000	0.000000
46.077156	-9.114572	246.687958	-2.341593	30.602943	12.235696	244.708313
30.602943	12.235696	244.708313	-1.541593	5.907538	15.225685	244.331116
5.907538	15.225685	244.331116	-1.341593	-10.561146	1.049746	245.657440
-10.561146	1.049746	245.657440	0.000000	-50.551792	2.739748	244.572098
-50.551792	2.739748	244.572098	-1.141593	-80.868492	-33.321945	244.940048
-80.868492	-33.321945	244.940048	1.258407	-70.519478	-77.607826	246.883636
-70.519478	-77.607826	246.883636	1.858407	-31.948521	-93.649750	249.882095
-31.948521	-93.649750	249.882095	2.058407	-4.163099	-77.607826	252.689072
-4.163099	-77.607826	252.689072	2.258407	9.531836	-73.938278	252.689072
9.531836	-73.938278	252.689072	2.458407	23.312719	-50.132008	252.689072
23.312719	-50.132008	252.689072	2.258407	41.040302	-34.722340	249.739624
41.040302	-34.722340	249.739624	2.458407	0.000000	0.000000	0.000000
46.077156	-9.114572	246.687958	-2.341593	30.602943	12.235696	244.708313
30.602943	12.235696	244.708313	-1.541593	5.907538	15.225685	244.331116
5.907538	15.225685	244.331116	-1.341593	-10.561146	1.049746	245.657440
-10.561146	1.049746	245.657440	0.000000	-50.551792	2.739748	244.572098
-50.551792	2.739748	244.572098	-1.141593	-80.868492	-33.321945	244.940048
-80.868492	-33.321945	244.940048	1.258407	-70.519478	-77.607826	246.883636
-70.519478	-77.607826	246.883636	1.858407	-31.948521	-93.649750	249.882095
-31.948521	-93.649750	249.882095	2.058407	-4.163099	-77.607826	252.689072
-4.163099	-77.607826	252.689072	2.258407	9.531836	-73.938278	252.689072
9.531836	-73.938278	252.689072	2.458407	23.312719	-50.132008	252.689072
23.312719	-50.132008	252.689072	2.258407	41.040302	-34.722340	249.739624
41.040302	-34.722340	249.739624	2.458407	0.000000	0.000000	0.000000
46.077156	-9.114572	246.687958	-2.341593	30.602943	12.235696	244.708313
30.602943	12.235696	244.708313	-1.541593	5.907538	15.225685	244.331116
5.907538	15.225685	244.331116	-1.341593	-10.561146	1.049746	245.657440
-10.561146	1.049746	245.657440	0.000000	-50.551792	2.739748	244.572098
-50.551792	2.739748	244.572098	-1.141593	-80.868492	-33.321945	244.940048
-80.868492	-33.321945	244.940048	1.258407	-70.519478	-77.607826	246.883636
-70.519478	-77.607826	246.883636	1.858407	-31.948521	-93.649750	249.882095
-31.948521	-93.649750	249.882095	2.058407	-4.163099	-77.607826	252.689072
-4.163099	-77.607826	252.689072	2.258407	9.531836	-73.938278	252.689072
9.531836	-73.938278	252.689072	2.458407	23.312719	-50.132008	252.689072
23.312719	-50.132008	252.689072	2.258407	41.040302	-34.722340	249.739624
41.040302	-34.722340	249.739624	2.458407	0.000000	0.000000	0.000000
46.077156	-9.114572	246.687958	-2.341593	30.602943	12.235696	244.708313
30.602943	12.235696	244.708313	-1.541593	5.907538	15.225685	244.331116
5.907538	15.225685	244.331116	-1.341593	-10.561146	1.049746	245.657440
-10.561146	1.049746	245.657440	0.000000	-50.551792	2.739748	244.572098
-50.551792	2.739748	244.572098	-1.141593	-80.868492	-33.321945	244.940048
-80.868492	-33.321945	244.940048	1.258407	-70.519478	-77.607826	246.883636
-70.519478	-77.607826	246.883636	1.858407	-31.948521	-93.649750	249.882095
-31.948521	-93.649750	249.882095	2.058407	-4.163099	-77.607826	252.689072
-4.163099	-77.607826	252.689072	2.258407	9.531836	-73.938278	252.689072
9.531836	-73.938278	252.689072	2.458407	23.312719	-50.132008	252.689072
23.312719	-50.132008	252.689072	2.258407	41.040302	-34.722340	249.739624
41.040302	-34.722340	249.739624	2.458407	0.000000	0.000000	0.000000
46.077156	-9.114572	246.687958	-2.341593	30.602943	12.235696	244.708313
30.602943	12.235696	244.708313	-1.541593	5.907538	15.225685	244.331116
5.907538	15.225685	244.331116	-1.341593	-10.561146	1.049746	245.657440
-10.561146	1.049746	245.657440	0.000000	-50.551792	2.739748	244.572098
-50.551792	2.739748	244.572098	-1.141593	-80.868492	-33.321945	244.940048
-80.868492	-33.321945	244.940048	1.258407	-70.519478	-77.607826	246.883636
-70.519478	-77.607826	246.883636	1.858407	-31.948521	-93.649750	249.882095
-31.948521	-93.649750	249.882095	2.058407	-4.163099	-77.607826	252.689072
-4.163099	-77.607826	252.689072	2.258407	9.531836	-73.938278	252.689072
9.531836	-73.938278	252.689072	2.458407	23.312719	-50.132008	252.689072
23.312719	-50.132008	252.689072	2.258407	41.040302	-34.722340	249.739624
41.040302	-34.722340	249.739624	2.458407	0.000000	0.000000	0.000000
