-0.638639	208.848831	67.004532	0.000000	0.000000	-0.541593
0.658048	208.028564	66.890411	0.000000	0.000000	-0.541593
1.944528	207.192062	66.776726	0.000000	0.000000	-0.541593
3.220600	206.339478	66.663467	0.000000	0.000000	-0.741593
4.486059	205.470901	66.550652	0.000000	0.000000	-0.741593
5.740708	204.586487	66.438278	0.000000	0.000000	-0.741593
6.984347	203.686371	66.326347	0.000000	0.000000	-0.741593
8.216782	202.770676	66.214867	0.000000	0.000000	-0.741593
9.437815	201.839569	66.103844	0.000000	0.000000	-0.741593
10.647253	200.893173	65.993279	0.000000	0.000000	-0.741593
11.844909	199.931641	65.883179	0.000000	0.000000	-0.741593
13.030589	198.955124	65.773552	0.000000	0.000000	-0.741593
14.204108	197.963760	65.664391	0.000000	0.000000	-0.741593
15.365280	196.957718	65.555710	0.000000	0.000000	-0.741593
16.513920	195.937134	65.447510	0.000000	0.000000	-0.741593
17.649849	194.902191	65.339790	0.000000	0.000000	-0.741593
18.772882	193.853027	65.232567	0.000000	0.000000	-0.741593
19.882847	192.789810	65.125839	0.000000	0.000000	-0.741593
20.979567	191.712692	65.019608	0.000000	0.000000	-0.741593
22.062864	190.621872	64.913879	0.000000	0.000000	-0.741593
23.132574	189.517487	64.808655	0.000000	0.000000	-0.741593
24.188520	188.399734	64.703941	0.000000	0.000000	-0.741593
25.230543	187.268753	64.599739	0.000000	0.000000	-0.741593
26.258471	186.124741	64.496063	0.000000	0.000000	-0.741593
27.272142	184.967880	64.392906	0.000000	0.000000	-0.741593
28.271395	183.798325	64.290276	0.000000	0.000000	-0.741593
29.256077	182.616287	64.188179	0.000000	0.000000	-0.741593
30.226023	181.421921	64.086624	0.000000	0.000000	-0.741593
31.181089	180.215424	63.985596	0.000000	0.000000	-0.741593
32.121117	178.996994	63.885117	0.000000	0.000000	-0.741593
33.045959	177.766800	63.785187	0.000000	0.000000	-0.741593
33.955471	176.525040	63.685806	0.000000	0.000000	-0.741593
34.849506	175.271912	63.586979	0.000000	0.000000	-0.741593
35.727921	174.007599	63.488712	0.000000	0.000000	-0.741593
36.590576	172.732315	63.391010	0.000000	0.000000	-0.741593
37.437340	171.446228	63.293873	0.000000	0.000000	-0.741593
38.268070	170.149567	63.197308	0.000000	0.000000	-0.941593
39.082642	168.842529	63.101315	0.000000	0.000000	-0.941593
39.880920	167.525299	63.005901	0.000000	0.000000	-0.941593
40.662785	166.198090	62.911068	0.000000	0.000000	-0.941593
41.428104	164.861099	62.816822	0.000000	0.000000	-0.941593
42.176758	163.514557	62.723164	0.000000	0.000000	-0.941593
42.908627	162.158661	62.630100	0.000000	0.000000	-0.941593
43.623596	160.793625	62.537636	0.000000	0.000000	-0.941593
44.321552	159.419632	62.445766	0.000000	0.000000	-0.941593
45.002384	158.036942	62.354507	0.000000	0.000000	-0.941593
45.665981	156.645737	62.263851	0.000000	0.000000	-0.941593
46.312241	155.246246	62.173809	0.000000	0.000000	-0.941593
46.941051	153.838684	62.084381	0.000000	0.000000	-0.941593
47.552322	152.423264	61.995571	0.000000	0.000000	-0.941593
48.145954	151.000198	61.907379	0.000000	0.000000	-0.941593
48.721844	149.569748	61.819817	0.000000	0.000000	-0.941593
49.279911	148.132080	61.732883	0.000000	0.000000	-0.941593
49.820057	146.687469	61.646580	0.000000	0.000000	-0.941593
50.342197	145.236099	61.560917	0.000000	0.000000	-0.941593
50.846252	143.778214	61.475887	0.000000	0.000000	-0.941593
51.332138	142.314041	61.391502	0.000000	0.000000	-0.941593
51.799778	140.843811	61.307762	0.000000	0.000000	-0.941593
52.249092	139.367752	61.224674	0.000000	0.000000	-0.941593
52.680012	137.886078	61.142235	0.000000	0.000000	-0.941593
53.092472	136.399017	61.060452	0.000000	0.000000	-0.941593
53.486401	134.906830	60.979328	0.000000	0.000000	-0.941593
53.861732	133.409729	60.898865	0.000000	0.000000	-0.941593
54.218410	131.907959	60.819069	0.000000	0.000000	-0.941593
54.556377	130.401733	60.739941	0.000000	0.000000	-0.941593
54.875572	128.891296	60.661484	0.000000	0.000000	-0.941593
55.175949	127.376900	60.583702	0.000000	0.000000	-0.941593
55.457462	125.858742	60.506596	0.000000	0.000000	-0.941593
55.720055	124.337097	60.430172	0.000000	0.000000	-0.941593
55.963692	122.812180	60.354435	0.000000	0.000000	-0.941593
56.188332	121.284233	60.279377	0.000000	0.000000	-1.141593
56.393936	119.753494	60.205013	0.000000	0.000000	-1.141593
56.580471	118.220215	60.131344	0.000000	0.000000	-1.141593
56.747910	116.684608	60.058365	0.000000	0.000000	-1.141593
56.896217	115.146919	59.986088	0.000000	0.000000	-1.141593
57.025372	113.607407	59.914513	0.000000	0.000000	-1.141593
57.135349	112.066299	59.843639	0.000000	0.000000	-1.141593
57.226131	110.523834	59.773472	0.000000	0.000000	-1.141593
57.297703	108.980247	59.704018	0.000000	0.000000	3.058407
57.350052	107.435791	59.635273	0.000000	0.000000	3.058407
57.383167	105.890694	59.567242	0.000000	0.000000	3.058407
57.397041	104.345207	59.499931	0.000000	0.000000	3.058407
57.391670	102.799568	59.433342	0.000000	0.000000	3.058407
57.367050	101.254005	59.367474	0.000000	0.000000	3.058407
57.323189	99.708786	59.302330	0.000000	0.000000	3.058407
57.260086	98.164124	59.237915	0.000000	0.000000	3.058407
57.177753	96.620285	59.174232	0.000000	0.000000	3.058407
57.076199	95.077477	59.111282	0.000000	0.000000	3.058407
56.955441	93.535957	59.049068	0.000000	0.000000	3.058407
56.815491	91.995987	58.987591	0.000000	0.000000	3.058407
56.656372	90.457771	58.926853	0.000000	0.000000	3.058407
56.478107	88.921577	58.866863	0.000000	0.000000	3.058407
56.280724	87.387619	58.807613	0.000000	0.000000	3.058407
56.064251	85.856171	58.749115	0.000000	0.000000	3.058407
55.828712	84.327423	58.691364	0.000000	0.000000	3.058407
55.574158	82.801651	58.634369	0.000000	0.000000	3.058407
55.300613	81.279083	58.578125	0.000000	0.000000	3.058407
55.008125	79.759964	58.522636	0.000000	0.000000	3.058407
54.696732	78.244499	58.467911	0.000000	0.000000	3.058407
54.366486	76.732956	58.413944	0.000000	0.000000	3.058407
54.017441	75.225578	58.360741	0.000000	0.000000	3.058407
53.649643	73.722580	58.308304	0.000000	0.000000	3.058407
53.263145	72.224182	58.256634	0.000000	0.000000	3.058407
52.858017	70.730644	58.205734	0.000000	0.000000	3.058407
52.434307	69.242188	58.155605	0.000000	0.000000	3.058407
51.992092	67.759041	58.106247	0.000000	0.000000	3.058407
51.531433	66.281456	58.057667	0.000000	0.000000	3.058407
51.052399	64.809647	58.009865	0.000000	0.000000	3.058407
50.555069	63.343845	57.962841	0.000000	0.000000	3.058407
50.039516	61.884277	57.916599	0.000000	0.000000	3.058407
49.505814	60.431160	57.871140	0.000000	0.000000	3.058407
48.954056	58.984749	57.826462	0.000000	0.000000	3.058407
48.384312	57.545238	57.782574	0.000000	0.000000	3.058407
47.796684	56.112877	57.739471	0.000000	0.000000	3.058407
47.191257	54.687885	57.697163	0.000000	0.000000	3.058407
46.568119	53.270462	57.655643	0.000000	0.000000	3.058407
45.927364	51.860844	57.614918	0.000000	0.000000	3.058407
45.269104	50.459259	57.574986	0.000000	0.000000	3.058407
44.874718	49.475636	56.709095	0.000000	0.000000	3.058407
44.680790	48.812847	55.143639	0.000000	0.000000	3.058407
44.445255	48.118393	53.570065	0.000000	0.000000	3.058407
44.166599	47.391838	51.990208	0.000000	0.000000	3.058407
43.843342	46.632820	50.406040	0.000000	0.000000	3.058407
43.474052	45.841057	48.819706	0.000000	0.000000	0.000000
43.057323	45.016327	47.233402	0.000000	0.000000	3.058407
42.591835	44.158504	45.649525	0.000000	0.000000	3.058407
42.076324	43.267578	44.070599	0.000000	0.000000	3.058407
41.509613	42.343586	42.499207	0.000000	0.000000	0.000000
40.890614	41.386711	40.938110	0.000000	0.000000	3.058407
40.218357	40.397243	39.390167	0.000000	0.000000	3.058407
39.491970	39.375565	37.858315	0.000000	0.000000	0.000000
38.710743	38.322220	36.345642	0.000000	0.000000	0.000000
37.874069	37.237846	34.855259	0.000000	0.000000	3.058407
36.981522	36.123219	33.390377	0.000000	0.000000	3.058407
36.032837	34.979267	31.954287	0.000000	0.000000	3.058407
35.027931	33.807053	30.550301	0.000000	0.000000	3.058407
33.966888	32.607758	29.181755	0.000000	0.000000	3.058407
32.849983	31.382698	27.851992	0.000000	0.000000	3.058407
31.677736	30.133377	26.564388	0.000000	0.000000	3.058407
30.450811	28.861364	25.322224	0.000000	0.000000	3.058407
29.170145	27.568420	24.128798	0.000000	0.000000	3.058407
27.836863	26.256405	22.987301	0.000000	0.000000	3.058407
37.768883	33.651619	24.438301	0.000000	0.000000	3.058407
59.414928	49.839947	27.811321	0.000000	0.000000	3.058407
121.759079	96.464989	37.526169	0.000000	0.000000	3.058407
-131.091782	-9.582456	244.386902	0.000000	0.000000	1.458407
-66.934731	-4.974010	125.777077	0.000000	0.000000	0.000000
-88.602890	-5.762989	118.276817	0.000000	0.000000	1.458407
-113.090004	-6.412175	94.777100	0.000000	0.000000	1.258407
-119.768509	-6.025628	78.198334	0.000000	0.000000	1.058407
-121.148178	-5.372189	78.198334	0.000000	0.000000	1.058407
-122.519524	-4.701463	78.198334	0.000000	0.000000	1.058407
-123.882339	-4.013558	78.198334	0.000000	0.000000	1.058407
-125.236397	-3.308583	78.198334	0.000000	0.000000	1.058407
-126.581497	-2.586648	78.198334	0.000000	0.000000	1.058407
-127.917412	-1.847867	78.198334	0.000000	0.000000	1.058407
-129.243942	-1.092358	78.198334	0.000000	0.000000	1.058407
-130.560867	-0.320239	78.198334	0.000000	0.000000	1.058407
-131.867996	0.468368	78.198334	0.000000	0.000000	1.058407
-133.165100	1.273338	78.198334	0.000000	0.000000	1.058407
-134.451996	2.094544	78.198334	0.000000	0.000000	1.058407
-135.728470	2.931856	78.198334	0.000000	0.000000	1.058407
-136.994324	3.785142	78.198334	0.000000	0.000000	1.058407
-138.249344	4.654268	78.198334	0.000000	0.000000	1.058407
-139.493347	5.539094	78.198334	0.000000	0.000000	1.058407
-140.726135	6.439485	78.198334	0.000000	0.000000	1.058407
-141.947525	7.355295	78.198334	0.000000	0.000000	1.058407
-143.157288	8.286381	78.198334	0.000000	0.000000	1.058407
-144.355270	9.232595	78.198334	0.000000	0.000000	1.058407
-145.541260	10.193788	78.198334	0.000000	0.000000	1.058407
-146.715088	11.169808	78.198334	0.000000	0.000000	1.058407
-147.876541	12.160502	78.198334	0.000000	0.000000	1.058407
-149.025467	13.165714	78.198334	0.000000	0.000000	1.058407
-150.161667	14.185282	78.198334	0.000000	0.000000	0.858407
-151.284973	15.219049	78.198334	0.000000	0.000000	0.858407
-152.395187	16.266848	78.198334	0.000000	0.000000	0.858407
-153.492157	17.328514	78.198334	0.000000	0.000000	0.858407
-154.575699	18.403885	78.198334	0.000000	0.000000	0.858407
-155.645630	19.492785	78.198334	0.000000	0.000000	0.858407
-156.701797	20.595041	78.198334	0.000000	0.000000	0.858407
-157.744034	21.710485	78.198334	0.000000	0.000000	0.858407
-158.772171	22.838936	78.198334	0.000000	0.000000	0.858407
-159.786057	23.980221	78.198334	0.000000	0.000000	0.858407
-160.785507	25.134153	78.198334	0.000000	0.000000	0.858407
-161.770386	26.300554	78.198334	0.000000	0.000000	0.858407
-162.740524	27.479239	78.198334	0.000000	0.000000	0.858407
-163.695786	28.670021	78.198334	0.000000	0.000000	0.858407
-164.636002	29.872715	78.198334	0.000000	0.000000	0.858407
-165.561020	31.087124	78.198334	0.000000	0.000000	0.858407
-166.470718	32.313065	78.198334	0.000000	0.000000	0.858407
-167.364929	33.550343	78.198334	0.000000	0.000000	0.858407
-168.243530	34.798756	78.198334	0.000000	0.000000	0.858407
-169.106369	36.058113	78.198334	0.000000	0.000000	0.858407
-169.953323	37.328209	78.198334	0.000000	0.000000	0.858407
-170.784241	38.608849	78.198334	0.000000	0.000000	0.858407
-171.598999	39.899834	78.198334	0.000000	0.000000	0.858407
-172.397476	41.200947	78.198334	0.000000	0.000000	0.858407
-173.179535	42.511993	78.198334	0.000000	0.000000	0.858407
-173.945068	43.832767	78.198334	0.000000	0.000000	0.858407
-174.693939	45.163059	78.198334	0.000000	0.000000	0.858407
-175.426025	46.502651	78.198334	0.000000	0.000000	0.658407
-176.141235	47.851337	78.198334	0.000000	0.000000	0.658407
-176.839432	49.208908	78.198334	0.000000	0.000000	0.658407
-177.520523	50.575142	78.198334	0.000000	0.000000	0.658407
-178.184387	51.949829	78.198334	0.000000	0.000000	0.658407
-178.830917	53.332748	78.198334	0.000000	0.000000	0.658407
-179.460022	54.723679	78.198334	0.000000	0.000000	0.658407
-180.071609	56.122410	78.198334	0.000000	0.000000	0.658407
-180.665558	57.528713	78.198334	0.000000	0.000000	0.658407
-181.241791	58.942368	78.198334	0.000000	0.000000	0.658407
-181.800217	60.363152	78.198334	0.000000	0.000000	0.658407
-182.340744	61.790848	78.198334	0.000000	0.000000	0.658407
-182.863281	63.225212	78.198334	0.000000	0.000000	0.658407
-183.367767	64.666039	78.198334	0.000000	0.000000	0.658407
-183.854095	66.113091	78.198334	0.000000	0.000000	0.658407
-184.322205	67.566139	78.198334	0.000000	0.000000	0.658407
-184.772034	69.024948	78.198334	0.000000	0.000000	0.658407
-185.203476	70.489304	78.198334	0.000000	0.000000	0.658407
-185.616486	71.958961	78.198334	0.000000	0.000000	0.658407
-186.011002	73.433693	78.198334	0.000000	0.000000	0.658407
-186.386948	74.913261	78.198334	0.000000	0.000000	0.658407
-186.744278	76.397438	78.198334	0.000000	0.000000	0.658407
-187.082932	77.885986	78.198334	0.000000	0.000000	0.658407
-187.402847	79.378685	78.198334	0.000000	0.000000	0.658407
-187.703979	80.875275	78.198334	0.000000	0.000000	0.658407
-187.986282	82.375526	78.198334	0.000000	0.000000	0.658407
-188.249725	83.879219	78.198334	0.000000	0.000000	0.658407
-188.494232	85.386101	78.198334	0.000000	0.000000	0.658407
-188.719803	86.895927	78.198334	0.000000	0.000000	0.458407
-188.926361	88.408478	78.198334	0.000000	0.000000	0.458407
-189.113907	89.923500	78.198334	0.000000	0.000000	0.458407
-189.282410	91.440765	78.198334	0.000000	0.000000	0.458407
-189.431824	92.960022	78.198334	0.000000	0.000000	0.458407
-189.562134	94.481041	78.198334	0.000000	0.000000	0.458407
-189.673325	96.003571	78.198334	0.000000	0.000000	0.458407
-189.765366	97.527382	78.198334	0.000000	0.000000	0.458407
-189.838257	99.052231	78.198334	0.000000	0.000000	0.458407
-189.891983	100.577873	78.198334	0.000000	0.000000	0.458407
-189.926529	102.104065	78.198334	0.000000	0.000000	0.458407
-189.941895	103.630585	78.198334	0.000000	0.000000	0.458407
-189.938080	105.157158	78.198334	0.000000	0.000000	0.458407
-189.915085	106.683578	78.198334	0.000000	0.000000	0.458407
-189.872910	108.209587	78.198334	0.000000	0.000000	0.458407
-189.811554	109.734940	78.198334	0.000000	0.000000	0.458407
-189.731049	111.259407	78.198334	0.000000	0.000000	0.458407
-189.631378	112.782730	78.198334	0.000000	0.000000	0.458407
-189.512589	114.304703	78.198334	0.000000	0.000000	0.458407
-189.374680	115.825043	78.198334	0.000000	0.000000	0.458407
-189.217667	117.343529	78.198334	0.000000	0.000000	0.458407
-189.041595	118.859940	78.198334	0.000000	0.000000	0.458407
-188.846481	120.374001	78.198334	0.000000	0.000000	0.458407
-188.632339	121.885506	78.198334	0.000000	0.000000	0.458407
-188.399246	123.394188	78.198334	0.000000	0.000000	0.458407
-188.147202	124.899818	78.198334	0.000000	0.000000	0.458407
-187.876251	126.402176	78.198334	0.000000	0.000000	0.458407
-187.586456	127.901009	78.198334	0.000000	0.000000	0.458407
-187.277847	129.396072	78.198334	0.000000	0.000000	0.458407
-186.950470	130.887146	78.198334	0.000000	0.000000	0.458407
-186.604385	132.373993	78.198334	0.000000	0.000000	0.258407
-186.239639	133.856369	78.198334	0.000000	0.000000	0.258407
-185.856293	135.334045	78.198334	0.000000	0.000000	0.258407
-185.454422	136.806778	78.198334	0.000000	0.000000	0.258407
-185.034058	138.274353	78.198334	0.000000	0.000000	0.258407
-184.595306	139.736526	78.198334	0.000000	0.000000	0.258407
-184.138199	141.193069	78.198334	0.000000	0.000000	0.258407
-183.662827	142.643768	78.198334	0.000000	0.000000	0.258407
-183.169266	144.088364	78.198334	0.000000	0.000000	0.258407
-182.657593	145.526642	78.198334	0.000000	0.000000	0.258407
-182.127884	146.958389	78.198334	0.000000	0.000000	0.258407
-181.580231	148.383347	78.198334	0.000000	0.000000	0.258407
-181.014709	149.801331	78.198334	0.000000	0.000000	0.258407
-180.431412	151.212082	78.198334	0.000000	0.000000	0.258407
-179.830444	152.615417	78.198334	0.000000	0.000000	0.258407
-179.211884	154.011063	78.198334	0.000000	0.000000	0.258407
-178.575821	155.398834	78.198334	0.000000	0.000000	0.258407
-177.922394	156.778503	78.198334	0.000000	0.000000	0.258407
-177.251663	158.149857	78.198334	0.000000	0.000000	0.258407
-176.563751	159.512680	78.198334	0.000000	0.000000	0.258407
-175.858780	160.866730	78.198334	0.000000	0.000000	0.258407
-175.136841	162.211823	78.198334	0.000000	0.000000	0.258407
-174.398071	163.547745	78.198334	0.000000	0.000000	0.258407
-173.642563	164.874268	78.198334	0.000000	0.000000	0.258407
-172.870438	166.191193	78.198334	0.000000	0.000000	0.258407
-172.081833	167.498322	78.198334	0.000000	0.000000	0.258407
-171.276855	168.795425	78.198334	0.000000	0.000000	0.258407
-170.455658	170.082321	78.198334	0.000000	0.000000	0.258407
-169.618347	171.358795	78.198334	0.000000	0.000000	0.258407
-168.765060	172.624649	78.198334	0.000000	0.000000	0.258407
-167.895920	173.879684	78.198334	0.000000	0.000000	0.258407
-167.011108	175.123688	78.198334	0.000000	0.000000	0.058407
-166.110703	176.356476	78.198334	0.000000	0.000000	0.058407
-165.194901	177.577850	78.198334	0.000000	0.000000	0.058407
-164.263809	178.787628	78.198334	0.000000	0.000000	0.058407
-163.317596	179.985596	78.198334	0.000000	0.000000	0.058407
-162.356415	181.171585	78.198334	0.000000	0.000000	0.058407
-161.380386	182.345413	78.198334	0.000000	0.000000	0.058407
-160.389694	183.506882	78.198334	0.000000	0.000000	0.058407
-159.384491	184.655807	78.198334	0.000000	0.000000	0.058407
-158.364914	185.792007	78.198334	0.000000	0.000000	0.058407
-157.331146	186.915298	78.198334	0.000000	0.000000	0.058407
-156.283356	188.025513	78.198334	0.000000	0.000000	0.058407
-155.221695	189.122482	78.198334	0.000000	0.000000	0.058407
-154.146317	190.206024	78.198334	0.000000	0.000000	0.058407
-153.057419	191.275955	78.198334	0.000000	0.000000	0.058407
-151.955154	192.332138	78.198334	0.000000	0.000000	0.058407
-150.839706	193.374374	78.198334	0.000000	0.000000	0.058407
-149.711273	194.402496	78.198334	0.000000	0.000000	0.058407
-148.569977	195.416382	78.198334	0.000000	0.000000	0.058407
-147.416046	196.415848	78.198334	0.000000	0.000000	0.058407
-146.249649	197.400711	78.198334	0.000000	0.000000	0.058407
-145.070969	198.370850	78.198334	0.000000	0.000000	0.058407
-143.880173	199.326111	78.198334	0.000000	0.000000	0.058407
-142.677490	200.266327	78.198334	0.000000	0.000000	0.058407
-141.463074	201.191360	78.198334	0.000000	0.000000	0.058407
-140.237137	202.101044	78.198334	0.000000	0.000000	0.058407
-138.999863	202.995255	78.198334	0.000000	0.000000	0.058407
-137.751434	203.873871	78.198334	0.000000	0.000000	0.058407
-136.492096	204.736694	78.198334	0.000000	0.000000	0.058407
-135.221985	205.583649	78.198334	0.000000	0.000000	0.058407
-133.941345	206.414566	78.198334	0.000000	0.000000	0.058407
-132.650360	207.229340	78.198334	0.000000	0.000000	-0.141593
-131.349243	208.027817	78.198334	0.000000	0.000000	-0.141593
-130.038208	208.809875	78.198334	0.000000	0.000000	-0.141593
-128.717422	209.575409	78.198334	0.000000	0.000000	-0.141593
-128.581863	209.652725	78.198334	0.000000	0.000000	-0.141593
-128.581863	209.652725	78.198334	0.000000	0.000000	-0.141593
-128.581863	209.652725	78.198334	0.000000	0.000000	-0.141593
-128.581863	209.652725	78.198334	0.000000	0.000000	-0.141593
-128.581863	209.652725	78.198334	0.000000	0.000000	-0.141593
-128.581863	209.652725	78.198334	0.000000	0.000000	-0.141593
-128.581863	209.652725	78.198334	0.000000	0.000000	-0.141593
-128.581863	209.652725	78.198334	0.000000	0.000000	-0.141593
-128.581863	209.652725	78.198334	0.000000	0.000000	-0.141593
-128.581863	209.652725	78.198334	0.000000	0.000000	-0.141593
-128.581863	209.652725	78.198334	0.000000	0.000000	-0.141593
-128.581863	209.652725	78.198334	0.000000	0.000000	-0.141593
-128.581863	209.652725	78.198334	0.000000	0.000000	-0.141593
-128.581863	209.652725	78.198334	0.000000	0.000000	-0.141593
-128.581863	209.652725	78.198334	0.000000	0.000000	-0.141593
-128.581863	209.652725	78.198334	0.000000	0.000000	-0.141593
-128.581863	209.652725	78.198334	0.000000	0.000000	-0.141593
-128.581863	209.652725	78.198334	0.000000	0.000000	-0.141593
-128.581863	209.652725	78.198334	0.000000	0.000000	-0.141593
-128.581863	209.652725	78.198334	0.000000	0.000000	-0.141593
-128.581863	209.652725	78.198334	0.000000	0.000000	-0.141593
-128.581863	209.652725	78.198334	0.000000	0.000000	-0.141593
-128.581863	209.652725	78.198334	0.000000	0.000000	-0.141593
-128.581863	209.652725	78.198334	0.000000	0.000000	-0.141593
-128.581863	209.652725	78.198334	0.000000	0.000000	-0.141593
-128.581863	209.652725	78.198334	0.000000	0.000000	-0.141593
-128.581863	209.652725	78.198334	0.000000	0.000000	-0.141593
-128.581863	209.652725	78.198334	0.000000	0.000000	-0.141593
-128.581863	209.652725	78.198334	0.000000	0.000000	-0.141593
-128.581863	209.652725	78.198334	0.000000	0.000000	-0.141593
-128.581863	209.652725	78.198334	0.000000	0.000000	-0.141593
-128.581863	209.652725	78.198334	0.000000	0.000000	-0.141593
-128.581863	209.652725	78.198334	0.000000	0.000000	-0.141593
-128.581863	209.652725	78.198334	0.000000	0.000000	-0.141593
-128.581863	209.652725	78.198334	0.000000	0.000000	-0.141593
-128.581863	209.652725	78.198334	0.000000	0.000000	-0.141593
-128.581863	209.652725	78.198334	0.000000	0.000000	-0.141593
-128.581863	209.652725	78.198334	0.000000	0.000000	-0.141593
-128.581863	209.652725	78.198334	0.000000	0.000000	-0.141593
-128.581863	209.652725	78.198334	0.000000	0.000000	-0.141593
-128.581863	209.652725	78.198334	0.000000	0.000000	-0.141593
-128.581863	209.652725	78.198334	0.000000	0.000000	-0.141593
-128.581863	209.652725	78.198334	0.000000	0.000000	-0.141593
-128.581863	209.652725	78.198334	0.000000	0.000000	-0.141593
-128.581863	209.652725	78.198334	0.000000	0.000000	-0.141593
-128.581863	209.652725	78.198334	0.000000	0.000000	-0.141593
-128.581863	209.652725	78.198334	0.000000	0.000000	-0.141593
-128.581863	209.652725	78.198334	0.000000	0.000000	-0.141593
-128.581863	209.652725	78.198334	0.000000	0.000000	-0.141593
-128.581863	209.652725	78.198334	0.000000	0.000000	-0.141593
-128.581863	209.652725	78.198334	0.000000	0.000000	-0.141593
-128.581863	209.652725	78.198334	0.000000	0.000000	-0.141593
-128.581863	209.652725	78.198334	0.000000	0.000000	-0.141593
-128.581863	209.652725	78.198334	0.000000	0.000000	-0.141593
-128.581863	209.652725	78.198334	0.000000	0.000000	-0.141593
-128.581863	209.652725	78.198334	0.000000	0.000000	-0.141593
-128.581863	209.652725	78.198334	0.000000	0.000000	-0.141593
-128.581863	209.652725	78.198334	0.000000	0.000000	-0.141593
-128.581863	209.652725	78.198334	0.000000	0.000000	-0.141593
-128.581863	209.652725	78.198334	0.000000	0.000000	-0.141593
-128.581863	209.652725	78.198334	0.000000	0.000000	-0.141593
-128.581863	209.652725	78.198334	0.000000	0.000000	-0.141593
-128.581863	209.652725	78.198334	0.000000	0.000000	-0.141593
-128.581863	209.652725	78.198334	0.000000	0.000000	-0.141593
-128.581863	209.652725	78.198334	0.000000	0.000000	-0.141593
-128.581863	209.652725	78.198334	0.000000	0.000000	-0.141593
-128.581863	209.652725	78.198334	0.000000	0.000000	-0.141593
-128.581863	209.652725	78.198334	0.000000	0.000000	-0.141593
-128.581863	209.652725	78.198334	0.000000	0.000000	-0.141593
-128.581863	209.652725	78.198334	0.000000	0.000000	-0.141593
-128.581863	209.652725	78.198334	0.000000	0.000000	-0.141593
-128.581863	209.652725	78.198334	0.000000	0.000000	-0.141593
-128.581863	209.652725	78.198334	0.000000	0.000000	-0.141593
-128.581863	209.652725	78.198334	0.000000	0.000000	-0.141593
-128.581863	209.652725	78.198334	0.000000	0.000000	-0.141593
-128.581863	209.652725	78.198334	0.000000	0.000000	-0.141593
-128.581863	209.652725	78.198334	0.000000	0.000000	-0.141593
-128.581863	209.652725	78.198334	0.000000	0.000000	-0.141593
-128.581863	209.652725	78.198334	0.000000	0.000000	-0.141593
-128.581863	209.652725	78.198334	0.000000	0.000000	-0.141593
-128.581863	209.652725	78.198334	0.000000	0.000000	-0.141593
-128.581863	209.652725	78.198334	0.000000	0.000000	-0.141593
-128.581863	209.652725	78.198334	0.000000	0.000000	-0.141593
-128.581863	209.652725	78.198334	0.000000	0.000000	-0.141593
-128.581863	209.652725	78.198334	0.000000	0.000000	-0.141593
-128.581863	209.652725	78.198334	0.000000	0.000000	-0.141593
-128.581863	209.652725	78.198334	0.000000	0.000000	-0.141593
-128.581863	209.652725	78.198334	0.000000	0.000000	-0.141593
-128.581863	209.652725	78.198334	0.000000	0.000000	-0.141593
-128.581863	209.652725	78.198334	0.000000	0.000000	-0.141593
-128.581863	209.652725	78.198334	0.000000	0.000000	-0.141593
-128.581863	209.652725	78.198334	0.000000	0.000000	-0.141593
-128.581863	209.652725	78.198334	0.000000	0.000000	-0.141593
-128.581863	209.652725	78.198334	0.000000	0.000000	-0.141593
-128.581863	209.652725	78.198334	0.000000	0.000000	-0.141593
-128.581863	209.652725	78.198334	0.000000	0.000000	-0.141593
-128.581863	209.652725	78.198334	0.000000	0.000000	-0.141593
-128.581863	209.652725	78.198334	0.000000	0.000000	-0.141593
-128.581863	209.652725	78.198334	0.000000	0.000000	-0.141593
-128.581863	209.652725	78.198334	0.000000	0.000000	-0.141593
-128.581863	209.652725	78.198334	0.000000	0.000000	-0.141593
-128.581863	209.652725	78.198334	0.000000	0.000000	-0.141593
-128.581863	209.652725	78.198334	0.000000	0.000000	-0.141593
-128.581863	209.652725	78.198334	0.000000	0.000000	-0.141593
-128.581863	209.652725	78.198334	0.000000	0.000000	-0.141593
-128.581863	209.652725	78.198334	0.000000	0.000000	-0.141593
-128.581863	209.652725	78.198334	0.000000	0.000000	-0.141593
-128.581863	209.652725	78.198334	0.000000	0.000000	-0.141593
-128.581863	209.652725	78.198334	0.000000	0.000000	-0.141593
-128.581863	209.652725	78.198334	0.000000	0.000000	-0.141593
-128.581863	209.652725	78.198334	0.000000	0.000000	-0.141593
-128.581863	209.652725	78.198334	0.000000	0.000000	-0.141593
-128.581863	209.652725	78.198334	0.000000	0.000000	-0.141593
-128.581863	209.652725	78.198334	0.000000	0.000000	-0.141593
-128.581863	209.652725	78.198334	0.000000	0.000000	-0.141593
-128.581863	209.652725	78.198334	0.000000	0.000000	-0.141593
-128.581863	209.652725	78.198334	0.000000	0.000000	-0.141593
-128.581863	209.652725	78.198334	0.000000	0.000000	-0.141593
-128.581863	209.652725	78.198334	0.000000	0.000000	-0.141593
-128.581863	209.652725	78.198334	0.000000	0.000000	-0.141593
-128.581863	209.652725	78.198334	0.000000	0.000000	-0.141593
-128.581863	209.652725	78.198334	0.000000	0.000000	-0.141593
-128.581863	209.652725	78.198334	0.000000	0.000000	-0.141593
-128.581863	209.652725	78.198334	0.000000	0.000000	-0.141593
-128.581863	209.652725	78.198334	0.000000	0.000000	-0.141593
-128.581863	209.652725	78.198334	0.000000	0.000000	-0.141593
-128.581863	209.652725	78.198334	0.000000	0.000000	-0.141593
-128.581863	209.652725	78.198334	0.000000	0.000000	-0.141593
-128.581863	209.652725	78.198334	0.000000	0.000000	-0.141593
-128.581863	209.652725	78.198334	0.000000	0.000000	-0.141593
-128.581863	209.652725	78.198334	0.000000	0.000000	-0.141593
-128.581863	209.652725	78.198334	0.000000	0.000000	-0.141593
-128.581863	209.652725	78.198334	0.000000	0.000000	-0.141593
-128.581863	209.652725	78.198334	0.000000	0.000000	-0.141593
-128.581863	209.652725	78.198334	0.000000	0.000000	-0.141593
-128.581863	209.652725	78.198334	0.000000	0.000000	-0.141593
-128.581863	209.652725	78.198334	0.000000	0.000000	-0.141593
-128.581863	209.652725	78.198334	0.000000	0.000000	-0.141593
-128.581863	209.652725	78.198334	0.000000	0.000000	-0.141593
-128.581863	209.652725	78.198334	0.000000	0.000000	-0.141593
-128.581863	209.652725	78.198334	0.000000	0.000000	-0.141593
-128.581863	209.652725	78.198334	0.000000	0.000000	-0.141593
-128.581863	209.652725	78.198334	0.000000	0.000000	-0.141593
-128.581863	209.652725	78.198334	0.000000	0.000000	-0.141593
-128.581863	209.652725	78.198334	0.000000	0.000000	-0.141593
-128.581863	209.652725	78.198334	0.000000	0.000000	-0.141593
-128.581863	209.652725	78.198334	0.000000	0.000000	-0.141593
-128.581863	209.652725	78.198334	0.000000	0.000000	-0.141593
-128.581863	209.652725	78.198334	0.000000	0.000000	-0.141593
-128.581863	209.652725	78.198334	0.000000	0.000000	-0.141593
-128.581863	209.652725	78.198334	0.000000	0.000000	-0.141593
-128.581863	209.652725	78.198334	0.000000	0.000000	-0.141593
-128.581863	209.652725	78.198334	0.000000	0.000000	-0.141593
-128.581863	209.652725	78.198334	0.000000	0.000000	-0.141593
-128.581863	209.652725	78.198334	0.000000	0.000000	-0.141593
-128.581863	209.652725	78.198334	0.000000	0.000000	-0.141593
-128.581863	209.652725	78.198334	0.000000	0.000000	-0.141593
-128.581863	209.652725	78.198334	0.000000	0.000000	-0.141593
-128.581863	209.652725	78.198334	0.000000	0.000000	-0.141593
-128.581863	209.652725	78.198334	0.000000	0.000000	-0.141593
-128.581863	209.652725	78.198334	0.000000	0.000000	-0.141593
-128.581863	209.652725	78.198334	0.000000	0.000000	-0.141593
-128.581863	209.652725	78.198334	0.000000	0.000000	-0.141593
-128.581863	209.652725	78.198334	0.000000	0.000000	-0.141593
-128.581863	209.652725	78.198334	0.000000	0.000000	-0.141593
-128.581863	209.652725	78.198334	0.000000	0.000000	-0.141593
-128.581863	209.652725	78.198334	0.000000	0.000000	-0.141593
-128.581863	209.652725	78.198334	0.000000	0.000000	-0.141593
-128.581863	209.652725	78.198334	0.000000	0.000000	-0.141593
-128.581863	209.652725	78.198334	0.000000	0.000000	-0.141593
-128.581863	209.652725	78.198334	0.000000	0.000000	-0.141593
-128.581863	209.652725	78.198334	0.000000	0.000000	-0.141593
-128.581863	209.652725	78.198334	0.000000	0.000000	-0.141593
-128.581863	209.652725	78.198334	0.000000	0.000000	-0.141593
-128.581863	209.652725	78.198334	0.000000	0.000000	-0.141593
-128.581863	209.652725	78.198334	0.000000	0.000000	-0.141593
-128.581863	209.652725	78.198334	0.000000	0.000000	-0.141593
-128.581863	209.652725	78.198334	0.000000	0.000000	-0.141593
-128.581863	209.652725	78.198334	0.000000	0.000000	-0.141593
-128.581863	209.652725	78.198334	0.000000	0.000000	-0.141593
-128.581863	209.652725	78.198334	0.000000	0.000000	-0.141593
-128.581863	209.652725	78.198334	0.000000	0.000000	-0.141593
-128.581863	209.652725	78.198334	0.000000	0.000000	-0.141593
-128.581863	209.652725	78.198334	0.000000	0.000000	-0.141593
-128.581863	209.652725	78.198334	0.000000	0.000000	-0.141593
-128.581863	209.652725	78.198334	0.000000	0.000000	-0.141593
-128.581863	209.652725	78.198334	0.000000	0.000000	-0.141593
-128.581863	209.652725	78.198334	0.000000	0.000000	-0.141593
-128.581863	209.652725	78.198334	0.000000	0.000000	-0.141593
-128.581863	209.652725	78.198334	0.000000	0.000000	-0.141593
-128.581863	209.652725	78.198334	0.000000	0.000000	-0.141593
-128.581863	209.652725	78.198334	0.000000	0.000000	-0.141593
-128.581863	209.652725	78.198334	0.000000	0.000000	-0.141593
-128.581863	209.652725	78.198334	0.000000	0.000000	-0.141593
-128.581863	209.652725	78.198334	0.000000	0.000000	-0.141593
-128.581863	209.652725	78.198334	0.000000	0.000000	-0.141593
-128.581863	209.652725	78.198334	0.000000	0.000000	-0.141593
-128.581863	209.652725	78.198334	0.000000	0.000000	-0.141593
-128.581863	209.652725	78.198334	0.000000	0.000000	-0.141593
-128.581863	209.652725	78.198334	0.000000	0.000000	-0.141593
-128.581863	209.652725	78.198334	0.000000	0.000000	-0.141593
-128.581863	209.652725	78.198334	0.000000	0.000000	-0.141593
-128.581863	209.652725	78.198334	0.000000	0.000000	-0.141593
-128.581863	209.652725	78.198334	0.000000	0.000000	-0.141593
-128.581863	209.652725	78.198334	0.000000	0.000000	-0.141593
-128.581863	209.652725	78.198334	0.000000	0.000000	-0.141593
-128.581863	209.652725	78.198334	0.000000	0.000000	-0.141593
-128.581863	209.652725	78.198334	0.000000	0.000000	-0.141593
-128.581863	209.652725	78.198334	0.000000	0.000000	-0.141593
-128.581863	209.652725	78.198334	0.000000	0.000000	-0.141593
-128.581863	209.652725	78.198334	0.000000	0.000000	-0.141593
-128.581863	209.652725	78.198334	0.000000	0.000000	-0.141593
-128.581863	209.652725	78.198334	0.000000	0.000000	-0.141593
-128.581863	209.652725	78.198334	0.000000	0.000000	-0.141593
-128.581863	209.652725	78.198334	0.000000	0.000000	-0.141593
-128.581863	209.652725	78.198334	0.000000	0.000000	-0.141593
-128.581863	209.652725	78.198334	0.000000	0.000000	-0.141593
-128.581863	209.652725	78.198334	0.000000	0.000000	-0.141593
-128.581863	209.652725	78.198334	0.000000	0.000000	-0.141593
-128.581863	209.652725	78.198334	0.000000	0.000000	-0.141593
-128.581863	209.652725	78.198334	0.000000	0.000000	-0.141593
-128.581863	209.652725	78.198334	0.000000	0.000000	-0.141593
-128.581863	209.652725	78.198334	0.000000	0.000000	-0.141593
-128.581863	209.652725	78.198334	0.000000	0.000000	-0.141593
-128.581863	209.652725	78.198334	0.000000	0.000000	-0.141593
-128.581863	209.652725	78.198334	0.000000	0.000000	-0.141593
-128.581863	209.652725	78.198334	0.000000	0.000000	-0.141593
-128.581863	209.652725	78.198334	0.000000	0.000000	-0.141593
-128.581863	209.652725	78.198334	0.000000	0.000000	-0.141593
-128.581863	209.652725	78.198334	0.000000	0.000000	-0.141593
-128.581863	209.652725	78.198334	0.000000	0.000000	-0.141593
-128.581863	209.652725	78.198334	0.000000	0.000000	-0.141593
-128.581863	209.652725	78.198334	0.000000	0.000000	-0.141593
-128.581863	209.652725	78.198334	0.000000	0.000000	-0.141593
-128.581863	209.652725	78.198334	0.000000	0.000000	-0.141593
-128.581863	209.652725	78.198334	0.000000	0.000000	-0.141593
-128.581863	209.652725	78.198334	0.000000	0.000000	-0.141593
-128.581863	209.652725	78.198334	0.000000	0.000000	-0.141593
-128.581863	209.652725	78.198334	0.000000	0.000000	-0.141593
-128.581863	209.652725	78.198334	0.000000	0.000000	-0.141593
-128.581863	209.652725	78.198334	0.000000	0.000000	-0.141593
-128.581863	209.652725	78.198334	0.000000	0.000000	-0.141593
-128.581863	209.652725	78.198334	0.000000	0.000000	-0.141593
-128.581863	209.652725	78.198334	0.000000	0.000000	-0.141593
-128.221466	209.872025	78.161423	0.000000	0.000000	-0.141593
-126.918953	210.650330	78.028679	0.000000	0.000000	-0.141593
-125.606567	211.412308	77.895912	0.000000	0.000000	-0.141593
-124.284538	212.157852	77.763145	0.000000	0.000000	-0.141593
-122.953072	212.886810	77.630379	0.000000	0.000000	-0.141593
-121.612366	213.599091	77.497620	0.000000	0.000000	-0.141593
-120.262642	214.294556	77.364868	0.000000	0.000000	-0.141593
-118.904106	214.973114	77.232124	0.000000	0.000000	-0.141593
-117.536980	215.634644	77.099411	0.000000	0.000000	-0.141593
-116.161461	216.279037	76.966721	0.000000	0.000000	-0.141593
-114.777771	216.906189	76.834053	0.000000	0.000000	-0.141593
-113.386139	217.515991	76.701431	0.000000	0.000000	-0.141593
-111.986763	218.108353	76.568848	0.000000	0.000000	-0.141593
-110.579872	218.683182	76.436310	0.000000	0.000000	-0.141593
-109.165688	219.240372	76.303825	0.000000	0.000000	-0.141593
-107.744431	219.779831	76.171394	0.000000	0.000000	-0.141593
-106.316322	220.301483	76.039032	0.000000	0.000000	-0.141593
-104.881592	220.805222	75.906731	0.000000	0.000000	-0.141593
-103.440460	221.290985	75.774506	0.000000	0.000000	-0.141593
-101.993149	221.758698	75.642357	0.000000	0.000000	-0.141593
-100.539886	222.208252	75.510292	0.000000	0.000000	-0.141593
-99.080910	222.639603	75.378311	0.000000	0.000000	-0.141593
-97.616440	223.052658	75.246429	0.000000	0.000000	-0.141593
-96.146706	223.447372	75.114647	0.000000	0.000000	-0.141593
-94.671944	223.823654	74.982964	0.000000	0.000000	-0.141593
-93.192375	224.181442	74.851395	0.000000	0.000000	-0.141593
-91.708244	224.520706	74.719933	0.000000	0.000000	-0.141593
-90.219765	224.841354	74.588600	0.000000	0.000000	-0.141593
-88.727196	225.143356	74.457382	0.000000	0.000000	-0.341593
-87.230759	225.426636	74.326302	0.000000	0.000000	-0.341593
-85.730690	225.691177	74.195351	0.000000	0.000000	-0.341593
-84.227226	225.936905	74.064545	0.000000	0.000000	-0.341593
-82.720596	226.163803	73.933884	0.000000	0.000000	-0.341593
-81.211044	226.371811	73.803368	0.000000	0.000000	-0.341593
-79.698807	226.560898	73.673012	0.000000	0.000000	-0.341593
-78.184113	226.731033	73.542816	0.000000	0.000000	-0.341593
-76.667221	226.882187	73.412788	0.000000	0.000000	-0.341593
-75.148346	227.014328	73.282928	0.000000	0.000000	-0.341593
-73.627731	227.127441	73.153244	0.000000	0.000000	-0.341593
-72.105629	227.221481	73.023743	0.000000	0.000000	-0.341593
-70.582268	227.296463	72.894432	0.000000	0.000000	-0.341593
-69.057892	227.352356	72.765312	0.000000	0.000000	-0.341593
-67.532738	227.389130	72.636383	0.000000	0.000000	-0.341593
-66.007042	227.406799	72.507660	0.000000	0.000000	-0.341593
-64.481056	227.405365	72.379143	0.000000	0.000000	-0.341593
-62.955009	227.384781	72.250832	0.000000	0.000000	-0.341593
-61.429150	227.345093	72.122749	0.000000	0.000000	-0.341593
-59.903702	227.286285	71.994881	0.000000	0.000000	-0.341593
-58.378918	227.208359	71.867241	0.000000	0.000000	-0.341593
-56.855038	227.111313	71.739830	0.000000	0.000000	-0.341593
-55.332302	226.995193	71.612663	0.000000	0.000000	-0.341593
-53.810944	226.859985	71.485733	0.000000	0.000000	-0.341593
-52.291210	226.705704	71.359055	0.000000	0.000000	-0.341593
-50.773331	226.532394	71.232628	0.000000	0.000000	-0.341593
-49.257557	226.340057	71.106453	0.000000	0.000000	-0.341593
-47.744110	226.128738	70.980545	0.000000	0.000000	-0.341593
-46.233246	225.898453	70.854904	0.000000	0.000000	-0.341593
-44.725193	225.649246	70.729530	0.000000	0.000000	-0.341593
-43.220192	225.381134	70.604439	0.000000	0.000000	-0.341593
-41.718475	225.094177	70.479630	0.000000	0.000000	-0.541593
-40.220287	224.788391	70.355103	0.000000	0.000000	-0.541593
-38.725853	224.463852	70.230873	0.000000	0.000000	-0.541593
-37.235420	224.120575	70.106934	0.000000	0.000000	-0.541593
-35.749210	223.758636	69.983299	0.000000	0.000000	-0.541593
-34.267467	223.378082	69.859978	0.000000	0.000000	-0.541593
-32.790421	222.978973	69.736961	0.000000	0.000000	-0.541593
-31.318310	222.561356	69.614258	0.000000	0.000000	-0.541593
-29.851357	222.125290	69.491882	0.000000	0.000000	-0.541593
-28.389799	221.670853	69.369827	0.000000	0.000000	-0.541593
-26.933863	221.198105	69.248108	0.000000	0.000000	-0.541593
-25.483778	220.707138	69.126717	0.000000	0.000000	-0.541593
-24.039780	220.197998	69.005676	0.000000	0.000000	-0.541593
-22.602087	219.670761	68.884972	0.000000	0.000000	-0.541593
-21.170931	219.125534	68.764618	0.000000	0.000000	-0.541593
-19.746536	218.562378	68.644623	0.000000	0.000000	-0.541593
-18.329128	217.981369	68.524986	0.000000	0.000000	-0.541593
-16.918930	217.382629	68.405716	0.000000	0.000000	-0.541593
-15.516163	216.766220	68.286812	0.000000	0.000000	-0.541593
-14.121050	216.132233	68.168274	0.000000	0.000000	-0.541593
-12.733811	215.480789	68.050125	0.000000	0.000000	-0.541593
-11.354663	214.811981	67.932358	0.000000	0.000000	-0.541593
-9.983827	214.125885	67.814972	0.000000	0.000000	-0.541593
-8.621514	213.422638	67.697983	0.000000	0.000000	-0.541593
-7.267944	212.702316	67.581390	0.000000	0.000000	-0.541593
-5.923328	211.965057	67.465195	0.000000	0.000000	-0.541593
-4.587880	211.210968	67.349411	0.000000	0.000000	-0.541593
-3.261810	210.440140	67.234032	0.000000	0.000000	-0.541593
-1.945327	209.652725	67.119072	0.000000	0.000000	-0.541593
