-112.745758	-75.428535	75.645699	1.258407	-112.772156	-181.995499	75.658051
-112.772156	-181.995499	75.658051	1.858407	-84.221428	-235.301849	31.049128
-84.221428	-235.301849	31.049128	2.058407	-45.315998	-249.662369	-19.018227
-45.315998	-249.662369	-19.018227	2.058407	-21.968321	-237.944031	-55.678932
-21.968321	-237.944031	-55.678932	1.858407	40.560509	-218.956055	-60.036118
40.560509	-218.956055	-60.036118	1.858407	104.675072	-138.941254	-29.970997
104.675072	-138.941254	-29.970997	2.458407	84.064835	-47.864292	17.489391
84.064835	-47.864292	17.489391	3.058407	110.952354	146.422699	195.471207
-112.745758	-75.428535	75.645699	1.258407	-112.772156	-181.995499	75.658051
-112.772156	-181.995499	75.658051	1.858407	-84.221428	-235.301849	31.049128
-84.221428	-235.301849	31.049128	2.058407	-45.315998	-249.662369	-19.018227
-45.315998	-249.662369	-19.018227	2.058407	-21.968321	-237.944031	-55.678932
-21.968321	-237.944031	-55.678932	1.858407	40.560509	-218.956055	-60.036118
40.560509	-218.956055	-60.036118	1.858407	104.675072	-138.941254	-29.970997
104.675072	-138.941254	-29.970997	2.458407	84.064835	-47.864292	17.489391
84.064835	-47.864292	17.489391	3.058407	110.952354	146.422699	195.471207
-112.745758	-75.428535	75.645699	1.258407	-112.772156	-181.995499	75.658051
-112.772156	-181.995499	75.658051	1.858407	-84.221428	-235.301849	31.049128
-84.221428	-235.301849	31.049128	2.058407	-45.315998	-249.662369	-19.018227
-45.315998	-249.662369	-19.018227	2.058407	-21.968321	-237.944031	-55.678932
-21.968321	-237.944031	-55.678932	1.858407	40.560509	-218.956055	-60.036118
40.560509	-218.956055	-60.036118	1.858407	104.675072	-138.941254	-29.970997
104.675072	-138.941254	-29.970997	2.458407	84.064835	-47.864292	17.489391
84.064835	-47.864292	17.489391	3.058407	110.952354	146.422699	195.471207
-112.745758	-75.428535	75.645699	1.258407	-112.772156	-181.995499	75.658051
-112.772156	-181.995499	75.658051	1.858407	-84.221428	-235.301849	31.049128
-84.221428	-235.301849	31.049128	2.058407	-45.315998	-249.662369	-19.018227
-45.315998	-249.662369	-19.018227	2.058407	-21.968321	-237.944031	-55.678932
-21.968321	-237.944031	-55.678932	1.858407	40.560509	-218.956055	-60.036118
40.560509	-218.956055	-60.036118	1.858407	104.675072	-138.941254	-29.970997
104.675072	-138.941254	-29.970997	2.458407	84.064835	-47.864292	17.489391
84.064835	-47.864292	17.489391	3.058407	110.952354	146.422699	195.471207
-112.745758	-75.428535	75.645699	1.258407	-112.772156	-181.995499	75.658051
-112.772156	-181.995499	75.658051	1.858407	-84.221428	-235.301849	31.049128
-84.221428	-235.301849	31.049128	2.058407	-45.315998	-249.662369	-19.018227
-45.315998	-249.662369	-19.018227	2.058407	-21.968321	-237.944031	-55.678932
-21.968321	-237.944031	-55.678932	1.858407	40.560509	-218.956055	-60.036118
40.560509	-218.956055	-60.036118	1.858407	104.675072	-138.941254	-29.970997
104.675072	-138.941254	-29.970997	2.458407	84.064835	-47.864292	17.489391
84.064835	-47.864292	17.489391	3.058407	110.952354	146.422699	195.471207
-112.745758	-75.428535	75.645699	1.258407	-112.772156	-181.995499	75.658051
-112.772156	-181.995499	75.658051	1.858407	-84.221428	-235.301849	31.049128
-84.221428	-235.301849	31.049128	2.058407	-45.315998	-249.662369	-19.018227
-45.315998	-249.662369	-19.018227	2.058407	-21.968321	-237.944031	-55.678932
-21.968321	-237.944031	-55.678932	1.858407	40.560509	-218.956055	-60.036118
40.560509	-218.956055	-60.036118	1.858407	104.675072	-138.941254	-29.970997
104.675072	-138.941254	-29.970997	2.458407	84.064835	-47.864292	17.489391
84.064835	-47.864292	17.489391	3.058407	110.952354	146.422699	195.471207
-112.745758	-75.428535	75.645699	1.258407	-112.772156	-181.995499	75.658051
-112.772156	-181.995499	75.658051	1.858407	-84.221428	-235.301849	31.049128
-84.221428	-235.301849	31.049128	2.058407	-45.315998	-249.662369	-19.018227
-45.315998	-249.662369	-19.018227	2.058407	-21.968321	-237.944031	-55.678932
-21.968321	-237.944031	-55.678932	1.858407	40.560509	-218.956055	-60.036118
40.560509	-218.956055	-60.036118	1.858407	104.675072	-138.941254	-29.970997
104.675072	-138.941254	-29.970997	2.458407	84.064835	-47.864292	17.489391
84.064835	-47.864292	17.489391	3.058407	110.952354	146.422699	195.471207
-112.745758	-75.428535	75.645699	1.258407	-112.772156	-181.995499	75.658051
-112.772156	-181.995499	75.658051	1.858407	-84.221428	-235.301849	31.049128
-84.221428	-235.301849	31.049128	2.058407	-45.315998	-249.662369	-19.018227
-45.315998	-249.662369	-19.018227	2.058407	-21.968321	-237.944031	-55.678932
-21.968321	-237.944031	-55.678932	1.858407	40.560509	-218.956055	-60.036118
40.560509	-218.956055	-60.036118	1.858407	104.675072	-138.941254	-29.970997
104.675072	-138.941254	-29.970997	2.458407	84.064835	-47.864292	17.489391
84.064835	-47.864292	17.489391	3.058407	110.952354	146.422699	195.471207
-112.745758	-75.428535	75.645699	1.258407	-112.772156	-181.995499	75.658051
-112.772156	-181.995499	75.658051	1.858407	-84.221428	-235.301849	31.049128
-84.221428	-235.301849	31.049128	2.058407	-45.315998	-249.662369	-19.018227
-45.315998	-249.662369	-19.018227	2.058407	-21.968321	-237.944031	-55.678932
-21.968321	-237.944031	-55.678932	1.858407	40.560509	-218.956055	-60.036118
40.560509	-218.956055	-60.036118	1.858407	104.675072	-138.941254	-29.970997
104.675072	-138.941254	-29.970997	2.458407	84.064835	-47.864292	17.489391
84.064835	-47.864292	17.489391	3.058407	110.952354	146.422699	195.471207
-112.745758	-75.428535	75.645699	1.258407	-112.772156	-181.995499	75.658051
-112.772156	-181.995499	75.658051	1.858407	-84.221428	-235.301849	31.049128
-84.221428	-235.301849	31.049128	2.058407	-45.315998	-249.662369	-19.018227
-45.315998	-249.662369	-19.018227	2.058407	-21.968321	-237.944031	-55.678932
-21.968321	-237.944031	-55.678932	1.858407	40.560509	-218.956055	-60.036118
40.560509	-218.956055	-60.036118	1.858407	104.675072	-138.941254	-29.970997
104.675072	-138.941254	-29.970997	2.458407	84.064835	-47.864292	17.489391
84.064835	-47.864292	17.489391	3.058407	110.952354	146.422699	195.471207
-112.745758	-75.428535	75.645699	1.258407	-112.772156	-181.995499	75.658051
-112.772156	-181.995499	75.658051	1.858407	-84.221428	-235.301849	31.049128
-84.221428	-235.301849	31.049128	2.058407	-45.315998	-249.662369	-19.018227
-45.315998	-249.662369	-19.018227	2.058407	-21.968321	-237.944031	-55.678932
-21.968321	-237.944031	-55.678932	1.858407	40.560509	-218.956055	-60.036118
40.560509	-218.956055	-60.036118	1.858407	104.675072	-138.941254	-29.970997
104.675072	-138.941254	-29.970997	2.458407	84.064835	-47.864292	17.489391
84.064835	-47.864292	17.489391	3.058407	110.952354	146.422699	195.471207
-112.745758	-75.428535	75.645699	1.258407	-112.772156	-181.995499	75.658051
-112.772156	-181.995499	75.658051	1.858407	-84.221428	-235.301849	31.049128
-84.221428	-235.301849	31.049128	2.058407	-45.315998	-249.662369	-19.018227
-45.315998	-249.662369	-19.018227	2.058407	-21.968321	-237.944031	-55.678932
-21.968321	-237.944031	-55.678932	1.858407	40.560509	-218.956055	-60.036118
40.560509	-218.956055	-60.036118	1.858407	104.675072	-138.941254	-29.970997
104.675072	-138.941254	-29.970997	2.458407	84.064835	-47.864292	17.489391
84.064835	-47.864292	17.489391	3.058407	110.952354	146.422699	195.471207
-112.745758	-75.428535	75.645699	1.258407	-112.772156	-181.995499	75.658051
-112.772156	-181.995499	75.658051	1.858407	-84.221428	-235.301849	31.049128
-84.221428	-235.301849	31.049128	2.058407	-45.315998	-249.662369	-19.018227
-45.315998	-249.662369	-19.018227	2.058407	-21.968321	-237.944031	-55.678932
-21.968321	-237.944031	-55.678932	1.858407	40.560509	-218.956055	-60.036118
40.560509	-218.956055	-60.036118	1.858407	104.675072	-138.941254	-29.970997
104.675072	-138.941254	-29.970997	2.458407	84.064835	-47.864292	17.489391
84.064835	-47.864292	17.489391	3.058407	110.952354	146.422699	195.471207
-112.745758	-75.428535	75.645699	1.258407	-112.772156	-181.995499	75.658051
-112.772156	-181.995499	75.658051	1.858407	-84.221428	-235.301849	31.049128
-84.221428	-235.301849	31.049128	2.058407	-45.315998	-249.662369	-19.018227
-45.315998	-249.662369	-19.018227	2.058407	-21.968321	-237.944031	-55.678932
-21.968321	-237.944031	-55.678932	1.858407	40.560509	-218.956055	-60.036118
40.560509	-218.956055	-60.036118	1.858407	104.675072	-138.941254	-29.970997
104.675072	-138.941254	-29.970997	2.458407	84.064835	-47.864292	17.489391
84.064835	-47.864292	17.489391	3.058407	110.952354	146.422699	195.471207
-112.745758	-75.428535	75.645699	1.258407	-112.772156	-181.995499	75.658051
-112.772156	-181.995499	75.658051	1.858407	-84.221428	-235.301849	31.049128
-84.221428	-235.301849	31.049128	2.058407	-45.315998	-249.662369	-19.018227
-45.315998	-249.662369	-19.018227	2.058407	-21.968321	-237.944031	-55.678932
-21.968321	-237.944031	-55.678932	1.858407	40.560509	-218.956055	-60.036118
40.560509	-218.956055	-60.036118	1.858407	104.675072	-138.941254	-29.970997
104.675072	-138.941254	-29.970997	2.458407	84.064835	-47.864292	17.489391
84.064835	-47.864292	17.489391	3.058407	110.952354	146.422699	195.471207
-112.745758	-75.428535	75.645699	1.258407	-112.772156	-181.995499	75.658051
-112.772156	-181.995499	75.658051	1.858407	-84.221428	-235.301849	31.049128
-84.221428	-235.301849	31.049128	2.058407	-45.315998	-249.662369	-19.018227
-45.315998	-249.662369	-19.018227	2.058407	-21.968321	-237.944031	-55.678932
-21.968321	-237.944031	-55.678932	1.858407	40.560509	-218.956055	-60.036118
40.560509	-218.956055	-60.036118	1.858407	104.675072	-138.941254	-29.970997
104.675072	-138.941254	-29.970997	2.458407	84.064835	-47.864292	17.489391
84.064835	-47.864292	17.489391	3.058407	110.952354	146.422699	195.471207
-112.745758	-75.428535	75.645699	1.258407	-112.772156	-181.995499	75.658051
-112.772156	-181.995499	75.658051	1.858407	-84.221428	-235.301849	31.049128
-84.221428	-235.301849	31.049128	2.058407	-45.315998	-249.662369	-19.018227
-45.315998	-249.662369	-19.018227	2.058407	-21.968321	-237.944031	-55.678932
-21.968321	-237.944031	-55.678932	1.858407	40.560509	-218.956055	-60.036118
40.560509	-218.956055	-60.036118	1.858407	104.675072	-138.941254	-29.970997
104.675072	-138.941254	-29.970997	2.458407	84.064835	-47.864292	17.489391
84.064835	-47.864292	17.489391	3.058407	110.952354	146.422699	195.471207
-112.745758	-75.428535	75.645699	1.258407	-112.772156	-181.995499	75.658051
-112.772156	-181.995499	75.658051	1.858407	-84.221428	-235.301849	31.049128
-84.221428	-235.301849	31.049128	2.058407	-45.315998	-249.662369	-19.018227
-45.315998	-249.662369	-19.018227	2.058407	-21.968321	-237.944031	-55.678932
-21.968321	-237.944031	-55.678932	1.858407	40.560509	-218.956055	-60.036118
40.560509	-218.956055	-60.036118	1.858407	104.675072	-138.941254	-29.970997
104.675072	-138.941254	-29.970997	2.458407	84.064835	-47.864292	17.489391
84.064835	-47.864292	17.489391	3.058407	110.952354	146.422699	195.471207
-112.745758	-75.428535	75.645699	1.258407	-112.772156	-181.995499	75.658051
-112.772156	-181.995499	75.658051	1.858407	-84.221428	-235.301849	31.049128
-84.221428	-235.301849	31.049128	2.058407	-45.315998	-249.662369	-19.018227
-45.315998	-249.662369	-19.018227	2.058407	-21.968321	-237.944031	-55.678932
-21.968321	-237.944031	-55.678932	1.858407	40.560509	-218.956055	-60.036118
40.560509	-218.956055	-60.036118	1.858407	104.675072	-138.941254	-29.970997
104.675072	-138.941254	-29.970997	2.458407	84.064835	-47.864292	17.489391
84.064835	-47.864292	17.489391	3.058407	110.952354	146.422699	195.471207
-112.745758	-75.428535	75.645699	1.258407	-112.772156	-181.995499	75.658051
-112.772156	-181.995499	75.658051	1.858407	-84.221428	-235.301849	31.049128
-84.221428	-235.301849	31.049128	2.058407	-45.315998	-249.662369	-19.018227
-45.315998	-249.662369	-19.018227	2.058407	-21.968321	-237.944031	-55.678932
-21.968321	-237.944031	-55.678932	1.858407	40.560509	-218.956055	-60.036118
40.560509	-218.956055	-60.036118	1.858407	104.675072	-138.941254	-29.970997
104.675072	-138.941254	-29.970997	2.458407	84.064835	-47.864292	17.489391
84.064835	-47.864292	17.489391	3.058407	110.952354	146.422699	195.471207
