111.626251	36.868965	168.326736	3.058407	24.615887	74.457909	168.326736
24.615887	74.457909	168.326736	3.058407	-51.442265	17.899191	168.326736
-51.442265	17.899191	168.326736	-0.941593	-63.134071	8.260124	160.402359
-63.134071	8.260124	160.402359	-1.141593	-70.392349	3.075246	153.351120
-70.392349	3.075246	153.351120	-0.341593	-73.458893	-4.750640	149.944305
-73.458893	-4.750640	149.944305	0.058407	-72.198112	-30.641953	150.661560
-72.198112	-30.641953	150.661560	1.658407	-16.627232	-115.133110	153.542694
-16.627232	-115.133110	153.542694	3.058407	82.387383	-112.617073	160.045349
82.387383	-112.617073	160.045349	3.058407	129.715744	-30.641953	168.326736
129.715744	-30.641953	168.326736	3.058407	129.715744	-30.641953	168.326736
129.715744	-30.641953	168.326736	3.058407	129.715744	-30.641953	168.326736
129.715744	-30.641953	168.326736	3.058407	0.000000	0.000000	0.000000
111.626251	36.868965	168.326736	3.058407	24.615887	74.457909	168.326736
24.615887	74.457909	168.326736	3.058407	-51.442265	17.899191	168.326736
-51.442265	17.899191	168.326736	-0.941593	-63.134071	8.260124	160.402359
-63.134071	8.260124	160.402359	-1.141593	-70.392349	3.075246	153.351120
-70.392349	3.075246	153.351120	-0.341593	-73.458893	-4.750640	149.944305
-73.458893	-4.750640	149.944305	0.058407	-72.198112	-30.641953	150.661560
-72.198112	-30.641953	150.661560	1.658407	-16.627232	-115.133110	153.542694
-16.627232	-115.133110	153.542694	3.058407	82.387383	-112.617073	160.045349
82.387383	-112.617073	160.045349	3.058407	129.715744	-30.641953	168.326736
129.715744	-30.641953	168.326736	3.058407	129.715744	-30.641953	168.326736
129.715744	-30.641953	168.326736	3.058407	129.715744	-30.641953	168.326736
129.715744	-30.641953	168.326736	3.058407	0.000000	0.000000	0.000000
111.626251	36.868965	168.326736	3.058407	24.615887	74.457909	168.326736
24.615887	74.457909	168.326736	3.058407	-51.442265	17.899191	168.326736
-51.442265	17.899191	168.326736	-0.941593	-63.134071	8.260124	160.402359
-63.134071	8.260124	160.402359	-1.141593	-70.392349	3.075246	153.351120
-70.392349	3.075246	153.351120	-0.341593	-73.458893	-4.750640	149.944305
-73.458893	-4.750640	149.944305	0.058407	-72.198112	-30.641953	150.661560
-72.198112	-30.641953	150.661560	1.658407	-16.627232	-115.133110	153.542694
-16.627232	-115.133110	153.542694	3.058407	82.387383	-112.617073	160.045349
82.387383	-112.617073	160.045349	3.058407	129.715744	-30.641953	168.326736
129.715744	-30.641953	168.326736	3.058407	129.715744	-30.641953	168.326736
129.715744	-30.641953	168.326736	3.058407	129.715744	-30.641953	168.326736
129.715744	-30.641953	168.326736	3.058407	0.000000	0.000000	0.000000
111.626251	36.868965	168.326736	3.058407	24.615887	74.457909	168.326736
24.615887	74.457909	168.326736	3.058407	-51.442265	17.899191	168.326736
-51.442265	17.899191	168.326736	-0.941593	-63.134071	8.260124	160.402359
-63.134071	8.260124	160.402359	-1.141593	-70.392349	3.075246	153.351120
-70.392349	3.075246	153.351120	-0.341593	-73.458893	-4.750640	149.944305
-73.458893	-4.750640	149.944305	0.058407	-72.198112	-30.641953	150.661560
-72.198112	-30.641953	150.661560	1.658407	-16.627232	-115.133110	153.542694
-16.627232	-115.133110	153.542694	3.058407	82.387383	-112.617073	160.045349
82.387383	-112.617073	160.045349	3.058407	129.715744	-30.641953	168.326736
129.715744	-30.641953	168.326736	3.058407	129.715744	-30.641953	168.326736
129.715744	-30.641953	168.326736	3.058407	129.715744	-30.641953	168.326736
129.715744	-30.641953	168.326736	3.058407	0.000000	0.000000	0.000000
111.626251	36.868965	168.326736	3.058407	24.615887	74.457909	168.326736
24.615887	74.457909	168.326736	3.058407	-51.442265	17.899191	168.326736
-51.442265	17.899191	168.326736	-0.941593	-63.134071	8.260124	160.402359
-63.134071	8.260124	160.402359	-1.141593	-70.392349	3.075246	153.351120
-70.392349	3.075246	153.351120	-0.341593	-73.458893	-4.750640	149.944305
-73.458893	-4.750640	149.944305	0.058407	-72.198112	-30.641953	150.661560
-72.198112	-30.641953	150.661560	1.658407	-16.627232	-115.133110	153.542694
-16.627232	-115.133110	153.542694	3.058407	82.387383	-112.617073	160.045349
82.387383	-112.617073	160.045349	3.058407	129.715744	-30.641953	168.326736
129.715744	-30.641953	168.326736	3.058407	129.715744	-30.641953	168.326736
129.715744	-30.641953	168.326736	3.058407	129.715744	-30.641953	168.326736
129.715744	-30.641953	168.326736	3.058407	0.000000	0.000000	0.000000
111.626251	36.868965	168.326736	3.058407	24.615887	74.457909	168.326736
24.615887	74.457909	168.326736	3.058407	-51.442265	17.899191	168.326736
-51.442265	17.899191	168.326736	-0.941593	-63.134071	8.260124	160.402359
-63.134071	8.260124	160.402359	-1.141593	-70.392349	3.075246	153.351120
-70.392349	3.075246	153.351120	-0.341593	-73.458893	-4.750640	149.944305
-73.458893	-4.750640	149.944305	0.058407	-72.198112	-30.641953	150.661560
-72.198112	-30.641953	150.661560	1.658407	-16.627232	-115.133110	153.542694
-16.627232	-115.133110	153.542694	3.058407	82.387383	-112.617073	160.045349
82.387383	-112.617073	160.045349	3.058407	129.715744	-30.641953	168.326736
129.715744	-30.641953	168.326736	3.058407	129.715744	-30.641953	168.326736
129.715744	-30.641953	168.326736	3.058407	129.715744	-30.641953	168.326736
129.715744	-30.641953	168.326736	3.058407	0.000000	0.000000	0.000000
111.626251	36.868965	168.326736	3.058407	24.615887	74.457909	168.326736
24.615887	74.457909	168.326736	3.058407	-51.442265	17.899191	168.326736
-51.442265	17.899191	168.326736	-0.941593	-63.134071	8.260124	160.402359
-63.134071	8.260124	160.402359	-1.141593	-70.392349	3.075246	153.351120
-70.392349	3.075246	153.351120	-0.341593	-73.458893	-4.750640	149.944305
-73.458893	-4.750640	149.944305	0.058407	-72.198112	-30.641953	150.661560
-72.198112	-30.641953	150.661560	1.658407	-16.627232	-115.133110	153.542694
-16.627232	-115.133110	153.542694	3.058407	82.387383	-112.617073	160.045349
82.387383	-112.617073	160.045349	3.058407	129.715744	-30.641953	168.326736
129.715744	-30.641953	168.326736	3.058407	129.715744	-30.641953	168.326736
129.715744	-30.641953	168.326736	3.058407	129.715744	-30.641953	168.326736
129.715744	-30.641953	168.326736	3.058407	0.000000	0.000000	0.000000
111.626251	36.868965	168.326736	3.058407	24.615887	74.457909	168.326736
24.615887	74.457909	168.326736	3.058407	-51.442265	17.899191	168.326736
-51.442265	17.899191	168.326736	-0.941593	-63.134071	8.260124	160.402359
-63.134071	8.260124	160.402359	-1.141593	-70.392349	3.075246	153.351120
-70.392349	3.075246	153.351120	-0.341593	-73.458893	-4.750640	149.944305
-73.458893	-4.750640	149.944305	0.058407	-72.198112	-30.641953	150.661560
-72.198112	-30.641953	150.661560	1.658407	-16.627232	-115.133110	153.542694
-16.627232	-115.133110	153.542694	3.058407	82.387383	-112.617073	160.045349
82.387383	-112.617073	160.045349	3.058407	129.715744	-30.641953	168.326736
129.715744	-30.641953	168.326736	3.058407	129.715744	-30.641953	168.326736
129.715744	-30.641953	168.326736	3.058407	129.715744	-30.641953	168.326736
129.715744	-30.641953	168.326736	3.058407	0.000000	0.000000	0.000000
111.626251	36.868965	168.326736	3.058407	24.615887	74.457909	168.326736
24.615887	74.457909	168.326736	3.058407	-51.442265	17.899191	168.326736
-51.442265	17.899191	168.326736	-0.941593	-63.134071	8.260124	160.402359
-63.134071	8.260124	160.402359	-1.141593	-70.392349	3.075246	153.351120
-70.392349	3.075246	153.351120	-0.341593	-73.458893	-4.750640	149.944305
-73.458893	-4.750640	149.944305	0.058407	-72.198112	-30.641953	150.661560
-72.198112	-30.641953	150.661560	1.658407	-16.627232	-115.133110	153.542694
-16.627232	-115.133110	153.542694	3.058407	82.387383	-112.617073	160.045349
82.387383	-112.617073	160.045349	3.058407	129.715744	-30.641953	168.326736
129.715744	-30.641953	168.326736	3.058407	129.715744	-30.641953	168.326736
129.715744	-30.641953	168.326736	3.058407	129.715744	-30.641953	168.326736
129.715744	-30.641953	168.326736	3.058407	0.000000	0.000000	0.000000
111.626251	36.868965	168.326736	3.058407	24.615887	74.457909	168.326736
24.615887	74.457909	168.326736	3.058407	-51.442265	17.899191	168.326736
-51.442265	17.899191	168.326736	-0.941593	-63.134071	8.260124	160.402359
-63.134071	8.260124	160.402359	-1.141593	-70.392349	3.075246	153.351120
-70.392349	3.075246	153.351120	-0.341593	-73.458893	-4.750640	149.944305
-73.458893	-4.750640	149.944305	0.058407	-72.198112	-30.641953	150.661560
-72.198112	-30.641953	150.661560	1.658407	-16.627232	-115.133110	153.542694
-16.627232	-115.133110	153.542694	3.058407	82.387383	-112.617073	160.045349
82.387383	-112.617073	160.045349	3.058407	129.715744	-30.641953	168.326736
129.715744	-30.641953	168.326736	3.058407	129.715744	-30.641953	168.326736
129.715744	-30.641953	168.326736	3.058407	129.715744	-30.641953	168.326736
129.715744	-30.641953	168.326736	3.058407	0.000000	0.000000	0.000000
111.626251	36.868965	168.326736	3.058407	24.615887	74.457909	168.326736
24.615887	74.457909	168.326736	3.058407	-51.442265	17.899191	168.326736
-51.442265	17.899191	168.326736	-0.941593	-63.134071	8.260124	160.402359
-63.134071	8.260124	160.402359	-1.141593	-70.392349	3.075246	153.351120
-70.392349	3.075246	153.351120	-0.341593	-73.458893	-4.750640	149.944305
-73.458893	-4.750640	149.944305	0.058407	-72.198112	-30.641953	150.661560
-72.198112	-30.641953	150.661560	1.658407	-16.627232	-115.133110	153.542694
-16.627232	-115.133110	153.542694	3.058407	82.387383	-112.617073	160.045349
82.387383	-112.617073	160.045349	3.058407	129.715744	-30.641953	168.326736
129.715744	-30.641953	168.326736	3.058407	129.715744	-30.641953	168.326736
129.715744	-30.641953	168.326736	3.058407	129.715744	-30.641953	168.326736
129.715744	-30.641953	168.326736	3.058407	0.000000	0.000000	0.000000
111.626251	36.868965	168.326736	3.058407	24.615887	74.457909	168.326736
24.615887	74.457909	168.326736	3.058407	-51.442265	17.899191	168.326736
-51.442265	17.899191	168.326736	-0.941593	-63.134071	8.260124	160.402359
-63.134071	8.260124	160.402359	-1.141593	-70.392349	3.075246	153.351120
-70.392349	3.075246	153.351120	-0.341593	-73.458893	-4.750640	149.944305
-73.458893	-4.750640	149.944305	0.058407	-72.198112	-30.641953	150.661560
-72.198112	-30.641953	150.661560	1.658407	-16.627232	-115.133110	153.542694
-16.627232	-115.133110	153.542694	3.058407	82.387383	-112.617073	160.045349
82.387383	-112.617073	160.045349	3.058407	129.715744	-30.641953	168.326736
129.715744	-30.641953	168.326736	3.058407	129.715744	-30.641953	168.326736
129.715744	-30.641953	168.326736	3.058407	129.715744	-30.641953	168.326736
129.715744	-30.641953	168.326736	3.058407	0.000000	0.000000	0.000000
111.626251	36.868965	168.326736	3.058407	24.615887	74.457909	168.326736
24.615887	74.457909	168.326736	3.058407	-51.442265	17.899191	168.326736
-51.442265	17.899191	168.326736	-0.941593	-63.134071	8.260124	160.402359
-63.134071	8.260124	160.402359	-1.141593	-70.392349	3.075246	153.351120
-70.392349	3.075246	153.351120	-0.341593	-73.458893	-4.750640	149.944305
-73.458893	-4.750640	149.944305	0.058407	-72.198112	-30.641953	150.661560
-72.198112	-30.641953	150.661560	1.658407	-16.627232	-115.133110	153.542694
-16.627232	-115.133110	153.542694	3.058407	82.387383	-112.617073	160.045349
82.387383	-112.617073	160.045349	3.058407	129.715744	-30.641953	168.326736
129.715744	-30.641953	168.326736	3.058407	129.715744	-30.641953	168.326736
129.715744	-30.641953	168.326736	3.058407	129.715744	-30.641953	168.326736
129.715744	-30.641953	168.326736	3.058407	0.000000	0.000000	0.000000
111.626251	36.868965	168.326736	3.058407	24.615887	74.457909	168.326736
24.615887	74.457909	168.326736	3.058407	-51.442265	17.899191	168.326736
-51.442265	17.899191	168.326736	-0.941593	-63.134071	8.260124	160.402359
-63.134071	8.260124	160.402359	-1.141593	-70.392349	3.075246	153.351120
-70.392349	3.075246	153.351120	-0.341593	-73.458893	-4.750640	149.944305
-73.458893	-4.750640	149.944305	0.058407	-72.198112	-30.641953	150.661560
-72.198112	-30.641953	150.661560	1.658407	-16.627232	-115.133110	153.542694
-16.627232	-115.133110	153.542694	3.058407	82.387383	-112.617073	160.045349
82.387383	-112.617073	160.045349	3.058407	129.715744	-30.641953	168.326736
129.715744	-30.641953	168.326736	3.058407	129.715744	-30.641953	168.326736
129.715744	-30.641953	168.326736	3.058407	129.715744	-30.641953	168.326736
129.715744	-30.641953	168.326736	3.058407	0.000000	0.000000	0.000000
111.626251	36.868965	168.326736	3.058407	24.615887	74.457909	168.326736
24.615887	74.457909	168.326736	3.058407	-51.442265	17.899191	168.326736
-51.442265	17.899191	168.326736	-0.941593	-63.134071	8.260124	160.402359
-63.134071	8.260124	160.402359	-1.141593	-70.392349	3.075246	153.351120
-70.392349	3.075246	153.351120	-0.341593	-73.458893	-4.750640	149.944305
-73.458893	-4.750640	149.944305	0.058407	-72.198112	-30.641953	150.661560
-72.198112	-30.641953	150.661560	1.658407	-16.627232	-115.133110	153.542694
-16.627232	-115.133110	153.542694	3.058407	82.387383	-112.617073	160.045349
82.387383	-112.617073	160.045349	3.058407	129.715744	-30.641953	168.326736
129.715744	-30.641953	168.326736	3.058407	129.715744	-30.641953	168.326736
129.715744	-30.641953	168.326736	3.058407	129.715744	-30.641953	168.326736
129.715744	-30.641953	168.326736	3.058407	0.000000	0.000000	0.000000
111.626251	36.868965	168.326736	3.058407	24.615887	74.457909	168.326736
24.615887	74.457909	168.326736	3.058407	-51.442265	17.899191	168.326736
-51.442265	17.899191	168.326736	-0.941593	-63.134071	8.260124	160.402359
-63.134071	8.260124	160.402359	-1.141593	-70.392349	3.075246	153.351120
-70.392349	3.075246	153.351120	-0.341593	-73.458893	-4.750640	149.944305
-73.458893	-4.750640	149.944305	0.058407	-72.198112	-30.641953	150.661560
-72.198112	-30.641953	150.661560	1.658407	-16.627232	-115.133110	153.542694
-16.627232	-115.133110	153.542694	3.058407	82.387383	-112.617073	160.045349
82.387383	-112.617073	160.045349	3.058407	129.715744	-30.641953	168.326736
129.715744	-30.641953	168.326736	3.058407	129.715744	-30.641953	168.326736
129.715744	-30.641953	168.326736	3.058407	129.715744	-30.641953	168.326736
129.715744	-30.641953	168.326736	3.058407	0.000000	0.000000	0.000000
111.626251	36.868965	168.326736	3.058407	24.615887	74.457909	168.326736
24.615887	74.457909	168.326736	3.058407	-51.442265	17.899191	168.326736
-51.442265	17.899191	168.326736	-0.941593	-63.134071	8.260124	160.402359
-63.134071	8.260124	160.402359	-1.141593	-70.392349	3.075246	153.351120
-70.392349	3.075246	153.351120	-0.341593	-73.458893	-4.750640	149.944305
-73.458893	-4.750640	149.944305	0.058407	-72.198112	-30.641953	150.661560
-72.198112	-30.641953	150.661560	1.658407	-16.627232	-115.133110	153.542694
-16.627232	-115.133110	153.542694	3.058407	82.387383	-112.617073	160.045349
82.387383	-112.617073	160.045349	3.058407	129.715744	-30.641953	168.326736
129.715744	-30.641953	168.326736	3.058407	129.715744	-30.641953	168.326736
129.715744	-30.641953	168.326736	3.058407	129.715744	-30.641953	168.326736
129.715744	-30.641953	168.326736	3.058407	0.000000	0.000000	0.000000
111.626251	36.868965	168.326736	3.058407	24.615887	74.457909	168.326736
24.615887	74.457909	168.326736	3.058407	-51.442265	17.899191	168.326736
-51.442265	17.899191	168.326736	-0.941593	-63.134071	8.260124	160.402359
-63.134071	8.260124	160.402359	-1.141593	-70.392349	3.075246	153.351120
-70.392349	3.075246	153.351120	-0.341593	-73.458893	-4.750640	149.944305
-73.458893	-4.750640	149.944305	0.058407	-72.198112	-30.641953	150.661560
-72.198112	-30.641953	150.661560	1.658407	-16.627232	-115.133110	153.542694
-16.627232	-115.133110	153.542694	3.058407	82.387383	-112.617073	160.045349
82.387383	-112.617073	160.045349	3.058407	129.715744	-30.641953	168.326736
129.715744	-30.641953	168.326736	3.058407	129.715744	-30.641953	168.326736
129.715744	-30.641953	168.326736	3.058407	129.715744	-30.641953	168.326736
129.715744	-30.641953	168.326736	3.058407	0.000000	0.000000	0.000000
111.626251	36.868965	168.326736	3.058407	24.615887	74.457909	168.326736
24.615887	74.457909	168.326736	3.058407	-51.442265	17.899191	168.326736
-51.442265	17.899191	168.326736	-0.941593	-63.134071	8.260124	160.402359
-63.134071	8.260124	160.402359	-1.141593	-70.392349	3.075246	153.351120
-70.392349	3.075246	153.351120	-0.341593	-73.458893	-4.750640	149.944305
-73.458893	-4.750640	149.944305	0.058407	-72.198112	-30.641953	150.661560
-72.198112	-30.641953	150.661560	1.658407	-16.627232	-115.133110	153.542694
-16.627232	-115.133110	153.542694	3.058407	82.387383	-112.617073	160.045349
82.387383	-112.617073	160.045349	3.058407	129.715744	-30.641953	168.326736
129.715744	-30.641953	168.326736	3.058407	129.715744	-30.641953	168.326736
129.715744	-30.641953	168.326736	3.058407	129.715744	-30.641953	168.326736
129.715744	-30.641953	168.326736	3.058407	0.000000	0.000000	0.000000
111.626251	36.868965	168.326736	3.058407	24.615887	74.457909	168.326736
24.615887	74.457909	168.326736	3.058407	-51.442265	17.899191	168.326736
-51.442265	17.899191	168.326736	-0.941593	-63.134071	8.260124	160.402359
-63.134071	8.260124	160.402359	-1.141593	-70.392349	3.075246	153.351120
-70.392349	3.075246	153.351120	-0.341593	-73.458893	-4.750640	149.944305
-73.458893	-4.750640	149.944305	0.058407	-72.198112	-30.641953	150.661560
-72.198112	-30.641953	150.661560	1.658407	-16.627232	-115.133110	153.542694
-16.627232	-115.133110	153.542694	3.058407	82.387383	-112.617073	160.045349
82.387383	-112.617073	160.045349	3.058407	129.715744	-30.641953	168.326736
129.715744	-30.641953	168.326736	3.058407	129.715744	-30.641953	168.326736
129.715744	-30.641953	168.326736	3.058407	129.715744	-30.641953	168.326736
129.715744	-30.641953	168.326736	3.058407	0.000000	0.000000	0.000000
