-125.649338	-196.810837	-18.716351	1.858407	-22.808273	-270.891876	-18.716351
-22.808273	-270.891876	-18.716351	2.258407	2.662781	-270.891876	-21.702311
2.662781	-270.891876	-21.702311	2.458407	2.662781	-270.891876	-21.702311
2.662781	-270.891876	-21.702311	2.458407	61.087418	-255.237045	-21.702311
61.087418	-255.237045	-21.702311	2.658407	126.344681	-147.209976	-21.702311
126.344681	-147.209976	-21.702311	3.058407	176.407410	-66.421219	-98.040924
176.407410	-66.421219	-98.040924	3.058407	31.286160	-60.087063	164.901199
-125.649338	-196.810837	-18.716351	1.858407	-22.808273	-270.891876	-18.716351
-22.808273	-270.891876	-18.716351	2.258407	2.662781	-270.891876	-21.702311
2.662781	-270.891876	-21.702311	2.458407	2.662781	-270.891876	-21.702311
2.662781	-270.891876	-21.702311	2.458407	61.087418	-255.237045	-21.702311
61.087418	-255.237045	-21.702311	2.658407	126.344681	-147.209976	-21.702311
126.344681	-147.209976	-21.702311	3.058407	176.407410	-66.421219	-98.040924
176.407410	-66.421219	-98.040924	3.058407	31.286160	-60.087063	164.901199
-125.649338	-196.810837	-18.716351	1.858407	-22.808273	-270.891876	-18.716351
-22.808273	-270.891876	-18.716351	2.258407	2.662781	-270.891876	-21.702311
2.662781	-270.891876	-21.702311	2.458407	2.662781	-270.891876	-21.702311
2.662781	-270.891876	-21.702311	2.458407	61.087418	-255.237045	-21.702311
61.087418	-255.237045	-21.702311	2.658407	126.344681	-147.209976	-21.702311
126.344681	-147.209976	-21.702311	3.058407	176.407410	-66.421219	-98.040924
176.407410	-66.421219	-98.040924	3.058407	31.286160	-60.087063	164.901199
-125.649338	-196.810837	-18.716351	1.858407	-22.808273	-270.891876	-18.716351
-22.808273	-270.891876	-18.716351	2.258407	2.662781	-270.891876	-21.702311
2.662781	-270.891876	-21.702311	2.458407	2.662781	-270.891876	-21.702311
2.662781	-270.891876	-21.702311	2.458407	61.087418	-255.237045	-21.702311
61.087418	-255.237045	-21.702311	2.658407	126.344681	-147.209976	-21.702311
126.344681	-147.209976	-21.702311	3.058407	176.407410	-66.421219	-98.040924
176.407410	-66.421219	-98.040924	3.058407	31.286160	-60.087063	164.901199
-125.649338	-196.810837	-18.716351	1.858407	-22.808273	-270.891876	-18.716351
-22.808273	-270.891876	-18.716351	2.258407	2.662781	-270.891876	-21.702311
2.662781	-270.891876	-21.702311	2.458407	2.662781	-270.891876	-21.702311
2.662781	-270.891876	-21.702311	2.458407	61.087418	-255.237045	-21.702311
61.087418	-255.237045	-21.702311	2.658407	126.344681	-147.209976	-21.702311
126.344681	-147.209976	-21.702311	3.058407	176.407410	-66.421219	-98.040924
176.407410	-66.421219	-98.040924	3.058407	31.286160	-60.087063	164.901199
-125.649338	-196.810837	-18.716351	1.858407	-22.808273	-270.891876	-18.716351
-22.808273	-270.891876	-18.716351	2.258407	2.662781	-270.891876	-21.702311
2.662781	-270.891876	-21.702311	2.458407	2.662781	-270.891876	-21.702311
2.662781	-270.891876	-21.702311	2.458407	61.087418	-255.237045	-21.702311
61.087418	-255.237045	-21.702311	2.658407	126.344681	-147.209976	-21.702311
126.344681	-147.209976	-21.702311	3.058407	176.407410	-66.421219	-98.040924
176.407410	-66.421219	-98.040924	3.058407	31.286160	-60.087063	164.901199
-125.649338	-196.810837	-18.716351	1.858407	-22.808273	-270.891876	-18.716351
-22.808273	-270.891876	-18.716351	2.258407	2.662781	-270.891876	-21.702311
2.662781	-270.891876	-21.702311	2.458407	2.662781	-270.891876	-21.702311
2.662781	-270.891876	-21.702311	2.458407	61.087418	-255.237045	-21.702311
61.087418	-255.237045	-21.702311	2.658407	126.344681	-147.209976	-21.702311
126.344681	-147.209976	-21.702311	3.058407	176.407410	-66.421219	-98.040924
176.407410	-66.421219	-98.040924	3.058407	31.286160	-60.087063	164.901199
-125.649338	-196.810837	-18.716351	1.858407	-22.808273	-270.891876	-18.716351
-22.808273	-270.891876	-18.716351	2.258407	2.662781	-270.891876	-21.702311
2.662781	-270.891876	-21.702311	2.458407	2.662781	-270.891876	-21.702311
2.662781	-270.891876	-21.702311	2.458407	61.087418	-255.237045	-21.702311
61.087418	-255.237045	-21.702311	2.658407	126.344681	-147.209976	-21.702311
126.344681	-147.209976	-21.702311	3.058407	176.407410	-66.421219	-98.040924
176.407410	-66.421219	-98.040924	3.058407	31.286160	-60.087063	164.901199
-125.649338	-196.810837	-18.716351	1.858407	-22.808273	-270.891876	-18.716351
-22.808273	-270.891876	-18.716351	2.258407	2.662781	-270.891876	-21.702311
2.662781	-270.891876	-21.702311	2.458407	2.662781	-270.891876	-21.702311
2.662781	-270.891876	-21.702311	2.458407	61.087418	-255.237045	-21.702311
61.087418	-255.237045	-21.702311	2.658407	126.344681	-147.209976	-21.702311
126.344681	-147.209976	-21.702311	3.058407	176.407410	-66.421219	-98.040924
176.407410	-66.421219	-98.040924	3.058407	31.286160	-60.087063	164.901199
-125.649338	-196.810837	-18.716351	1.858407	-22.808273	-270.891876	-18.716351
-22.808273	-270.891876	-18.716351	2.258407	2.662781	-270.891876	-21.702311
2.662781	-270.891876	-21.702311	2.458407	2.662781	-270.891876	-21.702311
2.662781	-270.891876	-21.702311	2.458407	61.087418	-255.237045	-21.702311
61.087418	-255.237045	-21.702311	2.658407	126.344681	-147.209976	-21.702311
126.344681	-147.209976	-21.702311	3.058407	176.407410	-66.421219	-98.040924
176.407410	-66.421219	-98.040924	3.058407	31.286160	-60.087063	164.901199
-125.649338	-196.810837	-18.716351	1.858407	-22.808273	-270.891876	-18.716351
-22.808273	-270.891876	-18.716351	2.258407	2.662781	-270.891876	-21.702311
2.662781	-270.891876	-21.702311	2.458407	2.662781	-270.891876	-21.702311
2.662781	-270.891876	-21.702311	2.458407	61.087418	-255.237045	-21.702311
61.087418	-255.237045	-21.702311	2.658407	126.344681	-147.209976	-21.702311
126.344681	-147.209976	-21.702311	3.058407	176.407410	-66.421219	-98.040924
176.407410	-66.421219	-98.040924	3.058407	31.286160	-60.087063	164.901199
-125.649338	-196.810837	-18.716351	1.858407	-22.808273	-270.891876	-18.716351
-22.808273	-270.891876	-18.716351	2.258407	2.662781	-270.891876	-21.702311
2.662781	-270.891876	-21.702311	2.458407	2.662781	-270.891876	-21.702311
2.662781	-270.891876	-21.702311	2.458407	61.087418	-255.237045	-21.702311
61.087418	-255.237045	-21.702311	2.658407	126.344681	-147.209976	-21.702311
126.344681	-147.209976	-21.702311	3.058407	176.407410	-66.421219	-98.040924
176.407410	-66.421219	-98.040924	3.058407	31.286160	-60.087063	164.901199
-125.649338	-196.810837	-18.716351	1.858407	-22.808273	-270.891876	-18.716351
-22.808273	-270.891876	-18.716351	2.258407	2.662781	-270.891876	-21.702311
2.662781	-270.891876	-21.702311	2.458407	2.662781	-270.891876	-21.702311
2.662781	-270.891876	-21.702311	2.458407	61.087418	-255.237045	-21.702311
61.087418	-255.237045	-21.702311	2.658407	126.344681	-147.209976	-21.702311
126.344681	-147.209976	-21.702311	3.058407	176.407410	-66.421219	-98.040924
176.407410	-66.421219	-98.040924	3.058407	31.286160	-60.087063	164.901199
-125.649338	-196.810837	-18.716351	1.858407	-22.808273	-270.891876	-18.716351
-22.808273	-270.891876	-18.716351	2.258407	2.662781	-270.891876	-21.702311
2.662781	-270.891876	-21.702311	2.458407	2.662781	-270.891876	-21.702311
2.662781	-270.891876	-21.702311	2.458407	61.087418	-255.237045	-21.702311
61.087418	-255.237045	-21.702311	2.658407	126.344681	-147.209976	-21.702311
126.344681	-147.209976	-21.702311	3.058407	176.407410	-66.421219	-98.040924
176.407410	-66.421219	-98.040924	3.058407	31.286160	-60.087063	164.901199
-125.649338	-196.810837	-18.716351	1.858407	-22.808273	-270.891876	-18.716351
-22.808273	-270.891876	-18.716351	2.258407	2.662781	-270.891876	-21.702311
2.662781	-270.891876	-21.702311	2.458407	2.662781	-270.891876	-21.702311
2.662781	-270.891876	-21.702311	2.458407	61.087418	-255.237045	-21.702311
61.087418	-255.237045	-21.702311	2.658407	126.344681	-147.209976	-21.702311
126.344681	-147.209976	-21.702311	3.058407	176.407410	-66.421219	-98.040924
176.407410	-66.421219	-98.040924	3.058407	31.286160	-60.087063	164.901199
-125.649338	-196.810837	-18.716351	1.858407	-22.808273	-270.891876	-18.716351
-22.808273	-270.891876	-18.716351	2.258407	2.662781	-270.891876	-21.702311
2.662781	-270.891876	-21.702311	2.458407	2.662781	-270.891876	-21.702311
2.662781	-270.891876	-21.702311	2.458407	61.087418	-255.237045	-21.702311
61.087418	-255.237045	-21.702311	2.658407	126.344681	-147.209976	-21.702311
126.344681	-147.209976	-21.702311	3.058407	176.407410	-66.421219	-98.040924
176.407410	-66.421219	-98.040924	3.058407	31.286160	-60.087063	164.901199
-125.649338	-196.810837	-18.716351	1.858407	-22.808273	-270.891876	-18.716351
-22.808273	-270.891876	-18.716351	2.258407	2.662781	-270.891876	-21.702311
2.662781	-270.891876	-21.702311	2.458407	2.662781	-270.891876	-21.702311
2.662781	-270.891876	-21.702311	2.458407	61.087418	-255.237045	-21.702311
61.087418	-255.237045	-21.702311	2.658407	126.344681	-147.209976	-21.702311
126.344681	-147.209976	-21.702311	3.058407	176.407410	-66.421219	-98.040924
176.407410	-66.421219	-98.040924	3.058407	31.286160	-60.087063	164.901199
-125.649338	-196.810837	-18.716351	1.858407	-22.808273	-270.891876	-18.716351
-22.808273	-270.891876	-18.716351	2.258407	2.662781	-270.891876	-21.702311
2.662781	-270.891876	-21.702311	2.458407	2.662781	-270.891876	-21.702311
2.662781	-270.891876	-21.702311	2.458407	61.087418	-255.237045	-21.702311
61.087418	-255.237045	-21.702311	2.658407	126.344681	-147.209976	-21.702311
126.344681	-147.209976	-21.702311	3.058407	176.407410	-66.421219	-98.040924
176.407410	-66.421219	-98.040924	3.058407	31.286160	-60.087063	164.901199
-125.649338	-196.810837	-18.716351	1.858407	-22.808273	-270.891876	-18.716351
-22.808273	-270.891876	-18.716351	2.258407	2.662781	-270.891876	-21.702311
2.662781	-270.891876	-21.702311	2.458407	2.662781	-270.891876	-21.702311
2.662781	-270.891876	-21.702311	2.458407	61.087418	-255.237045	-21.702311
61.087418	-255.237045	-21.702311	2.658407	126.344681	-147.209976	-21.702311
126.344681	-147.209976	-21.702311	3.058407	176.407410	-66.421219	-98.040924
176.407410	-66.421219	-98.040924	3.058407	31.286160	-60.087063	164.901199
-125.649338	-196.810837	-18.716351	1.858407	-22.808273	-270.891876	-18.716351
-22.808273	-270.891876	-18.716351	2.258407	2.662781	-270.891876	-21.702311
2.662781	-270.891876	-21.702311	2.458407	2.662781	-270.891876	-21.702311
2.662781	-270.891876	-21.702311	2.458407	61.087418	-255.237045	-21.702311
61.087418	-255.237045	-21.702311	2.658407	126.344681	-147.209976	-21.702311
126.344681	-147.209976	-21.702311	3.058407	176.407410	-66.421219	-98.040924
176.407410	-66.421219	-98.040924	3.058407	31.286160	-60.087063	164.901199
