-161.337097	-3.009405	-16.799608	0.858407	-210.798981	-118.217896	-16.799608
-210.798981	-118.217896	-16.799608	1.458407	-165.030533	-201.755997	-40.468575
-165.030533	-201.755997	-40.468575	1.858407	-161.337097	-203.888397	-46.559349
-161.337097	-203.888397	-46.559349	1.858407	-161.337097	-203.888397	-46.559349
-161.337097	-203.888397	-46.559349	1.858407	-69.119003	-228.598160	-46.559349
-69.119003	-228.598160	-46.559349	2.058407	30.524569	-152.479218	-46.559349
30.524569	-152.479218	-46.559349	2.658407	158.584641	169.216995	69.198792
-161.337097	-3.009405	-16.799608	0.858407	-210.798981	-118.217896	-16.799608
-210.798981	-118.217896	-16.799608	1.458407	-165.030533	-201.755997	-40.468575
-165.030533	-201.755997	-40.468575	1.858407	-161.337097	-203.888397	-46.559349
-161.337097	-203.888397	-46.559349	1.858407	-161.337097	-203.888397	-46.559349
-161.337097	-203.888397	-46.559349	1.858407	-69.119003	-228.598160	-46.559349
-69.119003	-228.598160	-46.559349	2.058407	30.524569	-152.479218	-46.559349
30.524569	-152.479218	-46.559349	2.658407	158.584641	169.216995	69.198792
-161.337097	-3.009405	-16.799608	0.858407	-210.798981	-118.217896	-16.799608
-210.798981	-118.217896	-16.799608	1.458407	-165.030533	-201.755997	-40.468575
-165.030533	-201.755997	-40.468575	1.858407	-161.337097	-203.888397	-46.559349
-161.337097	-203.888397	-46.559349	1.858407	-161.337097	-203.888397	-46.559349
-161.337097	-203.888397	-46.559349	1.858407	-69.119003	-228.598160	-46.559349
-69.119003	-228.598160	-46.559349	2.058407	30.524569	-152.479218	-46.559349
30.524569	-152.479218	-46.559349	2.658407	158.584641	169.216995	69.198792
-161.337097	-3.009405	-16.799608	0.858407	-210.798981	-118.217896	-16.799608
-210.798981	-118.217896	-16.799608	1.458407	-165.030533	-201.755997	-40.468575
-165.030533	-201.755997	-40.468575	1.858407	-161.337097	-203.888397	-46.559349
-161.337097	-203.888397	-46.559349	1.858407	-161.337097	-203.888397	-46.559349
-161.337097	-203.888397	-46.559349	1.858407	-69.119003	-228.598160	-46.559349
-69.119003	-228.598160	-46.559349	2.058407	30.524569	-152.479218	-46.559349
30.524569	-152.479218	-46.559349	2.658407	158.584641	169.216995	69.198792
-161.337097	-3.009405	-16.799608	0.858407	-210.798981	-118.217896	-16.799608
-210.798981	-118.217896	-16.799608	1.458407	-165.030533	-201.755997	-40.468575
-165.030533	-201.755997	-40.468575	1.858407	-161.337097	-203.888397	-46.559349
-161.337097	-203.888397	-46.559349	1.858407	-161.337097	-203.888397	-46.559349
-161.337097	-203.888397	-46.559349	1.858407	-69.119003	-228.598160	-46.559349
-69.119003	-228.598160	-46.559349	2.058407	30.524569	-152.479218	-46.559349
30.524569	-152.479218	-46.559349	2.658407	158.584641	169.216995	69.198792
-161.337097	-3.009405	-16.799608	0.858407	-210.798981	-118.217896	-16.799608
-210.798981	-118.217896	-16.799608	1.458407	-165.030533	-201.755997	-40.468575
-165.030533	-201.755997	-40.468575	1.858407	-161.337097	-203.888397	-46.559349
-161.337097	-203.888397	-46.559349	1.858407	-161.337097	-203.888397	-46.559349
-161.337097	-203.888397	-46.559349	1.858407	-69.119003	-228.598160	-46.559349
-69.119003	-228.598160	-46.559349	2.058407	30.524569	-152.479218	-46.559349
30.524569	-152.479218	-46.559349	2.658407	158.584641	169.216995	69.198792
-161.337097	-3.009405	-16.799608	0.858407	-210.798981	-118.217896	-16.799608
-210.798981	-118.217896	-16.799608	1.458407	-165.030533	-201.755997	-40.468575
-165.030533	-201.755997	-40.468575	1.858407	-161.337097	-203.888397	-46.559349
-161.337097	-203.888397	-46.559349	1.858407	-161.337097	-203.888397	-46.559349
-161.337097	-203.888397	-46.559349	1.858407	-69.119003	-228.598160	-46.559349
-69.119003	-228.598160	-46.559349	2.058407	30.524569	-152.479218	-46.559349
30.524569	-152.479218	-46.559349	2.658407	158.584641	169.216995	69.198792
-161.337097	-3.009405	-16.799608	0.858407	-210.798981	-118.217896	-16.799608
-210.798981	-118.217896	-16.799608	1.458407	-165.030533	-201.755997	-40.468575
-165.030533	-201.755997	-40.468575	1.858407	-161.337097	-203.888397	-46.559349
-161.337097	-203.888397	-46.559349	1.858407	-161.337097	-203.888397	-46.559349
-161.337097	-203.888397	-46.559349	1.858407	-69.119003	-228.598160	-46.559349
-69.119003	-228.598160	-46.559349	2.058407	30.524569	-152.479218	-46.559349
30.524569	-152.479218	-46.559349	2.658407	158.584641	169.216995	69.198792
-161.337097	-3.009405	-16.799608	0.858407	-210.798981	-118.217896	-16.799608
-210.798981	-118.217896	-16.799608	1.458407	-165.030533	-201.755997	-40.468575
-165.030533	-201.755997	-40.468575	1.858407	-161.337097	-203.888397	-46.559349
-161.337097	-203.888397	-46.559349	1.858407	-161.337097	-203.888397	-46.559349
-161.337097	-203.888397	-46.559349	1.858407	-69.119003	-228.598160	-46.559349
-69.119003	-228.598160	-46.559349	2.058407	30.524569	-152.479218	-46.559349
30.524569	-152.479218	-46.559349	2.658407	158.584641	169.216995	69.198792
-161.337097	-3.009405	-16.799608	0.858407	-210.798981	-118.217896	-16.799608
-210.798981	-118.217896	-16.799608	1.458407	-165.030533	-201.755997	-40.468575
-165.030533	-201.755997	-40.468575	1.858407	-161.337097	-203.888397	-46.559349
-161.337097	-203.888397	-46.559349	1.858407	-161.337097	-203.888397	-46.559349
-161.337097	-203.888397	-46.559349	1.858407	-69.119003	-228.598160	-46.559349
-69.119003	-228.598160	-46.559349	2.058407	30.524569	-152.479218	-46.559349
30.524569	-152.479218	-46.559349	2.658407	158.584641	169.216995	69.198792
-161.337097	-3.009405	-16.799608	0.858407	-210.798981	-118.217896	-16.799608
-210.798981	-118.217896	-16.799608	1.458407	-165.030533	-201.755997	-40.468575
-165.030533	-201.755997	-40.468575	1.858407	-161.337097	-203.888397	-46.559349
-161.337097	-203.888397	-46.559349	1.858407	-161.337097	-203.888397	-46.559349
-161.337097	-203.888397	-46.559349	1.858407	-69.119003	-228.598160	-46.559349
-69.119003	-228.598160	-46.559349	2.058407	30.524569	-152.479218	-46.559349
30.524569	-152.479218	-46.559349	2.658407	158.584641	169.216995	69.198792
-161.337097	-3.009405	-16.799608	0.858407	-210.798981	-118.217896	-16.799608
-210.798981	-118.217896	-16.799608	1.458407	-165.030533	-201.755997	-40.468575
-165.030533	-201.755997	-40.468575	1.858407	-161.337097	-203.888397	-46.559349
-161.337097	-203.888397	-46.559349	1.858407	-161.337097	-203.888397	-46.559349
-161.337097	-203.888397	-46.559349	1.858407	-69.119003	-228.598160	-46.559349
-69.119003	-228.598160	-46.559349	2.058407	30.524569	-152.479218	-46.559349
30.524569	-152.479218	-46.559349	2.658407	158.584641	169.216995	69.198792
-161.337097	-3.009405	-16.799608	0.858407	-210.798981	-118.217896	-16.799608
-210.798981	-118.217896	-16.799608	1.458407	-165.030533	-201.755997	-40.468575
-165.030533	-201.755997	-40.468575	1.858407	-161.337097	-203.888397	-46.559349
-161.337097	-203.888397	-46.559349	1.858407	-161.337097	-203.888397	-46.559349
-161.337097	-203.888397	-46.559349	1.858407	-69.119003	-228.598160	-46.559349
-69.119003	-228.598160	-46.559349	2.058407	30.524569	-152.479218	-46.559349
30.524569	-152.479218	-46.559349	2.658407	158.584641	169.216995	69.198792
-161.337097	-3.009405	-16.799608	0.858407	-210.798981	-118.217896	-16.799608
-210.798981	-118.217896	-16.799608	1.458407	-165.030533	-201.755997	-40.468575
-165.030533	-201.755997	-40.468575	1.858407	-161.337097	-203.888397	-46.559349
-161.337097	-203.888397	-46.559349	1.858407	-161.337097	-203.888397	-46.559349
-161.337097	-203.888397	-46.559349	1.858407	-69.119003	-228.598160	-46.559349
-69.119003	-228.598160	-46.559349	2.058407	30.524569	-152.479218	-46.559349
30.524569	-152.479218	-46.559349	2.658407	158.584641	169.216995	69.198792
-161.337097	-3.009405	-16.799608	0.858407	-210.798981	-118.217896	-16.799608
-210.798981	-118.217896	-16.799608	1.458407	-165.030533	-201.755997	-40.468575
-165.030533	-201.755997	-40.468575	1.858407	-161.337097	-203.888397	-46.559349
-161.337097	-203.888397	-46.559349	1.858407	-161.337097	-203.888397	-46.559349
-161.337097	-203.888397	-46.559349	1.858407	-69.119003	-228.598160	-46.559349
-69.119003	-228.598160	-46.559349	2.058407	30.524569	-152.479218	-46.559349
30.524569	-152.479218	-46.559349	2.658407	158.584641	169.216995	69.198792
-161.337097	-3.009405	-16.799608	0.858407	-210.798981	-118.217896	-16.799608
-210.798981	-118.217896	-16.799608	1.458407	-165.030533	-201.755997	-40.468575
-165.030533	-201.755997	-40.468575	1.858407	-161.337097	-203.888397	-46.559349
-161.337097	-203.888397	-46.559349	1.858407	-161.337097	-203.888397	-46.559349
-161.337097	-203.888397	-46.559349	1.858407	-69.119003	-228.598160	-46.559349
-69.119003	-228.598160	-46.559349	2.058407	30.524569	-152.479218	-46.559349
30.524569	-152.479218	-46.559349	2.658407	158.584641	169.216995	69.198792
-161.337097	-3.009405	-16.799608	0.858407	-210.798981	-118.217896	-16.799608
-210.798981	-118.217896	-16.799608	1.458407	-165.030533	-201.755997	-40.468575
-165.030533	-201.755997	-40.468575	1.858407	-161.337097	-203.888397	-46.559349
-161.337097	-203.888397	-46.559349	1.858407	-161.337097	-203.888397	-46.559349
-161.337097	-203.888397	-46.559349	1.858407	-69.119003	-228.598160	-46.559349
-69.119003	-228.598160	-46.559349	2.058407	30.524569	-152.479218	-46.559349
30.524569	-152.479218	-46.559349	2.658407	158.584641	169.216995	69.198792
-161.337097	-3.009405	-16.799608	0.858407	-210.798981	-118.217896	-16.799608
-210.798981	-118.217896	-16.799608	1.458407	-165.030533	-201.755997	-40.468575
-165.030533	-201.755997	-40.468575	1.858407	-161.337097	-203.888397	-46.559349
-161.337097	-203.888397	-46.559349	1.858407	-161.337097	-203.888397	-46.559349
-161.337097	-203.888397	-46.559349	1.858407	-69.119003	-228.598160	-46.559349
-69.119003	-228.598160	-46.559349	2.058407	30.524569	-152.479218	-46.559349
30.524569	-152.479218	-46.559349	2.658407	158.584641	169.216995	69.198792
-161.337097	-3.009405	-16.799608	0.858407	-210.798981	-118.217896	-16.799608
-210.798981	-118.217896	-16.799608	1.458407	-165.030533	-201.755997	-40.468575
-165.030533	-201.755997	-40.468575	1.858407	-161.337097	-203.888397	-46.559349
-161.337097	-203.888397	-46.559349	1.858407	-161.337097	-203.888397	-46.559349
-161.337097	-203.888397	-46.559349	1.858407	-69.119003	-228.598160	-46.559349
-69.119003	-228.598160	-46.559349	2.058407	30.524569	-152.479218	-46.559349
30.524569	-152.479218	-46.559349	2.658407	158.584641	169.216995	69.198792
-161.337097	-3.009405	-16.799608	0.858407	-210.798981	-118.217896	-16.799608
-210.798981	-118.217896	-16.799608	1.458407	-165.030533	-201.755997	-40.468575
-165.030533	-201.755997	-40.468575	1.858407	-161.337097	-203.888397	-46.559349
-161.337097	-203.888397	-46.559349	1.858407	-161.337097	-203.888397	-46.559349
-161.337097	-203.888397	-46.559349	1.858407	-69.119003	-228.598160	-46.559349
-69.119003	-228.598160	-46.559349	2.058407	30.524569	-152.479218	-46.559349
30.524569	-152.479218	-46.559349	2.658407	158.584641	169.216995	69.198792
