13.695384	221.053406	74.790291	-0.541593	13.695384	221.053406	74.790291
13.695384	221.053406	74.790291	-0.541593	13.695384	221.053406	74.790291
13.695384	221.053406	74.790291	-0.541593	-64.489487	200.103836	74.790291
-64.489487	200.103836	74.790291	-0.341593	-114.154556	93.203468	74.790291
-114.154556	93.203468	74.790291	0.258407	114.323746	46.759972	57.182610
114.323746	46.759972	57.182610	3.058407	107.415665	166.943970	65.322365
107.415665	166.943970	65.322365	3.058407	-23.719618	-69.034157	5.449739
13.695384	221.053406	74.790291	-0.541593	13.695384	221.053406	74.790291
13.695384	221.053406	74.790291	-0.541593	13.695384	221.053406	74.790291
13.695384	221.053406	74.790291	-0.541593	-64.489487	200.103836	74.790291
-64.489487	200.103836	74.790291	-0.341593	-114.154556	93.203468	74.790291
-114.154556	93.203468	74.790291	0.258407	114.323746	46.759972	57.182610
114.323746	46.759972	57.182610	3.058407	107.415665	166.943970	65.322365
107.415665	166.943970	65.322365	3.058407	-23.719618	-69.034157	5.449739
13.695384	221.053406	74.790291	-0.541593	13.695384	221.053406	74.790291
13.695384	221.053406	74.790291	-0.541593	13.695384	221.053406	74.790291
13.695384	221.053406	74.790291	-0.541593	-64.489487	200.103836	74.790291
-64.489487	200.103836	74.790291	-0.341593	-114.154556	93.203468	74.790291
-114.154556	93.203468	74.790291	0.258407	114.323746	46.759972	57.182610
114.323746	46.759972	57.182610	3.058407	107.415665	166.943970	65.322365
107.415665	166.943970	65.322365	3.058407	-23.719618	-69.034157	5.449739
13.695384	221.053406	74.790291	-0.541593	13.695384	221.053406	74.790291
13.695384	221.053406	74.790291	-0.541593	13.695384	221.053406	74.790291
13.695384	221.053406	74.790291	-0.541593	-64.489487	200.103836	74.790291
-64.489487	200.103836	74.790291	-0.341593	-114.154556	93.203468	74.790291
-114.154556	93.203468	74.790291	0.258407	114.323746	46.759972	57.182610
114.323746	46.759972	57.182610	3.058407	107.415665	166.943970	65.322365
107.415665	166.943970	65.322365	3.058407	-23.719618	-69.034157	5.449739
13.695384	221.053406	74.790291	-0.541593	13.695384	221.053406	74.790291
13.695384	221.053406	74.790291	-0.541593	13.695384	221.053406	74.790291
13.695384	221.053406	74.790291	-0.541593	-64.489487	200.103836	74.790291
-64.489487	200.103836	74.790291	-0.341593	-114.154556	93.203468	74.790291
-114.154556	93.203468	74.790291	0.258407	114.323746	46.759972	57.182610
114.323746	46.759972	57.182610	3.058407	107.415665	166.943970	65.322365
107.415665	166.943970	65.322365	3.058407	-23.719618	-69.034157	5.449739
13.695384	221.053406	74.790291	-0.541593	13.695384	221.053406	74.790291
13.695384	221.053406	74.790291	-0.541593	13.695384	221.053406	74.790291
13.695384	221.053406	74.790291	-0.541593	-64.489487	200.103836	74.790291
-64.489487	200.103836	74.790291	-0.341593	-114.154556	93.203468	74.790291
-114.154556	93.203468	74.790291	0.258407	114.323746	46.759972	57.182610
114.323746	46.759972	57.182610	3.058407	107.415665	166.943970	65.322365
107.415665	166.943970	65.322365	3.058407	-23.719618	-69.034157	5.449739
13.695384	221.053406	74.790291	-0.541593	13.695384	221.053406	74.790291
13.695384	221.053406	74.790291	-0.541593	13.695384	221.053406	74.790291
13.695384	221.053406	74.790291	-0.541593	-64.489487	200.103836	74.790291
-64.489487	200.103836	74.790291	-0.341593	-114.154556	93.203468	74.790291
-114.154556	93.203468	74.790291	0.258407	114.323746	46.759972	57.182610
114.323746	46.759972	57.182610	3.058407	107.415665	166.943970	65.322365
107.415665	166.943970	65.322365	3.058407	-23.719618	-69.034157	5.449739
13.695384	221.053406	74.790291	-0.541593	13.695384	221.053406	74.790291
13.695384	221.053406	74.790291	-0.541593	13.695384	221.053406	74.790291
13.695384	221.053406	74.790291	-0.541593	-64.489487	200.103836	74.790291
-64.489487	200.103836	74.790291	-0.341593	-114.154556	93.203468	74.790291
-114.154556	93.203468	74.790291	0.258407	114.323746	46.759972	57.182610
114.323746	46.759972	57.182610	3.058407	107.415665	166.943970	65.322365
107.415665	166.943970	65.322365	3.058407	-23.719618	-69.034157	5.449739
13.695384	221.053406	74.790291	-0.541593	13.695384	221.053406	74.790291
13.695384	221.053406	74.790291	-0.541593	13.695384	221.053406	74.790291
13.695384	221.053406	74.790291	-0.541593	-64.489487	200.103836	74.790291
-64.489487	200.103836	74.790291	-0.341593	-114.154556	93.203468	74.790291
-114.154556	93.203468	74.790291	0.258407	114.323746	46.759972	57.182610
114.323746	46.759972	57.182610	3.058407	107.415665	166.943970	65.322365
107.415665	166.943970	65.322365	3.058407	-23.719618	-69.034157	5.449739
13.695384	221.053406	74.790291	-0.541593	13.695384	221.053406	74.790291
13.695384	221.053406	74.790291	-0.541593	13.695384	221.053406	74.790291
13.695384	221.053406	74.790291	-0.541593	-64.489487	200.103836	74.790291
-64.489487	200.103836	74.790291	-0.341593	-114.154556	93.203468	74.790291
-114.154556	93.203468	74.790291	0.258407	114.323746	46.759972	57.182610
114.323746	46.759972	57.182610	3.058407	107.415665	166.943970	65.322365
107.415665	166.943970	65.322365	3.058407	-23.719618	-69.034157	5.449739
13.695384	221.053406	74.790291	-0.541593	13.695384	221.053406	74.790291
13.695384	221.053406	74.790291	-0.541593	13.695384	221.053406	74.790291
13.695384	221.053406	74.790291	-0.541593	-64.489487	200.103836	74.790291
-64.489487	200.103836	74.790291	-0.341593	-114.154556	93.203468	74.790291
-114.154556	93.203468	74.790291	0.258407	114.323746	46.759972	57.182610
114.323746	46.759972	57.182610	3.058407	107.415665	166.943970	65.322365
107.415665	166.943970	65.322365	3.058407	-23.719618	-69.034157	5.449739
13.695384	221.053406	74.790291	-0.541593	13.695384	221.053406	74.790291
13.695384	221.053406	74.790291	-0.541593	13.695384	221.053406	74.790291
13.695384	221.053406	74.790291	-0.541593	-64.489487	200.103836	74.790291
-64.489487	200.103836	74.790291	-0.341593	-114.154556	93.203468	74.790291
-114.154556	93.203468	74.790291	0.258407	114.323746	46.759972	57.182610
114.323746	46.759972	57.182610	3.058407	107.415665	166.943970	65.322365
107.415665	166.943970	65.322365	3.058407	-23.719618	-69.034157	5.449739
13.695384	221.053406	74.790291	-0.541593	13.695384	221.053406	74.790291
13.695384	221.053406	74.790291	-0.541593	13.695384	221.053406	74.790291
13.695384	221.053406	74.790291	-0.541593	-64.489487	200.103836	74.790291
-64.489487	200.103836	74.790291	-0.341593	-114.154556	93.203468	74.790291
-114.154556	93.203468	74.790291	0.258407	114.323746	46.759972	57.182610
114.323746	46.759972	57.182610	3.058407	107.415665	166.943970	65.322365
107.415665	166.943970	65.322365	3.058407	-23.719618	-69.034157	5.449739
13.695384	221.053406	74.790291	-0.541593	13.695384	221.053406	74.790291
13.695384	221.053406	74.790291	-0.541593	13.695384	221.053406	74.790291
13.695384	221.053406	74.790291	-0.541593	-64.489487	200.103836	74.790291
-64.489487	200.103836	74.790291	-0.341593	-114.154556	93.203468	74.790291
-114.154556	93.203468	74.790291	0.258407	114.323746	46.759972	57.182610
114.323746	46.759972	57.182610	3.058407	107.415665	166.943970	65.322365
107.415665	166.943970	65.322365	3.058407	-23.719618	-69.034157	5.449739
13.695384	221.053406	74.790291	-0.541593	13.695384	221.053406	74.790291
13.695384	221.053406	74.790291	-0.541593	13.695384	221.053406	74.790291
13.695384	221.053406	74.790291	-0.541593	-64.489487	200.103836	74.790291
-64.489487	200.103836	74.790291	-0.341593	-114.154556	93.203468	74.790291
-114.154556	93.203468	74.790291	0.258407	114.323746	46.759972	57.182610
114.323746	46.759972	57.182610	3.058407	107.415665	166.943970	65.322365
107.415665	166.943970	65.322365	3.058407	-23.719618	-69.034157	5.449739
13.695384	221.053406	74.790291	-0.541593	13.695384	221.053406	74.790291
13.695384	221.053406	74.790291	-0.541593	13.695384	221.053406	74.790291
13.695384	221.053406	74.790291	-0.541593	-64.489487	200.103836	74.790291
-64.489487	200.103836	74.790291	-0.341593	-114.154556	93.203468	74.790291
-114.154556	93.203468	74.790291	0.258407	114.323746	46.759972	57.182610
114.323746	46.759972	57.182610	3.058407	107.415665	166.943970	65.322365
107.415665	166.943970	65.322365	3.058407	-23.719618	-69.034157	5.449739
13.695384	221.053406	74.790291	-0.541593	13.695384	221.053406	74.790291
13.695384	221.053406	74.790291	-0.541593	13.695384	221.053406	74.790291
13.695384	221.053406	74.790291	-0.541593	-64.489487	200.103836	74.790291
-64.489487	200.103836	74.790291	-0.341593	-114.154556	93.203468	74.790291
-114.154556	93.203468	74.790291	0.258407	114.323746	46.759972	57.182610
114.323746	46.759972	57.182610	3.058407	107.415665	166.943970	65.322365
107.415665	166.943970	65.322365	3.058407	-23.719618	-69.034157	5.449739
13.695384	221.053406	74.790291	-0.541593	13.695384	221.053406	74.790291
13.695384	221.053406	74.790291	-0.541593	13.695384	221.053406	74.790291
13.695384	221.053406	74.790291	-0.541593	-64.489487	200.103836	74.790291
-64.489487	200.103836	74.790291	-0.341593	-114.154556	93.203468	74.790291
-114.154556	93.203468	74.790291	0.258407	114.323746	46.759972	57.182610
114.323746	46.759972	57.182610	3.058407	107.415665	166.943970	65.322365
107.415665	166.943970	65.322365	3.058407	-23.719618	-69.034157	5.449739
13.695384	221.053406	74.790291	-0.541593	13.695384	221.053406	74.790291
13.695384	221.053406	74.790291	-0.541593	13.695384	221.053406	74.790291
13.695384	221.053406	74.790291	-0.541593	-64.489487	200.103836	74.790291
-64.489487	200.103836	74.790291	-0.341593	-114.154556	93.203468	74.790291
-114.154556	93.203468	74.790291	0.258407	114.323746	46.759972	57.182610
114.323746	46.759972	57.182610	3.058407	107.415665	166.943970	65.322365
107.415665	166.943970	65.322365	3.058407	-23.719618	-69.034157	5.449739
13.695384	221.053406	74.790291	-0.541593	13.695384	221.053406	74.790291
13.695384	221.053406	74.790291	-0.541593	13.695384	221.053406	74.790291
13.695384	221.053406	74.790291	-0.541593	-64.489487	200.103836	74.790291
-64.489487	200.103836	74.790291	-0.341593	-114.154556	93.203468	74.790291
-114.154556	93.203468	74.790291	0.258407	114.323746	46.759972	57.182610
114.323746	46.759972	57.182610	3.058407	107.415665	166.943970	65.322365
107.415665	166.943970	65.322365	3.058407	-23.719618	-69.034157	5.449739
