125.924965	-20.740286	-21.412254	0	0	-0.98006658	0.19866933
125.783272	-19.589108	-21.022802	0	0	0.90407214	0.42737988
126.182045	-22.105078	-21.811758	0	0	-0.98006658	0.19866933
125.652931	-18.577063	-20.662699	0	0	0.90407214	0.42737988
126.364258	-23.809275	-22.222469	0	0	0.90407214	0.42737988
125.542397	-17.667320	-20.331478	0	0	0.90407214	0.42737988
129.615021	-24.488445	-19.571251	0	0	0.90407214	0.42737988
129.158691	-25.704844	-21.422926	0	0	0.90407214	0.42737988
128.759262	-26.293856	-21.413687	0	0	0.90407214	0.42737988
128.609848	-26.569847	-21.431135	0	0	0.90407214	0.42737988
125.924965	-25.510576	-14.599572	0	0	-0.98006658	0.19866933
125.783272	-24.863817	-14.146707	0	0	0.90407214	0.42737988
125.652931	-24.863817	-14.146707	0	0	0.90407214	0.42737988
125.542397	-24.863817	-14.146707	0	0	0.90407214	0.42737988
126.182045	-26.614071	-15.372248	0	0	-0.98006658	0.19866933
126.364258	-27.950577	-16.308079	0	0	0.90407214	0.42737988
129.615021	-27.160641	-15.754960	0	0	0.90407214	0.42737988
129.158691	-28.846859	-16.935661	0	0	0.90407214	0.42737988
131.213928	-24.863817	-14.146707	0	0	-0.95533648	0.29552023
128.759262	-29.237751	-17.209368	0	0	0.90407214	0.42737988
128.609848	-29.431143	-17.344782	0	0	0.90407214	0.42737988
132.326187	-24.863817	-14.146707	0	-0	-1	-4.371139e-08
134.291473	-24.863817	-14.146707	0	0	0.97095818	0.23924928
115.750824	-24.863817	-14.146707	0	-0	-1	-4.371139e-08
136.299896	-24.863817	-14.146707	0	0	-0.98006658	0.19866933
138.183868	-24.863817	-14.146707	0	0	-0.99500417	0.099833397
140.213303	-24.863817	-14.146707	0	0	0.99913515	0.041580682
149.145966	-24.863817	-14.146707	0	0	-0.98006658	0.19866933
132.391602	-2.470711	-36.977123	0	0	0	1
150.621597	-24.863817	-14.146707	0	0	0.97095818	0.23924928
131.640900	-1.804240	-39.665634	0	0	0	1
137.236954	-1.512780	-38.092613	0	0	0	1
140.564041	-0.855012	-38.858570	0	-0	-1	-4.371139e-08
140.856613	-0.797172	-38.925922	0	0	0	1
139.215195	0.342485	-43.689213	0	0	0	1
146.183563	0.255972	-40.152287	0	0	-0.99500417	0.099833397
146.246445	0.268405	-40.166763	0	0	0.94222235	0.33498812
147.582520	0.532548	-40.474354	0	0	-0.98006658	0.19866933
138.517563	1.279421	-47.302792	0	0	-0.87758258	0.4794255
133.965302	1.391771	-49.809425	0	0	-0.99500417	0.099833397
143.352768	2.769125	-50.290215	0	0	0	1
155.235687	2.045587	-42.236252	0	0	0	1
104.331894	-0.890272	-55.545578	0	0	0	1
104.329323	-0.890961	-55.544353	0	0	0	1
104.314735	-0.894871	-55.537395	0	0	-0.95533648	0.29552023
104.290955	-0.901241	-55.526058	0	0	0	1
104.271927	-0.906341	-55.516983	0	0	0	1
104.392372	-0.874068	-55.574417	0	0	0	1
105.200516	-0.657525	-55.959812	0	0	-0.92106097	0.38941839
105.366035	-0.613175	-56.038746	0	0	-0.92106097	0.38941839
105.720787	-0.518120	-56.207916	0	0	0	1
105.798340	-0.497338	-56.244904	0	0	0	1
119.334213	3.129587	-62.699936	0	0	0	1
162.290344	3.440299	-43.860363	0	0	0.97095818	0.23924928
151.385071	5.464134	-56.026497	0	0	0	1
125.505768	4.783250	-65.643044	0	0	0	1
127.083733	5.206064	-66.395546	0	0	0	1
139.578201	6.188417	-64.047791	0	0	0	1
128.066376	5.469363	-66.864159	0	0	-0.98006658	0.19866933
101.525871	-1.642144	-64.461105	0	0	-0.98006658	0.19866933
133.191803	6.842719	-69.308388	0	0	0	1
136.041519	7.606296	-70.667366	0	0	0	1
95.233482	-73.899490	-15.508521	0	0	0.94222235	0.33498812
94.628738	-73.550339	-15.508521	0	0	0.98999249	0.14112005
96.017265	-74.352005	-15.508521	0	0	0.94222235	0.33498812
94.092758	-73.240891	-15.508521	0	0	0.98999249	0.14112005
93.964828	-73.167030	-15.508521	0	0	0.99913515	0.041580682
93.615921	-72.965591	-15.508521	0	0	0.98999249	0.14112005
96.891861	-74.856956	-15.508521	0	0	0.98999249	0.14112005
91.918892	-71.985809	-15.508521	0	0	0.97095818	0.23924928
99.624031	-76.434372	-15.508521	0	0	0.98999249	0.14112005
99.763969	-76.515167	-15.508521	0	0	0.98999249	0.14112005
99.771423	-76.519470	-15.508521	0	0	0.98999249	0.14112005
99.808495	-76.540871	-15.508521	0	0	0.98999249	0.14112005
89.601440	-70.647827	-15.508521	0	0	0.98999249	0.14112005
142.035583	9.212401	-73.525841	0	0	-0.87758258	0.4794255
86.939323	-69.110855	-15.508521	0	0	0.94222235	0.33498812
86.212570	-68.691261	-15.508521	0	0	0.98999249	0.14112005
85.481773	-68.269333	-15.508521	0	0	0.97095818	0.23924928
85.079529	-68.037102	-15.508521	0	0	0.94222235	0.33498812
154.721863	10.159531	-70.965401	0	0	0.98999249	0.14112005
148.252335	10.230046	-74.214706	0	0	0	1
72.523254	-60.787735	-15.508521	0	0	0.94222235	0.33498812
151.055679	11.629329	-77.827370	0	0	0	1
141.273056	14.456214	-92.292397	0	0	-0.98006658	0.19866933
29.603176	-36.007812	-15.508521	0	0	0.94222235	0.33498812
160.031128	-59.926517	-105.919411	0	0	0.99913515	0.041580682
37.318428	-71.897293	-15.508522	0	0	0.85688874	0.51550139
36.784527	-70.972557	-15.508522	0	0	0.90407214	0.42737988
37.973671	-73.032211	-15.508522	0	0	0.85688874	0.51550139
36.313717	-70.157082	-15.508522	0	0	0.90407214	0.42737988
35.892151	-69.426910	-15.508522	0	0	0.90407214	0.42737988
38.757160	-74.389259	-15.508522	0	0	0.90407214	0.42737988
39.863945	-76.306259	-15.508522	0	0	0.90407214	0.42737988
40.276577	-77.020958	-15.508522	0	0	0.90407214	0.42737988
40.431767	-77.289757	-15.508522	0	0	0.90407214	0.42737988
40.513924	-77.432060	-15.508522	0	0	0.90407214	0.42737988
29.041908	-57.561947	-15.508522	0	0	0.90407214	0.42737988
27.874384	-55.539734	-15.508522	0	0	0.85688874	0.51550139
24.439274	-49.589947	-15.508522	0	0	0.90407214	0.42737988
23.963867	-48.766518	-15.508522	0	0	0.85688874	0.51550139
23.110048	-47.287663	-15.508522	0	0	0.90407214	0.42737988
20.422550	-42.632778	-15.508522	0	0	0.85688874	0.51550139
16.675951	-36.143478	-15.508522	0	0	0.73739371	0.67546319
15.806791	-34.638050	-15.508522	0	0	0	1
15.806791	-34.638050	-15.508522	0	0	0	1
10.094849	-41.273266	-15.508522	0	0	0	1
10.094849	-41.273266	-15.508522	0	0	0	1
10.094849	-41.273266	-15.508522	0	0	0	1
10.094849	-41.273266	-15.508522	0	0	0	1
10.094849	-41.273266	-15.508522	0	0	0	1
10.094849	-41.273266	-15.508522	0	0	0	1
10.094849	-41.273266	-15.508522	0	0	0	1
10.094849	-41.273266	-15.508522	0	0	0	1
10.094849	-41.273266	-15.508522	0	0	0	1
10.094849	-41.273266	-15.508522	0	0	0	1
10.094849	-41.273266	-15.508522	0	0	0	1
10.094849	-41.273266	-15.508522	0	0	0	1
10.094849	-41.273266	-15.508522	0	0	0	1
10.094849	-41.273266	-15.508522	0	0	0	1
10.094849	-41.273266	-15.508522	0	0	0	1
10.094849	-41.273266	-15.508522	0	0	0	1
10.094849	-41.273266	-15.508522	0	0	0	1
10.094849	-41.273266	-15.508522	0	0	0	1
10.094849	-41.273266	-15.508522	0	0	0	1
-18.881733	-74.933586	-15.508522	0	0	0.73739371	0.67546319
-18.881733	-74.933586	-15.508522	0	0	0.73739371	0.67546319
-18.881733	-74.933586	-15.508522	0	0	0.73739371	0.67546319
-18.881733	-74.933586	-15.508522	0	0	0.73739371	0.67546319
-18.881733	-74.933586	-15.508522	0	0	0.73739371	0.67546319
-18.881733	-74.933586	-15.508522	0	0	0.73739371	0.67546319
-18.881733	-74.933586	-15.508522	0	0	0.029199523	0.9995736
-18.881733	-74.933586	-15.508522	0	0	0.73739371	0.67546319
-18.881733	-74.933586	-15.508522	0	0	0.73739371	0.67546319
-18.881733	-74.933586	-15.508522	0	0	0.73739371	0.67546319
-18.881733	-74.933586	-15.508522	0	0	0.73739371	0.67546319
-18.881733	-74.933586	-15.508522	0	0	0.73739371	0.67546319
-18.881733	-74.933586	-15.508522	0	0	0.73739371	0.67546319
-18.881733	-74.933586	-15.508522	0	0	0.73739371	0.67546319
-18.881733	-74.933586	-15.508522	0	0	0.73739371	0.67546319
-18.881733	-74.933586	-15.508522	0	0	0.73739371	0.67546319
-18.881733	-74.933586	-15.508522	0	0	0.73739371	0.67546319
-18.881733	-74.933586	-15.508522	0	0	0.73739371	0.67546319
-18.881733	-74.933586	-15.508522	0	0	0.73739371	0.67546319
154.607712	-155.535446	-137.573135	0	0	0.94222235	0.33498812
-49.932571	-128.715210	-15.508522	0	0	0.80114363	0.59847213
-37.377983	-194.126251	-48.749359	0	0	0.85688874	0.51550139
74.879333	-220.225876	-150.940689	0	0	0.80114363	0.59847213
41.503044	-231.988220	-130.184372	0	0	0.90407214	0.42737988
2.281562	-229.391449	-91.894089	0	0	0.90407214	0.42737988
