19.106388	-31.452826	-23.364462	0	0	0.94222235	0.33498812
19.182117	-31.345472	-23.372976	0	0	0	1
19.032459	-31.563604	-23.339024	0	0	0.94222235	0.33498812
19.206581	-31.589647	-23.440384	0	0	0.94222235	0.33498812
18.993612	-31.343220	-23.265265	0	0	0	1
19.278744	-31.477890	-23.468639	0	0	0.94222235	0.33498812
18.915724	-31.449511	-23.260117	0	0	0.94222235	0.33498812
19.074392	-31.238682	-23.253757	0	0	0.94222235	0.33498812
19.134861	-31.706261	-23.395023	0	0	0.94222235	0.33498812
19.260771	-31.240250	-23.364534	0	0	0	1
18.958992	-31.678900	-23.296761	0	0	0.94222235	0.33498812
19.352737	-31.369892	-23.479679	0	0	0	1
18.839657	-31.558847	-23.238331	0	0	0.94222235	0.33498812
19.158899	-31.134449	-23.225637	0	0	0.94222235	0.33498812
19.370642	-31.627739	-23.542383	0	0	0.94222235	0.33498812
18.885887	-31.249758	-23.146467	0	0	0.94222235	0.33498812
19.300566	-31.745321	-23.494387	0	0	0.94222235	0.33498812
18.802664	-31.353643	-23.161386	0	0	0	1
19.062019	-31.828590	-23.332739	0	0	0.97095818	0.23924928
19.429733	-31.264336	-23.473461	0	0	0	1
19.343239	-31.135685	-23.339165	0	0	0.94222235	0.33498812
19.441181	-31.515335	-23.572990	0	0	0.94222235	0.33498812
18.972761	-31.145784	-23.115248	0	0	0.94222235	0.33498812
18.884472	-31.799574	-23.237839	0	0	0.97095818	0.23924928
18.722307	-31.458881	-23.159946	0	0	0.94222235	0.33498812
18.764130	-31.672316	-23.199997	0	0	0.94222235	0.33498812
19.229338	-31.868946	-23.429190	0	0	0.97095818	0.23924928
19.513620	-31.406994	-23.586086	0	0	0	1
19.247711	-31.028931	-23.181019	0	0	0.97095818	0.23924928
19.510664	-31.159733	-23.450010	0	0	0.94222235	0.33498812
19.063807	-31.040161	-23.067852	0	0	0.97095818	0.23924928
18.643808	-31.566751	-23.142153	0	0	0.94222235	0.33498812
18.986340	-31.957233	-23.253777	0	0	0.97095818	0.23924928
19.430141	-31.030170	-23.296972	0	0	0.97095818	0.23924928
19.456806	-31.792534	-23.593376	0	0	0.94222235	0.33498812
19.155195	-31.999210	-23.347050	0	0	0.97095818	0.23924928
19.525358	-31.674231	-23.643641	0	0	0.94222235	0.33498812
19.589170	-31.301384	-23.581621	0	0	0	1
19.387102	-31.917189	-23.525635	0	0	0.94222235	0.33498812
18.687681	-31.790781	-23.145262	0	0	0.94222235	0.33498812
18.754469	-31.257532	-22.936672	0	0	0.97095818	0.23924928
18.660692	-31.353474	-22.993824	0	0	0.94222235	0.33498812
19.594421	-31.561405	-23.676229	0	0	0.94222235	0.33498812
18.807234	-31.926222	-23.162493	0	0	0.97095818	0.23924928
18.571865	-31.447205	-23.034897	0	0	0.94222235	0.33498812
19.596197	-31.054445	-23.409416	0	0	0.97095818	0.23924928
19.314438	-32.048798	-23.440681	0	0	0.90407214	0.42737988
18.565941	-31.678347	-23.108078	0	0	0.94222235	0.33498812
19.665472	-31.452927	-23.691013	0	0	0	1
19.668806	-31.196987	-23.559612	0	0	0.94222235	0.33498812
19.076265	-32.136417	-23.248293	0	0	0.97095818	0.23924928
18.487543	-31.540363	-23.059727	0	0	0.94222235	0.33498812
18.906000	-32.092499	-23.158445	0	0	0.97095818	0.23924928
19.739765	-31.347441	-23.687935	0	0	0	1
18.608704	-31.914856	-23.074345	0	0	0.97095818	0.23924928
19.236895	-32.187660	-23.338854	0	0	0.90407214	0.42737988
19.753231	-31.092140	-23.520145	0	0	0.97095818	0.23924928
18.487305	-31.794535	-23.057852	0	0	0.94222235	0.33498812
18.725504	-32.059166	-23.071020	0	0	0.97095818	0.23924928
18.407022	-31.634476	-23.068218	0	0	0	1
18.629292	-31.009338	-22.909119	0	0	0.94222235	0.33498812
19.818312	-31.243402	-23.667006	0	0	0	1
18.546396	-31.130608	-22.883377	0	0	0.94222235	0.33498812
18.712389	-30.890301	-22.919550	0	0	0	1
18.462540	-31.254997	-22.842424	0	0	0.94222235	0.33498812
18.990612	-32.280567	-23.133307	0	0	0.97095818	0.23924928
18.796667	-30.772419	-22.914627	0	0	0	1
18.329357	-31.730911	-23.060335	0	0	0.94222235	0.33498812
18.819111	-32.234402	-23.047125	0	0	0.97095818	0.23924928
19.152485	-32.333771	-23.220554	0	0	0.90407214	0.42737988
19.901844	-31.139114	-23.628307	0	0	0.94222235	0.33498812
18.525478	-32.044880	-22.987526	0	0	0.97095818	0.23924928
18.406345	-31.915945	-22.991678	0	0	0.97095818	0.23924928
18.421772	-31.200907	-22.795757	0	0	0.94222235	0.33498812
18.519669	-31.095390	-22.739571	0	0	0.94222235	0.33498812
18.376404	-31.383184	-22.786425	0	0	0.94222235	0.33498812
18.327717	-31.303659	-22.836699	0	0	0.94222235	0.33498812
18.882895	-30.654463	-22.894371	0	0	0	1
18.637444	-32.198441	-22.963779	0	0	0.97095818	0.23924928
18.253376	-31.830870	-23.036110	0	0	0.94222235	0.33498812
18.237137	-31.405155	-22.862228	0	0	0.94222235	0.33498812
18.286545	-31.515621	-22.715595	0	0	0.90407214	0.42737988
18.971615	-30.535082	-22.858862	0	0	0.94222235	0.33498812
18.896273	-32.431347	-23.002542	0	0	0.97095818	0.23924928
19.059204	-32.486794	-23.086248	0	0	0.85688874	0.51550139
18.149418	-31.506800	-22.872250	0	0	0	1
18.321404	-32.042946	-22.909813	0	0	0.97095818	0.23924928
18.723755	-32.382641	-22.920252	0	0	0.97095818	0.23924928
18.436214	-32.180916	-22.885145	0	0	0.97095818	0.23924928
18.177721	-31.935328	-22.995638	0	0	0.94222235	0.33498812
18.063717	-31.609858	-22.866720	0	0	0.94222235	0.33498812
18.219870	-31.315815	-22.615343	0	0	0.97095818	0.23924928
18.541183	-32.343777	-22.841196	0	0	0.97095818	0.23924928
18.191429	-31.652506	-22.630220	0	0	0.90407214	0.42737988
18.114765	-31.420288	-22.681383	0	0	0.94222235	0.33498812
18.100872	-32.045036	-22.939079	0	0	0.94222235	0.33498812
18.230736	-32.175621	-22.812584	0	0	0.97095818	0.23924928
18.013584	-31.521040	-22.732540	0	0	0.94222235	0.33498812
17.978987	-31.715429	-22.845665	0	0	0.94222235	0.33498812
18.955065	-32.646080	-22.936464	0	0	0.85688874	0.51550139
18.791307	-32.588123	-22.856522	0	0	0.98999249	0.14112005
18.339090	-32.322723	-22.767609	0	0	0.97095818	0.23924928
18.618038	-32.536617	-22.778328	0	0	0.97095818	0.23924928
17.916088	-31.619587	-22.768614	0	0	0.94222235	0.33498812
18.089466	-31.793779	-22.530634	0	0	0.90407214	0.42737988
18.059004	-31.289362	-22.505539	0	0	0.90407214	0.42737988
17.893993	-31.824417	-22.809164	0	0	0.94222235	0.33498812
18.021177	-32.160477	-22.866657	0	0	0.94222235	0.33498812
18.434870	-32.494591	-22.703754	0	0	0.97095818	0.23924928
19.788912	-30.203535	-23.226805	0	0	0.97095818	0.23924928
19.629028	-30.145973	-23.107880	0	0	0.97095818	0.23924928
17.821783	-31.717358	-22.789463	0	0	0	1
19.942440	-30.258808	-23.341007	0	0	0.97095818	0.23924928
18.132574	-32.313778	-22.700371	0	0	0.97095818	0.23924928
19.472183	-30.089506	-22.991211	0	0	0.97095818	0.23924928
18.838152	-32.810658	-22.771799	0	0	0.85688874	0.51550139
20.092720	-30.312912	-23.452789	0	0	0.97095818	0.23924928
17.807352	-31.937504	-22.757362	0	0	0.90407214	0.42737988
18.673838	-32.749950	-22.695818	0	0	0.98999249	0.14112005
17.937580	-31.236816	-22.412943	0	0	0.90407214	0.42737988
18.232296	-32.469776	-22.635380	0	0	0.97095818	0.23924928
17.729944	-31.815666	-22.795002	0	0	0	1
19.276608	-30.019094	-22.845734	0	0	0.97095818	0.23924928
17.936907	-32.281864	-22.778658	0	0	0.97095818	0.23924928
17.979052	-31.939116	-22.417229	0	0	0.85688874	0.51550139
17.786715	-31.747889	-22.590601	0	0	0.90407214	0.42737988
19.217411	-29.997782	-22.801702	0	0	0.97095818	0.23924928
18.500122	-32.695415	-22.621914	0	0	0.98999249	0.14112005
20.238848	-30.365522	-23.561485	0	0	0.97095818	0.23924928
17.681747	-31.836983	-22.654896	0	0	0.90407214	0.42737988
17.639635	-31.915665	-22.785212	0	0	0	1
18.316704	-32.650017	-22.551994	0	0	0.98999249	0.14112005
17.717560	-32.055134	-22.690464	0	0	0.90407214	0.42737988
17.699808	-31.621435	-22.494619	0	0	0.90407214	0.42737988
18.025148	-32.456924	-22.573618	0	0	0.97095818	0.23924928
19.015694	-29.925159	-22.651657	0	0	0.97095818	0.23924928
17.846272	-32.409130	-22.675428	0	0	0.97095818	0.23924928
17.581553	-31.923197	-22.704063	0	0	0.90407214	0.42737988
17.595604	-31.711849	-22.557018	0	0	0.90407214	0.42737988
17.771341	-31.164879	-22.286171	0	0	0.97095818	0.23924928
18.706657	-32.979244	-22.592896	0	0	0.85688874	0.51550139
17.549728	-32.018333	-22.760128	0	0	0.94222235	0.33498812
17.858595	-32.087917	-22.290453	0	0	0.85688874	0.51550139
18.114071	-32.621235	-22.488981	0	0	0.97095818	0.23924928
18.542097	-32.915585	-22.521065	0	0	0.98999249	0.14112005
17.495878	-31.799379	-22.604572	0	0	0.90407214	0.42737988
17.623030	-32.177494	-22.608736	0	0	0.90407214	0.42737988
17.485731	-32.008076	-22.737913	0	0	0	1
18.829899	-29.858269	-22.513456	0	0	0.97095818	0.23924928
18.368277	-32.857826	-22.451626	0	0	0.98999249	0.14112005
17.458931	-32.124432	-22.719852	0	0	0.94222235	0.33498812
17.400246	-31.885530	-22.637094	0	0	0	1
17.906740	-32.604279	-22.432829	0	0	0.97095818	0.23924928
18.184992	-32.808884	-22.386517	0	0	0.98999249	0.14112005
17.481310	-31.659935	-22.373535	0	0	0.94222235	0.33498812
17.747477	-32.541908	-22.557375	0	0	0.97095818	0.23924928
17.393642	-32.093063	-22.756308	0	0	0	1
18.663998	-29.798540	-22.390053	0	0	0.94222235	0.33498812
17.585812	-31.084593	-22.144690	0	0	0.97095818	0.23924928
17.373592	-31.750387	-22.440224	0	0	0.94222235	0.33498812
17.522125	-32.304497	-22.512497	0	0	0.85688874	0.51550139
17.726572	-32.239323	-22.150806	0	0	0.85688874	0.51550139
17.308077	-31.971701	-22.654459	0	0	0	1
17.982754	-32.775990	-22.328989	0	0	0.98999249	0.14112005
18.558933	-33.150261	-22.400463	0	0	0.85688874	0.51550139
17.365828	-32.234509	-22.664545	0	0	0.94222235	0.33498812
17.304413	-32.179455	-22.759176	0	0	0	1
18.394466	-33.083485	-22.332954	0	0	0.98999249	0.14112005
17.270264	-31.837433	-22.492428	0	0	0.94222235	0.33498812
18.542967	-29.754967	-22.300026	0	0	0.94222235	0.33498812
17.218517	-32.059147	-22.656595	0	0	0	1
18.220915	-33.022354	-22.268137	0	0	0.98999249	0.14112005
17.482985	-31.040096	-22.066277	0	0	0.90407214	0.42737988
17.638760	-32.679543	-22.424965	0	0	0.97095818	0.23924928
17.216965	-32.268372	-22.746508	0	0	0	1
17.775711	-32.754780	-22.278553	0	0	0.97095818	0.23924928
17.171003	-31.922560	-22.529942	0	0	0.90407214	0.42737988
17.413202	-32.435799	-22.402128	0	0	0.85688874	0.51550139
17.268900	-32.348846	-22.594421	0	0	0.94222235	0.33498812
17.247345	-31.681831	-22.237362	0	0	0.94222235	0.33498812
18.038174	-32.969742	-22.207973	0	0	0.98999249	0.14112005
17.130514	-32.148952	-22.643494	0	0	0	1
17.581551	-32.392208	-21.998842	0	0	0.85688874	0.51550139
18.368076	-29.692003	-22.169937	0	0	0.97095818	0.23924928
17.075260	-32.007160	-22.552620	0	0	0	1
17.135944	-31.772865	-22.308157	0	0	0.94222235	0.33498812
17.130041	-32.360733	-22.718351	0	0	0.90407214	0.42737988
17.836811	-32.932640	-22.156036	0	0	0.98999249	0.14112005
17.141657	-31.642981	-22.159407	0	0	0.90407214	0.42737988
18.393522	-33.321865	-22.195261	0	0	0.85688874	0.51550139
17.042841	-32.242012	-22.615208	0	0	0.90407214	0.42737988
17.316902	-30.968225	-21.939625	0	0	0.97095818	0.23924928
17.028769	-31.859938	-22.364887	0	0	0.94222235	0.33498812
17.166571	-32.467487	-22.509758	0	0	0.94222235	0.33498812
18.229519	-33.251842	-22.132227	0	0	0.98999249	0.14112005
16.982254	-32.092495	-22.560371	0	0	0	1
17.518433	-32.821083	-22.278719	0	0	0.97095818	0.23924928
17.029371	-31.734667	-22.230818	0	0	0.90407214	0.42737988
17.294645	-32.570763	-22.278067	0	0	0.85688874	0.51550139
17.042233	-32.457245	-22.674818	0	0	0.90407214	0.42737988
18.056637	-33.187233	-22.072170	0	0	0.98999249	0.14112005
17.630558	-32.907097	-22.111404	0	0	0.98999249	0.14112005
16.925573	-31.944513	-22.407326	0	0	0.90407214	0.42737988
18.173843	-29.622074	-22.025457	0	0	0.97095818	0.23924928
16.954124	-32.338993	-22.571850	0	0	0.90407214	0.42737988
16.921150	-31.822214	-22.288399	0	0	0.90407214	0.42737988
16.891005	-32.179665	-22.553164	0	0	0	1
17.874872	-33.130878	-22.017071	0	0	0.98999249	0.14112005
17.422228	-32.545204	-21.835159	0	0	0.85688874	0.51550139
16.825886	-32.027973	-22.435308	0	0	0.90407214	0.42737988
17.057236	-32.590195	-22.410891	0	0	0.94222235	0.33498812
16.952019	-32.558357	-22.616081	0	0	0.90407214	0.42737988
16.816784	-31.907068	-22.331919	0	0	0.90407214	0.42737988
18.068398	-29.584112	-21.947023	0	0	0.94222235	0.33498812
16.922150	-31.683949	-22.038538	0	0	0.94222235	0.33498812
17.674883	-33.089542	-21.970802	0	0	0.98999249	0.14112005
16.800354	-32.269588	-22.531029	0	0	0.90407214	0.42737988
16.862877	-32.440327	-22.513590	0	0	0.90407214	0.42737988
17.384916	-32.965313	-22.119217	0	0	0.97095818	0.23924928
17.164907	-32.708496	-22.140800	0	0	0.85688874	0.51550139
18.209202	-33.491947	-21.978100	0	0	0.85688874	0.51550139
17.096777	-30.872969	-21.771761	0	0	0.90407214	0.42737988
16.729010	-32.111572	-22.448723	0	0	0	1
16.805901	-31.776314	-22.114328	0	0	0.94222235	0.33498812
16.715824	-31.990587	-22.361208	0	0	0.90407214	0.42737988
18.046055	-33.418606	-21.919674	0	0	0.98999249	0.14112005
16.857794	-32.664261	-22.542372	0	0	0.85688874	0.51550139
17.469938	-33.059631	-21.932039	0	0	0.98999249	0.14112005
16.709002	-32.362961	-22.494051	0	0	0.90407214	0.42737988
17.874264	-33.350460	-21.864498	0	0	0.98999249	0.14112005
17.028830	-30.843565	-21.719946	0	0	0.90407214	0.42737988
16.693575	-31.863976	-22.176668	0	0	0.94222235	0.33498812
16.939310	-32.716469	-22.298210	0	0	0.97095818	0.23924928
16.634041	-32.196426	-22.447515	0	0	0	1
16.767538	-32.546192	-22.440659	0	0	0.85688874	0.51550139
16.617607	-32.074013	-22.376152	0	0	0	1
17.893625	-29.521189	-21.817020	0	0	0.97095818	0.23924928
17.693926	-33.290344	-21.814560	0	0	0.98999249	0.14112005
16.585035	-31.948357	-22.225315	0	0	0.90407214	0.42737988
17.247473	-32.696712	-21.660400	0	0	0.85688874	0.51550139
18.652391	-32.058388	-20.629637	0	0	0	1
16.615522	-32.460258	-22.442379	0	0	0.94222235	0.33498812
16.757915	-32.774891	-22.453981	0	0	0.85688874	0.51550139
16.539907	-32.283459	-22.431692	0	0	0.90407214	0.42737988
16.521269	-32.158443	-22.376690	0	0	0	1
17.022545	-32.847836	-21.990871	0	0	0.85688874	0.51550139
18.663654	-31.575373	-20.536951	0	0	0.99913515	0.041580682
18.672832	-31.554989	-20.533131	0	0	0.99913515	0.041580682
17.236786	-33.110744	-21.947084	0	0	0.97095818	0.23924928
16.650677	-31.696695	-21.876263	0	0	0.85688874	0.51550139
17.495819	-33.244801	-21.774023	0	0	0.98999249	0.14112005
16.666504	-32.656498	-22.353342	0	0	0.85688874	0.51550139
16.479914	-32.030807	-22.260073	0	0	0.90407214	0.42737988
18.603382	-31.339018	-20.490910	0	0	0.85688874	0.51550139
16.811256	-32.845535	-22.172159	0	0	0.97095818	0.23924928
18.005018	-33.658195	-21.749838	0	0	0.85688874	0.51550139
18.199869	-32.049084	-20.623123	0	0	0	1
16.529184	-31.791771	-21.956532	0	0	0.85688874	0.51550139
19.798258	-31.259966	-20.488199	0	-0	-1	-4.371139e-08
16.425768	-32.244808	-22.362822	0	0	0.90407214	0.42737988
16.445377	-32.373402	-22.401318	0	0	0.90407214	0.42737988
18.524076	-32.807106	-20.772154	0	0	0	1
16.518414	-32.561707	-22.376215	0	0	0.94222235	0.33498812
17.843138	-33.581505	-21.696136	0	0	0.98999249	0.14112005
17.292707	-33.210564	-21.741167	0	0	0.98999249	0.14112005
16.377628	-32.112572	-22.280807	0	0	0.90407214	0.42737988
17.663921	-29.438492	-21.646158	0	0	0.94222235	0.33498812
16.650732	-32.889889	-22.351257	0	0	0.85688874	0.51550139
16.524445	-31.790913	-21.830591	0	0	0.85688874	0.51550139
17.672871	-33.509823	-21.645945	0	0	0.98999249	0.14112005
16.411247	-31.881411	-22.023912	0	0	0.90407214	0.42737988
18.166746	-32.768734	-20.761049	0	0	0	1
16.558167	-32.770897	-22.251986	0	0	0.85688874	0.51550139
19.975945	-32.963013	-20.817274	0	0	0.85688874	0.51550139
16.329912	-32.333832	-22.334600	0	0	0.90407214	0.42737988
20.121260	-28.546930	-23.008196	0	0	0	1
16.399632	-31.885675	-21.915171	0	0	0.85688874	0.51550139
20.286602	-28.594967	-23.128696	0	0	0	1
17.589062	-29.411541	-21.590477	0	0	0.94222235	0.33498812
16.349106	-32.466770	-22.356508	0	0	0.90407214	0.42737988
19.958538	-28.499657	-22.889605	0	0	0	1
17.494421	-33.445980	-21.601242	0	0	0.98999249	0.14112005
17.056355	-32.844929	-21.475260	0	0	0.85688874	0.51550139
20.444372	-28.640804	-23.243681	0	0	0	1
16.277390	-32.194763	-22.287434	0	0	0	1
16.866259	-32.987381	-21.828871	0	0	0.85688874	0.51550139
16.721235	-30.710457	-21.485382	0	0	0.90407214	0.42737988
16.296827	-31.966999	-22.078140	0	0	0.90407214	0.42737988
18.879847	-30.609360	-20.353601	0	0	0	1
16.416122	-32.667278	-22.295820	0	0	0.94222235	0.33498812
20.598192	-28.685492	-23.355783	0	0	0	1
19.746105	-28.437939	-22.734783	0	0	0	1
19.717691	-28.429684	-22.714075	0	0	0	1
17.072803	-33.255650	-21.763006	0	0	0.98999249	0.14112005
16.671627	-32.976372	-22.033236	0	0	0.97095818	0.23924928
20.747311	-28.728815	-23.464462	0	0	0	1
16.278419	-31.974579	-21.987013	0	0	0.85688874	0.51550139
17.298706	-33.396324	-21.566471	0	0	0.98999249	0.14112005
16.534624	-33.008636	-22.234604	0	0	0.85688874	0.51550139
16.232391	-32.426029	-22.292137	0	0	0.90407214	0.42737988
19.483953	-28.361776	-22.543728	0	0	0	1
16.178234	-32.278320	-22.279928	0	0	0.90407214	0.42737988
16.185658	-32.049850	-22.119003	0	0	0.90407214	0.42737988
17.673100	-32.715725	-20.745708	0	0	0	1
16.249657	-32.563839	-22.297441	0	0	0.94222235	0.33498812
16.615274	-30.664604	-21.404579	0	0	0.97095818	0.23924928
16.440954	-32.888760	-22.136990	0	0	0.85688874	0.51550139
16.160828	-32.059013	-22.045835	0	0	0.90407214	0.42737988
17.780313	-33.818111	-21.511372	0	0	0.85688874	0.51550139
18.698294	-33.642097	-20.934406	0	0	0.85688874	0.51550139
19.282293	-28.303188	-22.396757	0	0	0	1
16.307089	-32.776684	-22.201513	0	0	0.94222235	0.33498812
17.097958	-33.357864	-21.539541	0	0	0.98999249	0.14112005
17.620119	-33.738094	-21.462496	0	0	0.98999249	0.14112005
16.570812	-30.645363	-21.370672	0	0	0.90407214	0.42737988
16.077263	-32.131191	-22.146338	0	0	0.90407214	0.42737988
18.258526	-33.556164	-20.913301	0	0	0	1
16.079048	-32.364014	-22.258322	0	0	0.90407214	0.42737988
16.131805	-32.521690	-22.235601	0	0	0.85688874	0.51550139
16.533768	-30.629333	-21.342422	0	0	0.97095818	0.23924928
17.451817	-33.662926	-21.417366	0	0	0.98999249	0.14112005
16.046642	-32.140305	-22.091404	0	0	0.90407214	0.42737988
19.095303	-28.248863	-22.260479	0	0	0	1
16.694929	-33.125496	-21.655437	0	0	0.85688874	0.51550139
16.145538	-32.664635	-22.224350	0	0	0.94222235	0.33498812
16.519106	-33.107700	-21.881989	0	0	0.97095818	0.23924928
16.408047	-33.130241	-22.104485	0	0	0.85688874	0.51550139
21.119513	-32.109100	-20.665148	0	0	0	1
16.848166	-32.987869	-21.280468	0	0	0.85688874	0.51550139
19.250761	-30.009789	-20.242275	0	0	0	1
15.970961	-32.212128	-22.160036	0	0	0.90407214	0.42737988
16.162653	-31.771320	-21.601986	0	0	0.85688874	0.51550139
17.275719	-33.595451	-21.377956	0	0	0.98999249	0.14112005
16.891951	-33.398083	-21.567703	0	0	0.98999249	0.14112005
18.975641	-28.214098	-22.173269	0	0	0	1
16.313366	-33.009201	-22.008808	0	0	0.85688874	0.51550139
17.269773	-29.296589	-21.352978	0	0	0.94222235	0.33498812
15.978585	-32.452393	-22.222696	0	0	0.90407214	0.42737988
16.452770	-30.594282	-21.280655	0	0	0.97095818	0.23924928
15.935434	-32.219707	-22.123537	0	0	0.90407214	0.42737988
16.189775	-32.889366	-22.093664	0	0	0.94222235	0.33498812
16.026699	-32.620850	-22.165213	0	0	0.85688874	0.51550139
19.030939	-29.883938	-20.215799	0	0	0	1
16.030886	-31.870892	-21.691620	0	0	0.85688874	0.51550139
17.082907	-33.541840	-21.348969	0	0	0.98999249	0.14112005
15.865897	-32.293617	-22.160044	0	0	0	1
16.035244	-32.768925	-22.137526	0	0	0.94222235	0.33498812
18.793159	-28.161081	-22.040276	0	0	0	1
15.826573	-32.298351	-22.142111	0	0	0.90407214	0.42737988
16.362709	-30.555309	-21.211977	0	0	0.97095818	0.23924928
15.875513	-32.543793	-22.173195	0	0	0.90407214	0.42737988
15.902097	-31.963638	-21.769331	0	0	0.85688874	0.51550139
17.149538	-29.253302	-21.263542	0	0	0.97095818	0.23924928
17.534756	-33.969048	-21.263643	0	0	0.85688874	0.51550139
16.269569	-33.253555	-21.961412	0	0	0.85688874	0.51550139
16.885040	-33.499325	-21.327957	0	0	0.98999249	0.14112005
15.915598	-32.723301	-22.081255	0	0	0.85688874	0.51550139
17.104601	-29.237123	-21.230116	0	0	0.94222235	0.33498812
16.352531	-33.238014	-21.719015	0	0	0.97095818	0.23924928
17.376671	-33.885780	-21.219673	0	0	0.98999249	0.14112005
15.761061	-32.376442	-22.146364	0	0	0.90407214	0.42737988
16.507637	-33.260345	-21.471258	0	0	0.85688874	0.51550139
16.062708	-33.004517	-21.972700	0	0	0.94222235	0.33498812
18.591444	-28.102478	-21.893267	0	0	0	1
16.174009	-33.131084	-21.867947	0	0	0.85688874	0.51550139
15.924405	-32.005997	-21.534962	0	0	0.94222235	0.33498812
15.776431	-32.050873	-21.834814	0	0	0.85688874	0.51550139
17.068672	-29.224188	-21.203390	0	0	0.97095818	0.23924928
15.719245	-32.377232	-22.147051	0	0	0	1
17.210777	-33.807240	-21.179670	0	0	0.98999249	0.14112005
15.917283	-32.876236	-22.037308	0	0	0.94222235	0.33498812
17.032125	-33.316513	-20.854448	0	0	0.85688874	0.51550139
15.768433	-32.638313	-22.110012	0	0	0.90407214	0.42737988
15.881824	-31.982008	-21.500742	0	0	0.85688874	0.51550139
16.693466	-33.535915	-21.361950	0	0	0.98999249	0.14112005
16.622458	-33.123390	-21.076790	0	0	0.85688874	0.51550139
18.484119	-28.071299	-21.815048	0	0	0	1
15.862726	-31.927288	-21.470566	0	0	0.94222235	0.33498812
17.037487	-33.736286	-21.145588	0	0	0.98999249	0.14112005
15.655313	-32.461189	-22.119047	0	0	0.90407214	0.42737988
15.781862	-32.110653	-21.634352	0	0	0.94222235	0.33498812
16.988489	-29.195320	-21.143747	0	0	0.97095818	0.23924928
15.653815	-32.133869	-21.887808	0	0	0.85688874	0.51550139
15.612478	-32.457161	-22.138338	0	0	0	1
15.797042	-32.828587	-21.984053	0	0	0.85688874	0.51550139
15.738404	-32.087891	-21.600119	0	0	0.85688874	0.51550139
15.805781	-31.840204	-21.406248	0	0	0.94222235	0.33498812
15.717944	-32.036911	-21.568895	0	0	0.94222235	0.33498812
16.117901	-33.377178	-21.805950	0	0	0.85688874	0.51550139
16.848072	-33.678936	-21.122370	0	0	0.98999249	0.14112005
15.802781	-31.616226	-21.328852	0	0	0.94222235	0.33498812
15.924514	-33.121075	-21.839098	0	0	0.97095818	0.23924928
15.643190	-32.205372	-21.722157	0	0	0.94222235	0.33498812
18.301743	-28.018312	-21.682133	0	0	0	1
16.903967	-29.164890	-21.080875	0	0	0.97095818	0.23924928
15.655921	-32.735809	-22.033396	0	0	0.94222235	0.33498812
17.874346	-29.585678	-20.146414	0	0	0.99913515	0.041580682
15.533964	-32.213837	-21.928104	0	0	0.90407214	0.42737988
15.790219	-32.985828	-21.924093	0	0	0.94222235	0.33498812
16.021641	-33.253033	-21.714962	0	0	0.85688874	0.51550139
15.547414	-32.548248	-22.078201	0	0	0.85688874	0.51550139
16.170937	-33.365601	-21.544958	0	0	0.97095818	0.23924928
15.658698	-31.955462	-21.503311	0	0	0.94222235	0.33498812
15.597507	-32.185612	-21.688145	0	0	0.85688874	0.51550139
15.505166	-32.538780	-22.116009	0	0	0.90407214	0.42737988
15.661717	-31.729168	-21.420193	0	0	0.94222235	0.33498812
15.575315	-32.138237	-21.656075	0	0	0.94222235	0.33498812
16.653593	-33.632599	-21.107250	0	0	0.98999249	0.14112005
19.063560	-29.185198	-20.081886	0	0	0	1
16.303711	-33.389919	-21.277060	0	0	0.85688874	0.51550139
15.507631	-32.293457	-21.798063	0	0	0.90407214	0.42737988
15.669622	-32.935993	-21.873993	0	0	0.85688874	0.51550139
15.416395	-32.291885	-21.955547	0	0	0.90407214	0.42737988
15.513186	-32.062168	-21.589573	0	0	0.94222235	0.33498812
15.522176	-31.834124	-21.500809	0	0	0.94222235	0.33498812
15.459435	-32.276455	-21.764473	0	0	0.85688874	0.51550139
15.436059	-32.637779	-22.023989	0	0	0.85688874	0.51550139
15.536559	-32.835892	-21.943649	0	0	0.94222235	0.33498812
16.476864	-33.666859	-21.146559	0	0	0.98999249	0.14112005
15.435155	-32.232510	-21.731758	0	0	0.90407214	0.42737988
15.396101	-32.622520	-22.080147	0	0	0.85688874	0.51550139
18.064028	-27.949249	-21.508884	0	0	0	1
16.379055	-33.249245	-20.865030	0	0	0.85688874	0.51550139
15.375243	-32.376202	-21.861773	0	0	0.90407214	0.42737988
15.652708	-33.096722	-21.798326	0	0	0.94222235	0.33498812
15.773956	-33.237740	-21.693384	0	0	0.97095818	0.23924928
15.951934	-33.499496	-21.638714	0	0	0.85688874	0.51550139
15.300448	-32.368999	-21.970024	0	0	0	1
15.384450	-31.932236	-21.570381	0	0	0.90407214	0.42737988
15.369596	-32.161503	-21.664696	0	0	0.90407214	0.42737988
17.982601	-27.925592	-21.449541	0	0	0	1
22.098642	-31.107775	-20.482983	0	0	0	1
15.324278	-32.361687	-21.828800	0	0	0.85688874	0.51550139
15.855187	-33.373451	-21.550457	0	0	0.85688874	0.51550139
15.909859	-30.359343	-20.866642	0	0	0.85688874	0.51550139
15.297576	-32.320950	-21.795645	0	0	0.90407214	0.42737988
15.532020	-33.044579	-21.751511	0	0	0.85688874	0.51550139
15.319903	-32.729706	-21.956625	0	0	0.85688874	0.51550139
15.283996	-32.708591	-22.030895	0	0	0.85688874	0.51550139
15.973580	-33.488552	-21.360502	0	0	0.97095818	0.23924928
15.245871	-32.454842	-21.913031	0	0	0.90407214	0.42737988
15.408972	-32.937935	-21.841129	0	0	0.94222235	0.33498812
15.248636	-32.024635	-21.628633	0	0	0.90407214	0.42737988
15.185300	-32.446022	-21.971479	0	0	0	1
15.228076	-32.254631	-21.728380	0	0	0.90407214	0.42737988
15.191909	-32.442513	-21.880873	0	0	0.85688874	0.51550139
16.082735	-33.512054	-21.073605	0	0	0.85688874	0.51550139
15.162477	-32.404739	-21.847485	0	0	0.90407214	0.42737988
15.503527	-33.207710	-21.660507	0	0	0.94222235	0.33498812
15.119153	-32.530537	-21.951637	0	0	0.90407214	0.42737988
15.609964	-33.353001	-21.536137	0	0	0.97095818	0.23924928
15.114636	-32.112408	-21.675341	0	0	0.90407214	0.42737988
15.167523	-32.796974	-21.968451	0	0	0.85688874	0.51550139
15.197604	-32.823723	-21.876373	0	0	0.85688874	0.51550139
15.069992	-32.523621	-21.959909	0	0	0	1
15.770772	-33.618687	-21.460360	0	0	0.85688874	0.51550139
15.088571	-32.342670	-21.780378	0	0	0.90407214	0.42737988
15.390404	-31.328936	-20.978909	0	0	0.85688874	0.51550139
15.062006	-32.520077	-21.920486	0	0	0.85688874	0.51550139
15.383032	-33.153156	-21.617088	0	0	0.85688874	0.51550139
15.029562	-32.484985	-21.887074	0	0	0.90407214	0.42737988
17.653893	-27.830093	-21.209978	0	0	0	1
15.673792	-33.490551	-21.375080	0	0	0.85688874	0.51550139
15.271861	-33.041061	-21.726236	0	0	0.94222235	0.33498812
16.447245	-29.000460	-20.741150	0	0	0.94222235	0.33498812
16.675474	-29.538565	-20.124840	0	0	0	1
16.167212	-30.160576	-20.239042	0	0	0	1
14.994545	-32.604340	-21.977438	0	0	0.85688874	0.51550139
18.989176	-28.532940	-19.955788	0	0	0.85688874	0.51550139
15.230603	-31.474318	-21.069698	0	0	0.85688874	0.51550139
14.982168	-32.196568	-21.710312	0	0	0.90407214	0.42737988
14.950837	-32.426682	-21.820480	0	0	0.90407214	0.42737988
14.953455	-32.602287	-21.935358	0	0	0.85688874	0.51550139
16.490047	-29.619158	-20.138388	0	0	0	1
15.759967	-33.604828	-21.166380	0	0	0.97095818	0.23924928
15.045349	-32.887417	-21.893057	0	0	0.85688874	0.51550139
14.934058	-32.595409	-21.947485	0	0	0.85688874	0.51550139
15.067846	-32.919292	-21.783552	0	0	0.85688874	0.51550139
17.520014	-27.791199	-21.112408	0	0	0	1
14.898354	-32.562687	-21.914253	0	0	0.85688874	0.51550139
15.341612	-33.317360	-21.511179	0	0	0.97095818	0.23924928
21.930294	-34.273663	-21.089508	0	0	0	1
15.069158	-31.609655	-21.151798	0	0	0.85688874	0.51550139
19.625105	-28.402784	-19.937422	0	-0	-1	-4.371139e-08
14.871329	-32.677166	-21.990334	0	0	0	1
17.475082	-27.778145	-21.079662	0	0	0	1
14.850777	-32.278019	-21.733416	0	0	0	1
15.431664	-33.465145	-21.367971	0	0	0.97095818	0.23924928
17.440748	-27.768171	-21.054640	0	0	0	1
14.814454	-32.507626	-21.848532	0	0	0.85688874	0.51550139
15.124038	-33.144180	-21.599428	0	0	0.94222235	0.33498812
14.834539	-32.682293	-21.897921	0	0	0.85688874	0.51550139
14.807388	-32.669415	-21.961763	0	0	0	1
15.221610	-33.260342	-21.471256	0	0	0.85688874	0.51550139
17.081623	-28.881836	-20.002901	0	0	0.99913515	0.041580682
15.573760	-33.732761	-21.271595	0	0	0.85688874	0.51550139
15.560776	-30.729389	-20.341999	0	0	0	1
14.768209	-32.638721	-21.928919	0	0	0	1
14.906610	-31.735756	-21.224882	0	0	0.85688874	0.51550139
14.916161	-32.979431	-21.805012	0	0	0.85688874	0.51550139
17.362278	-27.745373	-20.997450	0	0	0	1
15.476828	-33.602375	-21.189526	0	0	0.85688874	0.51550139
14.748643	-32.749771	-21.990274	0	0	0	1
20.428644	-26.903152	-22.892862	0	0	0	1
14.719859	-32.357567	-21.744556	0	0	0	1
20.598379	-26.941093	-23.014585	0	0	0	1
20.261087	-26.865700	-22.772703	0	0	0	1
14.929382	-33.015644	-21.678526	0	0	0.85688874	0.51550139
20.759344	-26.977072	-23.130018	0	0	0	1
20.036856	-26.815577	-22.611898	0	0	0	1
20.032490	-26.814602	-22.608767	0	0	0	1
20.915657	-27.012012	-23.242115	0	0	0	1
17.283974	-27.722622	-20.940382	0	0	0	1
14.678842	-32.586342	-21.864422	0	0	0	1
14.681172	-32.742840	-21.963261	0	0	0	1
21.066738	-27.045784	-23.350460	0	0	0	1
14.712041	-32.763718	-21.847748	0	0	0.85688874	0.51550139
19.771406	-26.756243	-22.421535	0	0	0	1
15.543689	-30.370554	-20.272875	0	0	0	1
15.166086	-33.424049	-21.350929	0	0	0.97095818	0.23924928
14.743340	-31.853451	-21.288662	0	0	0.85688874	0.51550139
15.759728	-29.936583	-20.191750	0	0	0	1
14.638344	-32.713825	-21.931009	0	0	0	1
14.625500	-32.822739	-21.977255	0	0	0.85688874	0.51550139
19.554924	-26.707853	-22.266291	0	0	0	1
14.964456	-33.245983	-21.461201	0	0	0.94222235	0.33498812
14.588676	-32.435848	-21.743692	0	0	0	1
14.778703	-33.072308	-21.704664	0	0	0.85688874	0.51550139
15.238411	-33.572300	-21.189556	0	0	0.97095818	0.23924928
15.261148	-30.802389	-20.352896	0	0	0	1
15.046887	-33.364552	-21.314590	0	0	0.85688874	0.51550139
14.543279	-32.663536	-21.868086	0	0	0	1
15.913700	-29.511276	-20.111641	0	0	0	1
19.347204	-26.661423	-22.117327	0	0	0	1
14.554465	-32.816265	-21.951975	0	0	0.85688874	0.51550139
18.795641	-27.958084	-19.843315	0	0	0	1
14.781060	-33.111786	-21.561710	0	0	0.85688874	0.51550139
18.822847	-27.943420	-19.840782	0	0	0.85688874	0.51550139
14.579566	-31.963556	-21.342888	0	0	0.85688874	0.51550139
14.584736	-32.846405	-21.785034	0	0	0.85688874	0.51550139
19.229862	-26.635193	-22.033176	0	0	0	1
14.507852	-32.788551	-21.920521	0	0	0.85688874	0.51550139
14.500820	-32.896461	-21.951332	0	0	0.85688874	0.51550139
14.456382	-32.513363	-21.730825	0	0	0.85688874	0.51550139
17.385714	-28.208418	-19.876688	0	-0	-1	-4.371139e-08
19.040953	-26.592966	-21.897703	0	0	0	1
22.889740	-29.992455	-20.276951	0	0	0	1
14.406930	-32.739746	-21.859509	0	0	0.85688874	0.51550139
14.426227	-32.890079	-21.927950	0	0	0.85688874	0.51550139
14.631814	-33.165108	-21.592411	0	0	0.85688874	0.51550139
14.976287	-33.525993	-21.180391	0	0	0.97095818	0.23924928
16.011936	-29.103739	-20.034365	0	0	0.98999249	0.14112005
14.910067	-31.220095	-20.429485	0	0	0	1
14.415352	-32.066853	-21.387342	0	0	0.85688874	0.51550139
14.792241	-33.344971	-21.312101	0	0	0.94222235	0.33498812
14.375734	-32.863285	-21.897490	0	0	0.85688874	0.51550139
14.451410	-32.929996	-21.710032	0	0	0.85688874	0.51550139
15.427962	-29.773060	-20.156866	0	0	0	1
14.864275	-31.227139	-20.430361	0	0	0	1
18.833090	-26.546503	-21.748638	0	0	0	1
14.373454	-32.971123	-21.912605	0	0	0.85688874	0.51550139
14.621859	-33.206516	-21.433565	0	0	0.85688874	0.51550139
14.322042	-32.590424	-21.706007	0	0	0.85688874	0.51550139
14.858211	-33.464031	-21.147707	0	0	0.85688874	0.51550139
14.746527	-31.978096	-20.573418	0	0	0.97095818	0.23924928
15.686704	-29.315701	-20.071693	0	0	0.85688874	0.51550139
15.634496	-29.349726	-20.077684	0	0	0	1
15.104818	-30.221231	-20.239601	0	0	0	1
17.358747	-35.952366	-21.364304	0	0	0.98999249	0.14112005
18.724653	-26.522264	-21.670876	0	0	0	1
14.268865	-32.815338	-21.838728	0	0	0.85688874	0.51550139
14.295347	-32.964478	-21.891279	0	0	0.85688874	0.51550139
15.528662	-29.418701	-20.089832	0	0	0	1
16.828255	-27.590225	-20.608253	0	0	0.97095818	0.23924928
14.250613	-32.164070	-21.421854	0	0	0.85688874	0.51550139
14.240926	-32.938210	-21.862013	0	0	0.85688874	0.51550139
16.246449	-28.578138	-19.935827	0	0	0.98999249	0.14112005
16.823013	-35.799267	-21.329292	0	0	0.90407214	0.42737988
14.474453	-33.256680	-21.468693	0	0	0.85688874	0.51550139
16.062103	-28.721117	-19.961372	0	0	0	1
16.768749	-35.783760	-21.325745	0	0	0	1
18.535870	-26.480068	-21.535492	0	0	0	1
14.242218	-33.046696	-21.861227	0	0	0.85688874	0.51550139
14.310893	-33.013897	-21.623034	0	0	0.85688874	0.51550139
15.884279	-28.859035	-19.986015	0	0	0.90407214	0.42737988
14.184667	-32.667160	-21.669336	0	0	0.85688874	0.51550139
16.600426	-35.735657	-21.314745	0	0	0	1
15.024802	-29.976345	-20.191713	0	0	0	1
15.646175	-29.043711	-20.019011	0	0	0.98999249	0.14112005
15.597468	-29.081486	-20.025761	0	0	0.98999249	0.14112005
14.606719	-33.439476	-21.152719	0	0	0.94222235	0.33498812
15.039435	-29.890322	-20.175339	0	0	0.85688874	0.51550139
14.716072	-30.649263	-20.317781	0	0	0	1
14.128089	-32.890495	-21.805822	0	0	0.85688874	0.51550139
14.160683	-33.039436	-21.842108	0	0	0.85688874	0.51550139
16.426666	-35.686001	-21.303391	0	0	0.97095818	0.23924928
14.450912	-33.298450	-21.294600	0	0	0.85688874	0.51550139
14.592883	-31.036444	-20.390886	0	0	0	1
14.592124	-31.039597	-20.391485	0	0	0.94222235	0.33498812
14.551479	-31.208445	-20.423502	0	0	0	1
14.530463	-31.295748	-20.440056	0	0	0	1
14.491126	-31.611084	-20.500233	0	0	0	1
14.085134	-32.255859	-21.446283	0	0	0.85688874	0.51550139
14.721126	-30.503698	-20.289865	0	0	0	1
18.582067	-27.428728	-19.739376	0	0	0.85688874	0.51550139
15.074347	-29.685087	-20.136271	0	0	0.97095818	0.23924928
20.893057	-27.705441	-19.816679	0	0	-0.99500417	0.099833397
14.102323	-33.013306	-21.814224	0	0	0.85688874	0.51550139
14.548818	-30.975937	-20.378801	0	0	0.94222235	0.33498812
18.291832	-26.425518	-21.360483	0	0	0	1
16.248827	-35.635178	-21.291767	0	0	0	1
17.430429	-27.659845	-19.771753	0	0	0	1
18.690802	-27.357864	-19.726896	0	0	0	1
15.093744	-29.571058	-20.114563	0	0	0	1
14.105924	-33.122932	-21.797403	0	0	0.90407214	0.42737988
14.043234	-32.743507	-21.620955	0	0	0.85688874	0.51550139
14.162087	-33.097313	-21.524384	0	0	0.85688874	0.51550139
18.204279	-26.405949	-21.297697	0	0	0	1
16.060913	-35.581478	-21.279488	0	0	0.97095818	0.23924928
17.591349	-27.535036	-19.749454	0	-0	-1	-4.371139e-08
16.025518	-28.411520	-19.901505	0	0	0	1
14.305730	-33.345692	-21.333998	0	0	0.85688874	0.51550139
16.072617	-28.368473	-19.893726	0	0	0.98999249	0.14112005
15.544945	-28.850761	-19.980881	0	0	0.90407214	0.42737988
14.917336	-29.688597	-20.135305	0	0	0.94222235	0.33498812
13.983570	-32.965206	-21.760923	0	0	0.85688874	0.51550139
14.021080	-33.114731	-21.780630	0	0	0.85688874	0.51550139
15.134377	-29.332184	-20.069092	0	0	0.90407214	0.42737988
16.412624	-28.057707	-19.837568	0	0	0.99913515	0.041580682
13.918574	-32.342773	-21.460537	0	0	0.85688874	0.51550139
17.751966	-27.410461	-19.727196	0	0	0	1
14.415989	-30.846502	-20.352545	0	0	0.94222235	0.33498812
14.413813	-30.853407	-20.353849	0	0	0.85688874	0.51550139
15.871710	-35.527409	-21.267122	0	0	0	1
15.231668	-29.137094	-20.032623	0	0	0	1
18.345825	-27.189486	-19.791931	0	0	0	1
20.050711	-27.281677	-19.726460	0	0	0	1
16.556892	-27.925846	-19.813740	0	0	0.99913515	0.041580682
14.363419	-31.013288	-20.384041	0	0	0	1
13.958817	-33.088345	-21.754316	0	0	0.85688874	0.51550139
14.972047	-29.461319	-20.092207	0	0	0	1
14.309519	-31.184292	-20.416334	0	0	0	1
15.791887	-35.504597	-21.261906	0	0	0	1
18.322239	-27.132055	-19.812260	0	0	0	1
14.664084	-29.982164	-20.189064	0	0	0	1
14.267545	-33.386028	-21.145357	0	0	0.85688874	0.51550139
15.734297	-35.488140	-21.258142	0	0	0.97095818	0.23924928
15.003532	-29.345608	-20.070305	0	0	0.94222235	0.33498812
13.963408	-33.199371	-21.721384	0	0	0.90407214	0.42737988
14.625216	-30.007496	-20.193525	0	0	0	1
13.896721	-32.819214	-21.561056	0	0	0.90407214	0.42737988
15.693321	-35.476429	-21.255465	0	0	0.97095818	0.23924928
14.730008	-29.754288	-20.145969	0	0	0	1
14.262905	-31.045595	-20.389198	0	0	0	1
14.561979	-30.048710	-20.200785	0	0	0.94222235	0.33498812
15.041282	-29.173702	-20.037668	0	0	0	1
14.004001	-33.179241	-21.414471	0	0	0.85688874	0.51550139
14.860279	-29.436932	-20.086355	0	0	0.94222235	0.33498812
14.533723	-30.023394	-20.195625	0	0	0.94222235	0.33498812
13.834268	-33.039253	-21.704206	0	0	0.85688874	0.51550139
17.868570	-26.330908	-21.056950	0	0	0	1
14.599847	-29.855841	-20.164122	0	0	0	1
13.875414	-33.189911	-21.707088	0	0	0.85688874	0.51550139
14.307975	-30.595427	-20.303175	0	0	0	1
13.750497	-32.425255	-21.464554	0	0	0	1
14.910242	-29.278418	-20.056419	0	0	0	1
15.491646	-35.418793	-21.242285	0	0	0.85688874	0.51550139
16.028797	-28.073809	-19.836653	0	0	0	1
14.691360	-29.623951	-20.120523	0	0	0	1
17.079559	-27.448133	-19.727411	0	0	0	1
16.052094	-28.048845	-19.832100	0	0	0.98999249	0.14112005
14.089829	-31.637632	-20.501144	0	0	0.94222235	0.33498812
14.124936	-33.430634	-21.188858	0	0	0.85688874	0.51550139
16.116358	-27.979982	-19.819540	0	0	0.90407214	0.42737988
14.636693	-29.680899	-20.130894	0	0	0	1
15.089609	-28.972944	-19.999601	0	0	0.90407214	0.42737988
14.752987	-29.467791	-20.091164	0	0	0.90407214	0.42737988
13.809323	-33.162895	-21.682522	0	0	0.90407214	0.42737988
16.214952	-27.874332	-19.800270	0	0	0	1
15.360129	-28.609076	-19.932514	0	0	0.97095818	0.23924928
15.360129	-28.609076	-19.932514	0	0	0.94222235	0.33498812
15.360129	-28.609076	-19.932514	0	0	0.90407214	0.42737988
15.072770	-28.938053	-19.992722	0	0	0.94222235	0.33498812
14.087429	-31.154278	-20.408249	0	0	0.85688874	0.51550139
16.260227	-27.825819	-19.791422	0	0	0	1
14.531510	-29.777006	-20.148262	0	0	0.90407214	0.42737988
14.007866	-31.962912	-20.562786	0	0	0.94222235	0.33498812
15.321553	-35.370186	-21.231169	0	0	0.85688874	0.51550139
15.123541	-28.831984	-19.972872	0	0	0.94222235	0.33498812
14.777919	-29.308023	-20.060726	0	0	0	1
15.003775	-28.981674	-20.000381	0	0	0	1
17.721909	-26.298126	-20.951775	0	0	0	1
15.485991	-28.419558	-19.897415	0	0	0.97095818	0.23924928
13.813569	-33.275337	-21.633467	0	0	0.90407214	0.42737988
13.744130	-32.893818	-21.489876	0	0	0.90407214	0.42737988
14.615698	-29.511574	-20.098143	0	0	0	1
16.421124	-27.653410	-19.759977	0	0	0.99913515	0.041580682
17.677465	-26.288191	-20.919903	0	0	0	1
14.522211	-29.664413	-20.126532	0	0	0.90407214	0.42737988
14.779060	-29.217247	-20.043297	0	0	0	1
14.143977	-30.583616	-20.299194	0	0	0.90407214	0.42737988
15.078571	-28.796715	-19.965626	0	0	0.94222235	0.33498812
13.940762	-32.354225	-20.637270	0	0	0	1
14.097356	-30.680653	-20.317350	0	0	0	1
17.645193	-26.280977	-20.896759	0	0	0	1
14.922235	-28.967985	-19.996901	0	0	0	1
14.318396	-30.019249	-20.192579	0	0	0	1
14.302418	-30.047066	-20.197758	0	0	0.90407214	0.42737988
14.933917	-28.939438	-19.991537	0	0	0	1
14.062450	-30.753305	-20.330946	0	0	0.85688874	0.51550139
13.679165	-33.112221	-21.635897	0	0	0.85688874	0.51550139
14.245007	-30.147018	-20.216362	0	0	0	1
13.580376	-32.503624	-21.458323	0	0	0	1
15.275016	-28.505419	-19.911709	0	0	0.97095818	0.23924928
13.722611	-33.264328	-21.621775	0	0	0.85688874	0.51550139
13.835773	-33.258499	-21.293728	0	0	0.85688874	0.51550139
16.586939	-27.475731	-19.727570	0	0	0	1
15.279425	-28.479500	-19.906775	0	0	0.94222235	0.33498812
15.384749	-28.368755	-19.886597	0	0	0.94222235	0.33498812
13.899137	-32.486282	-20.662209	0	0	0	1
15.350480	-28.396162	-19.891504	0	0	0	1
15.103250	-28.666077	-19.940783	0	0	0	1
13.983253	-30.918146	-20.361790	0	0	0	1
17.569309	-26.264015	-20.842340	0	0	0	1
15.036983	-28.724915	-19.951395	0	0	0	1
15.043889	-28.710541	-19.948706	0	0	0	1
15.047324	-28.703392	-19.947369	0	0	0.94222235	0.33498812
14.278975	-29.948830	-20.178638	0	0	0.90407214	0.42737988
13.880278	-32.546116	-20.673508	0	0	0	1
15.060965	-35.295715	-21.214138	0	0	0.97095818	0.23924928
14.237187	-30.036169	-20.194983	0	0	0	1
15.390581	-28.311834	-19.875721	0	0	0.97095818	0.23924928
14.250503	-29.969810	-20.182371	0	0	0	1
14.071293	-30.449448	-20.272655	0	0	0	1
13.911709	-31.067059	-20.389654	0	0	0	1
14.050747	-30.485216	-20.279314	0	0	0.90407214	0.42737988
13.652809	-33.236313	-21.599129	0	0	0.90407214	0.42737988
15.491854	-28.187902	-19.852966	0	0	0	1
15.141956	-28.543274	-19.917591	0	0	0	1
16.008898	-27.763428	-19.776810	0	0	0.99913515	0.041580682
13.885740	-31.121107	-20.399769	0	0	0.90407214	0.42737988
18.492046	-26.470272	-20.037813	0	0	0	1
13.910907	-30.920412	-20.361469	0	0	0	1
17.497784	-26.248028	-20.791046	0	0	0	1
13.990688	-30.589777	-20.298777	0	0	0.85688874	0.51550139
15.139685	-28.487921	-19.906933	0	0	0	1
14.945122	-35.262611	-21.206568	0	0	0.85688874	0.51550139
15.143127	-28.479197	-19.905293	0	0	0	1
14.129594	-30.108900	-20.207832	0	0	0	1
15.303045	-28.305008	-19.873495	0	0	0.94222235	0.33498812
13.773308	-31.950243	-20.557901	0	0	0	1
13.769369	-31.960222	-20.559778	0	0	0.94222235	0.33498812
13.584523	-32.966675	-21.407698	0	0	0.90407214	0.42737988
13.655390	-33.349953	-21.534002	0	0	0.90407214	0.42737988
15.631904	-27.981594	-19.814789	0	0	0	1
16.163380	-27.569590	-19.741179	0	0	0	1
15.180346	-28.384888	-19.887562	0	0	0	1
13.861031	-30.815506	-20.340794	0	0	0.90407214	0.42737988
14.000072	-30.320425	-20.247122	0	0	0	1
15.324298	-28.215704	-19.856558	0	0	0	1
13.956285	-30.449968	-20.271555	0	0	0.85688874	0.51550139
23.477364	-28.800638	-20.054096	0	0	0	1
13.749085	-31.398706	-20.451677	0	0	0	1
16.221882	-27.496183	-19.727686	0	0	0	1
14.816520	-35.225861	-21.198164	0	0	0.85688874	0.51550139
15.274651	-28.230236	-19.858831	0	0	0	1
15.276320	-28.226759	-19.858181	0	0	0	1
13.407624	-32.578060	-21.441868	0	0	0	1
13.517292	-33.183502	-21.556265	0	0	0.90407214	0.42737988
15.309368	-28.157974	-19.845310	0	0	0	1
13.676130	-32.196484	-20.604198	0	0	0	1
13.561687	-33.337132	-21.525024	0	0	0.85688874	0.51550139
15.833058	-27.685270	-19.759956	0	0	0.94222235	0.33498812
13.902747	-30.351978	-20.252169	0	0	0	1
13.656703	-33.333729	-21.162634	0	0	0.85688874	0.51550139
15.272084	-28.130424	-19.839628	0	0	0	1
21.706947	-27.188887	-19.725929	0	0	0	1
15.353552	-28.043732	-19.823822	0	0	0.97095818	0.23924928
13.692258	-31.109335	-20.395485	0	0	0	1
16.591328	-26.983618	-19.897697	0	0	0	1
13.488327	-33.307770	-21.504465	0	0	0.90407214	0.42737988
21.766932	-27.185526	-19.725910	0	0	0	1
13.778334	-30.559429	-20.290728	0	0	0	1
15.950795	-27.511831	-19.727861	0	0	0	1
15.951119	-27.511353	-19.727774	0	0	0	1
15.431170	-27.915640	-19.800020	0	0	0	1
13.781820	-30.489700	-20.277367	0	0	0	1
14.592302	-35.161785	-21.183510	0	0	0	1
13.417043	-33.036957	-21.314840	0	0	0.90407214	0.42737988
15.456543	-27.851646	-19.787991	0	0	0.94222235	0.33498812
15.458500	-27.847572	-19.787228	0	0	0	1
13.487974	-33.422150	-21.423382	0	0	0.90407214	0.42737988
15.896200	-27.430180	-19.756931	0	0	0	1
13.505604	-31.912325	-20.547819	0	0	0	1
15.879602	-27.440842	-19.753571	0	0	0	1
13.231614	-32.648594	-21.415251	0	0	0.85688874	0.51550139
16.039236	-27.228039	-19.824030	0	0	0	1
13.565673	-31.025387	-20.378035	0	0	0.90407214	0.42737988
17.212215	-26.400040	-20.087315	0	0	0	1
15.752524	-27.522480	-19.727837	0	0	0	1
15.963497	-27.281504	-19.807030	0	0	0	1
13.347762	-33.252300	-21.465624	0	0	0.90407214	0.42737988
13.466577	-32.264011	-20.614985	0	0	0	1
16.189049	-27.014475	-19.894949	0	0	0	1
13.391768	-33.407280	-21.417219	0	0	0.85688874	0.51550139
16.027180	-27.139742	-19.854809	0	0	0	1
13.527453	-30.877071	-20.349138	0	0	0.85688874	0.51550139
14.341152	-35.090012	-21.167097	0	0	0.97095818	0.23924928
17.047983	-26.147486	-20.468479	0	0	0	1
13.394258	-32.144077	-20.591187	0	0	0.85688874	0.51550139
22.136950	-27.164797	-19.725792	0	0	0	1
15.610877	-27.530415	-19.727882	0	0	0	1
16.088795	-27.004969	-19.900211	0	0	0	1
16.329885	-26.800713	-19.966110	0	0	0	1
13.436195	-31.216122	-20.413328	0	0	0	1
13.509172	-30.807173	-20.335518	0	0	0.85688874	0.51550139
20.547266	-25.236927	-22.762333	0	-0	-1	-4.371139e-08
13.315042	-33.376240	-21.398901	0	0	0.90407214	0.42737988
20.375988	-25.209799	-22.640966	0	-0	-1	-4.371139e-08
20.720270	-25.264328	-22.884920	0	-0	-1	-4.371139e-08
15.462282	-27.611954	-19.741997	0	0	0.97095818	0.23924928
20.883337	-25.290155	-23.000467	0	-0	-1	-4.371139e-08
20.170797	-25.177299	-22.495571	0	0	0.99913515	0.041580682
15.464059	-27.594610	-19.738684	0	0	0.97095818	0.23924928
20.132141	-25.171177	-22.468180	0	-0	-1	-4.371139e-08
16.149939	-26.877106	-19.943232	0	0	0	1
13.383317	-31.294016	-20.427744	0	0	0.90407214	0.42737988
15.738674	-27.273672	-19.814167	0	0	0	1
15.756812	-27.251554	-19.821461	0	0	0	1
15.515447	-27.535761	-19.727913	0	0	0	1
21.041069	-25.315136	-23.112234	0	-0	-1	-4.371139e-08
15.747803	-27.249863	-19.822224	0	0	0	1
13.403292	-31.032866	-20.377775	0	0	0	1
15.900700	-27.059557	-19.885035	0	0	0	1
19.874422	-25.130358	-22.285564	0	0	0.99913515	0.041580682
16.462683	-26.587210	-20.037340	0	0	0	1
21.193058	-25.339211	-23.219931	0	0	0.99913515	0.041580682
14.215064	-35.053978	-21.158857	0	0	0.85688874	0.51550139
13.240945	-33.103661	-21.211674	0	0	0.90407214	0.42737988
15.469826	-27.538317	-19.727928	0	0	0	1
15.458514	-27.538952	-19.727930	0	0	0	1
16.212254	-26.755911	-19.983923	0	0	0	1
15.439235	-27.540031	-19.727938	0	0	0	1
13.310571	-33.490681	-21.302042	0	0	0.90407214	0.42737988
15.434475	-27.540298	-19.727938	0	0	0	1
13.363048	-32.989819	-20.753357	0	0	0	1
13.051699	-32.715107	-21.378580	0	0	0.85688874	0.51550139
13.369808	-30.923048	-20.356325	0	0	0	1
19.644394	-25.093925	-22.122570	0	-0	-1	-4.371139e-08
16.277414	-26.640974	-20.022394	0	0	0	1
13.253064	-31.947395	-20.551922	0	0	0.90407214	0.42737988
16.498846	-26.465202	-20.078829	0	0	0	1
13.337581	-30.899651	-20.351494	0	0	0.85688874	0.51550139
13.169793	-33.317631	-21.364330	0	0	0.90407214	0.42737988
16.588457	-26.374304	-20.108503	0	0	0	1
16.347137	-26.531693	-20.058819	0	0	0	1
13.243357	-31.500195	-20.465897	0	0	0.85688874	0.51550139
13.320131	-30.909056	-20.353119	0	0	0.85688874	0.51550139
19.416605	-25.057848	-21.961161	0	0	0.99913515	0.041580682
13.212126	-33.473557	-21.298784	0	0	0.85688874	0.51550139
13.307759	-33.129917	-20.779697	0	0	0	1
13.180960	-31.697763	-20.503204	0	0	0	1
13.172913	-32.013496	-20.563784	0	0	0	1
19.302486	-25.039772	-21.880299	0	0	0.99913515	0.041580682
17.787481	-25.777481	-20.291317	0	0	0	1
13.181094	-31.591913	-20.482868	0	0	0.90407214	0.42737988
24.649038	-29.721794	-20.243322	0	0	-0.99500417	0.099833397
13.980013	-34.986805	-21.143496	0	0	0.97095818	0.23924928
16.708305	-26.162195	-20.179508	0	0	0	1
13.132257	-33.440536	-21.282856	0	0	0.90407214	0.42737988
19.108410	-25.009033	-21.742779	0	-0	-1	-4.371139e-08
16.704027	-26.096493	-20.202318	0	0	0	1
13.055618	-33.165627	-21.098606	0	0	0.90407214	0.42737988
16.691076	-26.067707	-20.212530	0	0	0	1
12.867238	-32.777328	-21.331999	0	0	0.85688874	0.51550139
18.895823	-24.975363	-21.592142	0	-0	-1	-4.371139e-08
16.823389	-25.950939	-20.250311	0	0	0	1
13.000316	-32.313980	-20.619717	0	0	0.90407214	0.42737988
12.982738	-33.378365	-21.252787	0	0	0.90407214	0.42737988
18.787054	-24.958136	-21.515070	0	0	0.99913515	0.041580682
13.011012	-31.166761	-20.399405	0	0	0.85688874	0.51550139
12.933353	-32.430561	-20.641417	0	0	0.90407214	0.42737988
13.654803	-34.893871	-21.122242	0	0	0	1
16.934935	-25.740427	-20.320927	0	0	0	1
17.189493	-25.627527	-20.354961	0	0	0	1
13.119876	-33.606003	-20.869209	0	0	0	1
18.593157	-24.927425	-21.377678	0	-0	-1	-4.371139e-08
12.978541	-33.009350	-20.753094	0	0	0	1
12.913047	-31.412493	-20.445595	0	0	0	1
12.859123	-32.066212	-20.570635	0	0	0	1
12.875970	-32.504356	-20.654995	0	0	0	1
13.080278	-33.706337	-20.888075	0	0	0.94222235	0.33498812
13.080278	-33.706337	-20.888075	0	0	0.85688874	0.51550139
13.080278	-33.706337	-20.888075	0	0	0.90407214	0.42737988
12.873442	-31.292500	-20.422127	0	0	0.85688874	0.51550139
12.677623	-32.834839	-21.275692	0	0	0.85688874	0.51550139
13.540122	-34.861095	-21.114748	0	0	0.85688874	0.51550139
12.835866	-31.326843	-20.428333	0	0	0.85688874	0.51550139
12.854218	-31.160154	-20.396498	0	0	0	1
12.836355	-31.169781	-20.398161	0	0	0	1
18.344580	-24.888056	-21.201540	0	0	0.99913515	0.041580682
18.314478	-25.119337	-20.508575	0	0	0	1
18.251444	-24.873304	-21.135544	0	0	0.99913515	0.041580682
12.703705	-31.241272	-20.410511	0	0	0	1
12.659488	-32.360298	-20.625055	0	0	0.85688874	0.51550139
23.854956	-27.571640	-19.821905	0	0	0.85688874	0.51550139
12.684494	-32.863815	-20.722061	0	0	0.90407214	0.42737988
18.723812	-24.948120	-20.559734	0	0	0	1
12.614550	-32.022556	-20.559692	0	0	0	1
12.482295	-32.887058	-21.209879	0	0	0.85688874	0.51550139
12.659957	-32.906536	-20.730013	0	0	0.85688874	0.51550139
12.759588	-33.465076	-20.838369	0	0	0.85688874	0.51550139
12.567248	-31.933298	-20.542049	0	0	0	1
12.582391	-31.338852	-20.427992	0	0	0	1
12.721912	-33.543495	-20.853043	0	0	0	1
17.432289	-25.072935	-20.542004	0	0	0	1
17.911259	-24.819424	-20.894495	0	0	0.99913515	0.041580682
21.544109	-25.394810	-20.349676	0	0	0	1
12.525014	-31.464476	-20.451530	0	0	0.85688874	0.51550139
12.514972	-32.573189	-20.664450	0	0	0	1
13.082923	-34.730438	-21.084869	0	0	0.85688874	0.51550139
12.494595	-32.603207	-20.670004	0	0	0	1
12.493967	-32.604130	-20.670176	0	0	0	1
25.116016	-34.896187	-21.242390	0	0	0	1
12.426714	-31.933622	-20.540644	0	0	0	1
22.783422	-37.502605	-21.718817	0	0	0	1
17.752886	-24.794340	-20.782272	0	-0	-1	-4.371139e-08
12.411564	-32.277256	-20.606510	0	0	0	1
17.709410	-24.787455	-20.751467	0	0	0.99913515	0.041580682
17.679634	-24.782738	-20.730370	0	-0	-1	-4.371139e-08
12.372298	-32.146500	-20.580978	0	0	0.85688874	0.51550139
12.380713	-31.470289	-20.451141	0	0	0	1
12.280773	-32.933281	-21.134823	0	0	0.85688874	0.51550139
12.471168	-33.235210	-20.791191	0	0	0	1
17.815760	-24.740810	-20.649324	0	0	0	1
17.607182	-24.771263	-20.679029	0	-0	-1	-4.371139e-08
22.195925	-25.498049	-20.301130	0	0	0	1
17.561045	-24.763956	-20.646338	0	0	0	1
12.285128	-32.435902	-20.635672	0	0	0	1
12.284883	-32.436211	-20.635729	0	0	0.90407214	0.42737988
12.815055	-34.653889	-21.067364	0	0	0.94222235	0.33498812
12.269151	-31.453724	-20.446793	0	0	0	1
12.717440	-34.625996	-21.060984	0	0	0	1
18.790871	-24.429121	-20.737926	0	0	0	1
12.072676	-32.972664	-21.050817	0	0	0.85688874	0.51550139
12.631143	-34.601334	-21.055344	0	0	0	1
12.264438	-33.595123	-20.858185	0	0	0.85688874	0.51550139
12.044869	-32.737373	-20.691086	0	0	0	1
11.998389	-32.392593	-20.624355	0	0	0	1
12.474583	-34.556591	-21.045113	0	0	0.94222235	0.33498812
12.471017	-34.555573	-21.044880	0	0	0.94222235	0.33498812
11.943744	-31.595158	-20.470568	0	0	0	1
11.918618	-32.097782	-20.566879	0	0	0.85688874	0.51550139
11.906714	-32.176083	-20.581799	0	0	0	1
11.948388	-33.407829	-20.818897	0	0	0	1
12.258342	-34.508369	-21.033588	0	0	0	1
12.047794	-33.972290	-20.928389	0	0	0	1
11.730934	-32.080364	-20.561571	0	0	0	1
18.080572	-23.993515	-20.902586	0	0	0	1
11.791822	-33.054890	-20.749449	0	0	0	1
11.702759	-32.102215	-20.565475	0	0	0	1
11.653480	-32.762180	-20.691765	0	0	0.85688874	0.51550139
20.475960	-23.570847	-22.617123	0	0	-0.99500417	0.099833397
20.302122	-23.554415	-22.494917	0	0	-0.99500417	0.099833397
20.651060	-23.587399	-22.740215	0	0	-0.99500417	0.099833397
12.139458	-34.755814	-21.079891	0	0	0.90407214	0.42737988
12.139458	-34.755814	-21.079891	0	0	0.85688874	0.51550139
20.118107	-23.537020	-22.365559	0	0	0.99913515	0.041580682
18.373930	-23.809172	-20.960567	0	0	0	1
20.044168	-23.530029	-22.313581	0	0	-0.99500417	0.099833397
20.815111	-23.602905	-22.855539	0	0	-0.99500417	0.099833397
20.973167	-23.617846	-22.966650	0	0	-0.99500417	0.099833397
19.792057	-23.506199	-22.136351	0	0	0.99913515	0.041580682
11.761321	-33.683399	-20.869892	0	0	0.90407214	0.42737988
11.904120	-34.222420	-20.974949	0	0	0.85688874	0.51550139
21.125004	-23.632198	-23.073387	0	0	0.99913515	0.041580682
19.214621	-23.710428	-20.978161	0	0	0	1
19.549965	-23.483315	-21.966166	0	0	-0.99500417	0.099833397
11.525634	-31.776884	-20.501118	0	0	0	1
19.303066	-23.459976	-21.792599	0	0	0.99913515	0.041580682
11.467500	-32.229126	-20.587402	0	0	0	1
19.193022	-23.449574	-21.715240	0	0	0.99913515	0.041580682
18.995115	-23.430866	-21.576115	0	0	-0.99500417	0.099833397
11.747914	-34.348927	-20.997623	0	0	0.90407214	0.42737988
18.779299	-23.410465	-21.424400	0	0	-0.99500417	0.099833397
11.352525	-32.682610	-20.673332	0	0	0	1
11.340212	-32.693863	-20.675367	0	0	0.85688874	0.51550139
18.670977	-23.400225	-21.348251	0	0	0.99913515	0.041580682
26.768248	-33.692402	-21.028355	0	0	0	1
11.318510	-32.713699	-20.678951	0	0	0	1
18.741446	-23.406887	-21.092472	0	0	0	1
11.247101	-32.186058	-20.576826	0	0	0	1
20.786039	-23.600157	-20.985348	0	0	0	1
18.473337	-23.381542	-21.209314	0	0	-0.99500417	0.099833397
11.668793	-34.632118	-21.051208	0	0	0.85688874	0.51550139
11.482710	-34.093826	-20.945839	0	0	0	1
18.337252	-23.368679	-21.113649	0	0	0	1
11.175828	-32.510902	-20.638496	0	0	0.85688874	0.51550139
11.492805	-34.276024	-20.980951	0	0	0	1
11.125206	-31.810045	-20.503307	0	0	0	1
11.011203	-31.819918	-20.504013	0	0	0	1
11.003925	-32.157352	-20.568771	0	0	0	1
11.070870	-33.386478	-20.805630	0	0	0	1
10.931250	-31.923845	-20.523148	0	0	0	1
22.238346	-23.737440	-20.909256	0	0	0	1
10.903886	-32.047119	-20.546547	0	0	0	1
11.017936	-33.443199	-20.815975	0	0	0	1
10.854504	-32.068584	-20.550156	0	0	0	1
11.089566	-33.936058	-20.911421	0	0	0.85688874	0.51550139
19.583984	-22.966915	-21.228054	0	0	0	1
10.825369	-32.253582	-20.585396	0	0	0	1
11.062620	-33.969868	-20.917635	0	0	0	1
18.644173	-22.863054	-21.282490	0	0	0	1
18.860533	-22.836864	-21.287287	0	0	0	1
10.905092	-34.167530	-20.953968	0	0	0.90407214	0.42737988
10.649475	-32.919140	-20.711437	0	0	0.85688874	0.51550139
11.238561	-35.381138	-21.190630	0	0	0.85688874	0.51550139
10.985193	-34.826725	-21.081459	0	0	0	1
10.462906	-32.081566	-20.548559	0	0	0	1
10.661713	-33.824909	-20.885595	0	0	0	1
10.947558	-34.882164	-21.091719	0	0	0	1
10.938087	-34.896114	-21.094301	0	0	0.85688874	0.51550139
10.925800	-34.914215	-21.097651	0	0	0.85688874	0.51550139
10.739637	-34.375137	-20.992128	0	0	0	1
10.409527	-32.754955	-20.677385	0	0	0	1
27.712936	-33.793846	-21.057713	0	-0	-1	-4.371139e-08
10.310202	-32.819687	-20.688786	0	0	0	1
10.269052	-32.146847	-20.559078	0	0	0	1
11.069802	-35.674942	-21.245317	0	0	0.90407214	0.42737988
11.069802	-35.674942	-21.245317	0	0	0.80114363	0.59847213
10.614595	-34.532036	-21.020969	0	0	0.90407214	0.42737988
10.589640	-34.563351	-21.026726	0	0	0.85688874	0.51550139
28.069519	-32.251968	-20.765184	0	0	0	1
10.247342	-33.231033	-20.767162	0	0	0	1
19.897505	-22.202267	-21.486357	0	0	0	1
28.189154	-32.254429	-20.766907	0	0	0	1
10.121449	-32.942703	-20.710449	0	0	0	1
10.305032	-34.207111	-20.955305	0	0	0	1
10.095081	-33.349129	-20.788263	0	0	0.85688874	0.51550139
10.406304	-34.793396	-21.069010	0	0	0	1
10.613379	-35.374447	-21.182814	0	0	0	1
20.041121	-21.921963	-22.335129	0	0	-0.98006658	0.19866933
20.216318	-21.927469	-22.457804	0	0	-0.98006658	0.19866933
15.253822	-40.198788	-22.158213	0	0	0.97095818	0.23924928
19.880081	-21.916903	-22.222366	0	-0	-1	-4.371139e-08
20.392315	-21.933001	-22.581038	0	0	-0.98006658	0.19866933
19.770412	-21.913456	-22.145576	0	-0	-1	-4.371139e-08
20.556223	-21.938152	-22.695807	0	0	-0.98006658	0.19866933
19.526064	-21.905777	-21.974482	0	-0	-1	-4.371139e-08
20.713507	-21.943094	-22.805939	0	0	-0.98006658	0.19866933
9.937411	-33.062641	-20.731571	0	0	0	1
20.864134	-21.947828	-22.911409	0	-0	-1	-4.371139e-08
10.066674	-33.868469	-20.887751	0	0	0	1
19.273581	-21.897842	-21.797691	0	0	-0.98006658	0.19866933
10.060396	-33.866676	-20.887341	0	0	0	1
14.684219	-39.982491	-22.110704	0	0	0	1
14.519720	-39.920025	-22.096985	0	0	0.80114363	0.59847213
19.008823	-21.889523	-21.612307	0	-0	-1	-4.371139e-08
19.008451	-21.889511	-21.612045	0	0	0	1
19.780695	-21.913780	-21.588440	0	0	0	1
14.350812	-39.855885	-22.082897	0	0	0.80114363	0.59847213
14.179132	-39.790691	-22.068579	0	0	0.80114363	0.59847213
19.272308	-21.828260	-21.628035	0	0	0	1
13.999764	-39.722580	-22.053617	0	0	0	1
9.736557	-32.554485	-20.631838	0	0	0	1
13.820191	-39.654388	-22.038641	0	0	0.80114363	0.59847213
13.809660	-39.650391	-22.037762	0	0	0	1
13.707660	-39.611656	-22.029255	0	0	0.80114363	0.59847213
9.656124	-31.854826	-20.496569	0	0	0	1
10.413074	-35.669521	-21.237417	0	0	0.80114363	0.59847213
19.118570	-21.686554	-21.680077	0	0	0	1
13.415004	-39.500523	-22.004847	0	0	0.94222235	0.33498812
10.372574	-35.729179	-21.248457	0	0	0.80114363	0.59847213
13.391438	-39.491577	-22.002880	0	0	0	1
13.299932	-39.456829	-21.995249	0	0	0.94222235	0.33498812
9.527083	-32.199402	-20.561426	0	0	0	1
13.069645	-39.369381	-21.976042	0	0	0.80114363	0.59847213
9.862290	-34.681530	-21.041836	0	0	0.85688874	0.51550139
12.987787	-39.338295	-21.969213	0	0	0	1
22.033693	-21.984583	-21.519571	0	0	0	1
9.592227	-33.739140	-20.857946	0	0	0	1
12.854454	-39.287663	-21.958094	0	0	0.94222235	0.33498812
27.353775	-26.645103	-19.802784	0	0	0	1
12.643667	-39.207623	-21.940512	0	0	0	1
9.599590	-34.284779	-20.962862	0	0	0.85688874	0.51550139
20.153990	-21.420179	-21.751814	0	0	0	1
9.561483	-34.319611	-20.969154	0	0	0	1
9.298252	-32.744991	-20.663864	0	0	0	1
12.405732	-39.117268	-21.920668	0	0	0.80114363	0.59847213
19.247295	-41.715248	-22.491289	0	0	0.97095818	0.23924928
9.327541	-33.460110	-20.801571	0	0	0	1
12.282118	-39.070328	-21.910357	0	0	0	1
9.479755	-34.394310	-20.982655	0	0	0.85688874	0.51550139
9.216770	-33.120522	-20.735167	0	0	0	1
9.803098	-35.550278	-21.208136	0	0	0.90407214	0.42737988
9.148951	-32.809883	-20.674772	0	0	0	1
12.061104	-38.986401	-21.891924	0	0	0.80114363	0.59847213
11.751441	-38.868813	-21.866096	0	0	0.94222235	0.33498812
8.963516	-32.336708	-20.581921	0	0	0	1
9.956968	-36.341415	-21.361748	0	0	0	1
9.018709	-33.227264	-20.753607	0	0	0	1
11.649821	-38.830223	-21.857620	0	0	0	1
8.913757	-32.348831	-20.583731	0	0	0	1
9.389244	-35.188423	-21.134287	0	0	0	1
29.337666	-30.628843	-20.466568	0	0	0	1
9.886240	-36.445606	-21.381029	0	0	0.80114363	0.59847213
9.886240	-36.445606	-21.381029	0	0	0.90407214	0.42737988
19.606190	-20.787830	-21.981323	0	0	0	1
9.113041	-34.729481	-21.043222	0	0	0	1
11.211241	-38.663677	-21.821041	0	0	0.94222235	0.33498812
8.712984	-32.670872	-20.643511	0	0	0	1
8.776677	-33.357704	-20.776140	0	0	0	1
9.474509	-35.962582	-21.283922	0	0	0.80114363	0.59847213
9.468415	-35.970226	-21.285328	0	0	0.80114363	0.59847213
9.217686	-35.372257	-21.167816	0	0	0	1
8.778358	-33.818024	-20.864603	0	0	0	1
10.974704	-38.573856	-21.801311	0	0	0	1
9.392017	-36.066090	-21.302948	0	0	0	1
10.878954	-38.537498	-21.793325	0	0	0	1
20.352495	-20.624344	-22.023170	0	0	0	1
10.791557	-38.504311	-21.786037	0	0	0.80114363	0.59847213
8.501410	-33.091328	-20.722086	0	0	0	1
9.049453	-35.552528	-21.200697	0	0	0.85688874	0.51550139
9.028662	-35.574806	-21.204760	0	0	0	1
10.630772	-38.443256	-21.772627	0	0	0	1
10.616037	-38.437660	-21.771397	0	0	0	1
8.376958	-31.625202	-20.439089	0	0	0	1
19.597334	-20.334473	-22.162233	0	0	-0.99500417	0.099833397
19.563587	-20.335533	-22.138603	0	0	0	1
19.772671	-20.328964	-22.285006	0	-0	-1	-4.371139e-08
19.948353	-20.323442	-22.408020	0	0	-0.95533648	0.29552023
20.110991	-20.318331	-22.521900	0	0	-0.95533648	0.29552023
20.266424	-20.313446	-22.630735	0	0	-0.95533648	0.29552023
8.287529	-32.814148	-20.666595	0	0	0	1
20.414808	-20.308783	-22.734636	0	0	-0.99500417	0.099833397
8.421582	-34.050541	-20.905552	0	0	0	1
8.211919	-32.250576	-20.557524	0	0	0	1
8.885414	-35.728302	-21.232756	0	0	0.85688874	0.51550139
29.145607	-27.419661	-19.847960	0	0	0	1
8.092458	-32.268955	-20.559807	0	0	0	1
9.007160	-36.548996	-21.391712	0	0	0	1
21.584448	-20.272026	-22.120764	0	0	0	1
8.912071	-36.668312	-21.413645	0	0	0.80114363	0.59847213
8.901814	-36.681183	-21.416010	0	0	0	1
9.650854	-38.071144	-21.690897	0	0	0.90407214	0.42737988
7.805721	-32.976402	-20.692738	0	0	0	1
8.541646	-36.096668	-21.299942	0	0	0	1
9.515984	-38.019932	-21.679647	0	0	0	1
8.518572	-36.121395	-21.304451	0	0	0	1
20.492306	-19.818428	-22.299168	0	0	0	1
19.859253	-19.720148	-22.345631	0	0	0	1
8.053700	-34.932419	-21.071152	0	0	0.85688874	0.51550139
30.184027	-28.870258	-20.137518	0	0	0	1
7.641931	-32.338268	-20.568419	0	0	0	1
8.433527	-36.212524	-21.321074	0	0	0.80114363	0.59847213
8.377587	-36.272465	-21.332006	0	0	0.80114363	0.59847213
7.908710	-35.044872	-21.091244	0	0	0.85688874	0.51550139
7.561006	-33.500065	-20.790798	0	0	0	1
7.506444	-33.077187	-20.708977	0	0	0	1
8.675934	-37.130501	-21.499981	0	0	0	1
8.042875	-35.707607	-21.219980	0	0	0.80114363	0.59847213
8.606496	-37.051739	-21.484123	0	0	0	1
8.649998	-37.152565	-21.503950	0	0	0	1
7.664793	-34.543758	-20.992413	0	0	0	1
7.368531	-32.082310	-20.516384	0	0	0	1
7.391835	-33.115784	-20.715197	0	0	0	1
7.336946	-32.385189	-20.574247	0	0	0	1
7.475595	-34.058910	-20.897280	0	0	0	1
7.918352	-35.821423	-21.240547	0	0	0	1
7.395606	-34.102020	-20.904728	0	0	0	1
7.329315	-34.137745	-20.910900	0	0	0	1
8.598420	-37.671501	-21.603119	0	0	0.90407214	0.42737988
7.143895	-32.780029	-20.648096	0	0	0	1
7.164831	-33.672260	-20.819744	0	0	0	1
8.464858	-37.620781	-21.591978	0	0	0	1
20.184198	-19.043819	-22.573160	0	0	0	1
20.535450	-19.075125	-22.555414	0	0	0	1
7.674707	-36.044113	-21.280790	0	0	0.80114363	0.59847213
29.915323	-26.160273	-19.920021	0	0	0	1
7.425470	-35.419674	-21.158209	0	0	0	1
7.609987	-36.103264	-21.291479	0	0	0.80114363	0.59847213
29.810890	-25.374340	-20.193918	0	0	0	1
6.665558	-32.128819	-20.517979	0	0	0	1
7.683926	-37.015759	-21.467575	0	0	0.80114363	0.59847213
20.448801	-18.674210	-23.011028	0	0	0	1
7.811753	-37.372776	-21.537506	0	0	0	1
30.019754	-25.325609	-20.206659	0	0	0	1
30.711607	-27.038130	-19.791010	0	0	0.90407214	0.42737988
6.529152	-32.509464	-20.589689	0	0	0	1
7.041913	-35.717159	-21.211361	0	0	0	1
6.486487	-32.940197	-20.672003	0	0	0	1
7.592538	-37.289532	-21.519222	0	0	0	1
7.222752	-36.457195	-21.355438	0	0	0.85688874	0.51550139
6.338851	-32.150433	-20.518719	0	0	0	1
6.414240	-33.445000	-20.768240	0	0	0	1
7.471715	-37.243153	-21.509050	0	0	0.80114363	0.59847213
7.153608	-36.520393	-21.366858	0	0	0	1
7.151992	-36.521870	-21.367125	0	0	0	1
6.468243	-34.601810	-20.991070	0	0	0	1
30.049335	-24.498867	-20.492031	0	0	0	1
6.975801	-36.682907	-21.396227	0	0	0.85688874	0.51550139
6.692935	-35.987827	-21.259722	0	0	0.80114363	0.59847213
7.278679	-37.450001	-21.546776	0	0	0	1
7.250871	-37.479797	-21.552212	0	0	0.85688874	0.51550139
7.250871	-37.479797	-21.552212	0	0	0.80114363	0.59847213
6.071926	-33.560276	-20.786814	0	0	0	1
5.972939	-32.174641	-20.519548	0	0	0	1
6.410915	-35.360939	-21.136328	0	0	0	1
30.005688	-23.686176	-20.773987	0	0	0	1
5.978794	-34.187756	-20.906403	0	0	0	1
5.775544	-32.187702	-20.519997	0	0	0	1
6.706627	-36.928932	-21.440685	0	0	0	1
6.145393	-35.533985	-21.166803	0	0	0.80114363	0.59847213
6.354252	-36.250507	-21.306654	0	0	0	1
5.675569	-33.137764	-20.701494	0	0	0	1
5.600118	-33.156147	-20.704239	0	0	0	1
5.559745	-33.165981	-20.705706	0	0	0	1
5.484246	-31.787697	-20.440098	0	0	0	1
29.891005	-22.893482	-21.050425	0	0	0	1
5.514700	-33.747929	-20.817049	0	0	0	1
5.284822	-31.783596	-20.437227	0	0	0	1
5.811158	-35.751816	-21.205166	0	0	0.80114363	0.59847213
5.612091	-35.063225	-21.070784	0	0	0.80114363	0.59847213
5.258111	-32.221935	-20.521170	0	0	0	1
12.486871	-43.981735	-22.856157	0	0	0.94222235	0.33498812
11.945190	-43.722420	-22.800676	0	0	0.94222235	0.33498812
11.786849	-43.646618	-22.784458	0	0	0.80114363	0.59847213
11.625115	-43.569191	-22.767893	0	0	0.80114363	0.59847213
29.708012	-22.126511	-21.319311	0	0	0	1
11.461865	-43.491039	-22.751171	0	0	0	1
11.293249	-43.410316	-22.733900	0	0	0	1
11.125433	-43.329979	-22.716713	0	0	0.80114363	0.59847213
5.088548	-31.779562	-20.434402	0	0	0	1
5.633127	-35.867840	-21.225599	0	0	0.80114363	0.59847213
11.037662	-43.287964	-22.707722	0	0	0	1
15.095688	-45.230640	-23.123365	0	0	0.97095818	0.23924928
5.069097	-31.362251	-20.354019	0	0	0	1
10.703532	-43.128006	-22.673500	0	0	0.90407214	0.42737988
5.228479	-34.513870	-20.961226	0	0	0.80114363	0.59847213
10.641077	-43.098106	-22.667103	0	0	0.90407214	0.42737988
10.442435	-43.003014	-22.646757	0	0	0.80114363	0.59847213
27.434660	-19.690035	-22.206827	0	0	0	1
10.393250	-42.979465	-22.641718	0	0	0	1
10.381502	-42.973843	-22.640516	0	0	0.80114363	0.59847213
10.257681	-42.914566	-22.627832	0	0	0	1
33.355469	-32.360630	-20.841270	0	-0	-1	-4.371139e-08
10.227393	-42.900066	-22.624731	0	0	0.90407214	0.42737988
5.735068	-36.730747	-21.392460	0	0	0.80114363	0.59847213
10.062655	-42.821201	-22.607857	0	0	0	1
29.459961	-21.390709	-21.578699	0	0	0	1
6.003036	-37.572010	-21.556896	0	0	0.80114363	0.59847213
5.983509	-37.589855	-21.560122	0	0	0.85688874	0.51550139
9.840719	-42.714954	-22.585125	0	0	0	1
9.721361	-42.657818	-22.572901	0	0	0	1
27.882536	-19.729952	-22.184196	0	0	0	1
9.516834	-42.559902	-22.551952	0	0	0.80114363	0.59847213
5.891653	-37.673813	-21.575293	0	0	0	1
4.730278	-30.912603	-20.264086	0	0	0	1
5.537897	-36.883671	-21.419783	0	0	0.80114363	0.59847213
4.688755	-30.904488	-20.262094	0	0	0	1
5.841896	-37.719292	-21.583511	0	0	0.85688874	0.51550139
5.841896	-37.719292	-21.583511	0	0	0.80114363	0.59847213
9.226465	-42.420898	-22.522211	0	0	0.90407214	0.42737988
29.150576	-20.691223	-21.826733	0	0	0	1
9.138525	-42.378796	-22.513203	0	0	0	1
4.985653	-35.400837	-21.129108	0	0	0.80114363	0.59847213
5.449640	-36.952122	-21.432013	0	0	0	1
4.590303	-33.402172	-20.740961	0	0	0	1
8.724134	-42.180420	-22.470760	0	0	0.90407214	0.42737988
4.563451	-34.068272	-20.868664	0	0	0	1
4.650756	-34.764973	-21.003437	0	0	0	1
28.784039	-20.032858	-22.061670	0	0	0	1
8.520290	-42.082832	-22.449881	0	0	0	1
8.427793	-42.038551	-22.440407	0	0	0.90407214	0.42737988
5.267742	-37.093201	-21.457220	0	0	0.80114363	0.59847213
28.593781	-19.793344	-22.148260	0	0	0	1
8.340778	-41.996895	-22.431494	0	0	0	1
4.272631	-31.762791	-20.422659	0	0	0	1
4.708241	-35.550346	-21.154938	0	0	0.80114363	0.59847213
8.181952	-41.920860	-22.415226	0	0	0	1
8.150562	-41.905834	-22.412012	0	0	0.85688874	0.51550139
4.238105	-32.861931	-20.633484	0	0	0	1
4.434317	-34.859047	-21.019253	0	0	0.80114363	0.59847213
26.473875	-18.104673	-23.976492	0	0	0	1
32.144489	-23.915747	-20.652452	0	0	0	1
4.730168	-36.456318	-21.329237	0	0	0.80114363	0.59847213
29.115280	-19.839825	-22.121912	0	0	0	1
3.968606	-32.125790	-20.489229	0	0	0	1
3.986711	-31.246019	-20.320383	0	0	0	1
4.236708	-34.944935	-21.033689	0	0	0	1
3.923022	-31.239182	-20.318403	0	0	0	1
4.903159	-37.375973	-21.507742	0	0	0	1
3.856496	-32.920639	-20.640778	0	0	0	1
4.311470	-35.764183	-21.191879	0	0	0.80114363	0.59847213
7.216115	-41.458492	-22.316301	0	0	0	1
3.823458	-32.925724	-20.641409	0	0	0	1
3.870235	-33.577602	-20.767149	0	0	0	1
3.734278	-31.751722	-20.414909	0	0	0	1
4.722156	-37.516357	-21.532825	0	0	0.80114363	0.59847213
4.720487	-37.517654	-21.533056	0	0	0	1
4.388629	-36.678909	-21.368437	0	0	0	1
23.667387	-16.511385	-25.659723	0	0	0	1
6.723487	-41.222656	-22.265844	0	0	0.85688874	0.51550139
6.642835	-41.184048	-22.257584	0	0	0.85688874	0.51550139
4.294265	-36.740406	-21.379269	0	0	0.80114363	0.59847213
27.500807	-18.007599	-24.141050	0	0	0	1
3.582730	-34.398540	-20.921879	0	0	0	1
4.403900	-37.763199	-21.576929	0	0	0.80114363	0.59847213
3.777148	-36.052151	-21.241627	0	0	0	1
3.484356	-35.271935	-21.088661	0	0	0	1
30.528791	-19.965807	-22.050493	0	0	0	1
3.156365	-33.028351	-20.654161	0	0	0	1
3.187052	-33.744049	-20.791994	0	0	0	1
3.039024	-33.780117	-20.797377	0	0	0	1
3.079940	-34.567863	-20.949160	0	0	0	1
2.962747	-33.798698	-20.800152	0	0	0	1
2.868787	-31.125973	-20.285641	0	0	0	1
2.870195	-30.549124	-20.174822	0	0	0	1
2.799889	-33.083195	-20.660976	0	0	0	1
25.285345	-16.255125	-26.037556	0	0	0	1
2.803643	-30.536118	-20.171627	0	0	0	1
3.604404	-37.190006	-21.458447	0	0	0	1
5.025267	-40.409676	-22.091904	0	0	0.80114363	0.59847213
2.988030	-35.487659	-21.124926	0	0	0	1
2.616697	-33.111378	-20.664478	0	0	0	1
3.461133	-37.283379	-21.474892	0	0	0.80114363	0.59847213
3.084542	-36.425423	-21.306114	0	0	0.80114363	0.59847213
4.613035	-40.212330	-22.049681	0	0	0	1
2.354105	-31.723352	-20.395044	0	0	0	1
2.321787	-32.416199	-20.527828	0	0	0	1
2.277116	-33.163620	-20.670969	0	0	0	1
2.866105	-36.543148	-21.326450	0	0	0	1
26.234425	-16.104807	-26.259190	0	0	0	1
2.154770	-31.719254	-20.392176	0	0	0	1
2.373443	-34.805782	-20.987494	0	0	0	1
2.112394	-32.430054	-20.528303	0	0	0	1
2.178678	-30.413994	-20.141636	0	0	0	1
2.101159	-32.430798	-20.528328	0	0	0	1
2.110511	-31.044546	-20.262075	0	0	0	1
2.452914	-35.720242	-21.164024	0	0	0	1
2.033877	-32.435249	-20.528481	0	0	0	1
32.165733	-20.111704	-21.967785	0	0	0	1
2.962481	-37.608360	-21.532124	0	0	0	1
2.202365	-35.242695	-21.069654	0	0	0	1
1.887049	-33.223633	-20.678425	0	0	0	1
1.845826	-31.519152	-20.350502	0	0	0	1
32.272591	-19.936138	-22.174799	0	0	0	1
1.809480	-32.450096	-20.528990	0	0	0	1
32.293320	-19.553137	-22.615412	0	0	0	1
2.256822	-36.871513	-21.383179	0	0	0	1
1.599780	-30.300871	-20.113855	0	0	0	1
1.722188	-35.025101	-21.022831	0	0	0	1
1.453742	-31.407103	-20.324877	0	0	0	1
1.904537	-35.958588	-21.204092	0	0	0	1
34.338100	-22.280306	-21.174913	0	0	0	1
1.263554	-31.352753	-20.312449	0	0	0	1
30.853388	-17.690687	-24.678270	0	0	0	1
1.338499	-35.154312	-21.043650	0	0	0	1
1.296332	-35.168514	-21.045938	0	0	0	1
1.487779	-36.139725	-21.234543	0	0	0	1
1.459774	-36.151897	-21.236589	0	0	0	1
1.731567	-37.154594	-21.432083	0	0	0	1
33.769081	-20.254606	-21.886776	0	0	0	1
0.943877	-34.290565	-20.873571	0	0	0	1
1.581263	-37.235600	-21.446077	0	0	0	1
0.780187	-32.518192	-20.531324	0	0	0	1
1.543895	-37.255741	-21.449556	0	0	0	1
9.171281	-47.206791	-23.441181	0	0	0.90407214	0.42737988
10.481998	-47.972851	-23.602058	0	0	0.90407214	0.42737988
8.663869	-46.910233	-23.378901	0	0	0	1
0.698687	-32.523582	-20.531509	0	0	0	1
8.513728	-46.822479	-23.360472	0	0	0	1
8.361173	-46.733318	-23.341747	0	0	0	1
8.208262	-46.643948	-23.322979	0	0	0	1
8.052180	-46.552723	-23.303822	0	0	0	1
1.139727	-36.291000	-21.259974	0	0	0	1
7.897797	-46.462494	-23.284874	0	0	0.85688874	0.51550139
7.833918	-46.425159	-23.277033	0	0	0.85688874	0.51550139
34.083603	-20.282639	-21.870884	0	0	0	1
0.585826	-31.687002	-20.369593	0	0	0	1
7.467729	-46.211136	-23.232086	0	0	0	1
7.453995	-46.203110	-23.230400	0	0	0	1
7.287320	-46.105694	-23.209944	0	0	0.80114363	0.59847213
7.268559	-46.094730	-23.207640	0	0	0	1
0.515422	-31.685555	-20.368578	0	0	0	1
7.133206	-46.015621	-23.191027	0	0	0	1
28.880102	-15.685772	-26.877020	0	0	0	1
0.459557	-31.684406	-20.367775	0	0	0	1
6.955693	-45.911873	-23.169239	0	0	0	1
6.880523	-45.867939	-23.160013	0	0	0.73739371	0.67546319
6.751928	-45.792782	-23.144230	0	0	0.85688874	0.51550139
37.759247	-30.071676	-20.447472	0	0	0	1
6.638403	-45.726433	-23.130295	0	0	0	1
6.452202	-45.617603	-23.107441	0	0	0.85688874	0.51550139
0.515712	-34.602215	-20.928978	0	0	0	1
0.619972	-35.396286	-21.082638	0	0	0	1
6.210250	-45.476192	-23.077744	0	0	0	1
6.184124	-45.460922	-23.074537	0	0	0.85688874	0.51550139
6.110035	-45.417622	-23.065443	0	0	0	1
33.358032	-18.745735	-23.597113	0	0	0	1
0.221750	-30.841722	-20.203381	0	0	0	1
0.343579	-34.436817	-20.895403	0	0	0	1
5.724425	-45.192249	-23.018114	0	0	0.85688874	0.51550139
5.553584	-45.092400	-22.997145	0	0	0	1
1.332555	-38.641884	-21.713678	0	0	0	1
0.091269	-32.563770	-20.532887	0	0	0	1
5.465563	-45.040955	-22.986341	0	0	0.85688874	0.51550139
0.186349	-30.024672	-20.046024	0	0	0	1
5.380335	-44.991142	-22.975880	0	0	0	1
5.225913	-44.900890	-22.956926	0	0	0.85688874	0.51550139
5.179948	-44.874023	-22.951284	0	0	0	1
-0.004035	-30.990505	-20.229609	0	0	0	1
-0.060977	-31.673706	-20.360283	0	0	0	1
0.197011	-35.538723	-21.105587	0	0	0	1
0.140634	-35.557709	-21.108646	0	0	0	1
-0.195223	-30.494888	-20.132385	0	0	0	1
0.066326	-35.582729	-21.112679	0	0	0	1
4.288816	-44.353195	-22.841908	0	0	0.85688874	0.51550139
4.280335	-44.348240	-22.840866	0	0	0	1
-0.347122	-31.667824	-20.356163	0	0	0	1
0.225559	-36.852726	-21.358355	0	0	0	1
0.174382	-36.710579	-21.330507	0	0	0	1
-0.099605	-35.638611	-21.121681	0	0	0	1
-0.411794	-30.773689	-20.183691	0	0	0	1
-0.420690	-30.772734	-20.183414	0	0	0	1
-0.319308	-34.598320	-20.919510	0	0	0	1
38.673950	-30.011160	-20.445398	0	0	-0.99500417	0.099833397
-0.481364	-30.847504	-20.197147	0	0	0	1
-0.485707	-30.852856	-20.198130	0	0	0	1
-0.514587	-33.593113	-20.724333	0	0	0	1
-0.579189	-31.663054	-20.352823	0	0	0	1
-0.583884	-30.435110	-20.398746	0	0	0	1
-0.606957	-30.447405	-20.409311	0	0	0	1
3.480097	-43.880535	-22.742645	0	0	0	1
-0.718171	-30.967655	-20.307590	0	0	0	1
-0.748081	-30.960411	-20.328964	0	0	0	1
-0.829155	-31.022463	-20.359848	0	0	0	1
-0.712933	-34.694221	-20.933825	0	0	0	1
-0.764408	-34.706760	-20.935696	0	0	0	1
-0.043501	-37.983131	-21.572737	0	0	0	1
-0.888636	-34.068935	-20.811850	0	0	0	1
34.318497	-17.915522	-24.599598	0	0	0	1
-1.133915	-31.651651	-20.344839	0	0	0	1
-1.170072	-30.747475	-20.667185	0	0	0	1
-0.970003	-34.756851	-20.943172	0	0	0	1
36.361774	-20.485685	-21.755777	0	0	0	1
-1.117279	-33.685837	-20.735853	0	0	0	1
-1.239055	-31.241863	-20.547235	0	0	0	1
27.734421	-13.706301	-29.089405	0	0	0	1
-1.192052	-33.953716	-20.786543	0	0	0	1
-1.364919	-31.287043	-20.612123	0	0	0	1
-1.135219	-34.797104	-20.949183	0	0	0	1
-1.225897	-34.819195	-20.952478	0	0	0	1
1.815419	-42.907600	-22.538322	0	0	0	1
-0.695323	-37.446072	-21.462740	0	0	0	1
-0.625055	-37.687939	-21.509945	0	0	0	1
-1.004825	-36.380760	-21.467384	0	0	0	1
-1.529367	-30.938934	-20.831720	0	0	0	1
-1.398548	-33.729107	-20.741230	0	0	0	1
-1.120552	-35.982426	-21.177078	0	0	0	1
-1.590782	-31.398581	-20.718475	0	0	0	1
-1.595971	-33.759480	-20.745005	0	0	0	1
1.235074	-42.568413	-22.467091	0	0	0	1
-1.549220	-34.897968	-20.964237	0	0	0	1
-1.756630	-32.419029	-20.485777	0	0	0	1
-1.864381	-32.551815	-20.510164	0	0	0	1
-1.812459	-33.792786	-20.749142	0	0	0	1
-1.684883	-34.931019	-20.969172	0	0	0	1
-1.900485	-32.695545	-20.537403	0	0	0	1
-1.923345	-32.624477	-20.523510	0	0	0	1
-1.985584	-32.701172	-20.537596	0	0	0	1
-1.300707	-37.381271	-21.443968	0	0	0	1
-1.980796	-33.818684	-20.752359	0	0	0	1
-2.160041	-32.282837	-20.786798	0	0	0	1
-2.231690	-33.004452	-20.593296	0	0	0	1
-2.383491	-31.897915	-21.056017	0	0	0	1
35.176117	-17.069630	-25.614750	0	0	0	1
-1.889388	-36.997375	-22.363588	0	0	0	1
-2.541214	-31.867937	-21.166002	0	0	0	1
-2.578362	-31.497919	-21.312098	0	0	0	1
-2.139118	-35.880146	-21.146790	0	0	0	1
-2.521329	-33.054031	-20.760626	0	0	0	1
-2.316857	-35.084991	-20.992155	0	0	0	1
-1.640976	-38.108707	-21.580179	0	0	0	1
-2.499756	-33.457138	-20.677473	0	0	0	1
-1.572904	-38.413242	-21.639404	0	0	0	1
-2.575648	-33.428318	-20.671144	0	0	0	1
-2.685215	-33.563339	-20.695942	0	0	0	1
-2.761478	-33.938789	-20.767282	0	0	0	1
-2.762306	-33.938915	-20.767300	0	0	0	1
-2.861696	-33.278206	-20.902321	0	0	0	1
-2.847413	-33.952007	-20.768927	0	0	0	1
-2.993361	-32.795422	-21.145716	0	0	0	1
-2.905468	-33.834759	-20.745792	0	0	0	1
-3.022468	-33.978939	-20.772272	0	0	0	1
-3.199980	-34.103905	-20.843504	0	0	0	1
-3.289817	-33.560177	-21.080547	0	0	0	1
40.643368	-25.404125	-19.970238	0	0	0	1
-3.371258	-33.027874	-21.308479	0	0	0	1
-3.437531	-32.502148	-21.524612	0	0	0	1
39.112881	-20.730885	-21.616777	0	0	0	1
-3.363626	-34.219109	-20.909172	0	0	0	1
-2.835976	-37.550560	-23.269794	0	0	0	1
-3.339740	-34.369919	-20.844080	0	0	0	1
-2.913993	-37.057980	-21.365002	0	0	0	1
-3.538851	-33.724197	-21.184219	0	0	0	1
5.564232	-49.900463	-23.921061	0	0	0	1
5.431450	-49.807644	-23.901840	0	0	0	1
4.963335	-49.480412	-23.834078	0	0	0	1
4.823094	-49.382378	-23.813778	0	0	0.85688874	0.51550139
35.933372	-16.214863	-26.634895	0	0	0	1
4.681353	-49.283291	-23.793259	0	0	0	1
4.540296	-49.184689	-23.772840	0	0	0	1
4.398074	-49.085270	-23.752253	0	0	0	1
4.258321	-48.987576	-23.732023	0	0	0.85688874	0.51550139
4.216813	-48.958561	-23.726015	0	0	0.85688874	0.51550139
-2.661584	-38.651627	-21.673836	0	0	0	1
-3.852700	-32.176983	-21.895670	0	0	0	1
3.858304	-48.707947	-23.674118	0	0	0	1
3.828443	-48.687073	-23.669796	0	0	0.85688874	0.51550139
-3.781599	-33.280281	-21.485216	0	0	0	1
3.731607	-48.619381	-23.655779	0	0	0.85688874	0.51550139
-2.603547	-39.018063	-21.744848	0	0	0	1
3.722967	-48.613342	-23.654528	0	0	0.85688874	0.51550139
-3.852466	-32.740009	-21.709080	0	0	0	1
3.598794	-48.526539	-23.636553	0	0	0	1
3.439944	-48.415497	-23.613558	0	0	0	1
-3.845881	-33.319820	-21.512903	0	0	0	1
3.255883	-48.286831	-23.586914	0	0	0	1
3.149518	-48.212479	-23.571518	0	0	0.85688874	0.51550139
3.015433	-48.118744	-23.552109	0	0	0.73739371	0.67546319
2.982854	-48.095970	-23.547392	0	0	0	1
-3.880435	-33.949173	-21.326420	0	0	0	1
-4.034381	-32.605316	-21.869089	0	0	0	1
2.739262	-47.925690	-23.512131	0	0	0	1
2.678785	-47.883415	-23.503376	0	0	0	1
2.325472	-47.636433	-23.452232	0	0	0.85688874	0.51550139
-4.120686	-32.893764	-21.828323	0	0	0	1
-3.616836	-36.272484	-21.206738	0	0	0	1
-3.996299	-34.076134	-21.357883	0	0	0	1
2.186964	-47.539612	-23.432182	0	0	0	1
2.104454	-47.481934	-23.420238	0	0	0	1
2.022294	-47.424500	-23.408346	0	0	0.85688874	0.51550139
1.897436	-47.337219	-23.390272	0	0	0.85688874	0.51550139
1.874468	-47.321163	-23.386948	0	0	0.85688874	0.51550139
1.816329	-47.280521	-23.378531	0	0	0	1
-4.243730	-32.964302	-21.883024	0	0	0	1
-4.304014	-32.417477	-22.102345	0	0	0	1
-4.222093	-33.551235	-21.674940	0	0	0	1
-4.155024	-34.148510	-21.434610	0	0	0	1
-4.363133	-32.448978	-22.129417	0	0	0	1
1.473492	-47.040863	-23.328903	0	0	0	1
-4.205302	-34.163139	-21.461662	0	0	0	1
-2.679515	-40.280499	-21.986614	0	0	0	1
-4.369700	-32.770908	-22.026979	0	0	0	1
-4.153044	-34.715973	-21.245445	0	0	0	1
-4.097487	-35.303699	-21.015579	0	0	0	1
0.979197	-46.695332	-23.257351	0	0	0	1
-4.019903	-36.079525	-21.165455	0	0	0	1
-4.521266	-32.845757	-22.098347	0	0	0	1
-4.530998	-33.128979	-22.010735	0	0	0	1
-4.214725	-35.448174	-21.042114	0	0	0	1
-4.675047	-32.615189	-22.272255	0	0	0	1
-4.517813	-34.313942	-21.609982	0	0	0	1
-3.839449	-38.033459	-24.182426	0	0	0	1
-3.830045	-38.132938	-21.561974	0	0	0	1
-4.806870	-32.685436	-22.332623	0	0	0	1
41.709515	-23.927954	-20.459818	0	0	0	1
-4.663059	-34.380177	-21.680193	0	0	0	1
-4.745404	-33.873131	-21.900335	0	0	0	1
-4.846052	-33.006149	-22.251278	0	0	0	1
-4.871058	-33.018497	-22.263052	0	0	0	1
-0.096795	-45.943169	-23.101595	0	0	0	1
-3.741757	-39.066933	-21.742350	0	0	0	1
-4.529203	-35.835709	-21.113289	0	0	0	1
36.593689	-15.357639	-27.652840	0	0	0	1
-4.546596	-35.843002	-21.121908	0	0	0	1
-3.526706	-39.785351	-21.882629	0	0	0	1
-4.845490	-34.463364	-21.768379	0	0	0	1
-4.581486	-35.857628	-21.139198	0	0	0	1
42.259010	-25.168262	-20.019993	0	0	0	1
-4.600235	-35.923244	-21.129366	0	0	0	1
-3.701428	-39.493568	-21.824743	0	0	0	1
-5.087329	-33.447895	-22.258062	0	0	0	1
-5.031842	-34.049324	-22.023706	0	0	0	1
-4.990425	-35.367252	-21.561012	0	0	0	1
-4.886314	-35.985428	-21.290262	0	0	0	1
-5.395174	-32.998928	-22.602030	0	0	0	1
-5.465168	-33.311890	-22.542801	0	0	0	1
-4.959056	-36.365425	-21.210577	0	0	0	1
-5.311730	-34.675968	-21.993759	0	0	0	1
-1.702758	-44.820534	-22.869123	0	0	0.80114363	0.59847213
-5.223480	-36.126785	-21.457350	0	0	0	1
-4.893869	-38.439705	-25.097885	0	0	0	1
43.496010	-26.822264	-19.883057	0	0	-0.99500417	0.099833397
-5.839047	-33.878822	-22.592255	0	0	0	1
-2.422649	-44.317299	-22.764915	0	0	0.73739371	0.67546319
-4.873462	-39.089062	-21.734781	0	0	0	1
-4.865307	-39.348541	-21.784723	0	0	0.73739371	0.67546319
37.161278	-14.503964	-28.661915	0	0	0	1
42.636684	-22.381872	-20.976316	0	0	0	1
-4.850090	-39.832787	-21.877922	0	0	0	1
-5.902871	-35.909748	-21.960222	0	0	0	1
42.502285	-21.032974	-21.445524	0	0	0	1
-6.622729	-33.653061	-23.164177	0	0	0	1
-5.955792	-37.593716	-21.436167	0	0	0	1
-5.875937	-38.412323	-21.594286	0	0	0	1
-5.992555	-38.763515	-26.012554	0	0	0	1
-6.295704	-38.166988	-21.542763	0	0	0	1
-6.380687	-38.117317	-21.532333	0	0	0	1
-6.015456	-39.492264	-21.800325	0	0	0	1
-6.875125	-36.323128	-22.440130	0	0	0	1
37.641029	-13.659411	-29.655973	0	0	0	1
-6.028650	-39.912090	-21.880852	0	0	0	1
-6.032376	-40.030663	-21.903593	0	0	0	1
-7.530472	-34.331810	-23.515285	0	0	0	1
-5.609083	-42.089848	-22.303661	0	0	0.73739371	0.67546319
1.395440	-51.745754	-24.232071	0	0	0.85688874	0.51550139
0.970269	-51.394917	-24.160221	0	0	0.85688874	0.51550139
0.841260	-51.288464	-24.138420	0	0	0	1
0.711574	-51.181454	-24.116505	0	0	0	1
0.583468	-51.075745	-24.094856	0	0	0	1
0.496835	-51.004261	-24.080217	0	0	0.85688874	0.51550139
0.455973	-50.970543	-24.073311	0	0	0	1
44.729172	-23.356415	-20.598022	0	0	0	1
0.331573	-50.867893	-24.052290	0	0	0.85688874	0.51550139
0.310371	-50.850395	-24.048706	0	0	0	1
-7.598336	-35.718658	-23.099098	0	0	0	1
-0.022831	-50.575451	-23.992399	0	0	0	1
-0.090224	-50.519844	-23.981010	0	0	0	1
-0.095885	-50.515171	-23.980055	0	0	0.85688874	0.51550139
-0.128301	-50.488422	-23.974577	0	0	0.85688874	0.51550139
-0.224034	-50.409428	-23.958399	0	0	0	1
-0.363658	-50.294216	-23.934805	0	0	0.85688874	0.51550139
-0.527117	-50.159336	-23.907181	0	0	0	1
-7.435711	-37.054253	-22.553661	0	0	0	1
-0.625269	-50.078346	-23.890594	0	0	0	1
-0.771799	-49.957436	-23.865833	0	0	0	1
-0.989517	-49.777782	-23.829042	0	0	0.80114363	0.59847213
-1.036990	-49.738609	-23.821020	0	0	0.80114363	0.59847213
-1.085506	-49.698574	-23.812820	0	0	0.80114363	0.59847213
-6.076702	-41.762966	-22.235970	0	0	0	1
-1.355584	-49.475719	-23.767181	0	0	0.80114363	0.59847213
-1.463298	-49.386837	-23.748980	0	0	0.80114363	0.59847213
-1.539476	-49.323978	-23.736105	0	0	0	1
-1.617443	-49.259644	-23.722931	0	0	0.80114363	0.59847213
-1.674661	-49.212429	-23.713261	0	0	0	1
-1.756785	-49.144665	-23.699383	0	0	0	1
-7.132277	-39.043514	-21.702438	0	0	0	1
-1.824487	-49.088799	-23.687943	0	0	0.80114363	0.59847213
-7.337248	-38.484131	-22.017706	0	0	0	1
-7.887935	-36.588741	-22.994699	0	0	0	1
-7.128143	-38.999783	-26.922825	0	0	0	1
-7.175036	-39.495853	-21.788904	0	0	0	1
38.038383	-12.829129	-30.629389	0	0	0	1
-2.574008	-48.470325	-23.561283	0	0	0.80114363	0.59847213
-2.599035	-48.449673	-23.557053	0	0	0	1
33.144505	-9.911957	-33.723900	0	0	0	1
-7.230645	-40.084137	-21.901354	0	0	0	1
-7.579615	-39.594776	-21.803684	0	0	0	1
-7.278428	-40.589630	-21.997978	0	0	0	1
-3.888681	-47.385509	-23.339119	0	0	0	1
-7.695577	-39.737675	-21.829929	0	0	0	1
-8.826184	-36.278557	-23.692636	0	0	0	1
46.914616	-26.296326	-19.817707	0	0	0	1
-8.918374	-36.690987	-23.614550	0	0	0	1
38.359211	-12.017859	-31.577026	0	0	0	1
-5.413783	-46.127056	-23.081396	0	0	0.73739371	0.67546319
-8.158271	-40.307861	-21.934650	0	0	0	1
-8.181279	-40.336212	-21.939857	0	0	0	1
-8.358801	-39.561676	-27.221096	0	0	0	1
-6.242313	-45.443386	-22.941385	0	0	0.73739371	0.67546319
-8.554277	-40.795864	-22.024279	0	0	0	1
-8.604239	-41.111313	-22.084366	0	0	0	1
46.782890	-21.414494	-21.229244	0	0	0	1
38.609722	-11.229967	-32.494194	0	0	0	1
-9.940394	-38.104332	-23.794901	0	0	0	1
-9.774204	-39.418625	-23.254255	0	0	0	1
-9.671648	-40.835369	-22.720053	0	0	0	1
-8.734020	-43.387329	-22.520317	0	0	0.73739371	0.67546319
-10.432053	-38.310459	-24.038549	0	0	0	1
-8.861466	-43.282166	-22.498779	0	0	0	1
38.796402	-10.469484	-33.376602	0	0	0	1
-9.778236	-40.537792	-26.747074	0	0	0	1
-2.811377	-53.008293	-24.430714	0	0	0	1
-3.191318	-52.641140	-24.356203	0	0	0.80114363	0.59847213
-3.308144	-52.528248	-24.333292	0	0	0.80114363	0.59847213
-3.424928	-52.415394	-24.310389	0	0	0.80114363	0.59847213
-3.539395	-52.304783	-24.287941	0	0	0.80114363	0.59847213
-3.651743	-52.196217	-24.265907	0	0	0	1
-3.760520	-52.091103	-24.244576	0	0	0.80114363	0.59847213
-3.763904	-52.087830	-24.243912	0	0	0.80114363	0.59847213
-4.068811	-51.793186	-24.184114	0	0	0.80114363	0.59847213
-4.094454	-51.768410	-24.179087	0	0	0.80114363	0.59847213
-4.146599	-51.718018	-24.168859	0	0	0.80114363	0.59847213
-4.167025	-51.698280	-24.164854	0	0	0	1
-4.216064	-51.650890	-24.155237	0	0	0.80114363	0.59847213
-4.336444	-51.534565	-24.131628	0	0	0	1
-4.479009	-51.396797	-24.103670	0	0	0.80114363	0.59847213
-4.568177	-51.310631	-24.086184	0	0	0.80114363	0.59847213
-4.575862	-51.303207	-24.084675	0	0	0	1
-4.694548	-51.188515	-24.061399	0	0	0	1
-4.885777	-51.003723	-24.023897	0	0	0	1
-4.921167	-50.969524	-24.016956	0	0	0	1
-5.059841	-50.835522	-23.989761	0	0	0	1
-5.203692	-50.696510	-23.961550	0	0	0	1
-9.885902	-42.436844	-22.325663	0	0	0	1
-5.282886	-50.619984	-23.946020	0	0	0.80114363	0.59847213
-5.298734	-50.604668	-23.942911	0	0	0	1
-5.352126	-50.553074	-23.932440	0	0	0	1
-5.424954	-50.482697	-23.918158	0	0	0	1
-5.554262	-50.357742	-23.892799	0	0	0.80114363	0.59847213
-5.628815	-50.285698	-23.878178	0	0	0.80114363	0.59847213
-6.334373	-49.603893	-23.739809	0	0	0	1
38.925915	-9.740174	-34.220280	0	0	0	1
-7.075159	-48.888042	-23.594532	0	0	0.73739371	0.67546319
-10.323174	-42.975700	-22.424629	0	0	0	1
-7.781495	-48.205486	-23.456011	0	0	0.73739371	0.67546319
-11.322376	-41.374977	-26.271971	0	0	0	1
39.005077	-9.045585	-35.021503	0	0	0	1
-9.207057	-46.827915	-23.176439	0	0	0.73739371	0.67546319
-11.293234	-43.002998	-23.030993	0	0	0	1
-10.112232	-45.953209	-22.998922	0	0	0.73739371	0.67546319
-12.386189	-40.420238	-24.579617	0	0	0	1
39.040817	-8.389136	-35.776707	0	0	0	1
-11.584706	-44.530304	-22.710152	0	0	0.66627604	0.74570519
-12.608224	-41.858959	-24.244057	0	0	0	1
39.040146	-7.774213	-36.482372	0	0	0	1
-12.975731	-42.057751	-25.797661	0	0	0	1
-12.233572	-44.511330	-23.128073	0	0	0.66627604	0.74570519
-12.760957	-43.340897	-23.850222	0	0	0.66627604	0.74570519
-12.565542	-44.448845	-23.359364	0	0	0	1
39.010143	-7.204259	-37.134911	0	0	0	1
-7.071294	-53.604862	-24.500845	0	0	0	1
-7.405012	-53.228645	-24.425076	0	0	0.80114363	0.59847213
-7.509073	-53.111332	-24.401447	0	0	0	1
-7.612489	-52.994743	-24.377968	0	0	0.80114363	0.59847213
-7.713020	-52.881413	-24.355143	0	0	0.80114363	0.59847213
-12.539053	-44.798504	-23.226774	0	0	0.66627604	0.74570519
-7.810212	-52.771843	-24.333075	0	0	0	1
-7.891863	-52.679794	-24.314535	0	0	0	1
-7.903511	-52.666660	-24.311892	0	0	0.80114363	0.59847213
-8.151680	-52.386887	-24.255545	0	0	0.80114363	0.59847213
-8.166394	-52.370300	-24.252203	0	0	0	1
-8.219254	-52.310707	-24.240202	0	0	0.80114363	0.59847213
-8.265160	-52.258957	-24.229778	0	0	0	1
-8.288347	-52.232815	-24.224514	0	0	0.80114363	0.59847213
-8.366770	-52.144405	-24.206709	0	0	0.80114363	0.59847213
-8.488698	-52.006950	-24.179026	0	0	0.80114363	0.59847213
-8.568387	-51.917114	-24.160931	0	0	0	1
-8.581174	-51.902699	-24.158028	0	0	0	1
-8.675090	-51.796822	-24.136705	0	0	0.80114363	0.59847213
-8.839928	-51.610992	-24.099277	0	0	0	1
-8.864406	-51.583397	-24.093721	0	0	0.73739371	0.67546319
-9.110515	-51.305946	-24.037842	0	0	0.73739371	0.67546319
-9.164045	-51.245598	-24.025688	0	0	0.73739371	0.67546319
-9.225957	-51.175800	-24.011631	0	0	0.73739371	0.67546319
-9.292890	-51.100346	-23.996433	0	0	0	1
-9.410965	-50.967232	-23.969625	0	0	0.73739371	0.67546319
-9.489650	-50.878529	-23.951759	0	0	0.73739371	0.67546319
-9.509998	-50.855587	-23.947140	0	0	0.73739371	0.67546319
-9.524325	-50.839436	-23.943886	0	0	0	1
-10.121965	-50.165688	-23.808191	0	0	0	1
-12.980078	-44.922443	-23.465517	0	0	0.66627604	0.74570519
38.957966	-6.682908	-37.730526	0	0	0	1
-11.489534	-48.623959	-23.497686	0	0	0	1
-11.669846	-48.420685	-23.456747	0	0	0	1
38.890823	-6.214136	-38.265022	0	0	0	1
-12.980878	-46.942692	-23.159077	0	0	0	1
-14.732564	-42.599430	-25.346533	0	0	0.66627604	0.74570519
-13.274083	-46.612144	-23.092506	0	0	0.66627604	0.74570519
-13.274083	-46.612144	-23.092506	0	0	0.73739371	0.67546319
-11.277803	-53.563557	-24.448977	0	0	0.73739371	0.67546319
-11.565487	-53.185284	-24.373291	0	0	0	1
-11.656549	-53.065548	-24.349335	0	0	0	1
-11.746484	-52.947289	-24.325674	0	0	0.73739371	0.67546319
-11.833138	-52.833347	-24.302876	0	0	0	1
-11.915532	-52.725010	-24.281200	0	0	0.73739371	0.67546319
-11.970157	-52.653183	-24.266829	0	0	0	1
-11.993862	-52.622013	-24.260592	0	0	0	1
-12.144727	-52.423641	-24.220901	0	0	0	1
-12.165606	-52.396183	-24.215408	0	0	0	1
-12.213099	-52.333740	-24.202915	0	0	0.73739371	0.67546319
-12.244211	-52.292828	-24.194729	0	0	0	1
-12.269662	-52.259361	-24.188034	0	0	0.73739371	0.67546319
-12.351587	-52.151638	-24.166481	0	0	0.73739371	0.67546319
-12.353400	-52.149254	-24.166002	0	0	0	1
-12.455431	-52.015095	-24.139160	0	0	0	1
-12.525408	-51.923084	-24.120750	0	0	0	1
-12.613379	-51.807411	-24.097607	0	0	0	1
-12.752557	-51.624405	-24.060991	0	0	0	1
-12.767482	-51.604778	-24.057064	0	0	0	1
-12.977732	-51.328323	-24.001751	0	0	0	1
-13.008896	-51.287346	-23.993553	0	0	0.73739371	0.67546319
-13.063292	-51.215820	-23.979242	0	0	0.73739371	0.67546319
-13.123762	-51.136307	-23.963333	0	0	0.73739371	0.67546319
-13.229755	-50.996937	-23.935448	0	0	0	1
-13.309926	-50.891521	-23.914356	0	0	0.73739371	0.67546319
-13.617485	-50.487110	-23.833443	0	0	0.73739371	0.67546319
-13.866792	-50.159298	-23.767853	0	0	0	1
-14.236709	-49.672894	-23.670534	0	0	0.73739371	0.67546319
-14.972608	-48.705261	-23.476931	0	0	0.73739371	0.67546319
-14.972608	-48.705261	-23.476931	0	0	0.66627604	0.74570519
40.864868	-4.451140	-40.390450	0	0	0	1
-17.522488	-44.838142	-26.375122	0	0	0	1
-18.183811	-46.384853	-26.282488	0	0	0.66627604	0.74570519
-15.337732	-52.926865	-24.284243	0	0	0.73739371	0.67546319
-15.580616	-52.553131	-24.209898	0	0	0.73739371	0.67546319
-15.658754	-52.432896	-24.185980	0	0	0.73739371	0.67546319
-15.665871	-52.421947	-24.183802	0	0	0.58850112	0.8084964
-15.735414	-52.314938	-24.162516	0	0	0.73739371	0.67546319
-15.808565	-52.202377	-24.140123	0	0	0	1
-15.876837	-52.097324	-24.119226	0	0	0.73739371	0.67546319
-15.908312	-52.048893	-24.109592	0	0	0.73739371	0.67546319
-15.941021	-51.998562	-24.099581	0	0	0.73739371	0.67546319
-16.046827	-51.835754	-24.067194	0	0	0.73739371	0.67546319
-16.119257	-51.724304	-24.045023	0	0	0	1
-16.132095	-51.704548	-24.041094	0	0	0.73739371	0.67546319
-16.140465	-51.691669	-24.038532	0	0	0.73739371	0.67546319
-16.207582	-51.588394	-24.017988	0	0	0.73739371	0.67546319
-16.267166	-51.496708	-23.999750	0	0	0.73739371	0.67546319
-16.290865	-51.460243	-23.992495	0	0	0	1
-16.351133	-51.367504	-23.974047	0	0	0	1
-16.421677	-51.258957	-23.952456	0	0	0.73739371	0.67546319
-16.536469	-51.082325	-23.917318	0	0	0	1
-16.543333	-51.071762	-23.915216	0	0	0	1
-16.698824	-50.832500	-23.867622	0	0	0	1
-18.892424	-48.006844	-26.194923	0	0	0.58850112	0.8084964
-19.664215	-49.718678	-26.117689	0	0	0.58850112	0.8084964
-20.816542	-47.124729	-27.707682	0	0	0.58850112	0.8084964
-18.472055	-53.017677	-24.268955	0	0	0.58850112	0.8084964
-18.472055	-53.017677	-24.268955	0	0	0.73739371	0.67546319
-20.504999	-51.533844	-26.050005	0	0	0.58850112	0.8084964
-20.313225	-55.286575	-24.685665	0	0	0.73739371	0.67546319
-20.313225	-55.286575	-24.685665	0	0	0.58850112	0.8084964
-21.421919	-53.468884	-25.990927	0	0	0	1
-23.439472	-49.135605	-28.705780	0	0	0.58850112	0.8084964
-24.084440	-50.673473	-28.605694	0	0	0.58850112	0.8084964
-22.423801	-55.544136	-25.939320	0	0	0.50484609	0.86320938
-24.792679	-52.323917	-28.508471	0	0	0	1
-22.245842	-57.668167	-25.123072	0	0	0.50484609	0.86320938
-22.245842	-57.668167	-25.123072	0	0	0.73739371	0.67546319
-23.521620	-57.784828	-25.893789	0	0	0.50484609	0.86320938
-25.572048	-54.103683	-28.413549	0	0	0.50484609	0.86320938
-26.432077	-56.033283	-28.320181	0	0	0.50484609	0.86320938
-24.297194	-60.196075	-25.587351	0	0	0.58850112	0.8084964
-24.297194	-60.196075	-25.587351	0	0	0.73739371	0.67546319
-24.297194	-60.196075	-25.587351	0	0	0.50484609	0.86320938
-24.729113	-60.222485	-25.852612	0	0	0	1
-27.384420	-58.138062	-28.227367	0	0	0	1
-26.499914	-62.910515	-26.085888	0	0	0	1
-28.443491	-60.449619	-28.133789	0	0	0.50484609	0.86320938
53.071751	4.198239	-50.948483	0	0	0	1
-29.627323	-63.007832	-28.037683	0	0	0.41614682	0.90929743
-28.894129	-65.860939	-26.627768	0	0	0	1
-30.958759	-65.863663	-27.936661	0	0	0.41614682	0.90929743
-31.530457	-69.109726	-27.224445	0	0	0.66627604	0.74570519
-31.530457	-69.109726	-27.224445	0	0	0.73739371	0.67546319
-31.530457	-69.109726	-27.224445	0	0	0.41614682	0.90929743
-32.467148	-69.083260	-27.827442	0	0	0.41614682	0.90929743
-34.474396	-72.737579	-27.890741	0	0	0	1
-37.812962	-76.851738	-28.646355	0	0	0.73739371	0.67546319
-37.812962	-76.851738	-28.646355	0	0	0.32328956	0.94630009
-41.665012	-81.598679	-29.518185	0	0	0	1
-46.198029	-87.184769	-30.544134	0	0	0	1
75.887672	20.316317	-70.626869	0	0	-0.95533648	0.29552023
78.843971	21.822628	-72.948967	0	0	-0.95533648	0.29552023
-51.656559	-93.911392	-31.779556	0	0	0	1
84.521286	17.807669	-74.931297	0	0	-0.95533648	0.29552023
90.069527	13.263627	-76.990700	0	0	-0.98006658	0.19866933
95.432037	8.184245	-79.119057	0	0	-0.98006658	0.19866933
-58.413185	-102.237671	-33.308773	0	0	0	1
100.550156	2.569944	-81.307968	0	0	-0.99500417	0.099833397
105.363991	-3.571916	-83.548782	0	0	-0.99500417	0.099833397
109.813332	-10.226775	-85.832672	0	0	-0.99500417	0.099833397
113.838524	-17.372826	-88.150627	0	-0	-1	-4.371139e-08
-67.065842	-112.900467	-35.267117	0	0	0	1
117.381332	-24.981003	-90.493477	0	-0	-1	-4.371139e-08
120.385895	-33.015118	-92.851990	0	0	0.99913515	0.041580682
122.799568	-41.432098	-95.216873	0	0	0	1
124.573776	-50.182350	-97.578766	0	0	0	1
125.664848	-59.210175	-99.928360	0	0	0.98999249	0.14112005
-78.639717	-127.163101	-37.886616	0	0	0	1
126.034721	-68.454384	-102.256386	0	0	0	1
125.651680	-77.848869	-104.553642	0	0	0	1
124.490913	-87.323395	-106.811073	0	0	0	1
122.535049	-96.804367	-109.019775	0	0	0	1
119.774559	-106.215698	-111.171021	0	0	0	1
116.208076	-115.479713	-113.256325	0	0	0	1
111.842590	-124.518112	-115.267456	0	0	0	1
-95.053230	-147.389694	-41.601463	0	0	0	1
106.693542	-133.252914	-117.196480	0	0	0	1
100.784767	-141.607452	-119.035782	0	0	0.90407214	0.42737988
-126.281067	-99.615227	-77.232353	0	0	0	1
-124.181595	-103.644516	-79.360313	0	0	0.58850112	0.8084964
94.148354	-149.507355	-120.778099	0	0	0	1
-122.202957	-111.286415	-81.843117	0	0	0.58850112	0.8084964
86.824409	-156.881439	-122.416565	0	0	0.85688874	0.51550139
-119.719604	-118.675339	-84.382149	0	0	0.66627604	0.74570519
78.860634	-163.662643	-123.944702	0	0	0.85688874	0.51550139
-116.762901	-125.777367	-86.967384	0	0	0.66627604	0.74570519
135.708420	62.352592	-121.964882	0	0	0	1
-113.366470	-132.562485	-89.588608	0	0	0.66627604	0.74570519
70.311859	-169.788971	-125.356491	0	0	0	1
-131.947372	-113.957970	-76.077583	0	0	0.58850112	0.8084964
-109.565796	-139.004669	-92.235497	0	0	0.66627604	0.74570519
61.239494	-175.204132	-126.646347	0	0	0.80114363	0.59847213
-105.397652	-145.082031	-94.897583	0	0	0.66627604	0.74570519
51.710781	-179.858429	-127.809189	0	0	0.80114363	0.59847213
-100.899658	-150.776810	-97.564369	0	0	0.66627604	0.74570519
-96.109787	-156.075363	-100.225334	0	0	0.73739371	0.67546319
41.798073	-183.709305	-128.840424	0	0	0	1
-91.065910	-160.968079	-102.869980	0	0	0.73739371	0.67546319
31.578014	-186.721924	-129.735992	0	0	0.73739371	0.67546319
-85.805321	-165.449234	-105.487862	0	0	0.73739371	0.67546319
-80.364319	-169.516785	-108.068649	0	0	0.73739371	0.67546319
21.130606	-188.869614	-130.492325	0	0	0.73739371	0.67546319
-74.777863	-173.172180	-110.602158	0	0	0.73739371	0.67546319
-69.079170	-176.420029	-113.078384	0	0	0.73739371	0.67546319
10.538305	-190.134201	-131.106491	0	0	0	1
-63.299416	-179.267776	-115.487564	0	0	0.73739371	0.67546319
-57.467495	-181.725403	-117.820190	0	0	0.73739371	0.67546319
-0.114985	-190.506256	-131.576035	0	0	0.66627604	0.74570519
-51.609818	-183.805023	-120.067047	0	0	0.73739371	0.67546319
-6.182501	-190.175751	-131.831696	0	0	0.66627604	0.74570519
-45.750111	-185.520493	-122.219276	0	0	0.73739371	0.67546319
-11.596395	-189.594269	-131.930862	0	0	0	1
-39.909348	-186.886993	-124.268379	0	0	0.73739371	0.67546319
-17.057384	-189.191544	-131.278564	0	0	0.66627604	0.74570519
-34.105698	-187.920654	-126.206268	0	0	0.73739371	0.67546319
-22.668425	-189.056259	-129.718292	0	0	0.66627604	0.74570519
-28.354521	-188.638138	-128.025299	0	0	0.66627604	0.74570519
-140.289185	-135.305923	-74.300438	0	0	0	1
-120.363953	-178.580444	-47.330006	0	0	0.73739371	0.67546319
-120.363953	-178.580444	-47.330006	0	0	0.1288445	0.99166481
-153.173981	-169.424835	-71.176376	0	0	0	1
-164.905960	-233.470169	-57.411133	0	0	0	1
-174.469727	-230.841812	-64.348717	0	0	0.73739371	0.67546319
-265.086639	-356.924194	-80.084885	0	0	0.73739371	0.67546319
-265.086639	-356.924194	-80.084885	0	0	0.029199523	0.9995736
