15.525297	232.664536	80.736694	-0.741593	15.525297	232.664536	80.736694
15.525297	232.664536	80.736694	-0.741593	15.525297	232.664536	80.736694
15.525297	232.664536	80.736694	-0.741593	-67.483681	210.422348	80.736694
-67.483681	210.422348	80.736694	-0.341593	-120.834061	96.305176	80.736694
-120.834061	96.305176	80.736694	0.058407	121.057266	49.877811	69.712715
121.057266	49.877811	69.712715	3.058407	114.077484	175.765396	70.780632
114.077484	175.765396	70.780632	-1.341593	93.755867	-128.519989	19.942841
15.525297	232.664536	80.736694	-0.741593	15.525297	232.664536	80.736694
15.525297	232.664536	80.736694	-0.741593	15.525297	232.664536	80.736694
15.525297	232.664536	80.736694	-0.741593	-67.483681	210.422348	80.736694
-67.483681	210.422348	80.736694	-0.341593	-120.834061	96.305176	80.736694
-120.834061	96.305176	80.736694	0.058407	121.057266	49.877811	69.712715
121.057266	49.877811	69.712715	3.058407	114.077484	175.765396	70.780632
114.077484	175.765396	70.780632	-1.341593	93.755867	-128.519989	19.942841
15.525297	232.664536	80.736694	-0.741593	15.525297	232.664536	80.736694
15.525297	232.664536	80.736694	-0.741593	15.525297	232.664536	80.736694
15.525297	232.664536	80.736694	-0.741593	-67.483681	210.422348	80.736694
-67.483681	210.422348	80.736694	-0.341593	-120.834061	96.305176	80.736694
-120.834061	96.305176	80.736694	0.058407	121.057266	49.877811	69.712715
121.057266	49.877811	69.712715	3.058407	114.077484	175.765396	70.780632
114.077484	175.765396	70.780632	-1.341593	93.755867	-128.519989	19.942841
15.525297	232.664536	80.736694	-0.741593	15.525297	232.664536	80.736694
15.525297	232.664536	80.736694	-0.741593	15.525297	232.664536	80.736694
15.525297	232.664536	80.736694	-0.741593	-67.483681	210.422348	80.736694
-67.483681	210.422348	80.736694	-0.341593	-120.834061	96.305176	80.736694
-120.834061	96.305176	80.736694	0.058407	121.057266	49.877811	69.712715
121.057266	49.877811	69.712715	3.058407	114.077484	175.765396	70.780632
114.077484	175.765396	70.780632	-1.341593	93.755867	-128.519989	19.942841
15.525297	232.664536	80.736694	-0.741593	15.525297	232.664536	80.736694
15.525297	232.664536	80.736694	-0.741593	15.525297	232.664536	80.736694
15.525297	232.664536	80.736694	-0.741593	-67.483681	210.422348	80.736694
-67.483681	210.422348	80.736694	-0.341593	-120.834061	96.305176	80.736694
-120.834061	96.305176	80.736694	0.058407	121.057266	49.877811	69.712715
121.057266	49.877811	69.712715	3.058407	114.077484	175.765396	70.780632
114.077484	175.765396	70.780632	-1.341593	93.755867	-128.519989	19.942841
15.525297	232.664536	80.736694	-0.741593	15.525297	232.664536	80.736694
15.525297	232.664536	80.736694	-0.741593	15.525297	232.664536	80.736694
15.525297	232.664536	80.736694	-0.741593	-67.483681	210.422348	80.736694
-67.483681	210.422348	80.736694	-0.341593	-120.834061	96.305176	80.736694
-120.834061	96.305176	80.736694	0.058407	121.057266	49.877811	69.712715
121.057266	49.877811	69.712715	3.058407	114.077484	175.765396	70.780632
114.077484	175.765396	70.780632	-1.341593	93.755867	-128.519989	19.942841
15.525297	232.664536	80.736694	-0.741593	15.525297	232.664536	80.736694
15.525297	232.664536	80.736694	-0.741593	15.525297	232.664536	80.736694
15.525297	232.664536	80.736694	-0.741593	-67.483681	210.422348	80.736694
-67.483681	210.422348	80.736694	-0.341593	-120.834061	96.305176	80.736694
-120.834061	96.305176	80.736694	0.058407	121.057266	49.877811	69.712715
121.057266	49.877811	69.712715	3.058407	114.077484	175.765396	70.780632
114.077484	175.765396	70.780632	-1.341593	93.755867	-128.519989	19.942841
15.525297	232.664536	80.736694	-0.741593	15.525297	232.664536	80.736694
15.525297	232.664536	80.736694	-0.741593	15.525297	232.664536	80.736694
15.525297	232.664536	80.736694	-0.741593	-67.483681	210.422348	80.736694
-67.483681	210.422348	80.736694	-0.341593	-120.834061	96.305176	80.736694
-120.834061	96.305176	80.736694	0.058407	121.057266	49.877811	69.712715
121.057266	49.877811	69.712715	3.058407	114.077484	175.765396	70.780632
114.077484	175.765396	70.780632	-1.341593	93.755867	-128.519989	19.942841
15.525297	232.664536	80.736694	-0.741593	15.525297	232.664536	80.736694
15.525297	232.664536	80.736694	-0.741593	15.525297	232.664536	80.736694
15.525297	232.664536	80.736694	-0.741593	-67.483681	210.422348	80.736694
-67.483681	210.422348	80.736694	-0.341593	-120.834061	96.305176	80.736694
-120.834061	96.305176	80.736694	0.058407	121.057266	49.877811	69.712715
121.057266	49.877811	69.712715	3.058407	114.077484	175.765396	70.780632
114.077484	175.765396	70.780632	-1.341593	93.755867	-128.519989	19.942841
15.525297	232.664536	80.736694	-0.741593	15.525297	232.664536	80.736694
15.525297	232.664536	80.736694	-0.741593	15.525297	232.664536	80.736694
15.525297	232.664536	80.736694	-0.741593	-67.483681	210.422348	80.736694
-67.483681	210.422348	80.736694	-0.341593	-120.834061	96.305176	80.736694
-120.834061	96.305176	80.736694	0.058407	121.057266	49.877811	69.712715
121.057266	49.877811	69.712715	3.058407	114.077484	175.765396	70.780632
114.077484	175.765396	70.780632	-1.341593	93.755867	-128.519989	19.942841
15.525297	232.664536	80.736694	-0.741593	15.525297	232.664536	80.736694
15.525297	232.664536	80.736694	-0.741593	15.525297	232.664536	80.736694
15.525297	232.664536	80.736694	-0.741593	-67.483681	210.422348	80.736694
-67.483681	210.422348	80.736694	-0.341593	-120.834061	96.305176	80.736694
-120.834061	96.305176	80.736694	0.058407	121.057266	49.877811	69.712715
121.057266	49.877811	69.712715	3.058407	114.077484	175.765396	70.780632
114.077484	175.765396	70.780632	-1.341593	93.755867	-128.519989	19.942841
15.525297	232.664536	80.736694	-0.741593	15.525297	232.664536	80.736694
15.525297	232.664536	80.736694	-0.741593	15.525297	232.664536	80.736694
15.525297	232.664536	80.736694	-0.741593	-67.483681	210.422348	80.736694
-67.483681	210.422348	80.736694	-0.341593	-120.834061	96.305176	80.736694
-120.834061	96.305176	80.736694	0.058407	121.057266	49.877811	69.712715
121.057266	49.877811	69.712715	3.058407	114.077484	175.765396	70.780632
114.077484	175.765396	70.780632	-1.341593	93.755867	-128.519989	19.942841
15.525297	232.664536	80.736694	-0.741593	15.525297	232.664536	80.736694
15.525297	232.664536	80.736694	-0.741593	15.525297	232.664536	80.736694
15.525297	232.664536	80.736694	-0.741593	-67.483681	210.422348	80.736694
-67.483681	210.422348	80.736694	-0.341593	-120.834061	96.305176	80.736694
-120.834061	96.305176	80.736694	0.058407	121.057266	49.877811	69.712715
121.057266	49.877811	69.712715	3.058407	114.077484	175.765396	70.780632
114.077484	175.765396	70.780632	-1.341593	93.755867	-128.519989	19.942841
15.525297	232.664536	80.736694	-0.741593	15.525297	232.664536	80.736694
15.525297	232.664536	80.736694	-0.741593	15.525297	232.664536	80.736694
15.525297	232.664536	80.736694	-0.741593	-67.483681	210.422348	80.736694
-67.483681	210.422348	80.736694	-0.341593	-120.834061	96.305176	80.736694
-120.834061	96.305176	80.736694	0.058407	121.057266	49.877811	69.712715
121.057266	49.877811	69.712715	3.058407	114.077484	175.765396	70.780632
114.077484	175.765396	70.780632	-1.341593	93.755867	-128.519989	19.942841
15.525297	232.664536	80.736694	-0.741593	15.525297	232.664536	80.736694
15.525297	232.664536	80.736694	-0.741593	15.525297	232.664536	80.736694
15.525297	232.664536	80.736694	-0.741593	-67.483681	210.422348	80.736694
-67.483681	210.422348	80.736694	-0.341593	-120.834061	96.305176	80.736694
-120.834061	96.305176	80.736694	0.058407	121.057266	49.877811	69.712715
121.057266	49.877811	69.712715	3.058407	114.077484	175.765396	70.780632
114.077484	175.765396	70.780632	-1.341593	93.755867	-128.519989	19.942841
15.525297	232.664536	80.736694	-0.741593	15.525297	232.664536	80.736694
15.525297	232.664536	80.736694	-0.741593	15.525297	232.664536	80.736694
15.525297	232.664536	80.736694	-0.741593	-67.483681	210.422348	80.736694
-67.483681	210.422348	80.736694	-0.341593	-120.834061	96.305176	80.736694
-120.834061	96.305176	80.736694	0.058407	121.057266	49.877811	69.712715
121.057266	49.877811	69.712715	3.058407	114.077484	175.765396	70.780632
114.077484	175.765396	70.780632	-1.341593	93.755867	-128.519989	19.942841
15.525297	232.664536	80.736694	-0.741593	15.525297	232.664536	80.736694
15.525297	232.664536	80.736694	-0.741593	15.525297	232.664536	80.736694
15.525297	232.664536	80.736694	-0.741593	-67.483681	210.422348	80.736694
-67.483681	210.422348	80.736694	-0.341593	-120.834061	96.305176	80.736694
-120.834061	96.305176	80.736694	0.058407	121.057266	49.877811	69.712715
121.057266	49.877811	69.712715	3.058407	114.077484	175.765396	70.780632
114.077484	175.765396	70.780632	-1.341593	93.755867	-128.519989	19.942841
15.525297	232.664536	80.736694	-0.741593	15.525297	232.664536	80.736694
15.525297	232.664536	80.736694	-0.741593	15.525297	232.664536	80.736694
15.525297	232.664536	80.736694	-0.741593	-67.483681	210.422348	80.736694
-67.483681	210.422348	80.736694	-0.341593	-120.834061	96.305176	80.736694
-120.834061	96.305176	80.736694	0.058407	121.057266	49.877811	69.712715
121.057266	49.877811	69.712715	3.058407	114.077484	175.765396	70.780632
114.077484	175.765396	70.780632	-1.341593	93.755867	-128.519989	19.942841
15.525297	232.664536	80.736694	-0.741593	15.525297	232.664536	80.736694
15.525297	232.664536	80.736694	-0.741593	15.525297	232.664536	80.736694
15.525297	232.664536	80.736694	-0.741593	-67.483681	210.422348	80.736694
-67.483681	210.422348	80.736694	-0.341593	-120.834061	96.305176	80.736694
-120.834061	96.305176	80.736694	0.058407	121.057266	49.877811	69.712715
121.057266	49.877811	69.712715	3.058407	114.077484	175.765396	70.780632
114.077484	175.765396	70.780632	-1.341593	93.755867	-128.519989	19.942841
15.525297	232.664536	80.736694	-0.741593	15.525297	232.664536	80.736694
15.525297	232.664536	80.736694	-0.741593	15.525297	232.664536	80.736694
15.525297	232.664536	80.736694	-0.741593	-67.483681	210.422348	80.736694
-67.483681	210.422348	80.736694	-0.341593	-120.834061	96.305176	80.736694
-120.834061	96.305176	80.736694	0.058407	121.057266	49.877811	69.712715
121.057266	49.877811	69.712715	3.058407	114.077484	175.765396	70.780632
114.077484	175.765396	70.780632	-1.341593	93.755867	-128.519989	19.942841
