-78.403244	-125.770981	-10.898384	1.858407	-8.928537	-230.777451	-7.383562
-8.928537	-230.777451	-7.383562	2.458407	103.473297	-230.777451	2.450324
103.473297	-230.777451	2.450324	2.858407	103.473297	-230.777451	2.450324
103.473297	-230.777451	2.450324	2.858407	103.473297	-230.777451	2.450324
103.473297	-230.777451	2.450324	2.858407	161.787018	-172.463730	2.450324
161.787018	-172.463730	2.450324	3.058407	152.786209	-46.739140	2.450324
152.786209	-46.739140	2.450324	3.058407	84.064835	-47.864292	17.489391
-78.403244	-125.770981	-10.898384	1.858407	-8.928537	-230.777451	-7.383562
-8.928537	-230.777451	-7.383562	2.458407	103.473297	-230.777451	2.450324
103.473297	-230.777451	2.450324	2.858407	103.473297	-230.777451	2.450324
103.473297	-230.777451	2.450324	2.858407	103.473297	-230.777451	2.450324
103.473297	-230.777451	2.450324	2.858407	161.787018	-172.463730	2.450324
161.787018	-172.463730	2.450324	3.058407	152.786209	-46.739140	2.450324
152.786209	-46.739140	2.450324	3.058407	84.064835	-47.864292	17.489391
-78.403244	-125.770981	-10.898384	1.858407	-8.928537	-230.777451	-7.383562
-8.928537	-230.777451	-7.383562	2.458407	103.473297	-230.777451	2.450324
103.473297	-230.777451	2.450324	2.858407	103.473297	-230.777451	2.450324
103.473297	-230.777451	2.450324	2.858407	103.473297	-230.777451	2.450324
103.473297	-230.777451	2.450324	2.858407	161.787018	-172.463730	2.450324
161.787018	-172.463730	2.450324	3.058407	152.786209	-46.739140	2.450324
152.786209	-46.739140	2.450324	3.058407	84.064835	-47.864292	17.489391
-78.403244	-125.770981	-10.898384	1.858407	-8.928537	-230.777451	-7.383562
-8.928537	-230.777451	-7.383562	2.458407	103.473297	-230.777451	2.450324
103.473297	-230.777451	2.450324	2.858407	103.473297	-230.777451	2.450324
103.473297	-230.777451	2.450324	2.858407	103.473297	-230.777451	2.450324
103.473297	-230.777451	2.450324	2.858407	161.787018	-172.463730	2.450324
161.787018	-172.463730	2.450324	3.058407	152.786209	-46.739140	2.450324
152.786209	-46.739140	2.450324	3.058407	84.064835	-47.864292	17.489391
-78.403244	-125.770981	-10.898384	1.858407	-8.928537	-230.777451	-7.383562
-8.928537	-230.777451	-7.383562	2.458407	103.473297	-230.777451	2.450324
103.473297	-230.777451	2.450324	2.858407	103.473297	-230.777451	2.450324
103.473297	-230.777451	2.450324	2.858407	103.473297	-230.777451	2.450324
103.473297	-230.777451	2.450324	2.858407	161.787018	-172.463730	2.450324
161.787018	-172.463730	2.450324	3.058407	152.786209	-46.739140	2.450324
152.786209	-46.739140	2.450324	3.058407	84.064835	-47.864292	17.489391
-78.403244	-125.770981	-10.898384	1.858407	-8.928537	-230.777451	-7.383562
-8.928537	-230.777451	-7.383562	2.458407	103.473297	-230.777451	2.450324
103.473297	-230.777451	2.450324	2.858407	103.473297	-230.777451	2.450324
103.473297	-230.777451	2.450324	2.858407	103.473297	-230.777451	2.450324
103.473297	-230.777451	2.450324	2.858407	161.787018	-172.463730	2.450324
161.787018	-172.463730	2.450324	3.058407	152.786209	-46.739140	2.450324
152.786209	-46.739140	2.450324	3.058407	84.064835	-47.864292	17.489391
-78.403244	-125.770981	-10.898384	1.858407	-8.928537	-230.777451	-7.383562
-8.928537	-230.777451	-7.383562	2.458407	103.473297	-230.777451	2.450324
103.473297	-230.777451	2.450324	2.858407	103.473297	-230.777451	2.450324
103.473297	-230.777451	2.450324	2.858407	103.473297	-230.777451	2.450324
103.473297	-230.777451	2.450324	2.858407	161.787018	-172.463730	2.450324
161.787018	-172.463730	2.450324	3.058407	152.786209	-46.739140	2.450324
152.786209	-46.739140	2.450324	3.058407	84.064835	-47.864292	17.489391
-78.403244	-125.770981	-10.898384	1.858407	-8.928537	-230.777451	-7.383562
-8.928537	-230.777451	-7.383562	2.458407	103.473297	-230.777451	2.450324
103.473297	-230.777451	2.450324	2.858407	103.473297	-230.777451	2.450324
103.473297	-230.777451	2.450324	2.858407	103.473297	-230.777451	2.450324
103.473297	-230.777451	2.450324	2.858407	161.787018	-172.463730	2.450324
161.787018	-172.463730	2.450324	3.058407	152.786209	-46.739140	2.450324
152.786209	-46.739140	2.450324	3.058407	84.064835	-47.864292	17.489391
-78.403244	-125.770981	-10.898384	1.858407	-8.928537	-230.777451	-7.383562
-8.928537	-230.777451	-7.383562	2.458407	103.473297	-230.777451	2.450324
103.473297	-230.777451	2.450324	2.858407	103.473297	-230.777451	2.450324
103.473297	-230.777451	2.450324	2.858407	103.473297	-230.777451	2.450324
103.473297	-230.777451	2.450324	2.858407	161.787018	-172.463730	2.450324
161.787018	-172.463730	2.450324	3.058407	152.786209	-46.739140	2.450324
152.786209	-46.739140	2.450324	3.058407	84.064835	-47.864292	17.489391
-78.403244	-125.770981	-10.898384	1.858407	-8.928537	-230.777451	-7.383562
-8.928537	-230.777451	-7.383562	2.458407	103.473297	-230.777451	2.450324
103.473297	-230.777451	2.450324	2.858407	103.473297	-230.777451	2.450324
103.473297	-230.777451	2.450324	2.858407	103.473297	-230.777451	2.450324
103.473297	-230.777451	2.450324	2.858407	161.787018	-172.463730	2.450324
161.787018	-172.463730	2.450324	3.058407	152.786209	-46.739140	2.450324
152.786209	-46.739140	2.450324	3.058407	84.064835	-47.864292	17.489391
-78.403244	-125.770981	-10.898384	1.858407	-8.928537	-230.777451	-7.383562
-8.928537	-230.777451	-7.383562	2.458407	103.473297	-230.777451	2.450324
103.473297	-230.777451	2.450324	2.858407	103.473297	-230.777451	2.450324
103.473297	-230.777451	2.450324	2.858407	103.473297	-230.777451	2.450324
103.473297	-230.777451	2.450324	2.858407	161.787018	-172.463730	2.450324
161.787018	-172.463730	2.450324	3.058407	152.786209	-46.739140	2.450324
152.786209	-46.739140	2.450324	3.058407	84.064835	-47.864292	17.489391
-78.403244	-125.770981	-10.898384	1.858407	-8.928537	-230.777451	-7.383562
-8.928537	-230.777451	-7.383562	2.458407	103.473297	-230.777451	2.450324
103.473297	-230.777451	2.450324	2.858407	103.473297	-230.777451	2.450324
103.473297	-230.777451	2.450324	2.858407	103.473297	-230.777451	2.450324
103.473297	-230.777451	2.450324	2.858407	161.787018	-172.463730	2.450324
161.787018	-172.463730	2.450324	3.058407	152.786209	-46.739140	2.450324
152.786209	-46.739140	2.450324	3.058407	84.064835	-47.864292	17.489391
-78.403244	-125.770981	-10.898384	1.858407	-8.928537	-230.777451	-7.383562
-8.928537	-230.777451	-7.383562	2.458407	103.473297	-230.777451	2.450324
103.473297	-230.777451	2.450324	2.858407	103.473297	-230.777451	2.450324
103.473297	-230.777451	2.450324	2.858407	103.473297	-230.777451	2.450324
103.473297	-230.777451	2.450324	2.858407	161.787018	-172.463730	2.450324
161.787018	-172.463730	2.450324	3.058407	152.786209	-46.739140	2.450324
152.786209	-46.739140	2.450324	3.058407	84.064835	-47.864292	17.489391
-78.403244	-125.770981	-10.898384	1.858407	-8.928537	-230.777451	-7.383562
-8.928537	-230.777451	-7.383562	2.458407	103.473297	-230.777451	2.450324
103.473297	-230.777451	2.450324	2.858407	103.473297	-230.777451	2.450324
103.473297	-230.777451	2.450324	2.858407	103.473297	-230.777451	2.450324
103.473297	-230.777451	2.450324	2.858407	161.787018	-172.463730	2.450324
161.787018	-172.463730	2.450324	3.058407	152.786209	-46.739140	2.450324
152.786209	-46.739140	2.450324	3.058407	84.064835	-47.864292	17.489391
-78.403244	-125.770981	-10.898384	1.858407	-8.928537	-230.777451	-7.383562
-8.928537	-230.777451	-7.383562	2.458407	103.473297	-230.777451	2.450324
103.473297	-230.777451	2.450324	2.858407	103.473297	-230.777451	2.450324
103.473297	-230.777451	2.450324	2.858407	103.473297	-230.777451	2.450324
103.473297	-230.777451	2.450324	2.858407	161.787018	-172.463730	2.450324
161.787018	-172.463730	2.450324	3.058407	152.786209	-46.739140	2.450324
152.786209	-46.739140	2.450324	3.058407	84.064835	-47.864292	17.489391
-78.403244	-125.770981	-10.898384	1.858407	-8.928537	-230.777451	-7.383562
-8.928537	-230.777451	-7.383562	2.458407	103.473297	-230.777451	2.450324
103.473297	-230.777451	2.450324	2.858407	103.473297	-230.777451	2.450324
103.473297	-230.777451	2.450324	2.858407	103.473297	-230.777451	2.450324
103.473297	-230.777451	2.450324	2.858407	161.787018	-172.463730	2.450324
161.787018	-172.463730	2.450324	3.058407	152.786209	-46.739140	2.450324
152.786209	-46.739140	2.450324	3.058407	84.064835	-47.864292	17.489391
-78.403244	-125.770981	-10.898384	1.858407	-8.928537	-230.777451	-7.383562
-8.928537	-230.777451	-7.383562	2.458407	103.473297	-230.777451	2.450324
103.473297	-230.777451	2.450324	2.858407	103.473297	-230.777451	2.450324
103.473297	-230.777451	2.450324	2.858407	103.473297	-230.777451	2.450324
103.473297	-230.777451	2.450324	2.858407	161.787018	-172.463730	2.450324
161.787018	-172.463730	2.450324	3.058407	152.786209	-46.739140	2.450324
152.786209	-46.739140	2.450324	3.058407	84.064835	-47.864292	17.489391
-78.403244	-125.770981	-10.898384	1.858407	-8.928537	-230.777451	-7.383562
-8.928537	-230.777451	-7.383562	2.458407	103.473297	-230.777451	2.450324
103.473297	-230.777451	2.450324	2.858407	103.473297	-230.777451	2.450324
103.473297	-230.777451	2.450324	2.858407	103.473297	-230.777451	2.450324
103.473297	-230.777451	2.450324	2.858407	161.787018	-172.463730	2.450324
161.787018	-172.463730	2.450324	3.058407	152.786209	-46.739140	2.450324
152.786209	-46.739140	2.450324	3.058407	84.064835	-47.864292	17.489391
-78.403244	-125.770981	-10.898384	1.858407	-8.928537	-230.777451	-7.383562
-8.928537	-230.777451	-7.383562	2.458407	103.473297	-230.777451	2.450324
103.473297	-230.777451	2.450324	2.858407	103.473297	-230.777451	2.450324
103.473297	-230.777451	2.450324	2.858407	103.473297	-230.777451	2.450324
103.473297	-230.777451	2.450324	2.858407	161.787018	-172.463730	2.450324
161.787018	-172.463730	2.450324	3.058407	152.786209	-46.739140	2.450324
152.786209	-46.739140	2.450324	3.058407	84.064835	-47.864292	17.489391
-78.403244	-125.770981	-10.898384	1.858407	-8.928537	-230.777451	-7.383562
-8.928537	-230.777451	-7.383562	2.458407	103.473297	-230.777451	2.450324
103.473297	-230.777451	2.450324	2.858407	103.473297	-230.777451	2.450324
103.473297	-230.777451	2.450324	2.858407	103.473297	-230.777451	2.450324
103.473297	-230.777451	2.450324	2.858407	161.787018	-172.463730	2.450324
161.787018	-172.463730	2.450324	3.058407	152.786209	-46.739140	2.450324
152.786209	-46.739140	2.450324	3.058407	84.064835	-47.864292	17.489391
