85.676041	91.293159	-52.485039	0	0	-0.82533563	0.56464246
85.696625	91.307068	-52.476875	0	0	-0.76484218	0.64421769
85.677788	91.224998	-52.462425	0	-0	-1	-4.371139e-08
85.747879	91.245819	-52.441128	0	-0	-1	-4.371139e-08
85.701103	91.113327	-52.425308	0	-0	-1	-4.371139e-08
85.844383	91.118500	-52.345291	0	-0	-1	-4.371139e-08
85.743477	90.969269	-52.377403	0	-0	-1	-4.371139e-08
86.023216	90.867882	-52.135803	0	-0	-1	-4.371139e-08
86.439835	90.528069	-51.843666	0	0	0.99913515	0.041580682
86.497330	90.433739	-51.138725	0	0	0.99913515	0.041580682
87.246315	91.182732	-51.278374	0	0	0.99913515	0.041580682
87.562660	90.866386	-51.278374	0	0	0.99913515	0.041580682
88.169670	88.761398	-51.138725	0	0	0.99913515	0.041580682
84.802017	90.101601	-59.471489	0	-0	-1	-4.371139e-08
90.292786	97.677773	-48.956184	0	0	0.99913515	0.041580682
88.866211	92.802628	-60.606564	0	0	-0.69670669	0.71735611
91.471222	90.197617	-60.606567	0	0	-0.69670669	0.71735611
93.491837	86.780708	-39.596134	0	0	-0.76484218	0.64421769
93.506004	86.798325	-39.598557	0	0	-0.76484218	0.64421769
93.521339	86.757812	-39.622040	0	0	-0.92106097	0.38941839
93.474243	86.723717	-39.605419	0	0	-0.95533648	0.29552023
93.536896	86.677223	-39.659687	0	0	-0.92106097	0.38941839
93.460793	86.633263	-39.628929	0	0	-0.95533648	0.29552023
93.452698	86.518349	-39.664249	0	0	-0.95533648	0.29552023
93.550667	86.521904	-39.722412	0	0	-0.92106097	0.38941839
93.697205	86.338020	-39.875652	0	0	-0.87758258	0.4794255
94.361168	86.941269	-40.067078	0	0	0.99913515	0.041580682
94.461708	85.128685	-40.762638	0	0	0.99913515	0.041580682
95.506508	83.921364	-41.818893	0	0	0.99913515	0.041580682
96.443077	94.126900	-38.813831	0	0	0.99913515	0.041580682
101.005676	84.692902	-44.883457	0	0	-0.76484218	0.64421769
91.225807	95.162224	-25.550188	0	0	-0.69670669	0.71735611
93.340836	93.047188	-25.550188	0	0	-0.69670669	0.71735611
99.048714	102.985130	-26.031343	0	0	0.99913515	0.041580682
96.291634	100.228050	-22.140995	0	0	0.99913515	0.041580682
96.121178	100.057594	-21.547058	0	0	-0.69670669	0.71735611
103.752892	92.425888	-21.547058	0	0	-0.69670669	0.71735611
105.222786	91.296906	-22.140995	0	0	0.99913515	0.041580682
112.222969	89.810875	-26.031343	0	0	0.98999249	0.14112005
90.683510	94.619926	-1.575112	0	0	-0.62160997	0.7833269
104.068611	59.436291	-11.263598	0	0	-0.95533648	0.29552023
104.090073	59.448685	-11.263598	0	0	-0.95533648	0.29552023
104.040405	59.420010	-11.263598	0	0	-0.98006658	0.19866933
104.101990	59.455563	-11.263598	0	0	-0.98006658	0.19866933
104.119240	59.465523	-11.263598	0	0	-0.98006658	0.19866933
104.009537	59.402187	-11.263598	0	0	-0.98006658	0.19866933
104.144844	59.480305	-11.263598	0	0	-0.98006658	0.19866933
103.978943	59.384521	-11.263598	0	0	-0.98006658	0.19866933
104.310158	59.575752	-11.263598	0	0	-0.95533648	0.29552023
104.842552	59.883125	-11.263598	0	0	-0.95533648	0.29552023
102.897133	58.759941	-11.263598	0	0	-0.99500417	0.099833397
105.298782	60.146530	-11.263598	0	0	-0.95533648	0.29552023
108.481293	60.735313	-12.020771	0	0	-0.87758258	0.4794255
110.295792	63.031555	-11.263598	0	0	-0.99500417	0.099833397
110.576729	63.193752	-11.263598	0	0	-0.82533563	0.56464246
106.813210	78.490227	-1.575112	0	0	-0.69670669	0.71735611
118.116737	67.546982	-11.263598	0	0	-0.76484218	0.64421769
118.730293	67.901215	-11.263598	0	0	0.98999249	0.14112005
123.336960	70.560883	-11.263598	0	0	0.98999249	0.14112005
114.740791	64.759247	-2.962259	0	0	-0.76484218	0.64421769
23.046068	108.074814	-52.485039	0	0	-0.76484218	0.64421769
23.050924	108.092934	-52.476875	0	0	-0.76484218	0.64421769
23.039045	108.048599	-52.441128	0	0	-0.76484218	0.64421769
23.029144	108.011658	-52.462425	0	0	-0.76484218	0.64421769
23.002789	107.913292	-52.425308	0	0	-0.82533563	0.56464246
23.013680	107.953934	-52.345291	0	0	-0.76484218	0.64421769
22.969612	107.789474	-52.377403	0	0	-0.82533563	0.56464246
22.963005	107.764816	-52.135803	0	0	-0.76484218	0.64421769
22.905958	107.551918	-51.843666	0	0	-0.76484218	0.64421769
23.065754	108.148285	-51.278374	0	0	-0.69670669	0.71735611
22.580168	106.336052	-51.138725	0	0	-0.76484218	0.64421769
22.689629	106.744568	-59.471489	0	0	-0.82533563	0.56464246
23.160385	108.501450	-60.606567	0	0	-0.87758258	0.4794255
24.951485	115.185921	-48.956184	0	0	-0.62160997	0.7833269
24.453804	113.328552	-26.031343	0	0	-0.45359611	0.89120736
23.998018	111.627541	-25.550188	0	0	-0.82533563	0.56464246
24.356388	112.964989	-22.140995	0	0	-0.45359611	0.89120736
24.540169	113.650871	-21.547058	0	0	-0.82533563	0.56464246
21.261255	101.413803	-1.575112	0	0	-0.98006658	0.19866933
85.676041	-3.804394	-11.150578	0	-0	-1	-4.371139e-08
85.677788	-3.804394	-11.150578	0	-0	-1	-4.371139e-08
85.696625	-3.804394	-11.150578	0	-0	-1	-4.371139e-08
85.701103	-3.804394	-11.150578	0	-0	-1	-4.371139e-08
85.743477	-3.804394	-11.150578	0	-0	-1	-4.371139e-08
85.747879	-3.804394	-11.150578	0	-0	-1	-4.371139e-08
85.844383	-3.804394	-11.150578	0	-0	-1	-4.371139e-08
86.023216	-3.804394	-11.150578	0	-0	-1	-4.371139e-08
86.439835	-3.804394	-11.150578	0	-0	-1	-4.371139e-08
84.802017	-3.804394	-11.150578	0	-0	-1	-4.371139e-08
87.562660	-3.804394	-11.150578	0	0	-0.99500417	0.099833397
88.169670	-3.804394	-11.150578	0	-0	-1	-4.371139e-08
90.292786	-3.804394	-11.150578	0	-0	-1	-4.371139e-08
91.471222	-3.804394	-11.150578	0	-0	-1	-4.371139e-08
93.340836	-3.804394	-11.150578	0	0	0.94222235	0.33498812
103.752892	-3.804394	-11.150578	0	0	0.90407214	0.42737988
105.222786	-3.804394	-11.150578	0	0	-0.99500417	0.099833397
106.813210	-4.010655	-8.793003	0	0	0.90407214	0.42737988
112.222969	-3.804394	-11.150578	0	-0	-1	-4.371139e-08
-24.551121	64.161583	-48.619717	0	0	-0.62160997	0.7833269
-24.551731	64.163857	-48.621128	0	0	-0.62160997	0.7833269
-24.535931	64.104889	-48.584457	0	0	0	1
-24.533873	64.097206	-48.579681	0	0	-0.62160997	0.7833269
-24.510027	64.008209	-48.524342	0	0	-0.62160997	0.7833269
-24.494781	63.951321	-48.488960	0	0	-0.62160997	0.7833269
-24.476002	63.881233	-48.445377	0	0	-0.62160997	0.7833269
-24.416004	63.657314	-48.306129	0	0	-0.62160997	0.7833269
-24.299692	63.223232	-48.036190	0	0	-0.62160997	0.7833269
-24.241991	63.007889	-47.902275	0	0	-0.62160997	0.7833269
-24.992426	65.808556	-49.643906	0	0	-0.69670669	0.71735611
-25.173409	66.483986	-50.063931	0	0	0	1
-23.809439	61.393585	-46.898399	0	0	-0.62160997	0.7833269
-25.237087	66.721642	-48.956184	0	0	-0.54030229	0.84147099
-23.875259	61.639233	-25.550188	0	0	-0.62160997	0.7833269
-21.801317	53.899178	-26.031343	0	0	-0.36235775	0.93203909
-22.641748	57.035706	-22.140995	0	0	-0.45359611	0.89120736
-23.022459	58.456535	-21.547058	0	0	-0.62160997	0.7833269
-19.333540	44.689308	-1.575112	0	0	-0.82533563	0.56464246
156.988922	-3.925405	-9.767420	0	0	0.99913515	0.041580682
199.014557	113.166832	-0.508364	0	0	0.99913515	0.041580682
156.988922	185.957352	6.845169	0	0	0.99913515	0.041580682
51.489174	214.225922	6.845169	0	0	-0.45359611	0.89120736
-42.839188	132.413574	6.845169	0	0	-0.16996714	0.98544973
