83.512161	165.602234	3.232749	0.000000	0.000000	-1.341593
-159.683044	113.123611	-9.512596	0.000000	0.000000	0.058407
-94.568748	220.090302	-9.512596	0.000000	0.000000	-0.541593
-37.397305	235.409348	-9.512596	0.000000	0.000000	-0.741593
-37.397305	235.409348	-9.512596	0.000000	0.000000	-0.741593
-21.119970	235.409348	2.144231	0.000000	0.000000	-0.741593
83.512161	165.602234	3.232749	0.000000	0.000000	-1.341593
-159.683044	113.123611	-9.512596	0.000000	0.000000	0.058407
-94.568748	220.090302	-9.512596	0.000000	0.000000	-0.541593
-37.397305	235.409348	-9.512596	0.000000	0.000000	-0.741593
-37.397305	235.409348	-9.512596	0.000000	0.000000	-0.741593
-21.119970	235.409348	2.144231	0.000000	0.000000	-0.741593
83.512161	165.602234	3.232749	0.000000	0.000000	-1.341593
-159.683044	113.123611	-9.512596	0.000000	0.000000	0.058407
-94.568748	220.090302	-9.512596	0.000000	0.000000	-0.541593
-37.397305	235.409348	-9.512596	0.000000	0.000000	-0.741593
-37.397305	235.409348	-9.512596	0.000000	0.000000	-0.741593
-21.119970	235.409348	2.144231	0.000000	0.000000	-0.741593
83.512161	165.602234	3.232749	0.000000	0.000000	-1.341593
-159.683044	113.123611	-9.512596	0.000000	0.000000	0.058407
-94.568748	220.090302	-9.512596	0.000000	0.000000	-0.541593
-37.397305	235.409348	-9.512596	0.000000	0.000000	-0.741593
-37.397305	235.409348	-9.512596	0.000000	0.000000	-0.741593
-21.119970	235.409348	2.144231	0.000000	0.000000	-0.741593
83.512161	165.602234	3.232749	0.000000	0.000000	-1.341593
-159.683044	113.123611	-9.512596	0.000000	0.000000	0.058407
-94.568748	220.090302	-9.512596	0.000000	0.000000	-0.541593
-37.397305	235.409348	-9.512596	0.000000	0.000000	-0.741593
-37.397305	235.409348	-9.512596	0.000000	0.000000	-0.741593
-21.119970	235.409348	2.144231	0.000000	0.000000	-0.741593
83.512161	165.602234	3.232749	0.000000	0.000000	-1.341593
-159.683044	113.123611	-9.512596	0.000000	0.000000	0.058407
-94.568748	220.090302	-9.512596	0.000000	0.000000	-0.541593
-37.397305	235.409348	-9.512596	0.000000	0.000000	-0.741593
-37.397305	235.409348	-9.512596	0.000000	0.000000	-0.741593
-21.119970	235.409348	2.144231	0.000000	0.000000	-0.741593
83.512161	165.602234	3.232749	0.000000	0.000000	-1.341593
-159.683044	113.123611	-9.512596	0.000000	0.000000	0.058407
-94.568748	220.090302	-9.512596	0.000000	0.000000	-0.541593
-37.397305	235.409348	-9.512596	0.000000	0.000000	-0.741593
-37.397305	235.409348	-9.512596	0.000000	0.000000	-0.741593
-21.119970	235.409348	2.144231	0.000000	0.000000	-0.741593
83.512161	165.602234	3.232749	0.000000	0.000000	-1.341593
-159.683044	113.123611	-9.512596	0.000000	0.000000	0.058407
-94.568748	220.090302	-9.512596	0.000000	0.000000	-0.541593
-37.397305	235.409348	-9.512596	0.000000	0.000000	-0.741593
-37.397305	235.409348	-9.512596	0.000000	0.000000	-0.741593
-21.119970	235.409348	2.144231	0.000000	0.000000	-0.741593
83.512161	165.602234	3.232749	0.000000	0.000000	-1.341593
-159.683044	113.123611	-9.512596	0.000000	0.000000	0.058407
-94.568748	220.090302	-9.512596	0.000000	0.000000	-0.541593
-37.397305	235.409348	-9.512596	0.000000	0.000000	-0.741593
-37.397305	235.409348	-9.512596	0.000000	0.000000	-0.741593
-21.119970	235.409348	2.144231	0.000000	0.000000	-0.741593
83.512161	165.602234	3.232749	0.000000	0.000000	-1.341593
-159.683044	113.123611	-9.512596	0.000000	0.000000	0.058407
-94.568748	220.090302	-9.512596	0.000000	0.000000	-0.541593
-37.397305	235.409348	-9.512596	0.000000	0.000000	-0.741593
-37.397305	235.409348	-9.512596	0.000000	0.000000	-0.741593
-21.119970	235.409348	2.144231	0.000000	0.000000	-0.741593
83.512161	165.602234	3.232749	0.000000	0.000000	-1.341593
-159.683044	113.123611	-9.512596	0.000000	0.000000	0.058407
-94.568748	220.090302	-9.512596	0.000000	0.000000	-0.541593
-37.397305	235.409348	-9.512596	0.000000	0.000000	-0.741593
-37.397305	235.409348	-9.512596	0.000000	0.000000	-0.741593
-21.119970	235.409348	2.144231	0.000000	0.000000	-0.741593
83.512161	165.602234	3.232749	0.000000	0.000000	-1.341593
-159.683044	113.123611	-9.512596	0.000000	0.000000	0.058407
-94.568748	220.090302	-9.512596	0.000000	0.000000	-0.541593
-37.397305	235.409348	-9.512596	0.000000	0.000000	-0.741593
-37.397305	235.409348	-9.512596	0.000000	0.000000	-0.741593
-21.119970	235.409348	2.144231	0.000000	0.000000	-0.741593
83.512161	165.602234	3.232749	0.000000	0.000000	-1.341593
-159.683044	113.123611	-9.512596	0.000000	0.000000	0.058407
-94.568748	220.090302	-9.512596	0.000000	0.000000	-0.541593
-37.397305	235.409348	-9.512596	0.000000	0.000000	-0.741593
-37.397305	235.409348	-9.512596	0.000000	0.000000	-0.741593
-21.119970	235.409348	2.144231	0.000000	0.000000	-0.741593
83.512161	165.602234	3.232749	0.000000	0.000000	-1.341593
-159.683044	113.123611	-9.512596	0.000000	0.000000	0.058407
-94.568748	220.090302	-9.512596	0.000000	0.000000	-0.541593
-37.397305	235.409348	-9.512596	0.000000	0.000000	-0.741593
-37.397305	235.409348	-9.512596	0.000000	0.000000	-0.741593
-21.119970	235.409348	2.144231	0.000000	0.000000	-0.741593
83.512161	165.602234	3.232749	0.000000	0.000000	-1.341593
-159.683044	113.123611	-9.512596	0.000000	0.000000	0.058407
-94.568748	220.090302	-9.512596	0.000000	0.000000	-0.541593
-37.397305	235.409348	-9.512596	0.000000	0.000000	-0.741593
-37.397305	235.409348	-9.512596	0.000000	0.000000	-0.741593
-21.119970	235.409348	2.144231	0.000000	0.000000	-0.741593
83.512161	165.602234	3.232749	0.000000	0.000000	-1.341593
-159.683044	113.123611	-9.512596	0.000000	0.000000	0.058407
-94.568748	220.090302	-9.512596	0.000000	0.000000	-0.541593
-37.397305	235.409348	-9.512596	0.000000	0.000000	-0.741593
-37.397305	235.409348	-9.512596	0.000000	0.000000	-0.741593
-21.119970	235.409348	2.144231	0.000000	0.000000	-0.741593
83.512161	165.602234	3.232749	0.000000	0.000000	-1.341593
-159.683044	113.123611	-9.512596	0.000000	0.000000	0.058407
-94.568748	220.090302	-9.512596	0.000000	0.000000	-0.541593
-37.397305	235.409348	-9.512596	0.000000	0.000000	-0.741593
-37.397305	235.409348	-9.512596	0.000000	0.000000	-0.741593
-21.119970	235.409348	2.144231	0.000000	0.000000	-0.741593
83.512161	165.602234	3.232749	0.000000	0.000000	-1.341593
-159.683044	113.123611	-9.512596	0.000000	0.000000	0.058407
-94.568748	220.090302	-9.512596	0.000000	0.000000	-0.541593
-37.397305	235.409348	-9.512596	0.000000	0.000000	-0.741593
-37.397305	235.409348	-9.512596	0.000000	0.000000	-0.741593
-21.119970	235.409348	2.144231	0.000000	0.000000	-0.741593
83.512161	165.602234	3.232749	0.000000	0.000000	-1.341593
-159.683044	113.123611	-9.512596	0.000000	0.000000	0.058407
-94.568748	220.090302	-9.512596	0.000000	0.000000	-0.541593
-37.397305	235.409348	-9.512596	0.000000	0.000000	-0.741593
-37.397305	235.409348	-9.512596	0.000000	0.000000	-0.741593
-21.119970	235.409348	2.144231	0.000000	0.000000	-0.741593
83.512161	165.602234	3.232749	0.000000	0.000000	-1.341593
-159.683044	113.123611	-9.512596	0.000000	0.000000	0.058407
-94.568748	220.090302	-9.512596	0.000000	0.000000	-0.541593
-37.397305	235.409348	-9.512596	0.000000	0.000000	-0.741593
-37.397305	235.409348	-9.512596	0.000000	0.000000	-0.741593
-21.119970	235.409348	2.144231	0.000000	0.000000	-0.741593
