-23.683136	-67.654701	-13.425044	0	0	0.58850112	0.8084964
-23.482756	-68.373192	-13.963702	0	0	0.94222235	0.33498812
-22.537504	-66.707695	-13.966068	0	0	0.94222235	0.33498812
-23.892433	-68.976463	-14.368190	0	0	0.58850112	0.8084964
-22.098616	-66.127151	-13.416270	0	0	0.66627604	0.74570519
-21.724585	-65.473267	-12.855365	0	0	0.66627604	0.74570519
-21.869963	-64.654350	-12.293100	0	0	0.94222235	0.33498812
-24.787291	-69.567154	-10.271255	0	0	0.58850112	0.8084964
-24.627579	-70.356087	-10.693747	0	0	0.97095818	0.23924928
-23.997889	-69.237160	-9.794775	0	0	0.97095818	0.23924928
-25.012646	-70.916733	-11.168533	0	0	0.58850112	0.8084964
-23.548641	-68.638672	-9.274570	0	0	0.58850112	0.8084964
-21.299332	-63.928894	-11.835855	0	0	0.66627604	0.74570519
-23.166754	-67.971176	-8.736102	0	0	0.58850112	0.8084964
-23.284746	-67.104828	-8.252059	0	0	0.97095818	0.23924928
-20.742598	-63.275745	-11.260760	0	0	0.66627604	0.74570519
-22.756977	-66.453613	-7.672390	0	0	0.58850112	0.8084964
-22.203976	-65.806923	-7.086634	0	0	0.58850112	0.8084964
-19.522989	-62.180695	-11.891198	0	0	0.66627604	0.74570519
-21.388779	-65.412338	-6.561953	0	0	0.58850112	0.8084964
-19.119673	-61.440220	-11.321022	0	0	0.97095818	0.23924928
-20.990171	-64.680016	-5.978323	0	0	0.97095818	0.23924928
-19.216660	-60.556736	-10.729134	0	0	0.97095818	0.23924928
-21.065992	-63.759872	-5.446895	0	0	0.97095818	0.23924928
-18.800055	-59.771381	-10.144367	0	0	0.66627604	0.74570519
-20.658155	-62.989708	-4.837081	0	0	0.58850112	0.8084964
-18.816353	-58.782726	-9.516624	0	0	0.97095818	0.23924928
-20.666483	-61.987244	-4.232106	0	0	0.97095818	0.23924928
-18.173922	-57.869865	-9.004607	0	0	0.66627604	0.74570519
-20.086647	-61.182804	-3.541294	0	0	0.58850112	0.8084964
-17.550241	-57.038860	-8.373790	0	0	0.97095818	0.23924928
-19.484453	-60.389011	-2.849109	0	0	0.98999249	0.14112005
-18.594530	-59.882332	-2.230295	0	0	0.58850112	0.8084964
-16.216631	-55.763691	-9.022275	0	0	0.73739371	0.67546319
-18.135818	-59.052326	-1.566385	0	0	0.98999249	0.14112005
-15.739370	-54.901558	-8.411347	0	0	0.98999249	0.14112005
-18.110657	-58.103546	-0.982237	0	0	0.66627604	0.74570519
-15.713184	-53.951000	-7.830129	0	0	0.73739371	0.67546319
-32.427868	-72.703476	0.995749	0	0	0.66627604	0.74570519
-32.393757	-73.517960	0.731281	0	0	0.58850112	0.8084964
-31.919962	-72.124664	1.506388	0	0	0.66627604	0.74570519
-17.695135	-57.345085	-0.376833	0	0	0.66627604	0.74570519
-32.780994	-74.108284	0.289789	0	0	0.66627604	0.74570519
-31.448357	-71.525230	2.002233	0	0	0.73739371	0.67546319
-31.031534	-70.846634	2.492571	0	0	0.73739371	0.67546319
-15.273021	-53.149860	-7.295110	0	0	0.73739371	0.67546319
-31.028917	-69.942276	2.810779	0	0	0.58850112	0.8084964
-30.516378	-69.250359	3.363823	0	0	0.73739371	0.67546319
-29.956055	-68.595139	3.932997	0	0	0.66627604	0.74570519
-17.684017	-56.540413	0.115011	0	0	0.66627604	0.74570519
-15.256153	-52.335228	-6.819687	0	0	0.73739371	0.67546319
-29.449898	-67.912003	4.479099	0	0	0.80114363	0.59847213
-29.019577	-67.155930	5.004746	0	0	0.73739371	0.67546319
-17.352242	-56.034531	0.537932	0	0	0.66627604	0.74570519
-14.871199	-51.737240	-6.548660	0	0	0.73739371	0.67546319
-28.977654	-66.192253	5.367557	0	0	0.66627604	0.74570519
-16.980501	-55.730614	0.852374	0	0	0.98999249	0.14112005
-16.370979	-56.033821	0.881907	0	0	0.98999249	0.14112005
-14.514418	-51.459232	-6.191489	0	0	0.98999249	0.14112005
-16.173765	-55.941795	1.006757	0	0	0.98999249	0.14112005
-28.537781	-65.393463	5.913954	0	0	0.80114363	0.59847213
-13.225951	-51.241516	-7.165724	0	0	0.98999249	0.14112005
-28.435471	-64.336327	6.346102	0	0	0.66627604	0.74570519
-13.122662	-51.104218	-7.069588	0	0	0.98999249	0.14112005
-27.873257	-63.469780	6.990407	0	0	0.80114363	0.59847213
-8.466034	-52.437599	-13.425044	0	0	0.97095818	0.23924928
-8.437549	-52.466087	-13.416270	0	0	0.97095818	0.23924928
-8.366721	-52.536915	-13.966068	0	0	0.85688874	0.51550139
-8.577478	-52.326157	-12.855365	0	0	0.97095818	0.23924928
-8.006598	-52.897038	-13.963702	0	0	0.85688874	0.51550139
-7.909801	-52.993835	-14.368190	0	0	0.97095818	0.23924928
-9.059624	-51.844009	-12.293100	0	0	0.80114363	0.59847213
-9.122964	-51.780670	-11.891198	0	0	0.98999249	0.14112005
-9.137035	-51.766598	-11.835855	0	0	0.98999249	0.14112005
-9.185244	-51.718391	-11.260760	0	0	0.98999249	0.14112005
-9.291544	-51.612091	-11.321022	0	0	0.80114363	0.59847213
-9.781779	-51.121857	-10.729134	0	0	0.80114363	0.59847213
-9.966154	-50.937481	-10.144367	0	0	0.98999249	0.14112005
-27.265169	-62.647778	7.646937	0	0	0.58850112	0.8084964
-10.468631	-50.435005	-9.516624	0	0	0.80114363	0.59847213
-10.603846	-50.299789	-9.004607	0	0	0.98999249	0.14112005
-10.678288	-50.225349	-9.022275	0	0	0.98999249	0.14112005
-22.934509	-51.134113	1.555161	0	0	0.98999249	0.14112005
-10.707508	-50.196125	-8.373790	0	0	0.80114363	0.59847213
-10.870723	-50.032913	-8.411347	0	0	0.80114363	0.59847213
-11.332909	-49.570724	-7.830129	0	0	0.80114363	0.59847213
-11.771558	-49.132076	-8.101226	0	0	0.98999249	0.14112005
-26.706142	-61.819813	8.275802	0	0	0.80114363	0.59847213
-11.684584	-49.219051	-7.708097	0	0	0.98999249	0.14112005
-11.513398	-49.390236	-7.295110	0	0	0.73739371	0.67546319
-13.104419	-55.051659	2.621122	0	0	0.80114363	0.59847213
-13.161098	-48.829197	-5.476602	0	0	0.99913515	0.041580682
-11.912279	-48.991356	-6.819687	0	0	0.73739371	0.67546319
-12.018797	-48.884838	-6.548660	0	0	0.73739371	0.67546319
-11.979410	-48.924225	-6.191489	0	0	0.99913515	0.041580682
-26.220873	-60.953056	8.873523	0	0	0.73739371	0.67546319
-9.474018	-49.852581	-6.193182	0	0	0.73739371	0.67546319
-26.100063	-59.947868	9.298701	0	0	0.85688874	0.51550139
-9.474018	-48.763622	-7.748378	0	0	0.80114363	0.59847213
-25.664938	-59.149635	9.842026	0	0	0.85688874	0.51550139
-25.574833	-58.292721	10.196674	0	0	0.90407214	0.42737988
-13.829186	-51.987511	4.225470	0	0	0.66627604	0.74570519
-22.547829	-86.140732	-31.602417	0	0	0.85688874	0.51550139
-25.259769	-57.735085	10.582958	0	0	0.90407214	0.42737988
-10.600454	-46.970490	-4.175121	0	0	0.73739371	0.67546319
-10.600454	-46.395184	-4.996747	0	0	0.73739371	0.67546319
-24.885294	-57.446861	10.910948	0	0	0.73739371	0.67546319
-24.816147	-57.278072	11.011971	0	0	0.80114363	0.59847213
-24.568314	-57.265278	11.166737	0	0	0.80114363	0.59847213
-14.942359	-50.128269	4.963183	0	0	0.66627604	0.74570519
-11.733800	-45.372681	-3.056323	0	0	0.73739371	0.67546319
-11.733800	-44.570881	-4.201411	0	0	0.80114363	0.59847213
-7.694955	-43.673706	-10.747669	0	0	0.98999249	0.14112005
-22.106079	-56.056744	13.082942	0	0	0.85688874	0.51550139
-20.577993	-40.325642	-4.207010	0	0	0.94222235	0.33498812
-23.044003	-53.579468	13.381491	0	0	0.58850112	0.8084964
-24.117283	-51.720490	13.381491	0	0	0.66627604	0.74570519
-14.424805	-46.248917	7.496811	0	0	0.66627604	0.74570519
-24.601225	-50.882278	13.381491	0	0	0.90407214	0.42737988
-10.228462	-41.756783	-0.524442	0	0	0.80114363	0.59847213
-42.339100	-67.654701	13.218433	0	0	0.66627604	0.74570519
-42.457729	-68.373192	13.135368	0	0	0.66627604	0.74570519
-42.106232	-66.707695	13.381490	0	0	0.66627604	0.74570519
-42.922672	-68.976471	12.809811	0	0	0.66627604	0.74570519
-42.106232	-66.127151	13.381490	0	0	0.66627604	0.74570519
-34.530510	-46.543705	8.879348	0	0	0.94222235	0.33498812
-42.106232	-65.473267	13.381490	0	0	0.66627604	0.74570519
-42.106232	-64.654350	13.381490	0	0	0.66627604	0.74570519
-42.106232	-63.928894	13.381490	0	0	0.66627604	0.74570519
-42.106232	-63.275745	13.381490	0	0	0.66627604	0.74570519
-10.228462	-38.980640	-4.489185	0	0	0.85688874	0.51550139
-42.106232	-62.180695	13.381490	0	0	0.66627604	0.74570519
-42.106232	-61.440220	13.381490	0	0	0.66627604	0.74570519
-26.161594	-48.179638	13.381491	0	0	0.98999249	0.14112005
-10.233986	-46.767723	8.649429	0	0	0.97095818	0.23924928
-42.106232	-60.556736	13.381490	0	0	0.66627604	0.74570519
-42.106232	-59.771381	13.381490	0	0	0.66627604	0.74570519
-42.106232	-58.782726	13.381490	0	0	0.58850112	0.8084964
-6.613677	-41.459785	-0.316482	0	0	0.80114363	0.59847213
-42.106232	-57.869865	13.381490	0	0	0.73739371	0.67546319
-46.408485	-44.639088	-2.724602	0	0	0.66627604	0.74570519
-6.613677	-40.497162	-1.691247	0	0	0.80114363	0.59847213
-42.106232	-57.038860	13.381490	0	0	0.58850112	0.8084964
-42.106232	-55.763691	13.381490	0	0	0.73739371	0.67546319
-42.106232	-54.901558	13.381490	0	0	0.66627604	0.74570519
-42.106232	-53.951000	13.381490	0	0	0.73739371	0.67546319
-42.106232	-53.149860	13.381490	0	0	0.73739371	0.67546319
-42.106232	-52.335228	13.381490	0	0	0.73739371	0.67546319
-42.106232	-51.737240	13.381490	0	0	0.73739371	0.67546319
-42.106232	-51.459232	13.381490	0	0	0.58850112	0.8084964
-17.178299	-33.621422	-1.331834	0	0	0.97095818	0.23924928
-42.106232	-50.657127	13.381490	0	0	0.66627604	0.74570519
-42.106232	-50.586472	13.381490	0	0	0.66627604	0.74570519
-10.526846	-35.712952	-0.311335	0	0	-0.99500417	0.099833397
-11.578691	-36.798481	2.947396	0	0	-0.99500417	0.099833397
-15.505332	-40.621964	10.530684	0	0	-0.99500417	0.099833397
-29.374447	-42.614815	13.381491	0	0	0.94222235	0.33498812
-20.953077	-33.099396	0.306285	0	0	0	1
-17.418993	-35.179985	4.080679	0	0	0	1
-42.106232	-48.763622	13.381490	0	0	0.73739371	0.67546319
-34.470768	-41.643707	11.589195	0	0	0.80114363	0.59847213
-23.391386	-33.855011	5.008438	0	0	0.97095818	0.23924928
-25.458412	-32.476341	2.261440	0	0	0.97095818	0.23924928
-42.106232	-46.395184	13.381490	0	0	0.73739371	0.67546319
-19.422291	-36.254990	9.458457	0	0	0.94222235	0.33498812
-25.906414	-33.297050	5.399126	0	0	0	1
-36.400459	-34.442005	4.597418	0	0	0.80114363	0.59847213
-42.106232	-44.570881	13.381490	0	0	0.73739371	0.67546319
-28.903763	-31.999872	3.756598	0	0	0	1
-28.635357	-32.268276	4.411352	0	0	0	1
-21.287594	-36.261665	11.150367	0	0	0	1
-21.525648	-36.186447	11.112635	0	0	0	1
-28.344036	-32.559601	5.122005	0	0	0.80114363	0.59847213
-28.238451	-32.665184	5.379570	0	0	0.98999249	0.14112005
-27.829033	-33.074604	6.378313	0	0	0.73739371	0.67546319
-24.971558	-35.358368	11.435838	0	0	0	1
-28.734682	-33.908615	9.969996	0	0	0	1
-29.079021	-33.799816	9.915419	0	0	0.94222235	0.33498812
-24.630003	-36.273632	14.182076	0	0	0	1
-32.738663	-36.787823	13.381491	0	0	0.94222235	0.33498812
-25.492006	-36.564327	15.267582	0	0	0.94222235	0.33498812
-42.106232	-40.497162	13.381490	0	0	0.73739371	0.67546319
-35.023453	-31.274433	6.815377	0	0	0	1
-34.512489	-31.760349	7.978306	0	0	0	1
-42.106232	-38.980640	13.381490	0	0	0.85688874	0.51550139
-34.754704	-32.006474	9.015819	0	0	0	1
-32.243504	-38.453941	18.001947	0	0	0.90407214	0.42737988
-35.264954	-32.111126	9.821514	0	0	0	1
-37.389877	-30.749443	7.182980	0	0	0	1
-37.264561	-31.217131	8.630324	0	0	0	1
-37.203323	-31.445679	9.337605	0	0	0.58850112	0.8084964
-34.741196	-33.319336	13.381491	0	0	0.85688874	0.51550139
-34.741196	-33.319336	13.381491	0	0	0.94222235	0.33498812
-37.901436	-31.012203	8.517058	0	0	0	1
-37.996353	-31.055370	8.745956	0	0	0.90407214	0.42737988
-36.214008	-32.719158	12.698506	0	0	0.90407214	0.42737988
-36.672241	-32.532425	12.486011	0	0	0	1
-36.849796	-32.460072	12.403672	0	0	0.85688874	0.51550139
-36.879726	-32.653358	13.074986	0	0	0	1
-34.524185	-34.140121	15.924176	0	0	0	1
-63.491116	-44.318104	-7.903099	0	0	0.50484609	0.86320938
-39.322575	-31.452400	11.256975	0	0	0	1
-42.106232	-34.206070	13.381490	0	0	0.85688874	0.51550139
-42.378159	-29.597696	7.807495	0	0	0	1
-41.597183	-30.525486	10.202174	0	0	0	1
-57.891888	-47.904270	13.381488	0	0	0.50484609	0.86320938
-58.152908	-48.356369	13.381488	0	0	0.50484609	0.86320938
-58.516552	-48.986221	13.381488	0	0	0.50484609	0.86320938
-57.195415	-46.697941	13.381488	0	0	0.50484609	0.86320938
-56.834309	-46.072491	13.381488	0	0	0.50484609	0.86320938
-56.457661	-45.420113	13.381488	0	0	0.50484609	0.86320938
-56.139404	-44.868877	13.381488	0	0	0.50484609	0.86320938
-55.682613	-44.077698	13.381488	0	0	0.50484609	0.86320938
-55.260609	-43.346764	13.381488	0	0	0.50484609	0.86320938
-54.481537	-41.997368	13.381488	0	0	0.50484609	0.86320938
-54.060070	-41.267368	13.381488	0	0	0.50484609	0.86320938
-42.631275	-30.542353	11.184037	0	0	0	1
-53.701759	-40.646755	13.381488	0	0	0.50484609	0.86320938
-53.257538	-39.877342	13.381488	0	0	0.50484609	0.86320938
-43.302177	-33.046185	14.556108	0	0	0.22720209	0.97384763
-42.106232	-31.342295	13.381490	0	0	0	1
-52.833511	-39.142906	13.381488	0	0	0.50484609	0.86320938
-52.277626	-38.180080	13.381488	0	0	0.50484609	0.86320938
-44.862080	-29.195026	8.688148	0	0	0.73739371	0.67546319
-51.761868	-37.286766	13.381488	0	0	0.50484609	0.86320938
-50.876305	-35.752922	13.381488	0	0	0.50484609	0.86320938
-44.946808	-29.983297	11.392498	0	0	0	1
-50.383675	-34.899662	13.381488	0	0	0.50484609	0.86320938
-42.444405	-32.595398	17.246822	0	0	0.73739371	0.67546319
-49.965523	-34.175404	13.381488	0	0	0.50484609	0.86320938
-49.508575	-33.383949	13.381488	0	0	0.50484609	0.86320938
-35.898865	-36.313976	24.403419	0	0	0	1
-49.151615	-32.765675	13.381488	0	0	0.50484609	0.86320938
-47.054691	-28.974836	9.916540	0	0	0	1
-48.796440	-32.150494	13.381488	0	0	0.50484609	0.86320938
-48.586864	-31.787497	13.381488	0	0	0.41614682	0.90929743
-47.891602	-30.583269	13.381488	0	0	0.50484609	0.86320938
-47.886829	-30.575003	13.381488	0	0	0.50484609	0.86320938
-48.241276	-29.068262	11.290188	0	0	0	1
-47.494713	-29.895832	13.381488	0	0	0	1
-47.503017	-29.891653	13.374987	0	0	0	1
-47.548946	-29.949795	13.609970	0	0	0	1
-48.893642	-28.861546	11.184824	0	0	0	1
-49.377075	-31.418419	14.556108	0	0	0.029199523	0.9995736
-49.280350	-28.997452	11.984154	0	0	0	1
-49.445011	-28.914608	11.855299	0	0	0	1
-39.806530	-36.327965	27.947836	0	0	0	1
-61.634071	-101.461746	11.589195	0	0	0.80114363	0.59847213
-54.851276	-27.921068	13.381488	0	0	0.32328956	0.94630009
-54.851276	-27.921068	13.381488	0	0	0.22720209	0.97384763
-54.851276	-27.921068	13.381488	0	0	-0.16996714	0.98544973
-54.851276	-27.921068	13.381488	0	0	0.50484609	0.86320938
-54.851276	-27.921068	13.381488	0	0	0.58850112	0.8084964
-54.851276	-27.921068	13.381488	0	0	0.41614682	0.90929743
-43.688694	-36.341866	31.469128	0	0	0.94222235	0.33498812
-51.480522	-33.861412	30.172510	0	0	0	1
-58.293163	-29.174702	20.642605	0	0	0	1
-75.772049	-30.440134	-10.191570	0	0	0.029199523	0.9995736
-74.977753	-30.164070	7.695282	0	0	-0.26749883	0.96355818
-77.807610	-26.881895	-6.055369	0	0	0	1
-67.114449	-121.914795	-56.833630	0	0	0.66627604	0.74570519
46.490471	-107.394104	-58.402733	0	0	0.98999249	0.14112005
-127.019661	-107.846649	11.589195	0	0	0.73739371	0.67546319
-131.250168	-112.077148	-72.714714	0	0	0.50484609	0.86320938
-159.674393	-75.191917	11.589196	0	0	0.58850112	0.8084964
-168.022369	-51.349213	-12.033372	0	0	0.50484609	0.86320938
-167.303177	-66.197792	-74.282356	0	0	0.32328956	0.94630009
-174.666885	-48.811928	-57.112808	0	0	0.41614682	0.90929743
14.847516	-225.702057	-58.402733	0	0	0.97095818	0.23924928
-190.744659	-106.379150	13.381488	0	0	0.66627604	0.74570519
-160.028229	-224.809616	13.381488	0	0	0.80114363	0.59847213
-103.431648	-257.452423	-58.402733	0	0	0.85688874	0.51550139
-103.539070	-257.423645	-58.402733	0	0	0.85688874	0.51550139
-117.055840	-257.423645	-39.098789	0	0	0.85688874	0.51550139
