14.320957	83.108604	-47.201534	0.000000	0.000000	-1.341593
14.524093	82.317177	-46.900784	0.000000	0.000000	-1.341593
14.721299	81.523186	-46.601360	0.000000	0.000000	-1.341593
14.912549	80.726669	-46.303291	0.000000	0.000000	-1.341593
15.097799	79.927696	-46.006557	0.000000	0.000000	-1.341593
15.277029	79.126297	-45.711201	0.000000	0.000000	-1.341593
15.450210	78.322540	-45.417221	0.000000	0.000000	-1.341593
15.617292	77.516464	-45.124622	0.000000	0.000000	-1.341593
15.778271	76.708122	-44.833435	0.000000	0.000000	-1.341593
15.933098	75.897575	-44.543655	0.000000	0.000000	-1.341593
16.081753	75.084862	-44.255295	0.000000	0.000000	-1.341593
16.224207	74.270042	-43.968372	0.000000	0.000000	-1.341593
16.360426	73.453163	-43.682892	0.000000	0.000000	-1.341593
16.490387	72.634293	-43.398869	0.000000	0.000000	-1.341593
16.614065	71.813469	-43.116314	0.000000	0.000000	-1.341593
16.731434	70.990746	-42.835243	0.000000	0.000000	-1.341593
16.842464	70.166191	-42.555660	0.000000	0.000000	-1.341593
16.947130	69.339844	-42.277580	0.000000	0.000000	-1.341593
17.045412	68.511772	-42.001015	0.000000	0.000000	-1.341593
17.137276	67.682022	-41.725967	0.000000	0.000000	-1.341593
17.222712	66.850655	-41.452461	0.000000	0.000000	-1.341593
17.301685	66.017723	-41.180496	0.000000	0.000000	-1.341593
17.374178	65.183289	-40.910091	0.000000	0.000000	-1.341593
17.440161	64.347397	-40.641239	0.000000	0.000000	-1.341593
17.499620	63.510109	-40.373974	0.000000	0.000000	-1.341593
17.552538	62.671486	-40.108295	0.000000	0.000000	-1.341593
17.598885	61.831585	-39.844215	0.000000	0.000000	-1.341593
17.638651	60.990463	-39.581749	0.000000	0.000000	-1.341593
17.671808	60.148178	-39.320900	0.000000	0.000000	-1.341593
17.649439	59.356972	-39.021198	0.000000	0.000000	-1.341593
16.860100	59.359386	-38.092751	0.000000	0.000000	-1.341593
16.054420	59.338898	-37.156467	0.000000	0.000000	-1.341593
15.232595	59.294579	-36.213043	0.000000	0.000000	-1.341593
14.391554	59.229923	-35.257126	0.000000	0.000000	-1.341593
13.531196	59.144104	-34.289021	0.000000	0.000000	-1.341593
12.655337	59.031490	-33.315994	0.000000	0.000000	0.000000
11.764352	58.891212	-32.338924	0.000000	0.000000	-1.341593
10.858653	58.722427	-31.358709	0.000000	0.000000	-1.341593
9.938725	58.524315	-30.376324	0.000000	0.000000	-1.341593
9.005054	58.296116	-29.392721	0.000000	0.000000	-1.341593
8.058241	58.037090	-28.408970	0.000000	0.000000	-1.341593
7.098876	57.746548	-27.426105	0.000000	0.000000	0.000000
6.127643	57.423855	-26.445251	0.000000	0.000000	-1.341593
5.145250	57.068424	-25.467522	0.000000	0.000000	-1.341593
4.152470	56.679741	-24.494087	0.000000	0.000000	-1.341593
3.150105	56.257343	-23.526117	0.000000	0.000000	-1.341593
2.139026	55.800831	-22.564829	0.000000	0.000000	-1.341593
1.120129	55.309898	-21.611431	0.000000	0.000000	-1.141593
0.094339	54.784298	-20.667135	0.000000	0.000000	-1.141593
-0.937325	54.223866	-19.733215	0.000000	0.000000	-1.141593
-1.973867	53.628521	-18.810883	0.000000	0.000000	0.000000
-3.014217	52.998268	-17.901390	0.000000	0.000000	-1.141593
-4.057300	52.333202	-17.005959	0.000000	0.000000	-1.141593
-5.102002	51.633507	-16.125801	0.000000	0.000000	0.000000
-6.147187	50.899445	-15.262125	0.000000	0.000000	-1.141593
-7.191692	50.131386	-14.416108	0.000000	0.000000	-1.141593
-8.234369	49.329781	-13.588880	0.000000	0.000000	-1.141593
-9.274027	48.495178	-12.781565	0.000000	0.000000	-1.141593
-10.309484	47.628223	-11.995234	0.000000	0.000000	-1.141593
-11.339560	46.729630	-11.230918	0.000000	0.000000	-1.141593
-11.183554	48.446129	-10.562745	0.000000	0.000000	-1.141593
7.023742	91.565254	-10.562748	0.000000	0.000000	-1.141593
87.013084	280.998718	-10.562749	0.000000	0.000000	-1.141593
-312.399506	-206.747955	-240.382034	0.000000	0.000000	0.000000
-170.701630	-108.599503	-119.683792	0.000000	0.000000	0.000000
-126.462585	-77.951927	-81.996193	0.000000	0.000000	0.000000
-126.589409	-77.256302	-81.793274	0.000000	0.000000	0.000000
-127.394157	-77.004044	-82.160400	0.000000	0.000000	0.000000
-128.199081	-76.743874	-82.527466	0.000000	0.000000	0.000000
-129.004074	-76.475754	-82.894463	0.000000	0.000000	0.000000
-129.809067	-76.199669	-83.261360	0.000000	0.000000	0.000000
-130.613968	-75.915596	-83.628159	0.000000	0.000000	0.000000
-131.418686	-75.623520	-83.994835	0.000000	0.000000	0.000000
-132.223129	-75.323418	-84.361374	0.000000	0.000000	0.000000
-133.027222	-75.015274	-84.727768	0.000000	0.000000	0.000000
-133.830856	-74.699074	-85.094002	0.000000	0.000000	0.000000
-134.633987	-74.374794	-85.460052	0.000000	0.000000	0.000000
-135.436462	-74.042427	-85.825905	0.000000	0.000000	0.000000
-136.238251	-73.701950	-86.191566	0.000000	0.000000	0.000000
-137.039230	-73.353363	-86.556999	0.000000	0.000000	0.000000
-137.839310	-72.996643	-86.922188	0.000000	0.000000	0.000000
-138.638412	-72.631790	-87.287140	0.000000	0.000000	0.000000
-139.436447	-72.258789	-87.651817	0.000000	0.000000	0.000000
-140.233322	-71.877625	-88.016228	0.000000	0.000000	0.000000
-141.028946	-71.488304	-88.380341	0.000000	0.000000	0.000000
-141.823212	-71.090813	-88.744141	0.000000	0.000000	0.000000
-142.616043	-70.685143	-89.107620	0.000000	0.000000	0.458407
-143.407364	-70.271294	-89.470764	0.000000	0.000000	0.458407
-144.197052	-69.849266	-89.833557	0.000000	0.000000	0.458407
-144.985031	-69.419052	-90.195992	0.000000	0.000000	0.458407
-145.771210	-68.980652	-90.558037	0.000000	0.000000	0.458407
-146.555496	-68.534065	-90.919701	0.000000	0.000000	0.458407
-147.337784	-68.079300	-91.280945	0.000000	0.000000	0.000000
-148.117996	-67.616348	-91.641777	0.000000	0.000000	0.000000
-148.896042	-67.145226	-92.002167	0.000000	0.000000	0.000000
-149.671814	-66.665924	-92.362106	0.000000	0.000000	0.000000
-150.445236	-66.178459	-92.721588	0.000000	0.000000	0.000000
-151.216202	-65.682831	-93.080582	0.000000	0.000000	0.000000
-151.984634	-65.179054	-93.439087	0.000000	0.000000	0.000000
-152.750427	-64.667130	-93.797081	0.000000	0.000000	0.000000
-153.513489	-64.147079	-94.154556	0.000000	0.000000	0.000000
-154.273712	-63.618896	-94.511497	0.000000	0.000000	0.000000
-155.031036	-63.082611	-94.867889	0.000000	0.000000	0.000000
-155.785355	-62.538231	-95.223709	0.000000	0.000000	0.000000
-156.536560	-61.985764	-95.578964	0.000000	0.000000	0.000000
-157.284576	-61.425232	-95.933624	0.000000	0.000000	0.000000
-158.029312	-60.856655	-96.287674	0.000000	0.000000	0.000000
-158.770660	-60.280045	-96.641106	0.000000	0.000000	0.000000
-159.508545	-59.695423	-96.993912	0.000000	0.000000	0.000000
-160.242859	-59.102810	-97.346054	0.000000	0.000000	0.000000
-160.973511	-58.502228	-97.697556	0.000000	0.000000	0.000000
-161.700424	-57.893692	-98.048363	0.000000	0.000000	0.000000
-162.423492	-57.277233	-98.398483	0.000000	0.000000	0.000000
-163.142624	-56.652878	-98.747910	0.000000	0.000000	0.000000
-163.857727	-56.020645	-99.096611	0.000000	0.000000	0.000000
-164.568710	-55.380569	-99.444588	0.000000	0.000000	0.000000
-165.275497	-54.732670	-99.791824	0.000000	0.000000	0.000000
-165.977966	-54.076981	-100.138306	0.000000	0.000000	0.258407
-166.676056	-53.413532	-100.484001	0.000000	0.000000	0.258407
-167.369659	-52.742355	-100.828918	0.000000	0.000000	0.258407
-168.058685	-52.063480	-101.173027	0.000000	0.000000	0.258407
-168.743057	-51.376942	-101.516335	0.000000	0.000000	0.258407
-169.422668	-50.682777	-101.858810	0.000000	0.000000	0.258407
-170.097443	-49.981014	-102.200447	0.000000	0.000000	0.000000
-170.767273	-49.271702	-102.541245	0.000000	0.000000	0.000000
-171.432098	-48.554863	-102.881157	0.000000	0.000000	0.000000
-172.091797	-47.830551	-103.220200	0.000000	0.000000	0.000000
-172.746307	-47.098797	-103.558350	0.000000	0.000000	0.000000
-173.395523	-46.359642	-103.895592	0.000000	0.000000	0.000000
-174.039368	-45.613136	-104.231911	0.000000	0.000000	0.000000
-174.677750	-44.859314	-104.567291	0.000000	0.000000	0.000000
-175.310577	-44.098221	-104.901726	0.000000	0.000000	0.000000
-175.937775	-43.329906	-105.235207	0.000000	0.000000	0.000000
-176.559250	-42.554417	-105.567711	0.000000	0.000000	0.000000
-177.174911	-41.771793	-105.899239	0.000000	0.000000	0.000000
-177.784683	-40.982090	-106.229767	0.000000	0.000000	0.000000
-178.388474	-40.185356	-106.559273	0.000000	0.000000	0.000000
-178.986206	-39.381641	-106.887756	0.000000	0.000000	0.000000
-179.577774	-38.570995	-107.215202	0.000000	0.000000	0.000000
-180.163132	-37.753471	-107.541595	0.000000	0.000000	0.000000
-180.742172	-36.929127	-107.866928	0.000000	0.000000	0.000000
-181.314804	-36.098011	-108.191185	0.000000	0.000000	0.000000
-181.880981	-35.260185	-108.514351	0.000000	0.000000	0.000000
-182.440582	-34.415703	-108.836411	0.000000	0.000000	0.000000
-182.993546	-33.564621	-109.157356	0.000000	0.000000	0.000000
-183.539795	-32.707001	-109.477188	0.000000	0.000000	0.000000
-184.079239	-31.842899	-109.795868	0.000000	0.000000	0.000000
-184.611816	-30.972378	-110.113396	0.000000	0.000000	0.000000
-185.137421	-30.095501	-110.429756	0.000000	0.000000	0.000000
-185.656006	-29.212326	-110.744942	0.000000	0.000000	0.058407
-186.167465	-28.322922	-111.058922	0.000000	0.000000	0.058407
-186.671753	-27.427351	-111.371727	0.000000	0.000000	0.058407
-187.168762	-26.525679	-111.683289	0.000000	0.000000	0.058407
-187.658447	-25.617968	-111.993637	0.000000	0.000000	0.058407
-188.140701	-24.704294	-112.302757	0.000000	0.000000	0.000000
-188.615479	-23.784718	-112.610603	0.000000	0.000000	0.000000
-189.082687	-22.859316	-112.917206	0.000000	0.000000	0.000000
-189.542282	-21.928148	-113.222519	0.000000	0.000000	0.000000
-189.994156	-20.991295	-113.526550	0.000000	0.000000	0.000000
-190.438263	-20.048826	-113.829277	0.000000	0.000000	0.000000
-190.874527	-19.100809	-114.130692	0.000000	0.000000	0.000000
-191.302872	-18.147326	-114.430779	0.000000	0.000000	0.000000
-191.723221	-17.188442	-114.729538	0.000000	0.000000	0.000000
-192.135544	-16.224241	-115.026939	0.000000	0.000000	0.000000
-192.539734	-15.254793	-115.322990	0.000000	0.000000	0.000000
-192.935745	-14.280180	-115.617676	0.000000	0.000000	0.000000
-193.323502	-13.300475	-115.910957	0.000000	0.000000	0.000000
-193.702942	-12.315763	-116.202866	0.000000	0.000000	0.000000
-194.074005	-11.326117	-116.493362	0.000000	0.000000	0.000000
-194.436630	-10.331623	-116.782440	0.000000	0.000000	0.000000
-194.790756	-9.332357	-117.070091	0.000000	0.000000	0.000000
-195.136322	-8.328405	-117.356293	0.000000	0.000000	0.000000
-195.473251	-7.319849	-117.641045	0.000000	0.000000	0.000000
-195.801498	-6.306771	-117.924339	0.000000	0.000000	0.000000
-196.121017	-5.289256	-118.206161	0.000000	0.000000	0.000000
-196.431717	-4.267389	-118.486504	0.000000	0.000000	0.000000
-196.733582	-3.241255	-118.765343	0.000000	0.000000	0.000000
-197.026520	-2.210942	-119.042679	0.000000	0.000000	0.000000
-197.310486	-1.176535	-119.318481	0.000000	0.000000	0.000000
-197.585449	-0.138126	-119.592773	0.000000	0.000000	0.000000
-197.851318	0.904203	-119.865524	0.000000	0.000000	0.000000
-198.108078	1.950356	-120.136719	0.000000	0.000000	-0.141593
-198.355652	3.000246	-120.406349	0.000000	0.000000	-0.141593
-198.593994	4.053786	-120.674408	0.000000	0.000000	-0.141593
-198.823074	5.110876	-120.940887	0.000000	0.000000	-0.141593
-199.042816	6.171436	-121.205780	0.000000	0.000000	-0.141593
-199.253204	7.235365	-121.469063	0.000000	0.000000	0.000000
-199.454163	8.302567	-121.730743	0.000000	0.000000	0.000000
-199.645660	9.372960	-121.990784	0.000000	0.000000	0.000000
-199.827652	10.446437	-122.249199	0.000000	0.000000	0.000000
-200.000092	11.522915	-122.505966	0.000000	0.000000	0.000000
-200.162949	12.602288	-122.761070	0.000000	0.000000	0.000000
-200.316162	13.684465	-123.014526	0.000000	0.000000	0.000000
-200.459717	14.769356	-123.266289	0.000000	0.000000	0.000000
-200.593552	15.856851	-123.516380	0.000000	0.000000	0.000000
-200.717636	16.946863	-123.764778	0.000000	0.000000	0.000000
-200.831940	18.039286	-124.011459	0.000000	0.000000	0.000000
-200.936417	19.134024	-124.256447	0.000000	0.000000	0.000000
-201.031052	20.230986	-124.499695	0.000000	0.000000	0.000000
-201.115784	21.330057	-124.741219	0.000000	0.000000	0.000000
-201.190598	22.431150	-124.980988	0.000000	0.000000	0.000000
-201.255478	23.534163	-125.219009	0.000000	0.000000	0.000000
-201.310349	24.638994	-125.455269	0.000000	0.000000	0.000000
-201.355225	25.745533	-125.689758	0.000000	0.000000	0.000000
-201.390060	26.853691	-125.922470	0.000000	0.000000	0.000000
-201.414825	27.963362	-126.153389	0.000000	0.000000	0.000000
-201.429504	29.074438	-126.382515	0.000000	0.000000	0.000000
-201.434067	30.186829	-126.609825	0.000000	0.000000	0.000000
-201.428497	31.300413	-126.835327	0.000000	0.000000	0.000000
-201.412750	32.415104	-127.058990	0.000000	0.000000	0.000000
-201.386826	33.530792	-127.280830	0.000000	0.000000	0.000000
-201.350708	34.647369	-127.500824	0.000000	0.000000	0.000000
-201.304367	35.764732	-127.718971	0.000000	0.000000	0.000000
-201.247787	36.882782	-127.935242	0.000000	0.000000	-0.341593
-201.180954	38.001419	-128.149658	0.000000	0.000000	-0.341593
-201.103851	39.120518	-128.362183	0.000000	0.000000	-0.341593
-201.016464	40.239990	-128.572845	0.000000	0.000000	-0.341593
-200.918777	41.359726	-128.781601	0.000000	0.000000	0.000000
-200.810776	42.479618	-128.988449	0.000000	0.000000	0.000000
-200.692459	43.599560	-129.193390	0.000000	0.000000	0.000000
-200.563828	44.719448	-129.396423	0.000000	0.000000	0.000000
-200.424850	45.839176	-129.597504	0.000000	0.000000	0.000000
-200.275528	46.958633	-129.796677	0.000000	0.000000	0.000000
-200.115860	48.077717	-129.993881	0.000000	0.000000	0.000000
-199.945831	49.196316	-130.189163	0.000000	0.000000	0.000000
-199.765457	50.314331	-130.382477	0.000000	0.000000	0.000000
-199.574722	51.431648	-130.573807	0.000000	0.000000	0.000000
-199.373627	52.548168	-130.763184	0.000000	0.000000	0.000000
-199.162170	53.663773	-130.950577	0.000000	0.000000	0.000000
-198.940353	54.778366	-131.135971	0.000000	0.000000	0.000000
-198.708176	55.891830	-131.319382	0.000000	0.000000	0.000000
-198.465652	57.004063	-131.500793	0.000000	0.000000	0.000000
-198.212784	58.114964	-131.680191	0.000000	0.000000	0.000000
-197.949570	59.224415	-131.857574	0.000000	0.000000	0.000000
-197.676041	60.332317	-132.032913	0.000000	0.000000	0.000000
-197.392166	61.438557	-132.206238	0.000000	0.000000	0.000000
-197.097992	62.543026	-132.377533	0.000000	0.000000	0.000000
-196.793503	63.645622	-132.546768	0.000000	0.000000	0.000000
-196.478729	64.746239	-132.713959	0.000000	0.000000	0.000000
-196.153687	65.844772	-132.879089	0.000000	0.000000	0.000000
-195.818359	66.941109	-133.042160	0.000000	0.000000	0.000000
-195.472809	68.035133	-133.203156	0.000000	0.000000	0.000000
-195.117020	69.126762	-133.362076	0.000000	0.000000	0.000000
-194.751022	70.215858	-133.518921	0.000000	0.000000	0.000000
-194.374817	71.302353	-133.673660	0.000000	0.000000	0.000000
-193.988464	72.386108	-133.826324	0.000000	0.000000	-0.541593
-193.591949	73.467033	-133.976868	0.000000	0.000000	-0.541593
-193.185303	74.545029	-134.125320	0.000000	0.000000	-0.541593
-192.768570	75.619965	-134.271652	0.000000	0.000000	0.000000
-192.341751	76.691765	-134.415863	0.000000	0.000000	0.000000
-191.904877	77.760300	-134.557938	0.000000	0.000000	0.000000
-191.457993	78.825470	-134.697906	0.000000	0.000000	0.000000
-191.001099	79.887192	-134.835724	0.000000	0.000000	0.000000
-190.534271	80.945335	-134.971390	0.000000	0.000000	0.000000
-190.057480	81.999817	-135.104935	0.000000	0.000000	0.000000
-189.570816	83.050507	-135.236313	0.000000	0.000000	0.000000
-189.074280	84.097321	-135.365524	0.000000	0.000000	0.000000
-188.567902	85.140160	-135.492584	0.000000	0.000000	0.000000
-188.051743	86.178917	-135.617477	0.000000	0.000000	0.000000
-187.525818	87.213470	-135.740204	0.000000	0.000000	0.000000
-186.990189	88.243744	-135.860748	0.000000	0.000000	0.000000
-186.444870	89.269630	-135.979111	0.000000	0.000000	0.000000
-185.889908	90.291023	-136.095276	0.000000	0.000000	0.000000
-185.325363	91.307831	-136.209259	0.000000	0.000000	0.000000
-184.751251	92.319931	-136.321045	0.000000	0.000000	0.000000
-184.167648	93.327248	-136.430634	0.000000	0.000000	0.000000
-183.574570	94.329666	-136.538025	0.000000	0.000000	0.000000
-182.972061	95.327103	-136.643188	0.000000	0.000000	0.000000
-182.360199	96.319450	-136.746155	0.000000	0.000000	0.000000
-181.739014	97.306602	-136.846909	0.000000	0.000000	0.000000
-181.108551	98.288475	-136.945419	0.000000	0.000000	0.000000
-180.468872	99.264969	-137.041718	0.000000	0.000000	0.000000
-179.820023	100.235977	-137.135788	0.000000	0.000000	0.000000
-179.162048	101.201431	-137.227631	0.000000	0.000000	0.000000
-178.495010	102.161201	-137.317230	0.000000	0.000000	0.000000
-177.818970	103.115219	-137.404602	0.000000	0.000000	0.000000
-177.133987	104.063377	-137.489716	0.000000	0.000000	0.000000
-176.440094	105.005592	-137.572601	0.000000	0.000000	-0.741593
-175.737381	105.941757	-137.653214	0.000000	0.000000	-0.741593
-175.025864	106.871796	-137.731583	0.000000	0.000000	0.000000
-174.305649	107.795601	-137.807709	0.000000	0.000000	0.000000
-173.576782	108.713081	-137.881561	0.000000	0.000000	0.000000
-172.839310	109.624176	-137.953156	0.000000	0.000000	0.000000
-172.093323	110.528763	-138.022491	0.000000	0.000000	0.000000
-171.338867	111.426765	-138.089554	0.000000	0.000000	0.000000
-170.576004	112.318092	-138.154343	0.000000	0.000000	0.000000
-169.804810	113.202667	-138.216858	0.000000	0.000000	0.000000
-169.025360	114.080383	-138.277115	0.000000	0.000000	0.000000
-168.237701	114.951180	-138.335083	0.000000	0.000000	0.000000
-167.441910	115.814957	-138.390778	0.000000	0.000000	0.000000
-166.638062	116.671623	-138.444183	0.000000	0.000000	0.000000
-165.826233	117.521118	-138.495300	0.000000	0.000000	0.000000
-165.006500	118.363327	-138.544144	0.000000	0.000000	0.000000
-164.178894	119.198196	-138.590698	0.000000	0.000000	0.000000
-163.343552	120.025627	-138.634949	0.000000	0.000000	0.000000
-162.500504	120.845558	-138.676910	0.000000	0.000000	0.000000
-161.649826	121.657890	-138.716599	0.000000	0.000000	0.000000
-160.791626	122.462547	-138.753983	0.000000	0.000000	0.000000
-159.925964	123.259460	-138.789062	0.000000	0.000000	0.000000
-159.052902	124.048546	-138.821854	0.000000	0.000000	0.000000
-158.172546	124.829735	-138.852341	0.000000	0.000000	0.000000
-157.284958	125.602943	-138.880524	0.000000	0.000000	0.000000
-156.390228	126.368103	-138.906418	0.000000	0.000000	0.000000
-155.488449	127.125137	-138.929993	0.000000	0.000000	0.000000
-154.579681	127.873970	-138.951279	0.000000	0.000000	0.000000
-153.664001	128.614532	-138.970261	0.000000	0.000000	0.000000
-152.741531	129.346771	-138.986938	0.000000	0.000000	0.000000
-151.812317	130.070587	-139.001297	0.000000	0.000000	0.000000
-150.876465	130.785934	-139.013367	0.000000	0.000000	-0.941593
-149.934082	131.492722	-139.023117	0.000000	0.000000	-0.941593
-148.985199	132.190903	-139.030563	0.000000	0.000000	0.000000
-148.029953	132.880417	-139.035721	0.000000	0.000000	0.000000
-147.068405	133.561172	-139.038544	0.000000	0.000000	0.000000
-146.100662	134.233124	-139.039078	0.000000	0.000000	0.000000
-145.324005	134.763397	-139.036942	0.000000	0.000000	0.000000
-145.005768	134.979736	-139.031693	0.000000	0.000000	0.000000
-144.687042	135.195435	-139.024124	0.000000	0.000000	0.000000
-144.367813	135.410507	-139.014252	0.000000	0.000000	0.000000
-144.048050	135.624969	-139.002075	0.000000	0.000000	0.000000
-143.727783	135.838806	-138.987579	0.000000	0.000000	0.000000
-143.406952	136.052032	-138.970795	0.000000	0.000000	0.000000
-143.085571	136.264648	-138.951706	0.000000	0.000000	0.000000
-142.763626	136.476669	-138.930298	0.000000	0.000000	0.000000
-142.441086	136.688110	-138.906601	0.000000	0.000000	0.000000
-142.117950	136.898956	-138.880600	0.000000	0.000000	0.000000
-141.794189	137.109238	-138.852295	0.000000	0.000000	0.000000
-141.469818	137.318924	-138.821686	0.000000	0.000000	-0.941593
-141.144791	137.528046	-138.788788	0.000000	0.000000	-0.941593
-140.819107	137.736603	-138.753586	0.000000	0.000000	-0.941593
-140.492737	137.944595	-138.716095	0.000000	0.000000	-0.941593
-140.165695	138.152039	-138.676300	0.000000	0.000000	-0.941593
-139.837936	138.358917	-138.634216	0.000000	0.000000	-0.941593
-139.509460	138.565247	-138.589828	0.000000	0.000000	-0.941593
-139.180252	138.771027	-138.543167	0.000000	0.000000	-0.941593
-138.850296	138.976257	-138.494217	0.000000	0.000000	-0.941593
-138.519562	139.180939	-138.442978	0.000000	0.000000	-0.941593
-138.188049	139.385071	-138.389465	0.000000	0.000000	-0.941593
-137.855743	139.588669	-138.333649	0.000000	0.000000	-0.941593
-137.522614	139.791718	-138.275574	0.000000	0.000000	-0.941593
-137.188660	139.994232	-138.215210	0.000000	0.000000	-0.941593
-136.853867	140.196198	-138.152573	0.000000	0.000000	-0.941593
-136.518188	140.397629	-138.087662	0.000000	0.000000	-0.941593
-136.181656	140.598511	-138.020477	0.000000	0.000000	-0.941593
-135.844208	140.798843	-137.951035	0.000000	0.000000	-0.941593
-135.505844	140.998642	-137.879333	0.000000	0.000000	-0.941593
-135.166565	141.197891	-137.805344	0.000000	0.000000	-0.941593
-134.826340	141.396591	-137.729126	0.000000	0.000000	-0.941593
-134.485153	141.594757	-137.650635	0.000000	0.000000	-0.941593
-134.142975	141.792343	-137.569901	0.000000	0.000000	-0.941593
-133.799820	141.989395	-137.486908	0.000000	0.000000	-0.941593
-133.455643	142.185867	-137.401672	0.000000	0.000000	-0.941593
-133.110443	142.381790	-137.314194	0.000000	0.000000	-0.941593
-132.764191	142.577148	-137.224487	0.000000	0.000000	-0.941593
-132.416885	142.771927	-137.132523	0.000000	0.000000	-0.941593
-132.068497	142.966125	-137.038345	0.000000	0.000000	-0.941593
-131.719025	143.159760	-136.941940	0.000000	0.000000	-0.941593
-131.368423	143.352798	-136.843307	0.000000	0.000000	-0.941593
-131.016708	143.545242	-136.742432	0.000000	0.000000	-0.941593
-130.663849	143.737076	-136.639374	0.000000	0.000000	-0.941593
-130.309814	143.928314	-136.534073	0.000000	0.000000	-0.941593
-129.954620	144.118942	-136.426590	0.000000	0.000000	-0.941593
-129.598221	144.308960	-136.316879	0.000000	0.000000	-0.941593
-129.240616	144.498337	-136.204987	0.000000	0.000000	-0.941593
-128.881790	144.687073	-136.090881	0.000000	0.000000	-0.941593
-128.521713	144.875168	-135.974594	0.000000	0.000000	-0.941593
-128.160385	145.062622	-135.856125	0.000000	0.000000	-0.941593
-127.797768	145.249405	-135.735474	0.000000	0.000000	-0.941593
-127.433868	145.435516	-135.612656	0.000000	0.000000	-0.941593
-127.068665	145.620956	-135.487640	0.000000	0.000000	-0.941593
-126.702141	145.805695	-135.360474	0.000000	0.000000	-0.941593
-126.334274	145.989731	-135.231140	0.000000	0.000000	-0.941593
-125.965050	146.173065	-135.099640	0.000000	0.000000	-0.941593
-125.594460	146.355667	-134.966003	0.000000	0.000000	-0.941593
-125.222481	146.537537	-134.830215	0.000000	0.000000	-0.941593
-124.849106	146.718658	-134.692291	0.000000	0.000000	-0.941593
-124.474312	146.899017	-134.552216	0.000000	0.000000	-0.941593
-124.098083	147.078613	-134.410034	0.000000	0.000000	-0.941593
-123.720413	147.257416	-134.265717	0.000000	0.000000	-0.941593
-123.341278	147.435425	-134.119278	0.000000	0.000000	-0.941593
-122.960670	147.612625	-133.970718	0.000000	0.000000	-0.941593
-122.578568	147.788986	-133.820053	0.000000	0.000000	-0.941593
-122.194969	147.964523	-133.667297	0.000000	0.000000	-0.941593
-121.809845	148.139191	-133.512436	0.000000	0.000000	-0.941593
-121.423187	148.313004	-133.355499	0.000000	0.000000	-0.941593
-121.034981	148.485916	-133.196472	0.000000	0.000000	-0.941593
-120.645210	148.657944	-133.035370	0.000000	0.000000	-0.941593
-120.253868	148.829041	-132.872192	0.000000	0.000000	-0.941593
-119.860939	148.999222	-132.706955	0.000000	0.000000	-0.941593
-119.466408	149.168442	-132.539658	0.000000	0.000000	-0.941593
-119.070259	149.336685	-132.370316	0.000000	0.000000	-0.941593
-118.672478	149.503967	-132.198914	0.000000	0.000000	-0.941593
-118.273064	149.670227	-132.025482	0.000000	0.000000	-0.941593
-117.871994	149.835480	-131.850021	0.000000	0.000000	-0.941593
-117.469261	149.999695	-131.672546	0.000000	0.000000	-0.941593
-117.064850	150.162857	-131.493042	0.000000	0.000000	-0.941593
-116.658752	150.324936	-131.311539	0.000000	0.000000	-0.941593
-116.250946	150.485916	-131.128036	0.000000	0.000000	-0.941593
-115.841431	150.645798	-130.942520	0.000000	0.000000	-0.941593
-115.430199	150.804535	-130.755035	0.000000	0.000000	-0.941593
-115.017227	150.962112	-130.565552	0.000000	0.000000	-0.941593
-114.602509	151.118530	-130.374100	0.000000	0.000000	-0.941593
-114.186035	151.273758	-130.180695	0.000000	0.000000	-0.941593
-113.767799	151.427750	-129.985321	0.000000	0.000000	-0.941593
-113.347786	151.580521	-129.788010	0.000000	0.000000	-0.941593
-112.925987	151.732025	-129.588745	0.000000	0.000000	-0.941593
-112.502396	151.882263	-129.387543	0.000000	0.000000	-0.941593
-112.076996	152.031189	-129.184433	0.000000	0.000000	-0.941593
-111.649788	152.178787	-128.979385	0.000000	0.000000	-0.941593
-111.220757	152.325043	-128.772430	0.000000	0.000000	-0.941593
-110.789894	152.469940	-128.563583	0.000000	0.000000	-0.941593
-110.357201	152.613434	-128.352829	0.000000	0.000000	-0.941593
-109.922661	152.755508	-128.140198	0.000000	0.000000	-0.941593
-109.486267	152.896149	-127.925690	0.000000	0.000000	-0.941593
-109.048012	153.035324	-127.709305	0.000000	0.000000	-0.941593
-108.607887	153.173004	-127.491074	0.000000	0.000000	-0.941593
-108.165901	153.309189	-127.270988	0.000000	0.000000	-0.941593
-107.722023	153.443817	-127.049042	0.000000	0.000000	-0.941593
-107.276268	153.576904	-126.825287	0.000000	0.000000	-0.941593
-106.828621	153.708389	-126.599693	0.000000	0.000000	-0.941593
-106.379082	153.838272	-126.372284	0.000000	0.000000	-0.941593
-105.927635	153.966507	-126.143074	0.000000	0.000000	-0.941593
-105.474289	154.093079	-125.912056	0.000000	0.000000	-0.941593
-105.019035	154.217972	-125.679245	0.000000	0.000000	-0.941593
-104.561859	154.341141	-125.444664	0.000000	0.000000	-0.941593
-104.102776	154.462585	-125.208313	0.000000	0.000000	-0.941593
-103.641769	154.582245	-124.970200	0.000000	0.000000	-0.941593
-103.178841	154.700104	-124.730331	0.000000	0.000000	-0.941593
-102.713989	154.816162	-124.488724	0.000000	0.000000	-0.941593
-102.247208	154.930359	-124.245377	0.000000	0.000000	-0.941593
-101.778503	155.042679	-124.000320	0.000000	0.000000	-0.941593
-101.307861	155.153091	-123.753540	0.000000	0.000000	-0.941593
-100.835289	155.261581	-123.505058	0.000000	0.000000	-0.941593
-100.360786	155.368103	-123.254875	0.000000	0.000000	-0.941593
-99.884354	155.472641	-123.003014	0.000000	0.000000	-0.941593
-99.405991	155.575165	-122.749474	0.000000	0.000000	-0.941593
-98.925690	155.675644	-122.494278	0.000000	0.000000	-0.941593
-98.443459	155.774048	-122.237427	0.000000	0.000000	-0.941593
-97.959305	155.870361	-121.978935	0.000000	0.000000	-0.941593
-97.473221	155.964539	-121.718803	0.000000	0.000000	-0.941593
-96.985207	156.056549	-121.457047	0.000000	0.000000	-0.941593
-96.495277	156.146378	-121.193672	0.000000	0.000000	-0.941593
-96.003418	156.233994	-120.928696	0.000000	0.000000	-0.941593
-95.509644	156.319366	-120.662140	0.000000	0.000000	-0.941593
-95.013962	156.402451	-120.393982	0.000000	0.000000	-0.941593
-94.516365	156.483246	-120.124268	0.000000	0.000000	-0.941593
-94.016869	156.561691	-119.852989	0.000000	0.000000	-0.941593
-93.515465	156.637787	-119.580154	0.000000	0.000000	-0.941593
-93.012169	156.711472	-119.305801	0.000000	0.000000	-0.941593
-92.506981	156.782745	-119.029900	0.000000	0.000000	-0.941593
-91.999916	156.851562	-118.752495	0.000000	0.000000	-0.941593
-91.490974	156.917892	-118.473572	0.000000	0.000000	-0.941593
-90.980156	156.981720	-118.193153	0.000000	0.000000	-0.941593
-90.467484	157.042984	-117.911247	0.000000	0.000000	-0.941593
-89.952950	157.101685	-117.627876	0.000000	0.000000	-0.941593
-89.436569	157.157791	-117.343040	0.000000	0.000000	-0.941593
-88.918358	157.211243	-117.056763	0.000000	0.000000	-0.741593
-88.398308	157.262054	-116.769043	0.000000	0.000000	-0.741593
-87.876442	157.310150	-116.479881	0.000000	0.000000	-0.741593
-87.352768	157.355530	-116.189316	0.000000	0.000000	-0.741593
-86.827293	157.398148	-115.897331	0.000000	0.000000	-0.741593
-86.300034	157.437988	-115.603966	0.000000	0.000000	-0.741593
-85.770996	157.474991	-115.309219	0.000000	0.000000	-0.741593
-85.240189	157.509171	-115.013092	0.000000	0.000000	-0.741593
-84.707626	157.540466	-114.715607	0.000000	0.000000	-0.741593
-84.173332	157.568848	-114.416786	0.000000	0.000000	-0.741593
-83.637299	157.594284	-114.116615	0.000000	0.000000	-0.741593
-83.099556	157.616760	-113.815132	0.000000	0.000000	-0.741593
-82.560112	157.636230	-113.512337	0.000000	0.000000	-0.741593
-82.018982	157.652679	-113.208244	0.000000	0.000000	-0.741593
-81.476181	157.666061	-112.902847	0.000000	0.000000	-0.741593
-80.931717	157.676361	-112.596199	0.000000	0.000000	-0.741593
-80.385612	157.683533	-112.288261	0.000000	0.000000	-0.741593
-79.837891	157.687546	-111.979095	0.000000	0.000000	-0.741593
-79.288551	157.688385	-111.668671	0.000000	0.000000	-0.741593
-78.737625	157.686020	-111.357033	0.000000	0.000000	-0.741593
-78.185120	157.680405	-111.044182	0.000000	0.000000	-0.741593
-77.631058	157.671509	-110.730118	0.000000	0.000000	-0.741593
-77.075462	157.659317	-110.414871	0.000000	0.000000	-0.741593
-76.518341	157.643799	-110.098450	0.000000	0.000000	-0.741593
-75.959717	157.624924	-109.780846	0.000000	0.000000	-0.741593
-75.399612	157.602661	-109.462112	0.000000	0.000000	-0.741593
-74.838051	157.576965	-109.142235	0.000000	0.000000	-0.741593
-74.275040	157.547821	-108.821220	0.000000	0.000000	-0.741593
-73.710625	157.515198	-108.499100	0.000000	0.000000	-0.741593
-73.144798	157.479080	-108.175873	0.000000	0.000000	-0.741593
-72.577591	157.439407	-107.851555	0.000000	0.000000	-0.741593
-72.009033	157.396179	-107.526161	0.000000	0.000000	-0.741593
-71.439148	157.349365	-107.199715	0.000000	0.000000	-0.741593
-70.867943	157.298904	-106.872208	0.000000	0.000000	-0.741593
-70.295456	157.244812	-106.543655	0.000000	0.000000	-0.741593
-69.721710	157.187027	-106.214096	0.000000	0.000000	-0.741593
-69.146721	157.125549	-105.883522	0.000000	0.000000	-0.741593
-68.570518	157.060318	-105.551941	0.000000	0.000000	-0.741593
-67.993134	156.991333	-105.219376	0.000000	0.000000	-0.741593
-67.414581	156.918564	-104.885841	0.000000	0.000000	-0.741593
-66.834900	156.841949	-104.551353	0.000000	0.000000	-0.741593
-66.254105	156.761520	-104.215919	0.000000	0.000000	-0.741593
-65.672218	156.677200	-103.879539	0.000000	0.000000	-0.741593
-65.089287	156.588974	-103.542252	0.000000	0.000000	-0.741593
-64.505325	156.496841	-103.204056	0.000000	0.000000	-0.741593
-63.920361	156.400742	-102.864967	0.000000	0.000000	-0.741593
-63.334427	156.300659	-102.524994	0.000000	0.000000	-0.741593
-62.747551	156.196594	-102.184158	0.000000	0.000000	-0.741593
-62.159763	156.088470	-101.842476	0.000000	0.000000	-0.741593
-61.571091	155.976303	-101.499947	0.000000	0.000000	-0.741593
-60.981564	155.860062	-101.156593	0.000000	0.000000	-0.741593
-60.391220	155.739700	-100.812431	0.000000	0.000000	-0.741593
-59.800083	155.615219	-100.467476	0.000000	0.000000	-0.741593
-59.208187	155.486588	-100.121727	0.000000	0.000000	-0.741593
-58.615559	155.353760	-99.775208	0.000000	0.000000	-0.741593
-58.022236	155.216736	-99.427933	0.000000	0.000000	-0.741593
-57.428253	155.075485	-99.079918	0.000000	0.000000	-0.741593
-56.833637	154.929977	-98.731163	0.000000	0.000000	-0.741593
-56.238430	154.780212	-98.381699	0.000000	0.000000	-0.741593
-55.642651	154.626129	-98.031540	0.000000	0.000000	-0.741593
-55.046349	154.467743	-97.680679	0.000000	0.000000	-0.741593
-54.449551	154.305008	-97.329155	0.000000	0.000000	-0.741593
-53.852299	154.137924	-96.976959	0.000000	0.000000	-0.741593
-53.254616	153.966446	-96.624123	0.000000	0.000000	-0.741593
-52.656548	153.790558	-96.270660	0.000000	0.000000	-0.741593
-52.058132	153.610245	-95.916573	0.000000	0.000000	-0.741593
-51.459393	153.425491	-95.561867	0.000000	0.000000	-0.741593
-50.860374	153.236267	-95.206589	0.000000	0.000000	-0.741593
-50.261116	153.042557	-94.850723	0.000000	0.000000	-0.741593
-49.661655	152.844330	-94.494301	0.000000	0.000000	-0.741593
-49.062023	152.641602	-94.137329	0.000000	0.000000	-0.741593
-48.462265	152.434311	-93.779823	0.000000	0.000000	-0.741593
-47.862419	152.222458	-93.421799	0.000000	0.000000	-0.741593
-47.262516	152.006027	-93.063255	0.000000	0.000000	-0.741593
-46.662605	151.784988	-92.704231	0.000000	0.000000	-0.941593
-46.062717	151.559341	-92.344719	0.000000	0.000000	-0.941593
-45.462898	151.329071	-91.984756	0.000000	0.000000	-0.941593
-44.863190	151.094147	-91.624336	0.000000	0.000000	-0.941593
-44.263626	150.854553	-91.263474	0.000000	0.000000	-0.941593
-43.664246	150.610275	-90.902199	0.000000	0.000000	-0.941593
-43.065102	150.361298	-90.540520	0.000000	0.000000	-0.941593
-42.466228	150.107620	-90.178444	0.000000	0.000000	-0.941593
-41.867664	149.849213	-89.815987	0.000000	0.000000	-0.941593
-41.269455	149.586060	-89.453171	0.000000	0.000000	-0.941593
-40.671638	149.318161	-89.090004	0.000000	0.000000	-0.941593
-40.074268	149.045486	-88.726501	0.000000	0.000000	-0.941593
-39.477379	148.768036	-88.362679	0.000000	0.000000	-0.941593
-38.881008	148.485794	-87.998543	0.000000	0.000000	-0.941593
-38.285213	148.198746	-87.634117	0.000000	0.000000	-0.941593
-37.690029	147.906876	-87.269417	0.000000	0.000000	-0.941593
-37.095497	147.610184	-86.904449	0.000000	0.000000	-0.941593
-36.501667	147.308655	-86.539238	0.000000	0.000000	-0.941593
-35.908581	147.002289	-86.173790	0.000000	0.000000	-0.941593
-35.316288	146.691055	-85.808121	0.000000	0.000000	-0.941593
-34.724827	146.374954	-85.442238	0.000000	0.000000	-0.941593
-34.134243	146.053970	-85.076180	0.000000	0.000000	-0.941593
-33.544582	145.728119	-84.709930	0.000000	0.000000	-0.941593
-32.955894	145.397369	-84.343529	0.000000	0.000000	-0.941593
-32.368221	145.061707	-83.976967	0.000000	0.000000	-0.941593
-31.781612	144.721161	-83.610283	0.000000	0.000000	-0.941593
-31.196106	144.375687	-83.243469	0.000000	0.000000	-0.941593
-30.611759	144.025299	-82.876556	0.000000	0.000000	-0.941593
-30.028612	143.669983	-82.509560	0.000000	0.000000	-0.941593
-29.446709	143.309738	-82.142479	0.000000	0.000000	-0.941593
-28.866104	142.944565	-81.775337	0.000000	0.000000	-0.941593
-28.286842	142.574448	-81.408150	0.000000	0.000000	-0.941593
-27.708975	142.199387	-81.040939	0.000000	0.000000	-0.941593
-27.132538	141.819397	-80.673698	0.000000	0.000000	-0.941593
-26.557585	141.434448	-80.306458	0.000000	0.000000	-0.941593
-25.984169	141.044556	-79.939232	0.000000	0.000000	-0.941593
-25.412331	140.649704	-79.572029	0.000000	0.000000	-0.941593
-24.842123	140.249908	-79.204872	0.000000	0.000000	-0.941593
-24.273592	139.845169	-78.837761	0.000000	0.000000	-0.941593
-23.706785	139.435471	-78.470726	0.000000	0.000000	-0.941593
-23.141754	139.020828	-78.103767	0.000000	0.000000	-0.941593
-22.578541	138.601227	-77.736916	0.000000	0.000000	-0.941593
-22.017208	138.176682	-77.370171	0.000000	0.000000	-0.941593
-21.457790	137.747192	-77.003555	0.000000	0.000000	-0.941593
-20.900343	137.312759	-76.637085	0.000000	0.000000	-0.941593
-20.344915	136.873383	-76.270767	0.000000	0.000000	-0.941593
-19.791552	136.429077	-75.904617	0.000000	0.000000	-0.941593
-19.240309	135.979843	-75.538658	0.000000	0.000000	-0.941593
-18.691235	135.525681	-75.172890	0.000000	0.000000	-0.941593
-18.144371	135.066589	-74.807343	0.000000	0.000000	-0.941593
-17.599773	134.602585	-74.442024	0.000000	0.000000	-0.941593
-17.057501	134.133682	-74.076942	0.000000	0.000000	-0.941593
-16.517580	133.659866	-73.712128	0.000000	0.000000	-0.941593
-15.980080	133.181168	-73.347572	0.000000	0.000000	-0.941593
-15.445043	132.697571	-72.983315	0.000000	0.000000	-0.941593
-14.912524	132.209122	-72.619354	0.000000	0.000000	-0.941593
-14.382562	131.715775	-72.255707	0.000000	0.000000	-0.941593
-13.855217	131.217590	-71.892387	0.000000	0.000000	-0.941593
-13.330538	130.714554	-71.529411	0.000000	0.000000	-0.941593
-12.808567	130.206680	-71.166794	0.000000	0.000000	-0.941593
-12.289360	129.693970	-70.804550	0.000000	0.000000	-0.941593
-11.772969	129.176468	-70.442688	0.000000	0.000000	-0.941593
-11.259435	128.654160	-70.081238	0.000000	0.000000	-0.941593
-10.748824	128.127060	-69.720192	0.000000	0.000000	-0.941593
-10.241169	127.595184	-69.359573	0.000000	0.000000	-0.941593
-9.736519	127.058556	-68.999405	0.000000	0.000000	-0.941593
-9.234943	126.517181	-68.639687	0.000000	0.000000	-0.941593
-8.736468	125.971077	-68.280457	0.000000	0.000000	-1.141593
-8.241166	125.420265	-67.921692	0.000000	0.000000	-1.141593
-7.749063	124.864754	-67.563446	0.000000	0.000000	-1.141593
-7.260228	124.304565	-67.205704	0.000000	0.000000	-1.141593
-6.774701	123.739716	-66.848488	0.000000	0.000000	-1.141593
-6.292531	123.170227	-66.491821	0.000000	0.000000	-1.141593
-5.813765	122.596107	-66.135712	0.000000	0.000000	-1.141593
-5.338467	122.017387	-65.780159	0.000000	0.000000	-1.141593
-4.866664	121.434082	-65.425209	0.000000	0.000000	-1.141593
-4.398426	120.846207	-65.070854	0.000000	0.000000	-1.141593
-3.933789	120.253799	-64.717110	0.000000	0.000000	-1.141593
-3.472804	119.656860	-64.363983	0.000000	0.000000	-1.141593
-3.015520	119.055428	-64.011513	0.000000	0.000000	-1.141593
-2.561989	118.449516	-63.659687	0.000000	0.000000	-1.141593
-2.112250	117.839149	-63.308537	0.000000	0.000000	-1.141593
-1.666366	117.224358	-62.958057	0.000000	0.000000	-1.141593
-1.224373	116.605164	-62.608280	0.000000	0.000000	-1.141593
-0.786324	115.981583	-62.259216	0.000000	0.000000	-1.141593
-0.352265	115.353653	-61.910870	0.000000	0.000000	-1.141593
0.077757	114.721390	-61.563271	0.000000	0.000000	-1.141593
0.503697	114.084831	-61.216419	0.000000	0.000000	-1.141593
0.925502	113.443993	-60.870331	0.000000	0.000000	-1.141593
1.343125	112.798912	-60.525017	0.000000	0.000000	-1.141593
1.756525	112.149605	-60.180504	0.000000	0.000000	-1.141593
2.165643	111.496109	-59.836784	0.000000	0.000000	-1.141593
2.570452	110.838463	-59.493889	0.000000	0.000000	-1.141593
2.970891	110.176682	-59.151829	0.000000	0.000000	-1.141593
3.366920	109.510796	-58.810616	0.000000	0.000000	-1.141593
3.758496	108.840843	-58.470268	0.000000	0.000000	-1.141593
4.145558	108.166855	-58.130783	0.000000	0.000000	-1.141593
4.528085	107.488861	-57.792194	0.000000	0.000000	-1.141593
4.906013	106.806892	-57.454502	0.000000	0.000000	-1.141593
5.279303	106.120987	-57.117722	0.000000	0.000000	-1.141593
5.647910	105.431175	-56.781868	0.000000	0.000000	-1.141593
6.011789	104.737495	-56.446953	0.000000	0.000000	-1.141593
6.370899	104.039978	-56.112988	0.000000	0.000000	-1.141593
6.725197	103.338654	-55.779995	0.000000	0.000000	-1.141593
7.074635	102.633568	-55.447983	0.000000	0.000000	-1.141593
7.419176	101.924751	-55.116966	0.000000	0.000000	-1.141593
7.758779	101.212234	-54.786953	0.000000	0.000000	-1.141593
8.093388	100.496071	-54.457954	0.000000	0.000000	-1.141593
8.422974	99.776291	-54.129986	0.000000	0.000000	-1.141593
8.747483	99.052925	-53.803066	0.000000	0.000000	-1.141593
9.066892	98.326027	-53.477203	0.000000	0.000000	-1.141593
9.381142	97.595627	-53.152409	0.000000	0.000000	-1.141593
9.690201	96.861755	-52.828701	0.000000	0.000000	-1.141593
9.994025	96.124474	-52.506088	0.000000	0.000000	-1.141593
10.292576	95.383804	-52.184582	0.000000	0.000000	-1.141593
10.585816	94.639801	-51.864201	0.000000	0.000000	-1.141593
10.873705	93.892502	-51.544956	0.000000	0.000000	-1.141593
11.156201	93.141945	-51.226856	0.000000	0.000000	-1.141593
11.433266	92.388176	-50.909912	0.000000	0.000000	-1.141593
11.704861	91.631241	-50.594143	0.000000	0.000000	-1.341593
11.970951	90.871178	-50.279556	0.000000	0.000000	-1.341593
12.231493	90.108032	-49.966160	0.000000	0.000000	-1.341593
12.486465	89.341850	-49.653984	0.000000	0.000000	-1.341593
12.735807	88.572685	-49.343021	0.000000	0.000000	-1.341593
12.979501	87.800568	-49.033295	0.000000	0.000000	-1.341593
13.217509	87.025551	-48.724823	0.000000	0.000000	-1.341593
13.449784	86.247681	-48.417595	0.000000	0.000000	-1.341593
13.676305	85.467003	-48.111645	0.000000	0.000000	-1.341593
13.897029	84.683563	-47.806980	0.000000	0.000000	-1.341593
14.111925	83.897415	-47.503605	0.000000	0.000000	-1.341593
