12.553638	109.110756	54.655087	0	0	-0.98006658	0.19866933
12.341868	109.289505	54.650127	0	0	-0.98006658	0.19866933
13.134332	108.852531	54.651379	0	0	-0.54030229	0.84147099
13.489037	108.666321	54.646149	0	0	-0.54030229	0.84147099
13.670257	108.564148	54.607716	0	0	-0.54030229	0.84147099
10.276124	109.975945	54.645126	0	0	-0.36235775	0.93203909
15.433290	108.792801	54.589268	0	0	-0.54030229	0.84147099
15.739409	108.780968	54.703457	0	0	-0.54030229	0.84147099
16.222015	108.804642	54.898888	0	0	-0.54030229	0.84147099
16.935606	108.541855	55.147861	0	0	-0.54030229	0.84147099
19.408909	105.687737	55.599636	0	0	-0.69670669	0.71735611
19.873011	106.702888	53.685234	0	0	-0.62160997	0.7833269
19.742908	109.200996	57.700962	0	0	-0.99500417	0.099833397
20.479101	114.513390	53.074890	0	0	-0.69670669	0.71735611
22.852510	121.881386	51.382099	0	0	-0.98006658	0.19866933
18.949373	128.358582	46.202511	0	0	-0.98006658	0.19866933
20.318369	131.491882	45.110603	0	0	-0.69670669	0.71735611
-0.404509	118.372078	33.467163	0	0	-0.76484218	0.64421769
26.849716	130.966125	25.083817	0	0	-0.45359611	0.89120736
-35.922554	96.121605	54.655087	0	0	-0.62160997	0.7833269
-35.981426	96.341316	54.650127	0	0	-0.54030229	0.84147099
-35.819099	95.735497	54.651379	0	0	-0.62160997	0.7833269
-35.748787	95.473091	54.646149	0	0	-0.62160997	0.7833269
-35.711102	95.332451	54.607716	0	0	-0.62160997	0.7833269
-35.650166	95.105026	54.589268	0	0	-0.62160997	0.7833269
-35.626701	95.017456	54.703457	0	0	-0.62160997	0.7833269
-35.600292	94.918892	54.898888	0	0	-0.62160997	0.7833269
-36.291416	97.498215	54.645126	0	0	-0.69670669	0.71735611
-35.486794	94.495316	55.147861	0	0	-0.62160997	0.7833269
-35.463524	94.408478	57.700962	0	0	-0.69670669	0.71735611
-36.742306	99.180962	53.074890	0	0	-0.62160997	0.7833269
-34.830284	92.045189	53.685234	0	0	-0.62160997	0.7833269
-34.607586	91.214066	55.599636	0	0	-0.62160997	0.7833269
-38.425316	105.462036	51.382099	0	0	-0.62160997	0.7833269
-7.468185	139.522156	15.453088	0	0	-0.36235775	0.93203909
-40.306076	112.481133	46.202511	0	0	-0.54030229	0.84147099
-40.997696	115.062286	45.110603	0	0	-0.62160997	0.7833269
-39.105915	108.002068	33.467163	0	0	-0.69670669	0.71735611
-40.428741	112.938911	25.083817	0	0	-0.62160997	0.7833269
-55.717312	40.839809	54.655087	0	0	-0.36235775	0.93203909
-55.912571	41.035065	54.650127	0	0	-0.36235775	0.93203909
-55.297852	40.420345	54.651379	0	0	-0.36235775	0.93203909
-55.027397	40.149891	54.646149	0	0	-0.36235775	0.93203909
-54.885700	40.008194	54.607716	0	0	-0.36235775	0.93203909
-57.288666	42.411160	54.645126	0	0	-0.36235775	0.93203909
-54.118507	39.241001	54.589268	0	0	-0.36235775	0.93203909
-54.455898	39.578392	53.074890	0	0	-0.26749883	0.96355818
-53.959530	39.082024	54.703457	0	0	-0.36235775	0.93203909
-53.730064	38.852558	54.898888	0	0	-0.36235775	0.93203909
-53.241879	38.364372	55.147861	0	0	-0.36235775	0.93203909
-56.953190	42.075684	51.382099	0	0	-0.54030229	0.84147099
-52.167797	37.290291	57.700962	0	0	-0.54030229	0.84147099
-50.853695	35.976189	53.685234	0	0	-0.36235775	0.93203909
-50.578167	35.700661	55.599636	0	0	-0.26749883	0.96355818
-62.143356	47.265850	46.202511	0	0	-0.54030229	0.84147099
-63.025505	48.147999	45.110603	0	0	-0.26749883	0.96355818
-66.827042	51.949539	33.467163	0	0	-0.54030229	0.84147099
-59.496956	44.619450	25.083817	0	0	-0.36235775	0.93203909
-28.089006	-1.170646	48.303093	0	0	-0.16996714	0.98544973
-28.149906	-1.154328	48.409443	0	0	0	1
-27.929754	-1.213318	48.024982	0	0	0	1
-27.829372	-1.240215	47.849678	0	0	-0.16996714	0.98544973
-27.762476	-1.258140	47.732857	0	0	-0.16996714	0.98544973
-27.641136	-1.290653	47.520950	0	0	-0.36235775	0.93203909
-28.693621	-1.008641	49.358963	0	0	-0.16996714	0.98544973
-27.341764	-1.370869	46.998142	0	0	-0.16996714	0.98544973
-27.315104	-1.378013	46.951588	0	0	0	1
-27.282356	-1.386787	46.894398	0	0	0	1
-27.197630	-1.409490	46.746433	0	0	-0.16996714	0.98544973
-26.603411	-1.568710	45.708717	0	0	-0.070737201	0.99749499
-25.847757	-1.771187	44.389080	0	0	0.029199523	0.9995736
-25.745646	-1.798548	44.210758	0	0	-0.16996714	0.98544973
-25.033651	-1.989326	42.967365	0	0	-0.45359611	0.89120736
-24.207094	-2.210802	41.523899	0	0	-0.36235775	0.93203909
-23.615984	-2.369189	40.491611	0	0	0.029199523	0.9995736
-32.144699	-0.083927	33.467163	0	0	-0.36235775	0.93203909
-13.511509	-5.076675	22.845629	0	0	-0.070737201	0.99749499
-10.013369	-6.855756	16.078247	0	0	0	1
-10.013369	-6.855756	16.078247	0	0	0	1
-10.013369	-6.855756	16.078247	0	0	0	1
-10.013369	-6.855756	16.078247	0	0	0	1
-10.013369	-6.855756	16.078247	0	0	0	1
-10.013369	-6.855756	16.078247	0	0	0	1
-10.013369	-6.855756	16.078247	0	0	0	1
-10.013369	-6.855756	16.078247	0	0	0	1
-10.013369	-6.855756	16.078247	0	0	0	1
-10.013369	-6.855756	16.078247	0	0	0	1
-10.013369	-6.855756	16.078247	0	0	0	1
-10.013369	-6.855756	16.078247	0	0	0	1
-10.013369	-6.855756	16.078247	0	0	0	1
-10.013369	-6.855756	16.078247	0	0	0	1
-10.013369	-6.855756	16.078247	0	0	0	1
-10.013369	-6.855756	16.078247	0	0	0	1
-10.013369	-6.855756	16.078247	0	0	0	1
-10.013369	-6.855756	16.078247	0	0	0	1
-10.013369	-6.855756	16.078247	0	0	0	1
-121.314522	191.852005	15.248270	0	0	-0.070737201	0.99749499
-211.952484	139.522156	9.153400	0	0	0.1288445	0.99166481
-161.830643	-47.535076	9.153400	0	0	0.50484609	0.86320938
-234.809174	54.219852	9.153400	0	0	0.32328956	0.94630009
