-10.260297	-0.941348	52.115891	0	0	-0.62160997	0.7833269
-10.183671	-0.946719	52.118034	0	0	0.99913515	0.041580682
-10.108039	-0.956520	52.122017	0	0	-0.62160997	0.7833269
-10.064810	-0.942085	52.108776	0	0	-0.62160997	0.7833269
-10.201336	-0.706240	52.089363	0	0	0.97095818	0.23924928
-10.267963	-0.697090	52.085953	0	0	-0.62160997	0.7833269
-10.179655	-1.199014	52.122112	0	0	0.99913515	0.041580682
-10.150310	-1.206888	52.110638	0	0	-0.62160997	0.7833269
-10.096238	-1.179276	52.096001	0	0	-0.62160997	0.7833269
-10.058969	-1.186767	52.083221	0	0	-0.62160997	0.7833269
-10.000079	-1.172309	52.069485	0	0	0.97095818	0.23924928
-10.113028	-1.459970	52.080349	0	0	0.99913515	0.041580682
-10.046559	-1.447142	52.054329	0	0	-0.62160997	0.7833269
-9.994672	-1.477243	52.029423	0	0	0.98999249	0.14112005
-9.915621	-1.485764	52.000729	0	0	-0.62160997	0.7833269
-10.015729	-1.827538	51.998505	0	0	0.99913515	0.041580682
-9.927428	-1.871277	51.960464	0	0	-0.62160997	0.7833269
-9.812667	-1.914141	51.920723	0	0	0.98999249	0.14112005
-9.686959	-2.010587	51.882751	0	0	-0.62160997	0.7833269
-9.503369	-2.100440	51.862156	0	0	-0.62160997	0.7833269
-9.442655	-2.591164	51.853577	0	0	-0.62160997	0.7833269
-9.104014	-2.841840	52.053188	0	0	-0.62160997	0.7833269
-8.981027	-3.153872	51.986866	0	0	0.98999249	0.14112005
-7.561477	-1.979208	51.244091	0	0	-0.62160997	0.7833269
-8.513943	-3.487868	51.775913	0	0	0.99913515	0.041580682
-8.446488	-3.782508	51.927349	0	0	-0.99500417	0.099833397
-13.754054	2.552408	52.115891	0	0	-0.95533648	0.29552023
-13.776099	2.530363	52.083221	0	0	-0.95533648	0.29552023
-13.718426	2.588036	52.118034	0	0	-0.87758258	0.4794255
-13.739425	2.567037	52.069485	0	0	-0.87758258	0.4794255
-13.790988	2.515474	52.096001	0	0	-0.95533648	0.29552023
-13.685511	2.620952	52.122017	0	0	-0.95533648	0.29552023
-13.831830	2.474632	52.110638	0	0	-0.95533648	0.29552023
-13.842566	2.463897	52.122112	0	0	-0.87758258	0.4794255
-13.656678	2.649784	52.108776	0	0	-0.95533648	0.29552023
-13.635757	2.670704	52.085953	0	0	-0.95533648	0.29552023
-13.853924	2.452538	52.000729	0	0	-0.95533648	0.29552023
-13.607018	2.699444	52.089363	0	0	-0.87758258	0.4794255
-13.889188	2.417274	52.029423	0	0	-0.87758258	0.4794255
-13.900082	2.406380	52.054329	0	0	-0.95533648	0.29552023
-13.939730	2.366732	52.080349	0	0	-0.87758258	0.4794255
-13.955135	2.351327	51.862156	0	0	-0.98006658	0.19866933
-14.016635	2.289827	51.920723	0	0	-0.87758258	0.4794255
-14.002005	2.304458	51.882751	0	0	-0.98006658	0.19866933
-14.052584	2.253879	51.960464	0	0	-0.98006658	0.19866933
-14.074864	2.231598	51.998505	0	0	-0.87758258	0.4794255
-14.126159	2.180304	52.053188	0	0	-0.98006658	0.19866933
-14.170140	2.136322	51.853577	0	0	-0.98006658	0.19866933
-14.154137	2.152326	51.775913	0	0	-0.87758258	0.4794255
-14.220680	2.085782	51.986866	0	0	-0.87758258	0.4794255
-14.267729	2.038733	51.927349	0	0	-0.95533648	0.29552023
-12.923574	3.382888	51.244091	0	0	-0.99500417	0.099833397
-12.593219	3.713244	49.047813	0	0	-0.92106097	0.38941839
-5.426383	-3.453591	49.047813	0	0	0.94222235	0.33498812
-7.811161	-4.634490	56.878387	0	0	-0.69670669	0.71735611
-14.890820	1.415643	56.490158	0	0	-0.92106097	0.38941839
-14.376057	1.930405	56.878387	0	0	-0.54030229	0.84147099
-11.243497	-0.114872	45.182770	0	0	0.97095818	0.23924928
-12.894092	0.838099	45.349518	0	0	-0.54030229	0.84147099
-14.181227	2.125235	45.349518	0	0	-0.54030229	0.84147099
-12.740157	-10.355284	51.399021	0	0	0.99913515	0.041580682
-12.807945	-8.328403	45.173626	0	0	-0.95533648	0.29552023
-13.563195	-11.214568	52.134548	0	0	0	1
-4.352642	-6.811254	59.524498	0	0	-0.92106097	0.38941839
-20.849796	-4.543334	51.326672	0	0	-0.98006658	0.19866933
-14.223999	-9.424591	45.293716	0	0	0.94222235	0.33498812
-12.576199	3.730264	63.247936	0	0	-0.95533648	0.29552023
-20.631941	-4.325480	43.575432	0	0	-0.54030229	0.84147099
-8.361501	7.944961	63.090820	0	0	-0.98006658	0.19866933
-4.167973	0.986949	36.568604	0	0	-0.69670669	0.71735611
-26.689972	3.460970	52.115891	0	0	-0.82533563	0.56464246
-26.686182	3.475116	52.118034	0	0	-0.76484218	0.64421769
-26.683565	3.484879	52.122017	0	0	-0.82533563	0.56464246
-26.677061	3.509154	52.108776	0	0	-0.82533563	0.56464246
-26.730282	3.310535	52.069485	0	0	-0.76484218	0.64421769
-26.737841	3.282323	52.083221	0	0	-0.82533563	0.56464246
-26.738464	3.279995	52.096001	0	0	-0.82533563	0.56464246
-26.748989	3.240715	52.110638	0	0	-0.82533563	0.56464246
-26.748987	3.240725	52.122112	0	0	-0.76484218	0.64421769
-26.629421	3.686949	52.085953	0	0	-0.82533563	0.56464246
-26.627245	3.695070	52.089363	0	0	-0.76484218	0.64421769
-26.802103	3.042492	52.054329	0	0	-0.82533563	0.56464246
-26.802988	3.039192	52.000729	0	0	-0.82533563	0.56464246
-26.806152	3.027380	52.029423	0	0	-0.76484218	0.64421769
-26.809763	3.013906	52.080349	0	0	-0.76484218	0.64421769
-26.895136	2.695286	51.998505	0	0	-0.76484218	0.64421769
-26.900156	2.676552	51.960464	0	0	-0.82533563	0.56464246
-26.903185	2.665250	51.920723	0	0	-0.76484218	0.64421769
-26.918877	2.606691	51.882751	0	0	-0.82533563	0.56464246
-26.768650	3.167338	51.244091	0	0	-0.87758258	0.4794255
-20.934685	-4.628222	39.362267	0	0	-0.82533563	0.56464246
-26.929041	2.568755	51.862156	0	0	-0.82533563	0.56464246
-0.968539	-6.245011	65.390991	0	0	0.90407214	0.42737988
-27.047655	2.126081	51.853577	0	0	-0.82533563	0.56464246
-27.087639	1.976857	52.053188	0	0	-0.82533563	0.56464246
-27.157408	1.716475	51.986866	0	0	-0.76484218	0.64421769
-27.209620	1.521623	51.775913	0	0	-0.76484218	0.64421769
-27.278761	1.263584	51.927349	0	0	-0.76484218	0.64421769
-26.994223	2.325494	49.047813	0	0	-0.82533563	0.56464246
-27.449198	0.627505	56.878387	0	0	-0.36235775	0.93203909
-5.518734	-10.129704	66.862625	0	0	-0.98006658	0.19866933
-5.518734	-10.129704	66.862625	0	0	-0.99500417	0.099833397
-5.518734	-10.129704	66.862625	0	0	-0.92106097	0.38941839
-5.518734	-10.129704	66.862625	0	0	-0.87758258	0.4794255
-5.518734	-10.129704	66.862625	0	0	0.97095818	0.23924928
-5.518734	-10.129704	66.862625	0	0	0.94222235	0.33498812
-5.518734	-10.129704	66.862625	0	-0	-1	-4.371139e-08
-5.518734	-10.129704	66.862625	0	0	-0.95533648	0.29552023
-5.518734	-10.129704	66.862625	0	0	0.98999249	0.14112005
-5.518734	-10.129704	66.862625	0	0	-0.76484218	0.64421769
-5.518734	-10.129704	66.862625	0	0	0.90407214	0.42737988
-25.869942	6.521366	46.183270	0	0	-0.62160997	0.7833269
-26.421541	4.462769	45.349518	0	0	-0.36235775	0.93203909
-10.721887	5.584576	34.000313	0	0	0.99913515	0.041580682
3.958446	-2.586396	65.438950	0	0	0	1
-2.457936	-8.586427	69.078697	0	0	0.90407214	0.42737988
-29.620859	-7.477246	51.206654	0	0	-0.82533563	0.56464246
-27.556355	0.227590	63.090820	0	0	-0.87758258	0.4794255
-29.497681	-7.017540	56.461121	0	0	-0.76484218	0.64421769
-28.678122	-3.958904	63.247936	0	0	-0.87758258	0.4794255
0.219887	-7.236247	71.017487	0	0	0.90407214	0.42737988
-29.802248	-8.154202	43.469017	0	0	-0.82533563	0.56464246
1.971287	18.277750	46.183270	0	0	-0.95533648	0.29552023
1.369274	-6.656718	71.849663	0	0	-0.87758258	0.4794255
-5.947276	2.279935	28.717285	0	0	-0.69670669	0.71735611
-33.944767	-7.287583	52.115891	0	0	-0.62160997	0.7833269
-33.938293	-7.311751	52.118034	0	0	-0.62160997	0.7833269
-33.931488	-7.337142	52.108776	0	0	-0.62160997	0.7833269
-33.930775	-7.339803	52.122017	0	0	-0.62160997	0.7833269
-33.999596	-7.082964	52.089363	0	0	-0.62160997	0.7833269
-34.006348	-7.057771	52.085953	0	0	-0.62160997	0.7833269
-33.874950	-7.548149	52.122112	0	0	-0.62160997	0.7833269
-33.874298	-7.550588	52.096001	0	0	-0.62160997	0.7833269
-33.871017	-7.562832	52.110638	0	0	-0.62160997	0.7833269
-33.869926	-7.566895	52.083221	0	0	-0.62160997	0.7833269
-33.869598	-7.568127	52.069485	0	0	-0.62160997	0.7833269
-33.805248	-7.808282	52.080349	0	0	-0.54030229	0.84147099
-33.804001	-7.812930	52.054329	0	0	-0.62160997	0.7833269
-33.793003	-7.853986	52.029423	0	0	-0.54030229	0.84147099
-33.785576	-7.881699	52.000729	0	0	-0.62160997	0.7833269
-33.706837	-8.175551	51.998505	0	0	-0.54030229	0.84147099
-33.689987	-8.238436	51.960464	0	0	-0.62160997	0.7833269
-33.671585	-8.307118	51.920723	0	0	-0.54030229	0.84147099
-33.639053	-8.428532	51.882751	0	0	-0.62160997	0.7833269
-33.604290	-8.558262	51.862156	0	0	-0.62160997	0.7833269
-33.477543	-9.031293	51.853577	0	0	-0.62160997	0.7833269
-33.504517	-8.930625	51.244091	0	0	-0.69670669	0.71735611
-33.392189	-9.349837	52.053188	0	0	-0.62160997	0.7833269
-33.305943	-9.671714	51.986866	0	0	-0.54030229	0.84147099
-33.191154	-10.100107	51.775913	0	0	-0.62160997	0.7833269
-33.112976	-10.391873	51.927349	0	0	-0.62160997	0.7833269
2.554405	-6.059165	72.707718	0	0	0.99913515	0.041580682
-33.051033	-10.623047	50.327076	0	0	-0.69670669	0.71735611
-33.186382	-10.117926	54.732517	0	0	-0.69670669	0.71735611
-33.011471	-10.770702	49.039295	0	0	-0.62160997	0.7833269
-27.339359	1.037426	34.000313	0	0	-0.95533648	0.29552023
-29.917175	-8.583115	38.566521	0	0	-0.69670669	0.71735611
-33.246822	-9.892361	56.699795	0	0	-0.69670669	0.71735611
-34.566063	-4.968887	45.349518	0	0	-0.82533563	0.56464246
-23.956625	13.661962	35.757252	0	0	-0.54030229	0.84147099
-32.877670	-11.270045	44.684250	0	0	-0.69670669	0.71735611
-33.401062	-9.316726	61.720226	0	0	-0.69670669	0.71735611
-33.401863	-9.313733	61.746323	0	0	-0.69670669	0.71735611
-32.811665	-11.516379	42.535835	0	0	-0.69670669	0.71735611
-11.033700	5.272763	25.968729	0	0	-0.62160997	0.7833269
14.845671	9.962016	52.168045	0	0	-0.99500417	0.099833397
5.646016	-4.500351	74.946091	0	0	0.94222235	0.33498812
-36.743900	-10.464437	50.096264	0	0	-0.62160997	0.7833269
-36.743908	-10.464430	50.096325	0	0	-0.62160997	0.7833269
-36.743019	-10.465320	50.088852	0	0	-0.54030229	0.84147099
-36.743259	-10.465080	50.090866	0	0	-0.54030229	0.84147099
-36.742302	-10.466037	50.082832	0	0	-0.62160997	0.7833269
-36.740372	-10.467966	50.066624	0	0	-0.62160997	0.7833269
-36.739956	-10.468382	50.063137	0	0	-0.54030229	0.84147099
-36.738117	-10.470223	50.047672	0	0	-0.62160997	0.7833269
-36.736057	-10.472283	50.030376	0	0	-0.62160997	0.7833269
-36.733959	-10.474380	50.012768	0	0	-0.62160997	0.7833269
-36.731754	-10.476583	49.994263	0	0	-0.54030229	0.84147099
-36.730606	-10.477735	49.984596	0	0	-0.54030229	0.84147099
-36.726852	-10.481486	49.953083	0	0	-0.62160997	0.7833269
-36.722839	-10.485501	49.919369	0	0	-0.54030229	0.84147099
-36.718307	-10.490031	49.881325	0	0	-0.62160997	0.7833269
-36.714718	-10.493621	49.851181	0	0	-0.54030229	0.84147099
-36.708492	-10.499846	49.798901	0	0	-0.62160997	0.7833269
-36.701717	-10.506622	49.742001	0	0	-0.54030229	0.84147099
-36.694492	-10.513846	49.681332	0	0	-0.62160997	0.7833269
-36.694256	-10.514082	49.679352	0	0	-0.62160997	0.7833269
-36.688103	-10.520237	49.627663	0	0	-0.62160997	0.7833269
-36.680817	-10.527524	49.566467	0	0	-0.54030229	0.84147099
-36.679504	-10.528834	49.555466	0	0	-0.62160997	0.7833269
-36.657887	-10.550454	49.373901	0	0	-0.62160997	0.7833269
-36.645344	-10.562997	49.268570	0	0	-0.62160997	0.7833269
-36.869133	-10.339205	51.147945	0	0	-0.69670669	0.71735611
-36.591431	-10.616910	48.815823	0	0	-0.69670669	0.71735611
-36.498127	-10.710213	48.032280	0	0	-0.69670669	0.71735611
-37.124763	-10.083574	53.294693	0	0	-0.54030229	0.84147099
-36.287342	-10.920996	46.262154	0	0	-0.62160997	0.7833269
-37.210678	-9.997661	54.016182	0	0	-0.69670669	0.71735611
-36.021248	-11.187093	44.027515	0	0	-0.69670669	0.71735611
-37.626610	-9.581728	57.509117	0	0	-0.69670669	0.71735611
-37.677086	-9.531253	57.933002	0	0	-0.69670669	0.71735611
-32.635395	-12.174237	36.798298	0	0	-0.69670669	0.71735611
3.275563	19.582026	35.757252	0	0	-0.62160997	0.7833269
12.945704	12.769444	39.508770	0	0	0.97095818	0.23924928
-35.568695	-11.639643	40.227062	0	0	-0.69670669	0.71735611
-32.601219	-12.301775	35.685970	0	0	-0.69670669	0.71735611
-35.484089	-11.724250	39.516544	0	0	-0.54030229	0.84147099
-32.557598	-12.464570	34.266144	0	0	0	1
-27.243364	1.395685	25.968729	0	0	-0.92106097	0.38941839
-35.272152	-11.936189	36.207401	0	0	-0.54030229	0.84147099
-35.068043	-12.140295	33.020527	0	0	-0.54030229	0.84147099
-35.058441	-12.149897	32.870613	0	0	-0.69670669	0.71735611
-33.234612	-9.937933	27.963697	0	0	0	1
-35.805859	-11.402481	30.868004	0	0	-0.69670669	0.71735611
-37.191818	-10.016521	27.154497	0	0	-0.45359611	0.89120736
-0.556920	10.488233	16.166973	0	0	-0.98006658	0.19866933
-38.109493	-9.098845	24.695696	0	0	0	1
-3.691036	12.615427	14.845048	0	0	-0.98006658	0.19866933
-38.274246	-8.934093	24.254263	0	0	0	1
-45.758690	-11.699306	35.193771	0	0	-0.62160997	0.7833269
-45.755463	-11.700171	35.187550	0	0	-0.62160997	0.7833269
-45.745621	-11.702808	35.168594	0	0	-0.54030229	0.84147099
-45.740005	-11.704313	35.157772	0	0	-0.54030229	0.84147099
-45.726673	-11.707886	35.132092	0	0	-0.54030229	0.84147099
-45.725246	-11.708267	35.129341	0	0	-0.62160997	0.7833269
-45.715477	-11.710885	35.110519	0	0	-0.62160997	0.7833269
-45.711685	-11.711902	35.103214	0	0	-0.62160997	0.7833269
-45.699825	-11.715080	35.080364	0	0	-0.62160997	0.7833269
-45.686466	-11.718659	35.054630	0	0	-0.62160997	0.7833269
-45.681305	-11.720042	35.044685	0	0	-0.54030229	0.84147099
-45.669430	-11.723224	35.021812	0	0	-0.54030229	0.84147099
-45.657650	-11.726380	34.999111	0	0	-0.62160997	0.7833269
-45.635082	-11.732428	34.955639	0	0	-0.54030229	0.84147099
-45.619606	-11.736574	34.925827	0	0	-0.62160997	0.7833269
-45.607410	-11.739842	34.902328	0	0	-0.54030229	0.84147099
-45.606522	-11.740080	34.900616	0	0	-0.62160997	0.7833269
-45.571178	-11.749551	34.832527	0	0	-0.62160997	0.7833269
-45.528778	-11.760912	34.750843	0	0	-0.54030229	0.84147099
-45.481800	-11.773499	34.660339	0	0	-0.62160997	0.7833269
-45.430088	-11.787355	34.560719	0	0	-0.62160997	0.7833269
-45.386448	-11.799048	34.476650	0	0	-0.62160997	0.7833269
-45.382004	-11.800240	34.468086	0	0	-0.62160997	0.7833269
-45.312099	-11.818970	34.333416	0	0	-0.54030229	0.84147099
-45.141159	-11.864774	34.004097	0	0	-0.62160997	0.7833269
-45.110775	-11.872915	33.945560	0	0	-0.62160997	0.7833269
-45.039516	-11.892009	33.808289	0	0	-0.45359611	0.89120736
-46.638248	-11.463630	36.888229	0	0	0.41614682	0.90929743
-44.781963	-11.961020	33.312107	0	0	-0.62160997	0.7833269
-46.954708	-11.378835	37.497890	0	0	-0.62160997	0.7833269
-44.135273	-12.134299	32.066269	0	0	-0.36235775	0.93203909
-44.026161	-12.163537	31.856060	0	0	-0.62160997	0.7833269
-43.680527	-12.256149	31.190199	0	0	-0.62160997	0.7833269
-43.595570	-12.278913	31.026527	0	0	0.41614682	0.90929743
-43.595570	-12.278913	31.026527	0	0	0.1288445	0.99166481
-43.595570	-12.278913	31.026527	0	0	-0.62160997	0.7833269
-43.595570	-12.278913	31.026527	0	0	-0.36235775	0.93203909
-43.595570	-12.278913	31.026527	0	0	-0.54030229	0.84147099
-43.595570	-12.278913	31.026527	0	0	-0.45359611	0.89120736
4.884628	14.414063	16.564203	0	0	-0.92106097	0.38941839
9.452016	17.130650	19.877928	0	0	0.99913515	0.041580682
-50.248882	3.040543	40.287334	0	0	0.1288445	0.99166481
5.138102	21.444565	19.877928	0	0	-0.76484218	0.64421769
-23.975006	13.593361	14.845048	0	0	-0.92106097	0.38941839
-37.142292	4.645743	19.877928	0	0	-0.54030229	0.84147099
1.151990	17.458452	15.660643	0	0	-0.87758258	0.4794255
17.833712	1.644780	83.770187	0	0	0	1
-20.851498	25.250452	19.877928	0	0	-0.76484218	0.64421769
-22.378242	19.552563	15.660643	0	0	-0.69670669	0.71735611
-35.956913	0.221836	15.660643	0	0	-0.45359611	0.89120736
-40.080395	-7.127944	19.414913	0	0	0	1
-34.963909	-3.484106	14.845048	0	0	-0.69670669	0.71735611
-40.711891	-6.496447	17.722893	0	0	0	1
-56.631783	9.423442	50.233711	0	0	-0.45359611	0.89120736
-42.694389	25.366446	25.278481	0	0	-0.76484218	0.64421769
26.065090	5.795105	89.729851	0	0	-0.87758258	0.4794255
-39.843708	14.727561	11.194540	0	0	-0.45359611	0.89120736
11.857260	28.580793	11.194540	0	0	-0.99500417	0.099833397
-42.021023	22.853403	13.851733	0	0	-0.54030229	0.84147099
-17.827841	36.534893	11.194540	0	0	-0.82533563	0.56464246
-45.441483	-1.766855	5.050540	0	0	0	1
31.125187	8.346445	93.393440	0	-0	-1	-4.371139e-08
20.519238	29.645491	5.863404	0	0	0.99913515	0.041580682
-14.298762	49.705593	13.851733	0	0	-0.62160997	0.7833269
21.946978	39.993576	13.851733	0	0	0.99913515	0.041580682
-49.575180	51.045914	53.984489	0	0	-0.76484218	0.64421769
-11.554949	59.945644	25.278481	0	0	-0.76484218	0.64421769
-40.443691	16.966726	-5.898255	0	0	-0.62160997	0.7833269
37.400997	46.827938	25.278481	0	0	0.99913515	0.041580682
33.961235	50.267700	25.278481	0	0	-0.69670669	0.71735611
16.073784	31.857430	-10.700450	0	0	-0.99500417	0.099833397
-52.523083	62.047630	40.287334	0	0	-0.36235775	0.93203909
-52.960358	63.679558	50.233711	0	0	-0.92106097	0.38941839
-18.088015	35.563911	-15.801735	0	0	-0.69670669	0.71735611
12.162684	31.139765	-17.291000	0	0	0	1
49.412258	17.566929	106.633591	0	0	0.99913515	0.041580682
51.013489	18.374283	107.792908	0	0	-0.69670669	0.71735611
31.508493	73.321617	48.681099	0	0	0.99913515	0.041580682
16.139618	82.194839	50.233711	0	0	-0.99500417	0.099833397
-4.137466	87.628067	50.233711	0	0	-0.98006658	0.19866933
35.589802	81.937164	39.842724	0	0	-0.98006658	0.19866933
-2.558543	93.520691	40.287334	0	0	-0.95533648	0.29552023
31.188713	84.478134	40.287334	0	0	-0.98006658	0.19866933
-1.800542	96.349586	53.984489	0	0	-0.87758258	0.4794255
58.849949	80.098335	53.984489	0	0	-0.95533648	0.29552023
-113.227165	6.378817	112.055634	0	0	0.50484609	0.86320938
76.549011	142.591446	98.645538	0	0	0.99913515	0.041580682
-161.316284	114.107948	112.055634	0	0	0.1288445	0.99166481
-14.676171	219.230499	108.423317	0	0	-0.26749883	0.96355818
-56.193729	219.230499	112.055634	0	0	-0.16996714	0.98544973
-92.064690	209.618912	112.055634	0	0	-0.16996714	0.98544973
