265.036835	62.643795	-3.245349	3.058407	187.062912	140.617722	-3.245349
187.062912	140.617722	-3.245349	3.058407	63.088482	116.755692	-3.245349
63.088482	116.755692	-3.245349	-0.941593	167.925720	-105.557579	7.199834
167.925720	-105.557579	7.199834	3.058407	265.036835	-24.096842	6.399664
265.036835	-24.096842	6.399664	3.058407	265.036835	62.643795	-3.245349
265.036835	62.643795	-3.245349	3.058407	265.036835	62.643795	-3.245349
265.036835	62.643795	-3.245349	3.058407	-153.343597	-148.224167	201.926758
265.036835	62.643795	-3.245349	3.058407	187.062912	140.617722	-3.245349
187.062912	140.617722	-3.245349	3.058407	63.088482	116.755692	-3.245349
63.088482	116.755692	-3.245349	-0.941593	167.925720	-105.557579	7.199834
167.925720	-105.557579	7.199834	3.058407	265.036835	-24.096842	6.399664
265.036835	-24.096842	6.399664	3.058407	265.036835	62.643795	-3.245349
265.036835	62.643795	-3.245349	3.058407	265.036835	62.643795	-3.245349
265.036835	62.643795	-3.245349	3.058407	-153.343597	-148.224167	201.926758
265.036835	62.643795	-3.245349	3.058407	187.062912	140.617722	-3.245349
187.062912	140.617722	-3.245349	3.058407	63.088482	116.755692	-3.245349
63.088482	116.755692	-3.245349	-0.941593	167.925720	-105.557579	7.199834
167.925720	-105.557579	7.199834	3.058407	265.036835	-24.096842	6.399664
265.036835	-24.096842	6.399664	3.058407	265.036835	62.643795	-3.245349
265.036835	62.643795	-3.245349	3.058407	265.036835	62.643795	-3.245349
265.036835	62.643795	-3.245349	3.058407	-153.343597	-148.224167	201.926758
265.036835	62.643795	-3.245349	3.058407	187.062912	140.617722	-3.245349
187.062912	140.617722	-3.245349	3.058407	63.088482	116.755692	-3.245349
63.088482	116.755692	-3.245349	-0.941593	167.925720	-105.557579	7.199834
167.925720	-105.557579	7.199834	3.058407	265.036835	-24.096842	6.399664
265.036835	-24.096842	6.399664	3.058407	265.036835	62.643795	-3.245349
265.036835	62.643795	-3.245349	3.058407	265.036835	62.643795	-3.245349
265.036835	62.643795	-3.245349	3.058407	-153.343597	-148.224167	201.926758
265.036835	62.643795	-3.245349	3.058407	187.062912	140.617722	-3.245349
187.062912	140.617722	-3.245349	3.058407	63.088482	116.755692	-3.245349
63.088482	116.755692	-3.245349	-0.941593	167.925720	-105.557579	7.199834
167.925720	-105.557579	7.199834	3.058407	265.036835	-24.096842	6.399664
265.036835	-24.096842	6.399664	3.058407	265.036835	62.643795	-3.245349
265.036835	62.643795	-3.245349	3.058407	265.036835	62.643795	-3.245349
265.036835	62.643795	-3.245349	3.058407	-153.343597	-148.224167	201.926758
265.036835	62.643795	-3.245349	3.058407	187.062912	140.617722	-3.245349
187.062912	140.617722	-3.245349	3.058407	63.088482	116.755692	-3.245349
63.088482	116.755692	-3.245349	-0.941593	167.925720	-105.557579	7.199834
167.925720	-105.557579	7.199834	3.058407	265.036835	-24.096842	6.399664
265.036835	-24.096842	6.399664	3.058407	265.036835	62.643795	-3.245349
265.036835	62.643795	-3.245349	3.058407	265.036835	62.643795	-3.245349
265.036835	62.643795	-3.245349	3.058407	-153.343597	-148.224167	201.926758
265.036835	62.643795	-3.245349	3.058407	187.062912	140.617722	-3.245349
187.062912	140.617722	-3.245349	3.058407	63.088482	116.755692	-3.245349
63.088482	116.755692	-3.245349	-0.941593	167.925720	-105.557579	7.199834
167.925720	-105.557579	7.199834	3.058407	265.036835	-24.096842	6.399664
265.036835	-24.096842	6.399664	3.058407	265.036835	62.643795	-3.245349
265.036835	62.643795	-3.245349	3.058407	265.036835	62.643795	-3.245349
265.036835	62.643795	-3.245349	3.058407	-153.343597	-148.224167	201.926758
265.036835	62.643795	-3.245349	3.058407	187.062912	140.617722	-3.245349
187.062912	140.617722	-3.245349	3.058407	63.088482	116.755692	-3.245349
63.088482	116.755692	-3.245349	-0.941593	167.925720	-105.557579	7.199834
167.925720	-105.557579	7.199834	3.058407	265.036835	-24.096842	6.399664
265.036835	-24.096842	6.399664	3.058407	265.036835	62.643795	-3.245349
265.036835	62.643795	-3.245349	3.058407	265.036835	62.643795	-3.245349
265.036835	62.643795	-3.245349	3.058407	-153.343597	-148.224167	201.926758
265.036835	62.643795	-3.245349	3.058407	187.062912	140.617722	-3.245349
187.062912	140.617722	-3.245349	3.058407	63.088482	116.755692	-3.245349
63.088482	116.755692	-3.245349	-0.941593	167.925720	-105.557579	7.199834
167.925720	-105.557579	7.199834	3.058407	265.036835	-24.096842	6.399664
265.036835	-24.096842	6.399664	3.058407	265.036835	62.643795	-3.245349
265.036835	62.643795	-3.245349	3.058407	265.036835	62.643795	-3.245349
265.036835	62.643795	-3.245349	3.058407	-153.343597	-148.224167	201.926758
265.036835	62.643795	-3.245349	3.058407	187.062912	140.617722	-3.245349
187.062912	140.617722	-3.245349	3.058407	63.088482	116.755692	-3.245349
63.088482	116.755692	-3.245349	-0.941593	167.925720	-105.557579	7.199834
167.925720	-105.557579	7.199834	3.058407	265.036835	-24.096842	6.399664
265.036835	-24.096842	6.399664	3.058407	265.036835	62.643795	-3.245349
265.036835	62.643795	-3.245349	3.058407	265.036835	62.643795	-3.245349
265.036835	62.643795	-3.245349	3.058407	-153.343597	-148.224167	201.926758
265.036835	62.643795	-3.245349	3.058407	187.062912	140.617722	-3.245349
187.062912	140.617722	-3.245349	3.058407	63.088482	116.755692	-3.245349
63.088482	116.755692	-3.245349	-0.941593	167.925720	-105.557579	7.199834
167.925720	-105.557579	7.199834	3.058407	265.036835	-24.096842	6.399664
265.036835	-24.096842	6.399664	3.058407	265.036835	62.643795	-3.245349
265.036835	62.643795	-3.245349	3.058407	265.036835	62.643795	-3.245349
265.036835	62.643795	-3.245349	3.058407	-153.343597	-148.224167	201.926758
265.036835	62.643795	-3.245349	3.058407	187.062912	140.617722	-3.245349
187.062912	140.617722	-3.245349	3.058407	63.088482	116.755692	-3.245349
63.088482	116.755692	-3.245349	-0.941593	167.925720	-105.557579	7.199834
167.925720	-105.557579	7.199834	3.058407	265.036835	-24.096842	6.399664
265.036835	-24.096842	6.399664	3.058407	265.036835	62.643795	-3.245349
265.036835	62.643795	-3.245349	3.058407	265.036835	62.643795	-3.245349
265.036835	62.643795	-3.245349	3.058407	-153.343597	-148.224167	201.926758
265.036835	62.643795	-3.245349	3.058407	187.062912	140.617722	-3.245349
187.062912	140.617722	-3.245349	3.058407	63.088482	116.755692	-3.245349
63.088482	116.755692	-3.245349	-0.941593	167.925720	-105.557579	7.199834
167.925720	-105.557579	7.199834	3.058407	265.036835	-24.096842	6.399664
265.036835	-24.096842	6.399664	3.058407	265.036835	62.643795	-3.245349
265.036835	62.643795	-3.245349	3.058407	265.036835	62.643795	-3.245349
265.036835	62.643795	-3.245349	3.058407	-153.343597	-148.224167	201.926758
265.036835	62.643795	-3.245349	3.058407	187.062912	140.617722	-3.245349
187.062912	140.617722	-3.245349	3.058407	63.088482	116.755692	-3.245349
63.088482	116.755692	-3.245349	-0.941593	167.925720	-105.557579	7.199834
167.925720	-105.557579	7.199834	3.058407	265.036835	-24.096842	6.399664
265.036835	-24.096842	6.399664	3.058407	265.036835	62.643795	-3.245349
265.036835	62.643795	-3.245349	3.058407	265.036835	62.643795	-3.245349
265.036835	62.643795	-3.245349	3.058407	-153.343597	-148.224167	201.926758
265.036835	62.643795	-3.245349	3.058407	187.062912	140.617722	-3.245349
187.062912	140.617722	-3.245349	3.058407	63.088482	116.755692	-3.245349
63.088482	116.755692	-3.245349	-0.941593	167.925720	-105.557579	7.199834
167.925720	-105.557579	7.199834	3.058407	265.036835	-24.096842	6.399664
265.036835	-24.096842	6.399664	3.058407	265.036835	62.643795	-3.245349
265.036835	62.643795	-3.245349	3.058407	265.036835	62.643795	-3.245349
265.036835	62.643795	-3.245349	3.058407	-153.343597	-148.224167	201.926758
265.036835	62.643795	-3.245349	3.058407	187.062912	140.617722	-3.245349
187.062912	140.617722	-3.245349	3.058407	63.088482	116.755692	-3.245349
63.088482	116.755692	-3.245349	-0.941593	167.925720	-105.557579	7.199834
167.925720	-105.557579	7.199834	3.058407	265.036835	-24.096842	6.399664
265.036835	-24.096842	6.399664	3.058407	265.036835	62.643795	-3.245349
265.036835	62.643795	-3.245349	3.058407	265.036835	62.643795	-3.245349
265.036835	62.643795	-3.245349	3.058407	-153.343597	-148.224167	201.926758
265.036835	62.643795	-3.245349	3.058407	187.062912	140.617722	-3.245349
187.062912	140.617722	-3.245349	3.058407	63.088482	116.755692	-3.245349
63.088482	116.755692	-3.245349	-0.941593	167.925720	-105.557579	7.199834
167.925720	-105.557579	7.199834	3.058407	265.036835	-24.096842	6.399664
265.036835	-24.096842	6.399664	3.058407	265.036835	62.643795	-3.245349
265.036835	62.643795	-3.245349	3.058407	265.036835	62.643795	-3.245349
265.036835	62.643795	-3.245349	3.058407	-153.343597	-148.224167	201.926758
265.036835	62.643795	-3.245349	3.058407	187.062912	140.617722	-3.245349
187.062912	140.617722	-3.245349	3.058407	63.088482	116.755692	-3.245349
63.088482	116.755692	-3.245349	-0.941593	167.925720	-105.557579	7.199834
167.925720	-105.557579	7.199834	3.058407	265.036835	-24.096842	6.399664
265.036835	-24.096842	6.399664	3.058407	265.036835	62.643795	-3.245349
265.036835	62.643795	-3.245349	3.058407	265.036835	62.643795	-3.245349
265.036835	62.643795	-3.245349	3.058407	-153.343597	-148.224167	201.926758
265.036835	62.643795	-3.245349	3.058407	187.062912	140.617722	-3.245349
187.062912	140.617722	-3.245349	3.058407	63.088482	116.755692	-3.245349
63.088482	116.755692	-3.245349	-0.941593	167.925720	-105.557579	7.199834
167.925720	-105.557579	7.199834	3.058407	265.036835	-24.096842	6.399664
265.036835	-24.096842	6.399664	3.058407	265.036835	62.643795	-3.245349
265.036835	62.643795	-3.245349	3.058407	265.036835	62.643795	-3.245349
265.036835	62.643795	-3.245349	3.058407	-153.343597	-148.224167	201.926758
265.036835	62.643795	-3.245349	3.058407	187.062912	140.617722	-3.245349
187.062912	140.617722	-3.245349	3.058407	63.088482	116.755692	-3.245349
63.088482	116.755692	-3.245349	-0.941593	167.925720	-105.557579	7.199834
167.925720	-105.557579	7.199834	3.058407	265.036835	-24.096842	6.399664
265.036835	-24.096842	6.399664	3.058407	265.036835	62.643795	-3.245349
265.036835	62.643795	-3.245349	3.058407	265.036835	62.643795	-3.245349
265.036835	62.643795	-3.245349	3.058407	-153.343597	-148.224167	201.926758
