114.596191	169.075027	-15.138917	0.000000	0.000000	-1.341593
122.902969	49.826904	-15.593942	0.000000	0.000000	3.058407
-125.972107	104.774323	-43.260262	0.000000	0.000000	0.058407
-66.900322	214.904709	-43.260262	0.000000	0.000000	-0.541593
2.847013	233.593445	-43.260262	0.000000	0.000000	-0.741593
2.847013	233.593445	-43.260262	0.000000	0.000000	-0.741593
17.696030	233.593445	-22.053669	0.000000	0.000000	-0.741593
114.596191	169.075027	-15.138917	0.000000	0.000000	-1.341593
122.902969	49.826904	-15.593942	0.000000	0.000000	3.058407
-125.972107	104.774323	-43.260262	0.000000	0.000000	0.058407
-66.900322	214.904709	-43.260262	0.000000	0.000000	-0.541593
2.847013	233.593445	-43.260262	0.000000	0.000000	-0.741593
2.847013	233.593445	-43.260262	0.000000	0.000000	-0.741593
17.696030	233.593445	-22.053669	0.000000	0.000000	-0.741593
114.596191	169.075027	-15.138917	0.000000	0.000000	-1.341593
122.902969	49.826904	-15.593942	0.000000	0.000000	3.058407
-125.972107	104.774323	-43.260262	0.000000	0.000000	0.058407
-66.900322	214.904709	-43.260262	0.000000	0.000000	-0.541593
2.847013	233.593445	-43.260262	0.000000	0.000000	-0.741593
2.847013	233.593445	-43.260262	0.000000	0.000000	-0.741593
17.696030	233.593445	-22.053669	0.000000	0.000000	-0.741593
114.596191	169.075027	-15.138917	0.000000	0.000000	-1.341593
122.902969	49.826904	-15.593942	0.000000	0.000000	3.058407
-125.972107	104.774323	-43.260262	0.000000	0.000000	0.058407
-66.900322	214.904709	-43.260262	0.000000	0.000000	-0.541593
2.847013	233.593445	-43.260262	0.000000	0.000000	-0.741593
2.847013	233.593445	-43.260262	0.000000	0.000000	-0.741593
17.696030	233.593445	-22.053669	0.000000	0.000000	-0.741593
114.596191	169.075027	-15.138917	0.000000	0.000000	-1.341593
122.902969	49.826904	-15.593942	0.000000	0.000000	3.058407
-125.972107	104.774323	-43.260262	0.000000	0.000000	0.058407
-66.900322	214.904709	-43.260262	0.000000	0.000000	-0.541593
2.847013	233.593445	-43.260262	0.000000	0.000000	-0.741593
2.847013	233.593445	-43.260262	0.000000	0.000000	-0.741593
17.696030	233.593445	-22.053669	0.000000	0.000000	-0.741593
114.596191	169.075027	-15.138917	0.000000	0.000000	-1.341593
122.902969	49.826904	-15.593942	0.000000	0.000000	3.058407
-125.972107	104.774323	-43.260262	0.000000	0.000000	0.058407
-66.900322	214.904709	-43.260262	0.000000	0.000000	-0.541593
2.847013	233.593445	-43.260262	0.000000	0.000000	-0.741593
2.847013	233.593445	-43.260262	0.000000	0.000000	-0.741593
17.696030	233.593445	-22.053669	0.000000	0.000000	-0.741593
114.596191	169.075027	-15.138917	0.000000	0.000000	-1.341593
122.902969	49.826904	-15.593942	0.000000	0.000000	3.058407
-125.972107	104.774323	-43.260262	0.000000	0.000000	0.058407
-66.900322	214.904709	-43.260262	0.000000	0.000000	-0.541593
2.847013	233.593445	-43.260262	0.000000	0.000000	-0.741593
2.847013	233.593445	-43.260262	0.000000	0.000000	-0.741593
17.696030	233.593445	-22.053669	0.000000	0.000000	-0.741593
114.596191	169.075027	-15.138917	0.000000	0.000000	-1.341593
122.902969	49.826904	-15.593942	0.000000	0.000000	3.058407
-125.972107	104.774323	-43.260262	0.000000	0.000000	0.058407
-66.900322	214.904709	-43.260262	0.000000	0.000000	-0.541593
2.847013	233.593445	-43.260262	0.000000	0.000000	-0.741593
2.847013	233.593445	-43.260262	0.000000	0.000000	-0.741593
17.696030	233.593445	-22.053669	0.000000	0.000000	-0.741593
114.596191	169.075027	-15.138917	0.000000	0.000000	-1.341593
122.902969	49.826904	-15.593942	0.000000	0.000000	3.058407
-125.972107	104.774323	-43.260262	0.000000	0.000000	0.058407
-66.900322	214.904709	-43.260262	0.000000	0.000000	-0.541593
2.847013	233.593445	-43.260262	0.000000	0.000000	-0.741593
2.847013	233.593445	-43.260262	0.000000	0.000000	-0.741593
17.696030	233.593445	-22.053669	0.000000	0.000000	-0.741593
114.596191	169.075027	-15.138917	0.000000	0.000000	-1.341593
122.902969	49.826904	-15.593942	0.000000	0.000000	3.058407
-125.972107	104.774323	-43.260262	0.000000	0.000000	0.058407
-66.900322	214.904709	-43.260262	0.000000	0.000000	-0.541593
2.847013	233.593445	-43.260262	0.000000	0.000000	-0.741593
2.847013	233.593445	-43.260262	0.000000	0.000000	-0.741593
17.696030	233.593445	-22.053669	0.000000	0.000000	-0.741593
114.596191	169.075027	-15.138917	0.000000	0.000000	-1.341593
122.902969	49.826904	-15.593942	0.000000	0.000000	3.058407
-125.972107	104.774323	-43.260262	0.000000	0.000000	0.058407
-66.900322	214.904709	-43.260262	0.000000	0.000000	-0.541593
2.847013	233.593445	-43.260262	0.000000	0.000000	-0.741593
2.847013	233.593445	-43.260262	0.000000	0.000000	-0.741593
17.696030	233.593445	-22.053669	0.000000	0.000000	-0.741593
114.596191	169.075027	-15.138917	0.000000	0.000000	-1.341593
122.902969	49.826904	-15.593942	0.000000	0.000000	3.058407
-125.972107	104.774323	-43.260262	0.000000	0.000000	0.058407
-66.900322	214.904709	-43.260262	0.000000	0.000000	-0.541593
2.847013	233.593445	-43.260262	0.000000	0.000000	-0.741593
2.847013	233.593445	-43.260262	0.000000	0.000000	-0.741593
17.696030	233.593445	-22.053669	0.000000	0.000000	-0.741593
114.596191	169.075027	-15.138917	0.000000	0.000000	-1.341593
122.902969	49.826904	-15.593942	0.000000	0.000000	3.058407
-125.972107	104.774323	-43.260262	0.000000	0.000000	0.058407
-66.900322	214.904709	-43.260262	0.000000	0.000000	-0.541593
2.847013	233.593445	-43.260262	0.000000	0.000000	-0.741593
2.847013	233.593445	-43.260262	0.000000	0.000000	-0.741593
17.696030	233.593445	-22.053669	0.000000	0.000000	-0.741593
114.596191	169.075027	-15.138917	0.000000	0.000000	-1.341593
122.902969	49.826904	-15.593942	0.000000	0.000000	3.058407
-125.972107	104.774323	-43.260262	0.000000	0.000000	0.058407
-66.900322	214.904709	-43.260262	0.000000	0.000000	-0.541593
2.847013	233.593445	-43.260262	0.000000	0.000000	-0.741593
2.847013	233.593445	-43.260262	0.000000	0.000000	-0.741593
17.696030	233.593445	-22.053669	0.000000	0.000000	-0.741593
114.596191	169.075027	-15.138917	0.000000	0.000000	-1.341593
122.902969	49.826904	-15.593942	0.000000	0.000000	3.058407
-125.972107	104.774323	-43.260262	0.000000	0.000000	0.058407
-66.900322	214.904709	-43.260262	0.000000	0.000000	-0.541593
2.847013	233.593445	-43.260262	0.000000	0.000000	-0.741593
2.847013	233.593445	-43.260262	0.000000	0.000000	-0.741593
17.696030	233.593445	-22.053669	0.000000	0.000000	-0.741593
114.596191	169.075027	-15.138917	0.000000	0.000000	-1.341593
122.902969	49.826904	-15.593942	0.000000	0.000000	3.058407
-125.972107	104.774323	-43.260262	0.000000	0.000000	0.058407
-66.900322	214.904709	-43.260262	0.000000	0.000000	-0.541593
2.847013	233.593445	-43.260262	0.000000	0.000000	-0.741593
2.847013	233.593445	-43.260262	0.000000	0.000000	-0.741593
17.696030	233.593445	-22.053669	0.000000	0.000000	-0.741593
114.596191	169.075027	-15.138917	0.000000	0.000000	-1.341593
122.902969	49.826904	-15.593942	0.000000	0.000000	3.058407
-125.972107	104.774323	-43.260262	0.000000	0.000000	0.058407
-66.900322	214.904709	-43.260262	0.000000	0.000000	-0.541593
2.847013	233.593445	-43.260262	0.000000	0.000000	-0.741593
2.847013	233.593445	-43.260262	0.000000	0.000000	-0.741593
17.696030	233.593445	-22.053669	0.000000	0.000000	-0.741593
114.596191	169.075027	-15.138917	0.000000	0.000000	-1.341593
122.902969	49.826904	-15.593942	0.000000	0.000000	3.058407
-125.972107	104.774323	-43.260262	0.000000	0.000000	0.058407
-66.900322	214.904709	-43.260262	0.000000	0.000000	-0.541593
2.847013	233.593445	-43.260262	0.000000	0.000000	-0.741593
2.847013	233.593445	-43.260262	0.000000	0.000000	-0.741593
17.696030	233.593445	-22.053669	0.000000	0.000000	-0.741593
114.596191	169.075027	-15.138917	0.000000	0.000000	-1.341593
122.902969	49.826904	-15.593942	0.000000	0.000000	3.058407
-125.972107	104.774323	-43.260262	0.000000	0.000000	0.058407
-66.900322	214.904709	-43.260262	0.000000	0.000000	-0.541593
2.847013	233.593445	-43.260262	0.000000	0.000000	-0.741593
2.847013	233.593445	-43.260262	0.000000	0.000000	-0.741593
17.696030	233.593445	-22.053669	0.000000	0.000000	-0.741593
114.596191	169.075027	-15.138917	0.000000	0.000000	-1.341593
122.902969	49.826904	-15.593942	0.000000	0.000000	3.058407
-125.972107	104.774323	-43.260262	0.000000	0.000000	0.058407
-66.900322	214.904709	-43.260262	0.000000	0.000000	-0.541593
2.847013	233.593445	-43.260262	0.000000	0.000000	-0.741593
2.847013	233.593445	-43.260262	0.000000	0.000000	-0.741593
17.696030	233.593445	-22.053669	0.000000	0.000000	-0.741593
