-42.439697	-128.822586	66.597351	0.000000	0.000000	1.858407
-158.328903	-90.607819	66.597351	0.000000	0.000000	1.258407
-186.759720	15.497437	66.597351	0.000000	0.000000	0.858407
-186.759720	15.497437	66.597351	0.000000	0.000000	0.858407
-186.759720	15.497437	66.597351	0.000000	0.000000	0.858407
-145.828186	86.392921	59.435261	0.000000	0.000000	0.458407
-23.684959	109.648697	50.123016	0.000000	0.000000	-0.141593
-42.439697	-128.822586	66.597351	0.000000	0.000000	1.858407
-158.328903	-90.607819	66.597351	0.000000	0.000000	1.258407
-186.759720	15.497437	66.597351	0.000000	0.000000	0.858407
-186.759720	15.497437	66.597351	0.000000	0.000000	0.858407
-186.759720	15.497437	66.597351	0.000000	0.000000	0.858407
-145.828186	86.392921	59.435261	0.000000	0.000000	0.458407
-23.684959	109.648697	50.123016	0.000000	0.000000	-0.141593
-42.439697	-128.822586	66.597351	0.000000	0.000000	1.858407
-158.328903	-90.607819	66.597351	0.000000	0.000000	1.258407
-186.759720	15.497437	66.597351	0.000000	0.000000	0.858407
-186.759720	15.497437	66.597351	0.000000	0.000000	0.858407
-186.759720	15.497437	66.597351	0.000000	0.000000	0.858407
-145.828186	86.392921	59.435261	0.000000	0.000000	0.458407
-23.684959	109.648697	50.123016	0.000000	0.000000	-0.141593
-42.439697	-128.822586	66.597351	0.000000	0.000000	1.858407
-158.328903	-90.607819	66.597351	0.000000	0.000000	1.258407
-186.759720	15.497437	66.597351	0.000000	0.000000	0.858407
-186.759720	15.497437	66.597351	0.000000	0.000000	0.858407
-186.759720	15.497437	66.597351	0.000000	0.000000	0.858407
-145.828186	86.392921	59.435261	0.000000	0.000000	0.458407
-23.684959	109.648697	50.123016	0.000000	0.000000	-0.141593
-42.439697	-128.822586	66.597351	0.000000	0.000000	1.858407
-158.328903	-90.607819	66.597351	0.000000	0.000000	1.258407
-186.759720	15.497437	66.597351	0.000000	0.000000	0.858407
-186.759720	15.497437	66.597351	0.000000	0.000000	0.858407
-186.759720	15.497437	66.597351	0.000000	0.000000	0.858407
-145.828186	86.392921	59.435261	0.000000	0.000000	0.458407
-23.684959	109.648697	50.123016	0.000000	0.000000	-0.141593
-42.439697	-128.822586	66.597351	0.000000	0.000000	1.858407
-158.328903	-90.607819	66.597351	0.000000	0.000000	1.258407
-186.759720	15.497437	66.597351	0.000000	0.000000	0.858407
-186.759720	15.497437	66.597351	0.000000	0.000000	0.858407
-186.759720	15.497437	66.597351	0.000000	0.000000	0.858407
-145.828186	86.392921	59.435261	0.000000	0.000000	0.458407
-23.684959	109.648697	50.123016	0.000000	0.000000	-0.141593
-42.439697	-128.822586	66.597351	0.000000	0.000000	1.858407
-158.328903	-90.607819	66.597351	0.000000	0.000000	1.258407
-186.759720	15.497437	66.597351	0.000000	0.000000	0.858407
-186.759720	15.497437	66.597351	0.000000	0.000000	0.858407
-186.759720	15.497437	66.597351	0.000000	0.000000	0.858407
-145.828186	86.392921	59.435261	0.000000	0.000000	0.458407
-23.684959	109.648697	50.123016	0.000000	0.000000	-0.141593
-42.439697	-128.822586	66.597351	0.000000	0.000000	1.858407
-158.328903	-90.607819	66.597351	0.000000	0.000000	1.258407
-186.759720	15.497437	66.597351	0.000000	0.000000	0.858407
-186.759720	15.497437	66.597351	0.000000	0.000000	0.858407
-186.759720	15.497437	66.597351	0.000000	0.000000	0.858407
-145.828186	86.392921	59.435261	0.000000	0.000000	0.458407
-23.684959	109.648697	50.123016	0.000000	0.000000	-0.141593
-42.439697	-128.822586	66.597351	0.000000	0.000000	1.858407
-158.328903	-90.607819	66.597351	0.000000	0.000000	1.258407
-186.759720	15.497437	66.597351	0.000000	0.000000	0.858407
-186.759720	15.497437	66.597351	0.000000	0.000000	0.858407
-186.759720	15.497437	66.597351	0.000000	0.000000	0.858407
-145.828186	86.392921	59.435261	0.000000	0.000000	0.458407
-23.684959	109.648697	50.123016	0.000000	0.000000	-0.141593
-42.439697	-128.822586	66.597351	0.000000	0.000000	1.858407
-158.328903	-90.607819	66.597351	0.000000	0.000000	1.258407
-186.759720	15.497437	66.597351	0.000000	0.000000	0.858407
-186.759720	15.497437	66.597351	0.000000	0.000000	0.858407
-186.759720	15.497437	66.597351	0.000000	0.000000	0.858407
-145.828186	86.392921	59.435261	0.000000	0.000000	0.458407
-23.684959	109.648697	50.123016	0.000000	0.000000	-0.141593
-42.439697	-128.822586	66.597351	0.000000	0.000000	1.858407
-158.328903	-90.607819	66.597351	0.000000	0.000000	1.258407
-186.759720	15.497437	66.597351	0.000000	0.000000	0.858407
-186.759720	15.497437	66.597351	0.000000	0.000000	0.858407
-186.759720	15.497437	66.597351	0.000000	0.000000	0.858407
-145.828186	86.392921	59.435261	0.000000	0.000000	0.458407
-23.684959	109.648697	50.123016	0.000000	0.000000	-0.141593
-42.439697	-128.822586	66.597351	0.000000	0.000000	1.858407
-158.328903	-90.607819	66.597351	0.000000	0.000000	1.258407
-186.759720	15.497437	66.597351	0.000000	0.000000	0.858407
-186.759720	15.497437	66.597351	0.000000	0.000000	0.858407
-186.759720	15.497437	66.597351	0.000000	0.000000	0.858407
-145.828186	86.392921	59.435261	0.000000	0.000000	0.458407
-23.684959	109.648697	50.123016	0.000000	0.000000	-0.141593
-42.439697	-128.822586	66.597351	0.000000	0.000000	1.858407
-158.328903	-90.607819	66.597351	0.000000	0.000000	1.258407
-186.759720	15.497437	66.597351	0.000000	0.000000	0.858407
-186.759720	15.497437	66.597351	0.000000	0.000000	0.858407
-186.759720	15.497437	66.597351	0.000000	0.000000	0.858407
-145.828186	86.392921	59.435261	0.000000	0.000000	0.458407
-23.684959	109.648697	50.123016	0.000000	0.000000	-0.141593
-42.439697	-128.822586	66.597351	0.000000	0.000000	1.858407
-158.328903	-90.607819	66.597351	0.000000	0.000000	1.258407
-186.759720	15.497437	66.597351	0.000000	0.000000	0.858407
-186.759720	15.497437	66.597351	0.000000	0.000000	0.858407
-186.759720	15.497437	66.597351	0.000000	0.000000	0.858407
-145.828186	86.392921	59.435261	0.000000	0.000000	0.458407
-23.684959	109.648697	50.123016	0.000000	0.000000	-0.141593
-42.439697	-128.822586	66.597351	0.000000	0.000000	1.858407
-158.328903	-90.607819	66.597351	0.000000	0.000000	1.258407
-186.759720	15.497437	66.597351	0.000000	0.000000	0.858407
-186.759720	15.497437	66.597351	0.000000	0.000000	0.858407
-186.759720	15.497437	66.597351	0.000000	0.000000	0.858407
-145.828186	86.392921	59.435261	0.000000	0.000000	0.458407
-23.684959	109.648697	50.123016	0.000000	0.000000	-0.141593
-42.439697	-128.822586	66.597351	0.000000	0.000000	1.858407
-158.328903	-90.607819	66.597351	0.000000	0.000000	1.258407
-186.759720	15.497437	66.597351	0.000000	0.000000	0.858407
-186.759720	15.497437	66.597351	0.000000	0.000000	0.858407
-186.759720	15.497437	66.597351	0.000000	0.000000	0.858407
-145.828186	86.392921	59.435261	0.000000	0.000000	0.458407
-23.684959	109.648697	50.123016	0.000000	0.000000	-0.141593
-42.439697	-128.822586	66.597351	0.000000	0.000000	1.858407
-158.328903	-90.607819	66.597351	0.000000	0.000000	1.258407
-186.759720	15.497437	66.597351	0.000000	0.000000	0.858407
-186.759720	15.497437	66.597351	0.000000	0.000000	0.858407
-186.759720	15.497437	66.597351	0.000000	0.000000	0.858407
-145.828186	86.392921	59.435261	0.000000	0.000000	0.458407
-23.684959	109.648697	50.123016	0.000000	0.000000	-0.141593
-42.439697	-128.822586	66.597351	0.000000	0.000000	1.858407
-158.328903	-90.607819	66.597351	0.000000	0.000000	1.258407
-186.759720	15.497437	66.597351	0.000000	0.000000	0.858407
-186.759720	15.497437	66.597351	0.000000	0.000000	0.858407
-186.759720	15.497437	66.597351	0.000000	0.000000	0.858407
-145.828186	86.392921	59.435261	0.000000	0.000000	0.458407
-23.684959	109.648697	50.123016	0.000000	0.000000	-0.141593
-42.439697	-128.822586	66.597351	0.000000	0.000000	1.858407
-158.328903	-90.607819	66.597351	0.000000	0.000000	1.258407
-186.759720	15.497437	66.597351	0.000000	0.000000	0.858407
-186.759720	15.497437	66.597351	0.000000	0.000000	0.858407
-186.759720	15.497437	66.597351	0.000000	0.000000	0.858407
-145.828186	86.392921	59.435261	0.000000	0.000000	0.458407
-23.684959	109.648697	50.123016	0.000000	0.000000	-0.141593
-42.439697	-128.822586	66.597351	0.000000	0.000000	1.858407
-158.328903	-90.607819	66.597351	0.000000	0.000000	1.258407
-186.759720	15.497437	66.597351	0.000000	0.000000	0.858407
-186.759720	15.497437	66.597351	0.000000	0.000000	0.858407
-186.759720	15.497437	66.597351	0.000000	0.000000	0.858407
-145.828186	86.392921	59.435261	0.000000	0.000000	0.458407
-23.684959	109.648697	50.123016	0.000000	0.000000	-0.141593
