-95.765419	-0.922798	-19.248779	0	0	-0.36235775	0.93203909
-96.942879	-2.058892	-19.706272	0	0	0.32328956	0.94630009
-96.908852	-2.117824	-19.803453	0	0	0.32328956	0.94630009
-94.455475	0.526261	-18.530493	0	0	-0.16996714	0.98544973
-98.085075	-2.734265	-19.696617	0	0	0.32328956	0.94630009
-97.886909	-3.077502	-20.262646	0	0	0.32328956	0.94630009
-99.133636	-3.274451	-19.736155	0	0	0.32328956	0.94630009
-98.833267	-3.794711	-20.594107	0	0	0.32328956	0.94630009
-92.614944	3.072992	-17.504763	0	0	0.22720209	0.97384763
-91.480904	3.743918	-16.609520	0	0	0.22720209	0.97384763
-91.340256	5.607428	-15.991218	0	0	-0.45359611	0.89120736
-90.104462	7.875823	-14.641562	0	0	-0.45359611	0.89120736
-94.138321	8.798636	-13.317381	0	0	-0.45359611	0.89120736
-90.229424	7.909307	-13.734293	0	0	-0.45359611	0.89120736
-89.750046	9.198505	-14.641562	0	0	-0.45359611	0.89120736
-89.266426	7.651274	-11.363141	0	0	-0.45359611	0.89120736
-89.723106	9.798897	-13.734293	0	0	-0.45359611	0.89120736
-96.092796	1.370944	-4.209720	0	0	0.32328956	0.94630009
-88.549011	10.328724	-11.363141	0	0	-0.45359611	0.89120736
-99.700645	4.548766	-1.970679	0	0	-0.45359611	0.89120736
-91.707153	0.146811	1.312641	0	0	0.32328956	0.94630009
-95.765419	12.628830	0.104951	0	0	0.1288445	0.99166481
-96.908852	12.087568	0.483947	0	0	-0.16996714	0.98544973
-94.455475	13.263680	-0.339575	0	0	0.1288445	0.99166481
-97.886909	11.659363	0.783780	0	0	-0.16996714	0.98544973
-98.833267	11.333845	1.011710	0	0	-0.16996714	0.98544973
-92.614944	14.490625	-1.198692	0	0	-0.16996714	0.98544973
-94.138321	16.365164	-2.511258	0	0	-0.070737201	0.99749499
-91.480904	14.520198	-1.219398	0	0	-0.16996714	0.98544973
-91.340256	15.480124	-1.891546	0	0	0.029199523	0.9995736
-99.700645	8.182253	3.218478	0	0	-0.45359611	0.89120736
-96.092796	7.101907	3.974945	0	0	0.32328956	0.94630009
-89.750046	17.255642	-3.134778	0	0	0.22720209	0.97384763
-89.723106	17.232235	-3.118387	0	0	-0.16996714	0.98544973
-88.549011	16.473677	-2.587239	0	0	-0.54030229	0.84147099
-91.707153	3.685842	6.366899	0	0	0.32328956	0.94630009
-105.433350	-2.118732	11.627003	0	0	0.32328956	0.94630009
-86.651550	-34.936218	-19.248779	0	0	0.1288445	0.99166481
-88.017143	-35.302132	-19.803453	0	0	0.1288445	0.99166481
-85.067093	-34.511665	-18.530493	0	0	0.1288445	0.99166481
-89.169601	-35.610931	-20.262646	0	0	0.1288445	0.99166481
-90.231865	-35.895565	-20.594107	0	0	0.1288445	0.99166481
-82.713173	-33.880936	-17.504763	0	0	0.1288445	0.99166481
-81.487366	-33.552483	-16.609520	0	0	0.1288445	0.99166481
-80.890259	-33.392487	-15.991218	0	0	0.22720209	0.97384763
-82.703087	-33.878235	-13.317381	0	0	0.1288445	0.99166481
-78.508804	-32.754379	-14.641562	0	0	0.22720209	0.97384763
-78.333572	-32.707424	-13.734293	0	0	0.22720209	0.97384763
-119.573380	-5.643729	9.070358	0	0	-0.45359611	0.89120736
-77.105667	-32.378410	-11.363141	0	0	0.32328956	0.94630009
-86.383568	-34.864414	-4.209720	0	0	-0.16996714	0.98544973
-119.573380	-3.844604	11.639774	0	0	-0.45359611	0.89120736
-88.955276	-35.553501	-1.970679	0	0	0.32328956	0.94630009
-82.597733	-33.850002	1.312641	0	0	0.32328956	0.94630009
-104.419357	-7.188666	21.735411	0	0	-0.45359611	0.89120736
-82.544983	5.850267	20.693295	0	0	-0.54030229	0.84147099
-82.172821	7.242981	20.681618	0	0	-0.54030229	0.84147099
-104.465431	-18.569061	22.177338	0	0	-0.36235775	0.93203909
-95.970833	-37.433315	11.627003	0	0	-0.26749883	0.96355818
-77.172791	31.280581	14.428910	0	0	-0.16996714	0.98544973
-77.283684	31.344608	14.428910	0	0	-0.16996714	0.98544973
-77.043915	31.206175	14.428910	0	0	-0.16996714	0.98544973
-77.512901	31.476946	14.428910	0	0	-0.36235775	0.93203909
-76.817795	31.075623	14.428910	0	0	-0.16996714	0.98544973
-76.681587	30.996986	14.428910	0	0	-0.16996714	0.98544973
-76.632530	30.968664	14.428910	0	0	-0.26749883	0.96355818
-76.540161	30.915335	14.428910	0	0	-0.36235775	0.93203909
-77.830894	31.660538	14.428910	0	0	-0.36235775	0.93203909
-78.230095	31.891020	14.428910	0	0	-0.36235775	0.93203909
-75.980148	30.592012	14.428910	0	0	-0.26749883	0.96355818
-78.411545	31.995775	14.428910	0	0	-0.45359611	0.89120736
-74.592239	29.790701	14.428910	0	0	0.1288445	0.99166481
-80.161972	33.006386	14.428910	0	0	-0.16996714	0.98544973
-82.493462	34.352474	14.428910	0	0	-0.16996714	0.98544973
-83.905884	35.167934	14.428910	0	0	-0.62160997	0.7833269
-110.044907	-41.204453	9.070358	0	0	0.50484609	0.86320938
-75.874161	30.865009	17.736975	0	0	-0.36235775	0.93203909
-73.144768	29.274796	17.594460	0	0	-0.69670669	0.71735611
-92.984535	40.409496	14.428910	0	0	-0.16996714	0.98544973
-72.029648	-31.018293	19.309908	0	0	-0.26749883	0.96355818
-99.232758	-38.307343	21.469698	0	0	-0.26749883	0.96355818
-92.188202	61.504879	1.357923	0	0	0.029199523	0.9995736
-45.845490	-51.348644	-18.719849	0	0	0.41614682	0.90929743
-46.829750	-52.332905	-19.661293	0	0	0.41614682	0.90929743
-44.663273	-50.166428	-17.589056	0	0	0.41614682	0.90929743
-47.730629	-53.233784	-20.262646	0	0	0.41614682	0.90929743
-48.562408	-54.065567	-20.594107	0	0	0.41614682	0.90929743
-42.821568	-48.324726	-15.827464	0	0	0.41614682	0.90929743
-41.908581	-47.411736	-14.954188	0	0	0.32328956	0.94630009
-41.018131	-46.521286	-14.102472	0	0	0.41614682	0.90929743
-40.005856	-45.509014	-13.134232	0	0	0.41614682	0.90929743
-38.797729	-44.300884	-11.978656	0	0	0.41614682	0.90929743
-38.284801	-43.787956	-11.488039	0	0	0.41614682	0.90929743
-44.609348	-50.112507	-4.209720	0	0	0.32328956	0.94630009
-36.922165	-42.425320	-10.184677	0	0	0.41614682	0.90929743
-44.824364	-50.327518	-1.970679	0	0	0.41614682	0.90929743
-43.028591	-48.531746	1.312641	0	0	0.32328956	0.94630009
-51.024464	-56.527618	11.627003	0	0	0.1288445	0.99166481
-59.856976	-65.360130	9.070358	0	0	0.58850112	0.8084964
-34.872288	-40.375443	16.092861	0	0	0	1
-58.918724	-64.421875	17.758722	0	0	-0.070737201	0.99749499
-146.879562	64.804405	-36.428780	0	0	0.1288445	0.99166481
-14.688676	-37.127895	1.431732	0	0	0.50484609	0.86320938
-15.012837	-38.337685	0.584629	0	0	0.58850112	0.8084964
-14.293634	-35.653580	2.464057	0	0	0.50484609	0.86320938
-15.277560	-39.325642	-0.107147	0	0	0.58850112	0.8084964
-15.483893	-40.095684	-0.646338	0	0	0.58850112	0.8084964
-13.648993	-33.247746	4.148640	0	0	0.58850112	0.8084964
-13.374258	-32.222424	4.866580	0	0	0.50484609	0.86320938
-12.973878	-30.728180	5.912860	0	0	0.50484609	0.86320938
-12.503951	-28.974392	7.140875	0	0	0.58850112	0.8084964
-12.233934	-27.966677	7.846485	0	0	0.50484609	0.86320938
-12.122695	-27.551525	8.137177	0	0	0.50484609	0.86320938
-11.909500	-26.755869	8.694303	0	0	0.58850112	0.8084964
-11.855747	-26.555260	8.834770	0	0	0.58850112	0.8084964
-11.849074	-26.530357	8.852207	0	0	0.58850112	0.8084964
-11.479857	-25.152422	9.817048	0	0	0.58850112	0.8084964
-13.843577	-33.973942	9.070358	0	0	0.66627604	0.74570519
-12.015125	-27.150070	11.627003	0	0	0.50484609	0.86320938
-9.762347	-18.742586	14.305263	0	0	0	1
-16.079069	-42.316914	14.504339	0	0	0	1
-5.378664	-25.603140	9.566632	0	0	0.85688874	0.51550139
-5.378664	-25.603140	9.566632	0	0	0.73739371	0.67546319
-5.378664	-25.603140	9.566632	0	0	0.90407214	0.42737988
-5.378664	-25.603140	9.566632	0	0	0.73739371	0.67546319
-5.378664	-25.603140	9.566632	0	0	0.73739371	0.67546319
-5.378664	-25.603140	9.566632	0	0	0.73739371	0.67546319
-5.378664	-25.603140	9.566632	0	0	0.73739371	0.67546319
-5.378664	-25.603140	9.566632	0	0	0.73739371	0.67546319
-5.378664	-25.603140	9.566632	0	0	0.73739371	0.67546319
-5.378664	-25.603140	9.566632	0	0	0.73739371	0.67546319
-5.378664	-25.603140	9.566632	0	0	0.73739371	0.67546319
-5.378664	-25.603140	9.566632	0	0	0.73739371	0.67546319
-5.378664	-25.603140	9.566632	0	0	0.73739371	0.67546319
-5.378664	-25.603140	9.566632	0	0	0.73739371	0.67546319
-5.378664	-25.603140	9.566632	0	0	0.73739371	0.67546319
-5.378664	-25.603140	9.566632	0	0	0.73739371	0.67546319
-5.378664	-25.603140	9.566632	0	0	0.73739371	0.67546319
-5.378664	-25.603140	9.566632	0	0	0.73739371	0.67546319
-5.378664	-25.603140	9.566632	0	0	0.73739371	0.67546319
-189.217789	29.253149	-70.999611	0	0	0.22720209	0.97384763
-202.097580	-12.198679	-100.871025	0	0	0.22720209	0.97384763
-195.449295	-64.088486	-114.908241	0	0	0.22720209	0.97384763
15.488329	-103.479820	-44.963207	0	0	0.85688874	0.51550139
-134.850449	-140.353607	-103.853210	0	0	0.41614682	0.90929743
-45.181168	-150.927414	-78.251549	0	0	0.66627604	0.74570519
