148.667755	-20.592403	-85.257668	0.000000	0.000000	3.058407
126.341858	-18.509851	-44.585178	0.000000	0.000000	3.058407
9.063715	-88.469337	-59.158363	0.000000	0.000000	1.458407
-25.843658	-73.943085	-62.260239	0.000000	0.000000	1.058407
-80.338593	7.861797	-86.802673	0.000000	0.000000	-0.141593
-67.084877	73.300812	-101.018661	0.000000	0.000000	-0.541593
-11.626174	123.801567	-111.707581	0.000000	0.000000	-1.141593
67.663368	130.227539	-116.089630	0.000000	0.000000	-1.741593
132.100998	88.699005	-112.577629	0.000000	0.000000	-2.141593
154.164658	38.835712	-100.148697	0.000000	0.000000	-2.341593
148.667755	-20.592403	-85.257668	0.000000	0.000000	3.058407
126.341858	-18.509851	-44.585178	0.000000	0.000000	3.058407
9.063715	-88.469337	-59.158363	0.000000	0.000000	1.458407
-25.843658	-73.943085	-62.260239	0.000000	0.000000	1.058407
-80.338593	7.861797	-86.802673	0.000000	0.000000	-0.141593
-67.084877	73.300812	-101.018661	0.000000	0.000000	-0.541593
-11.626174	123.801567	-111.707581	0.000000	0.000000	-1.141593
67.663368	130.227539	-116.089630	0.000000	0.000000	-1.741593
132.100998	88.699005	-112.577629	0.000000	0.000000	-2.141593
154.164658	38.835712	-100.148697	0.000000	0.000000	-2.341593
148.667755	-20.592403	-85.257668	0.000000	0.000000	3.058407
126.341858	-18.509851	-44.585178	0.000000	0.000000	3.058407
9.063715	-88.469337	-59.158363	0.000000	0.000000	1.458407
-25.843658	-73.943085	-62.260239	0.000000	0.000000	1.058407
-80.338593	7.861797	-86.802673	0.000000	0.000000	-0.141593
-67.084877	73.300812	-101.018661	0.000000	0.000000	-0.541593
-11.626174	123.801567	-111.707581	0.000000	0.000000	-1.141593
67.663368	130.227539	-116.089630	0.000000	0.000000	-1.741593
132.100998	88.699005	-112.577629	0.000000	0.000000	-2.141593
154.164658	38.835712	-100.148697	0.000000	0.000000	-2.341593
148.667755	-20.592403	-85.257668	0.000000	0.000000	3.058407
126.341858	-18.509851	-44.585178	0.000000	0.000000	3.058407
9.063715	-88.469337	-59.158363	0.000000	0.000000	1.458407
-25.843658	-73.943085	-62.260239	0.000000	0.000000	1.058407
-80.338593	7.861797	-86.802673	0.000000	0.000000	-0.141593
-67.084877	73.300812	-101.018661	0.000000	0.000000	-0.541593
-11.626174	123.801567	-111.707581	0.000000	0.000000	-1.141593
67.663368	130.227539	-116.089630	0.000000	0.000000	-1.741593
132.100998	88.699005	-112.577629	0.000000	0.000000	-2.141593
154.164658	38.835712	-100.148697	0.000000	0.000000	-2.341593
148.667755	-20.592403	-85.257668	0.000000	0.000000	3.058407
126.341858	-18.509851	-44.585178	0.000000	0.000000	3.058407
9.063715	-88.469337	-59.158363	0.000000	0.000000	1.458407
-25.843658	-73.943085	-62.260239	0.000000	0.000000	1.058407
-80.338593	7.861797	-86.802673	0.000000	0.000000	-0.141593
-67.084877	73.300812	-101.018661	0.000000	0.000000	-0.541593
-11.626174	123.801567	-111.707581	0.000000	0.000000	-1.141593
67.663368	130.227539	-116.089630	0.000000	0.000000	-1.741593
132.100998	88.699005	-112.577629	0.000000	0.000000	-2.141593
154.164658	38.835712	-100.148697	0.000000	0.000000	-2.341593
148.667755	-20.592403	-85.257668	0.000000	0.000000	3.058407
126.341858	-18.509851	-44.585178	0.000000	0.000000	3.058407
9.063715	-88.469337	-59.158363	0.000000	0.000000	1.458407
-25.843658	-73.943085	-62.260239	0.000000	0.000000	1.058407
-80.338593	7.861797	-86.802673	0.000000	0.000000	-0.141593
-67.084877	73.300812	-101.018661	0.000000	0.000000	-0.541593
-11.626174	123.801567	-111.707581	0.000000	0.000000	-1.141593
67.663368	130.227539	-116.089630	0.000000	0.000000	-1.741593
132.100998	88.699005	-112.577629	0.000000	0.000000	-2.141593
154.164658	38.835712	-100.148697	0.000000	0.000000	-2.341593
148.667755	-20.592403	-85.257668	0.000000	0.000000	3.058407
126.341858	-18.509851	-44.585178	0.000000	0.000000	3.058407
9.063715	-88.469337	-59.158363	0.000000	0.000000	1.458407
-25.843658	-73.943085	-62.260239	0.000000	0.000000	1.058407
-80.338593	7.861797	-86.802673	0.000000	0.000000	-0.141593
-67.084877	73.300812	-101.018661	0.000000	0.000000	-0.541593
-11.626174	123.801567	-111.707581	0.000000	0.000000	-1.141593
67.663368	130.227539	-116.089630	0.000000	0.000000	-1.741593
132.100998	88.699005	-112.577629	0.000000	0.000000	-2.141593
154.164658	38.835712	-100.148697	0.000000	0.000000	-2.341593
148.667755	-20.592403	-85.257668	0.000000	0.000000	3.058407
126.341858	-18.509851	-44.585178	0.000000	0.000000	3.058407
9.063715	-88.469337	-59.158363	0.000000	0.000000	1.458407
-25.843658	-73.943085	-62.260239	0.000000	0.000000	1.058407
-80.338593	7.861797	-86.802673	0.000000	0.000000	-0.141593
-67.084877	73.300812	-101.018661	0.000000	0.000000	-0.541593
-11.626174	123.801567	-111.707581	0.000000	0.000000	-1.141593
67.663368	130.227539	-116.089630	0.000000	0.000000	-1.741593
132.100998	88.699005	-112.577629	0.000000	0.000000	-2.141593
154.164658	38.835712	-100.148697	0.000000	0.000000	-2.341593
148.667755	-20.592403	-85.257668	0.000000	0.000000	3.058407
126.341858	-18.509851	-44.585178	0.000000	0.000000	3.058407
9.063715	-88.469337	-59.158363	0.000000	0.000000	1.458407
-25.843658	-73.943085	-62.260239	0.000000	0.000000	1.058407
-80.338593	7.861797	-86.802673	0.000000	0.000000	-0.141593
-67.084877	73.300812	-101.018661	0.000000	0.000000	-0.541593
-11.626174	123.801567	-111.707581	0.000000	0.000000	-1.141593
67.663368	130.227539	-116.089630	0.000000	0.000000	-1.741593
132.100998	88.699005	-112.577629	0.000000	0.000000	-2.141593
154.164658	38.835712	-100.148697	0.000000	0.000000	-2.341593
148.667755	-20.592403	-85.257668	0.000000	0.000000	3.058407
126.341858	-18.509851	-44.585178	0.000000	0.000000	3.058407
9.063715	-88.469337	-59.158363	0.000000	0.000000	1.458407
-25.843658	-73.943085	-62.260239	0.000000	0.000000	1.058407
-80.338593	7.861797	-86.802673	0.000000	0.000000	-0.141593
-67.084877	73.300812	-101.018661	0.000000	0.000000	-0.541593
-11.626174	123.801567	-111.707581	0.000000	0.000000	-1.141593
67.663368	130.227539	-116.089630	0.000000	0.000000	-1.741593
132.100998	88.699005	-112.577629	0.000000	0.000000	-2.141593
154.164658	38.835712	-100.148697	0.000000	0.000000	-2.341593
148.667755	-20.592403	-85.257668	0.000000	0.000000	3.058407
126.341858	-18.509851	-44.585178	0.000000	0.000000	3.058407
9.063715	-88.469337	-59.158363	0.000000	0.000000	1.458407
-25.843658	-73.943085	-62.260239	0.000000	0.000000	1.058407
-80.338593	7.861797	-86.802673	0.000000	0.000000	-0.141593
-67.084877	73.300812	-101.018661	0.000000	0.000000	-0.541593
-11.626174	123.801567	-111.707581	0.000000	0.000000	-1.141593
67.663368	130.227539	-116.089630	0.000000	0.000000	-1.741593
132.100998	88.699005	-112.577629	0.000000	0.000000	-2.141593
154.164658	38.835712	-100.148697	0.000000	0.000000	-2.341593
148.667755	-20.592403	-85.257668	0.000000	0.000000	3.058407
126.341858	-18.509851	-44.585178	0.000000	0.000000	3.058407
9.063715	-88.469337	-59.158363	0.000000	0.000000	1.458407
-25.843658	-73.943085	-62.260239	0.000000	0.000000	1.058407
-80.338593	7.861797	-86.802673	0.000000	0.000000	-0.141593
-67.084877	73.300812	-101.018661	0.000000	0.000000	-0.541593
-11.626174	123.801567	-111.707581	0.000000	0.000000	-1.141593
67.663368	130.227539	-116.089630	0.000000	0.000000	-1.741593
132.100998	88.699005	-112.577629	0.000000	0.000000	-2.141593
154.164658	38.835712	-100.148697	0.000000	0.000000	-2.341593
148.667755	-20.592403	-85.257668	0.000000	0.000000	3.058407
126.341858	-18.509851	-44.585178	0.000000	0.000000	3.058407
9.063715	-88.469337	-59.158363	0.000000	0.000000	1.458407
-25.843658	-73.943085	-62.260239	0.000000	0.000000	1.058407
-80.338593	7.861797	-86.802673	0.000000	0.000000	-0.141593
-67.084877	73.300812	-101.018661	0.000000	0.000000	-0.541593
-11.626174	123.801567	-111.707581	0.000000	0.000000	-1.141593
67.663368	130.227539	-116.089630	0.000000	0.000000	-1.741593
132.100998	88.699005	-112.577629	0.000000	0.000000	-2.141593
154.164658	38.835712	-100.148697	0.000000	0.000000	-2.341593
148.667755	-20.592403	-85.257668	0.000000	0.000000	3.058407
126.341858	-18.509851	-44.585178	0.000000	0.000000	3.058407
9.063715	-88.469337	-59.158363	0.000000	0.000000	1.458407
-25.843658	-73.943085	-62.260239	0.000000	0.000000	1.058407
-80.338593	7.861797	-86.802673	0.000000	0.000000	-0.141593
-67.084877	73.300812	-101.018661	0.000000	0.000000	-0.541593
-11.626174	123.801567	-111.707581	0.000000	0.000000	-1.141593
67.663368	130.227539	-116.089630	0.000000	0.000000	-1.741593
132.100998	88.699005	-112.577629	0.000000	0.000000	-2.141593
154.164658	38.835712	-100.148697	0.000000	0.000000	-2.341593
148.667755	-20.592403	-85.257668	0.000000	0.000000	3.058407
126.341858	-18.509851	-44.585178	0.000000	0.000000	3.058407
9.063715	-88.469337	-59.158363	0.000000	0.000000	1.458407
-25.843658	-73.943085	-62.260239	0.000000	0.000000	1.058407
-80.338593	7.861797	-86.802673	0.000000	0.000000	-0.141593
-67.084877	73.300812	-101.018661	0.000000	0.000000	-0.541593
-11.626174	123.801567	-111.707581	0.000000	0.000000	-1.141593
67.663368	130.227539	-116.089630	0.000000	0.000000	-1.741593
132.100998	88.699005	-112.577629	0.000000	0.000000	-2.141593
154.164658	38.835712	-100.148697	0.000000	0.000000	-2.341593
148.667755	-20.592403	-85.257668	0.000000	0.000000	3.058407
126.341858	-18.509851	-44.585178	0.000000	0.000000	3.058407
9.063715	-88.469337	-59.158363	0.000000	0.000000	1.458407
-25.843658	-73.943085	-62.260239	0.000000	0.000000	1.058407
-80.338593	7.861797	-86.802673	0.000000	0.000000	-0.141593
-67.084877	73.300812	-101.018661	0.000000	0.000000	-0.541593
-11.626174	123.801567	-111.707581	0.000000	0.000000	-1.141593
67.663368	130.227539	-116.089630	0.000000	0.000000	-1.741593
132.100998	88.699005	-112.577629	0.000000	0.000000	-2.141593
154.164658	38.835712	-100.148697	0.000000	0.000000	-2.341593
148.667755	-20.592403	-85.257668	0.000000	0.000000	3.058407
126.341858	-18.509851	-44.585178	0.000000	0.000000	3.058407
9.063715	-88.469337	-59.158363	0.000000	0.000000	1.458407
-25.843658	-73.943085	-62.260239	0.000000	0.000000	1.058407
-80.338593	7.861797	-86.802673	0.000000	0.000000	-0.141593
-67.084877	73.300812	-101.018661	0.000000	0.000000	-0.541593
-11.626174	123.801567	-111.707581	0.000000	0.000000	-1.141593
67.663368	130.227539	-116.089630	0.000000	0.000000	-1.741593
132.100998	88.699005	-112.577629	0.000000	0.000000	-2.141593
154.164658	38.835712	-100.148697	0.000000	0.000000	-2.341593
148.667755	-20.592403	-85.257668	0.000000	0.000000	3.058407
126.341858	-18.509851	-44.585178	0.000000	0.000000	3.058407
9.063715	-88.469337	-59.158363	0.000000	0.000000	1.458407
-25.843658	-73.943085	-62.260239	0.000000	0.000000	1.058407
-80.338593	7.861797	-86.802673	0.000000	0.000000	-0.141593
-67.084877	73.300812	-101.018661	0.000000	0.000000	-0.541593
-11.626174	123.801567	-111.707581	0.000000	0.000000	-1.141593
67.663368	130.227539	-116.089630	0.000000	0.000000	-1.741593
132.100998	88.699005	-112.577629	0.000000	0.000000	-2.141593
154.164658	38.835712	-100.148697	0.000000	0.000000	-2.341593
148.667755	-20.592403	-85.257668	0.000000	0.000000	3.058407
126.341858	-18.509851	-44.585178	0.000000	0.000000	3.058407
9.063715	-88.469337	-59.158363	0.000000	0.000000	1.458407
-25.843658	-73.943085	-62.260239	0.000000	0.000000	1.058407
-80.338593	7.861797	-86.802673	0.000000	0.000000	-0.141593
-67.084877	73.300812	-101.018661	0.000000	0.000000	-0.541593
-11.626174	123.801567	-111.707581	0.000000	0.000000	-1.141593
67.663368	130.227539	-116.089630	0.000000	0.000000	-1.741593
132.100998	88.699005	-112.577629	0.000000	0.000000	-2.141593
154.164658	38.835712	-100.148697	0.000000	0.000000	-2.341593
148.667755	-20.592403	-85.257668	0.000000	0.000000	3.058407
126.341858	-18.509851	-44.585178	0.000000	0.000000	3.058407
9.063715	-88.469337	-59.158363	0.000000	0.000000	1.458407
-25.843658	-73.943085	-62.260239	0.000000	0.000000	1.058407
-80.338593	7.861797	-86.802673	0.000000	0.000000	-0.141593
-67.084877	73.300812	-101.018661	0.000000	0.000000	-0.541593
-11.626174	123.801567	-111.707581	0.000000	0.000000	-1.141593
67.663368	130.227539	-116.089630	0.000000	0.000000	-1.741593
132.100998	88.699005	-112.577629	0.000000	0.000000	-2.141593
154.164658	38.835712	-100.148697	0.000000	0.000000	-2.341593
