-52.651733	-19.202862	11.851263	0	0	0.66627604	0.74570519
-52.692955	-19.256102	11.821712	0	0	-0.45359611	0.89120736
-52.650818	-19.322598	11.648394	0	0	0.66627604	0.74570519
-52.979675	-19.121048	12.456303	0	0	-0.36235775	0.93203909
-51.504345	-19.254112	12.124678	0	0	-0.45359611	0.89120736
-52.323944	-20.426184	11.851263	0	0	-0.45359611	0.89120736
-52.375717	-20.440056	11.821712	0	0	0.66627604	0.74570519
-52.353024	-20.433975	11.648394	0	0	0.22720209	0.97384763
-52.609463	-20.502689	12.456303	0	0	0.1288445	0.99166481
-51.792343	-18.925064	10.727863	0	0	0.58850112	0.8084964
-51.741032	-18.928055	10.766783	0	0	0.58850112	0.8084964
-51.685329	-18.936390	10.800880	0	0	-0.45359611	0.89120736
-51.625015	-18.950327	10.829820	0	0	0.58850112	0.8084964
-51.211983	-18.902866	11.788576	0	0	-0.45359611	0.89120736
-51.558720	-18.972452	10.850271	0	0	0.58850112	0.8084964
-51.489639	-18.997211	10.869847	0	0	0.58850112	0.8084964
-51.411018	-19.036211	10.872659	0	0	-0.45359611	0.89120736
-51.059090	-19.196825	11.629076	0	0	0.58850112	0.8084964
-51.347229	-19.050255	10.914031	0	0	-0.45359611	0.89120736
-51.285412	-19.066551	10.959694	0	0	0.58850112	0.8084964
-51.225918	-19.083794	11.010745	0	0	-0.45359611	0.89120736
-51.175507	-19.099361	11.075925	0	0	0.58850112	0.8084964
-51.124619	-19.119953	11.139354	0	0	-0.45359611	0.89120736
-50.994648	-19.172756	11.527129	0	0	0.58850112	0.8084964
-51.266228	-20.142771	12.124678	0	0	-0.45359611	0.89120736
-51.075218	-19.142038	11.204537	0	0	0.58850112	0.8084964
-50.978348	-19.202671	11.427244	0	0	0.58850112	0.8084964
-51.026188	-19.168425	11.265809	0	0	-0.45359611	0.89120736
-50.994751	-19.187521	11.343273	0	0	0.58850112	0.8084964
-51.452671	-20.192728	10.727863	0	0	0.1288445	0.99166481
-51.405548	-20.180101	10.766783	0	0	0.1288445	0.99166481
-51.355659	-20.166733	10.800880	0	0	-0.45359611	0.89120736
-50.905643	-20.046150	11.788576	0	0	-0.45359611	0.89120736
-51.302868	-20.152588	10.829820	0	0	0.22720209	0.97384763
-51.246548	-20.137497	10.850271	0	0	0.22720209	0.97384763
-51.188282	-20.121885	10.869847	0	0	0.22720209	0.97384763
-50.836479	-20.027618	11.629076	0	0	0.58850112	0.8084964
-51.124680	-20.104843	10.872659	0	0	-0.45359611	0.89120736
-51.068672	-20.089834	10.914031	0	0	-0.45359611	0.89120736
-51.015072	-20.075472	10.959694	0	0	0.41614682	0.90929743
-50.963875	-20.061754	11.010745	0	0	-0.45359611	0.89120736
-50.770336	-20.009895	11.527129	0	0	0.58850112	0.8084964
-50.920731	-20.050194	11.075925	0	0	0.50484609	0.86320938
-50.878399	-20.038851	11.139354	0	0	-0.45359611	0.89120736
-50.837830	-20.027981	11.204537	0	0	0.50484609	0.86320938
-50.762608	-20.007824	11.427244	0	0	0.58850112	0.8084964
-50.774124	-20.010910	11.343273	0	0	0.58850112	0.8084964
-50.798679	-20.017490	11.265809	0	0	-0.45359611	0.89120736
-50.194675	-18.916761	11.620015	0	0	-0.45359611	0.89120736
-50.176971	-18.947426	11.623113	0	0	-0.45359611	0.89120736
-50.138157	-18.757776	11.359997	0	0	0.58850112	0.8084964
-52.462624	-20.439039	9.512815	0	0	0.41614682	0.90929743
-49.951103	-19.790382	11.623113	0	0	-0.45359611	0.89120736
-49.867477	-19.767975	11.359997	0	0	0.66627604	0.74570519
-50.685184	-17.601154	10.448035	0	0	-0.54030229	0.84147099
-50.088703	-19.827253	10.448035	0	0	-0.45359611	0.89120736
-52.090969	-21.082762	9.577846	0	0	0.41614682	0.90929743
-51.297295	-20.151094	16.404907	0	0	-0.45359611	0.89120736
-52.651733	-13.710427	11.370738	0	0	-0.16996714	0.98544973
-52.692955	-13.713398	11.336789	0	0	0.1288445	0.99166481
-52.650818	-13.728951	11.159013	0	0	-0.16996714	0.98544973
-52.979675	-13.657274	11.978285	0	0	-0.070737201	0.99749499
-52.432770	-15.913445	16.404907	0	0	-0.62160997	0.7833269
-51.504345	-13.687078	11.637626	0	0	0.32328956	0.94630009
-51.792343	-13.805856	10.279990	0	0	-0.16996714	0.98544973
-51.741032	-13.802499	10.318355	0	0	-0.16996714	0.98544973
-51.685329	-13.799602	10.351470	0	0	0.22720209	0.97384763
-51.625015	-13.797195	10.378979	0	0	-0.16996714	0.98544973
-51.211983	-13.713592	11.334574	0	0	0.22720209	0.97384763
-51.558720	-13.795588	10.397354	0	0	-0.16996714	0.98544973
-51.489639	-13.794076	10.414632	0	0	-0.16996714	0.98544973
-51.411018	-13.794128	10.414036	0	0	0.22720209	0.97384763
-51.347229	-13.790643	10.453875	0	0	0.22720209	0.97384763
-51.059090	-13.729672	11.150763	0	0	-0.16996714	0.98544973
-51.285412	-13.786801	10.497776	0	0	-0.16996714	0.98544973
-51.225918	-13.782500	10.546943	0	0	0.22720209	0.97384763
-51.175507	-13.776959	10.610275	0	0	-0.16996714	0.98544973
-51.124619	-13.771608	10.671434	0	0	0.22720209	0.97384763
-50.994648	-13.738341	11.051680	0	0	-0.16996714	0.98544973
-51.075218	-13.766117	10.734205	0	0	-0.16996714	0.98544973
-50.978348	-13.747241	10.949956	0	0	-0.16996714	0.98544973
-51.026188	-13.760998	10.792721	0	0	0.22720209	0.97384763
-50.994751	-13.754416	10.867938	0	0	-0.16996714	0.98544973
-50.685184	-13.820095	10.117235	0	0	-0.62160997	0.7833269
-50.176971	-13.728296	11.166498	0	0	0.22720209	0.97384763
-52.090969	-13.922095	8.951368	0	0	0.41614682	0.90929743
-50.138157	-13.749701	10.921847	0	0	-0.26749883	0.96355818
-52.432770	-13.290074	16.175392	0	0	-0.69670669	0.71735611
-47.180866	-24.673727	11.851263	0	0	0.32328956	0.94630009
-47.228100	-24.720959	11.821712	0	0	0.50484609	0.86320938
-47.240276	-24.733135	11.648394	0	0	0.32328956	0.94630009
-46.485142	-21.050762	16.172224	0	0	-0.070737201	0.99749499
-47.303932	-24.796791	12.456303	0	0	0.58850112	0.8084964
-46.632797	-24.125656	12.124678	0	0	0.32328956	0.94630009
-46.381527	-23.874388	11.629076	0	0	0.32328956	0.94630009
-46.004978	-15.244937	13.026397	0	0	-0.54030229	0.84147099
-46.310997	-23.803854	11.788576	0	0	0.41614682	0.90929743
-46.337273	-23.830130	11.527129	0	0	0.32328956	0.94630009
-46.344078	-23.836937	11.427244	0	0	0.32328956	0.94630009
-46.344707	-23.837566	11.343273	0	0	0.32328956	0.94630009
-46.350876	-23.843735	11.265809	0	0	0.50484609	0.86320938
-46.362198	-23.855057	11.204537	0	0	0.32328956	0.94630009
-46.375858	-23.868715	11.139354	0	0	0.50484609	0.86320938
-46.391003	-23.883862	11.075925	0	0	0.32328956	0.94630009
-46.541241	-24.034100	10.829820	0	0	0.32328956	0.94630009
-46.564430	-24.057289	10.800880	0	0	0.50484609	0.86320938
-46.519157	-24.012014	10.850271	0	0	0.32328956	0.94630009
-46.588116	-24.080973	10.766783	0	0	0.32328956	0.94630009
-46.496994	-23.989855	10.869847	0	0	0.32328956	0.94630009
-46.408424	-23.901285	11.010745	0	0	0.50484609	0.86320938
-46.612274	-24.105133	10.727863	0	0	0.32328956	0.94630009
-46.429550	-23.922409	10.959694	0	0	0.32328956	0.94630009
-46.452312	-23.945171	10.914031	0	0	0.50484609	0.86320938
-46.477184	-23.970045	10.872659	0	0	0.50484609	0.86320938
-45.815769	-23.308628	11.623113	0	0	0.50484609	0.86320938
-45.701538	-23.194397	11.359997	0	0	0.41614682	0.90929743
-47.840435	-25.333294	9.577846	0	0	0.32328956	0.94630009
-45.396740	-22.889599	10.448035	0	0	-0.16996714	0.98544973
-47.557957	-14.016427	7.873141	0	0	0.41614682	0.90929743
-46.395321	-13.799168	10.356428	0	0	0	1
-47.973553	-14.094090	6.985462	0	0	0.41614682	0.90929743
-43.487972	-18.058592	13.026397	0	0	-0.070737201	0.99749499
-45.426678	-22.919537	16.404907	0	0	-0.070737201	0.99749499
-44.136623	-15.488025	10.938186	0	0	0	1
-49.009941	-14.287757	4.771826	0	0	0	1
-44.987476	-15.476880	15.911159	0	0	-0.45359611	0.89120736
-45.831944	-12.763897	13.428884	0	0	0	1
-45.674068	-16.944881	5.303721	0	0	0	1
-45.709820	-16.978758	5.172703	0	0	0	1
-43.515499	-17.252079	8.486127	0	0	0.22720209	0.97384763
-43.123043	-16.017149	11.658981	0	0	0	1
-54.488834	-22.344275	2.233297	0	0	-0.36235775	0.93203909
-47.552868	-24.887175	4.816135	0	0	0.66627604	0.74570519
-52.424637	-21.211245	1.651874	0	0	0.73739371	0.67546319
-44.296261	-13.406920	14.839842	0	0	0.1288445	0.99166481
-51.620991	-22.603199	1.792493	0	0	0.73739371	0.67546319
-50.290478	-14.527049	2.036706	0	0	0	1
-43.055275	-14.463360	14.901130	0	0	0	1
-43.965641	-18.668539	4.846871	0	0	0	1
-51.815414	-14.563920	1.615276	0	0	0.32328956	0.94630009
-41.364609	-18.857468	12.825057	0	0	0	1
-43.787693	-13.311885	15.926095	0	0	0	1
-51.620991	-14.609600	1.093144	0	0	0.50484609	0.86320938
-46.624596	-17.845585	1.820204	0	0	0	1
-42.826473	-19.563156	5.054166	0	0	0.58850112	0.8084964
-42.159267	-19.630493	6.093340	0	0	0.22720209	0.97384763
-51.815414	-26.974773	2.701085	0	0	-0.26749883	0.96355818
-40.930851	-22.343462	11.851263	0	0	0.58850112	0.8084964
-40.946922	-22.403442	11.821712	0	0	0.66627604	0.74570519
-40.960720	-22.454948	11.648394	0	0	0.58850112	0.8084964
-40.866802	-22.104433	12.124678	0	0	0.50484609	0.86320938
-40.822655	-21.939671	11.629076	0	0	0.58850112	0.8084964
-40.812321	-21.901102	11.527129	0	0	0.58850112	0.8084964
-40.932365	-22.349115	12.456303	0	0	0.66627604	0.74570519
-40.818707	-21.924938	11.427244	0	0	0.58850112	0.8084964
-40.759407	-21.703627	11.788576	0	0	0.58850112	0.8084964
-40.816017	-21.914906	11.343273	0	0	0.58850112	0.8084964
-40.813351	-21.904945	11.265809	0	0	0.58850112	0.8084964
-40.810036	-21.892586	11.204537	0	0	0.58850112	0.8084964
-40.807823	-21.884329	11.139354	0	0	0.58850112	0.8084964
-40.806084	-21.877838	11.075925	0	0	0.58850112	0.8084964
-40.701214	-21.486446	11.623113	0	0	0.58850112	0.8084964
-40.805573	-21.875917	11.010745	0	0	0.58850112	0.8084964
-40.805244	-21.874702	10.959694	0	0	0.58850112	0.8084964
-40.805313	-21.874952	10.914031	0	0	0.58850112	0.8084964
-40.806076	-21.877796	10.872659	0	0	0.58850112	0.8084964
-40.801590	-21.861065	10.869847	0	0	0.58850112	0.8084964
-40.800030	-21.855234	10.850271	0	0	0.58850112	0.8084964
-40.798939	-21.851166	10.829820	0	0	0.58850112	0.8084964
-40.799496	-21.853241	10.800880	0	0	0.58850112	0.8084964
-40.651199	-21.299799	11.359997	0	0	0.58850112	0.8084964
-40.801144	-21.859390	10.766783	0	0	0.58850112	0.8084964
-40.803833	-21.869427	10.727863	0	0	0.58850112	0.8084964
-43.075531	-25.134720	16.566265	0	0	0.85688874	0.51550139
-42.426453	-19.919310	5.042531	0	0	0	1
-40.356476	-20.199865	12.416811	0	0	0.41614682	0.90929743
-40.398689	-20.357412	10.448035	0	0	0.58850112	0.8084964
-41.363258	-23.957243	9.577846	0	0	0.50484609	0.86320938
-46.965336	-18.168463	0.571459	0	0	0	1
-48.365665	-25.858524	1.792493	0	0	-0.16996714	0.98544973
-50.648666	-28.141523	2.701085	0	0	-0.16996714	0.98544973
-40.447067	-20.537964	16.281290	0	0	0	1
-50.278419	-7.268977	16.645443	0	0	-0.16996714	0.98544973
-50.298649	-7.258835	16.630213	0	0	0	1
-50.255276	-7.280579	16.662867	0	0	0.029199523	0.9995736
-50.302330	-7.256989	16.627441	0	0	0	1
-50.230824	-7.292836	16.681273	0	0	0	1
-50.328903	-7.243668	16.607435	0	0	0	1
-50.219429	-7.298547	16.689850	0	0	0	1
-50.347496	-7.234349	16.593441	0	0	-0.16996714	0.98544973
-50.206272	-7.305144	16.699755	0	0	0	1
-50.392998	-7.211539	16.559187	0	0	0.22720209	0.97384763
-50.155239	-7.330727	16.738174	0	0	-0.16996714	0.98544973
-50.102306	-7.357262	16.778023	0	0	0	1
-50.047146	-7.384914	16.819548	0	0	0	1
-50.000309	-7.408393	16.854809	0	0	0	1
-49.991051	-7.413033	16.861776	0	0	0	1
-49.933647	-7.441810	16.904991	0	0	0	1
-49.875031	-7.471195	16.949120	0	0	0	1
-49.816021	-7.500777	16.993544	0	0	-0.16996714	0.98544973
-49.756084	-7.530821	17.038662	0	0	0	1
-49.695831	-7.561027	17.084023	0	0	0	1
-49.636215	-7.590912	17.128902	0	0	0	1
-49.595169	-7.611489	17.159803	0	0	0	1
-49.581581	-7.618300	17.170031	0	0	0	1
-49.533611	-7.642348	17.206144	0	0	-0.16996714	0.98544973
-49.519955	-7.649194	17.216425	0	0	0	1
-49.509464	-7.654452	17.224321	0	0	0	1
-49.496063	-7.661171	17.234411	0	0	-0.16996714	0.98544973
-49.221989	-7.798563	17.440739	0	0	-0.36235775	0.93203909
-49.179409	-7.819909	17.472792	0	0	0	1
-51.464329	-6.674481	15.752672	0	0	0	1
-49.082092	-7.868693	17.546053	0	0	0	1
-52.329136	-6.240955	15.101634	0	0	0	1
-47.649418	-8.586890	18.624590	0	0	0	1
-52.939026	-5.935218	14.642500	0	0	0.1288445	0.99166481
-47.589287	-8.617035	18.669859	0	0	0	1
-51.743999	-14.798667	-1.067894	0	0	0	1
-40.639603	-21.256519	5.500423	0	0	0	1
-47.049381	-8.887689	19.076309	0	0	0	1
-53.847324	-5.479888	13.958718	0	0	0	1
-42.597408	-28.901901	11.101321	0	0	0.73739371	0.67546319
-46.705585	-24.233688	0.163814	0	0	-0.16996714	0.98544973
-46.392262	-9.217102	19.570997	0	0	0	1
-47.561756	-18.733622	-1.614319	0	0	0	1
-43.730892	-18.123682	24.057114	0	0	0.029199523	0.9995736
-37.943584	-22.783119	10.289505	0	0	0	1
-37.944691	-22.778992	10.269634	0	0	0	1
-37.945972	-22.774212	10.246613	0	0	0	1
-37.938850	-22.800783	10.374580	0	0	0	1
-37.950756	-22.756359	10.160631	0	0	0.58850112	0.8084964
-37.951218	-22.754639	10.152345	0	0	0.58850112	0.8084964
-37.953049	-22.747799	10.119409	0	0	0	1
-37.956253	-22.735846	10.061838	0	0	0.58850112	0.8084964
-37.961185	-22.717434	9.973168	0	0	0	1
-37.925083	-22.852167	10.622033	0	0	0	1
-37.965866	-22.699963	9.889029	0	0	0	1
-37.967190	-22.695030	9.865274	0	0	0.58850112	0.8084964
-37.970291	-22.683453	9.809524	0	0	0	1
-37.913284	-22.896210	10.834142	0	0	0.66627604	0.74570519
-37.973988	-22.669662	9.743114	0	0	0.58850112	0.8084964
-37.977844	-22.655270	9.673799	0	0	0.58850112	0.8084964
-37.981594	-22.641272	9.606379	0	0	0.58850112	0.8084964
-37.985382	-22.627136	9.538307	0	0	0.58850112	0.8084964
-37.988461	-22.615637	9.482924	0	0	0	1
-37.991253	-22.605219	9.432756	0	0	0	1
-37.993797	-22.595724	9.387032	0	0	0	1
-37.994610	-22.592691	9.372424	0	0	0	1
-37.996128	-22.587023	9.345124	0	0	0	1
-37.997658	-22.581320	9.317659	0	0	0.58850112	0.8084964
-37.999527	-22.574335	9.284025	0	0	0	1
-38.001598	-22.566610	9.246817	0	0	0	1
-38.003853	-22.558195	9.206294	0	0	0	1
-38.030079	-22.460321	8.734944	0	0	0	1
-38.042068	-22.415573	8.519438	0	0	0	1
-39.411522	-25.134720	16.886826	0	0	0.97095818	0.23924928
-44.233631	-15.719567	24.353085	0	0	-0.16996714	0.98544973
-38.041901	-22.416199	7.742503	0	0	0	1
-54.497780	-14.966850	-2.990239	0	0	0.50484609	0.86320938
-50.176865	-20.435593	-3.516244	0	0	0.029199523	0.9995736
-37.737095	-23.553749	14.000794	0	0	0	1
-44.769222	-21.197153	-1.649797	0	0	0	1
-46.374378	-24.004267	-1.803566	0	0	0.85688874	0.51550139
-57.713463	-24.655693	-2.217959	0	0	0.66627604	0.74570519
-42.074162	-19.567020	23.903822	0	0	0	1
-41.711887	-25.258335	1.792493	0	0	0.32328956	0.94630009
-44.738804	-12.589180	24.186649	0	0	0	1
-43.839352	-18.152744	25.296778	0	0	0.1288445	0.99166481
-43.931667	-14.008839	24.408899	0	0	-0.45359611	0.89120736
-46.969624	-8.567906	22.697567	0	0	-0.82533563	0.56464246
-42.113457	-19.606316	24.517368	0	0	0	1
-42.817806	-29.385675	2.701085	0	0	0.029199523	0.9995736
-37.454018	-24.610209	16.886826	0	0	0.98999249	0.14112005
-40.623356	-21.195885	23.801352	0	0	0	1
-37.597580	-24.074429	5.191896	0	0	0	1
-47.937668	-26.913954	-2.957918	0	0	-0.070737201	0.99749499
-37.408657	-24.338924	4.992874	0	0	0	1
-54.497780	-30.225420	-1.655288	0	0	0.80114363	0.59847213
-36.713093	-24.434250	6.025712	0	0	0	1
-44.505016	-15.646851	27.455013	0	0	0.1288445	0.99166481
-53.615170	-31.108030	-1.655288	0	0	0.80114363	0.59847213
-37.369831	-24.924395	3.884522	0	0	0	1
-42.105324	-32.736977	5.476753	0	0	0.80114363	0.59847213
-45.686035	-28.213936	-2.730451	0	0	0.029199523	0.9995736
-41.688942	-29.130478	0.717507	0	0	0.1288445	0.99166481
-41.512070	-27.160931	-1.304169	0	0	0.90407214	0.42737988
-37.308399	-25.153660	21.705824	0	0	0	1
-37.305565	-25.164240	21.756779	0	0	0	1
-39.301720	-22.117678	25.372740	0	0	0	1
-47.674545	-7.775278	26.514923	0	0	0.1288445	0.99166481
-40.906876	-27.160931	-1.251222	0	0	0.90407214	0.42737988
-44.261299	-18.265804	30.119694	0	0	0.32328956	0.94630009
-42.717003	-29.009485	-2.730451	0	0	0.1288445	0.99166481
-45.334530	-12.136518	29.360609	0	0	0.1288445	0.99166481
-44.740536	-15.583744	30.146994	0	0	0.1288445	0.99166481
-46.615845	-9.869257	28.886003	0	0	0	1
-38.224098	-29.130478	1.020642	0	0	0.22720209	0.97384763
-41.468327	-29.869198	-1.804147	0	0	0.1288445	0.99166481
-44.448605	-13.740741	30.017035	0	0	0.029199523	0.9995736
-43.810150	-33.089161	-1.655288	0	0	0.66627604	0.74570519
-36.375538	-28.635159	1.020642	0	0	0.32328956	0.94630009
-36.653656	-27.597206	-0.226665	0	0	0	1
-36.650200	-27.610102	-0.246501	0	0	0	1
-41.165287	-22.259888	30.296928	0	0	0.66627604	0.74570519
-36.494049	-28.192869	-1.142883	0	0	0.32328956	0.94630009
-50.723499	-2.575868	27.140383	0	0	0	1
-56.154278	-15.622808	-10.487863	0	0	-0.16996714	0.98544973
-39.350273	-22.628862	30.710302	0	0	0	1
-33.956612	-32.736977	6.189673	0	0	0.32328956	0.94630009
-50.356251	-21.381636	-11.855643	0	0	0	1
-36.871811	-26.783033	29.552746	0	0	0	1
-46.123508	-25.328632	-11.855644	0	0	0.029199523	0.9995736
-49.009750	-6.273945	33.745441	0	0	0	1
-44.865307	-18.427649	37.023529	0	0	0.029199523	0.9995736
-45.348110	-15.420944	37.091633	0	0	-0.16996714	0.98544973
-46.150589	-11.516433	36.448215	0	0	-0.69670669	0.71735611
-45.091805	-13.407159	36.994965	0	0	-0.45359611	0.89120736
-42.917854	-20.410713	37.077045	0	0	0	1
-31.877014	-32.865227	-1.035250	0	0	0.41614682	0.90929743
-31.511333	-32.660339	-0.822203	0	0	0	1
-40.459682	-22.633060	37.092148	0	0	0.58850112	0.8084964
-42.357944	-29.110165	-13.094317	0	0	0.32328956	0.94630009
-36.559246	-27.949545	35.170563	0	0	0	1
-29.700914	-38.914318	11.994902	0	0	0.73739371	0.67546319
-28.988697	-38.524628	12.673991	0	0	0.73739371	0.67546319
-45.309052	-18.546549	42.095558	0	0	0.029199523	0.9995736
-43.239231	-20.732090	42.094940	0	0	0	1
-50.182495	-4.955289	40.096180	0	0	0	1
-41.447529	-31.249571	-16.006157	0	0	0	1
-45.889160	-15.275970	43.275845	0	0	-0.16996714	0.98544973
-46.904602	-10.943493	42.996948	0	0	-0.45359611	0.89120736
-45.696808	-13.093387	43.558540	0	0	0	1
-34.577293	-35.346298	-12.145933	0	0	0	1
-39.466015	-23.847380	43.433502	0	0	0.50484609	0.86320938
-36.223999	-29.200697	41.196007	0	0	0	1
-53.134502	-1.635997	56.082119	0	0	-0.82533563	0.56464246
-49.600529	-8.894982	66.411522	0	0	-0.69670669	0.71735611
-55.251415	-16.046555	68.930801	0	0	-0.45359611	0.89120736
-76.487869	11.827643	55.889736	0	0	0.32328956	0.94630009
-64.465309	-42.765591	70.051941	0	0	0.85688874	0.51550139
-47.925285	-64.104576	71.999245	0	0	0.97095818	0.23924928
-27.505104	-64.104576	73.785782	0	-0	-1	-4.371139e-08
-26.913975	-63.946186	73.785782	0	-0	-1	-4.371139e-08
-5.123377	-145.269806	76.950035	0	0	0.99913515	0.041580682
-196.848038	-9.406137	60.568996	0	0	0.50484609	0.86320938
-94.950020	-223.945770	76.950035	0	0	0.94222235	0.33498812
-239.672134	-122.468773	69.456787	0	0	0.66627604	0.74570519
-196.848038	-196.642273	76.950035	0	0	0.80114363	0.59847213
