253.330795	15.149542	11.543646	3.058407	159.563431	-214.095078	27.781807
159.563431	-214.095078	27.781807	3.058407	277.109741	-165.692169	27.750795
277.109741	-165.692169	27.750795	3.058407	293.964752	-136.498428	11.543646
293.964752	-136.498428	11.543646	3.058407	293.964752	-136.498428	11.543646
293.964752	-136.498428	11.543646	3.058407	303.563660	-100.674789	11.543646
303.563660	-100.674789	11.543646	3.058407	293.954620	98.777519	25.941826
253.330795	15.149542	11.543646	3.058407	159.563431	-214.095078	27.781807
159.563431	-214.095078	27.781807	3.058407	277.109741	-165.692169	27.750795
277.109741	-165.692169	27.750795	3.058407	293.964752	-136.498428	11.543646
293.964752	-136.498428	11.543646	3.058407	293.964752	-136.498428	11.543646
293.964752	-136.498428	11.543646	3.058407	303.563660	-100.674789	11.543646
303.563660	-100.674789	11.543646	3.058407	293.954620	98.777519	25.941826
253.330795	15.149542	11.543646	3.058407	159.563431	-214.095078	27.781807
159.563431	-214.095078	27.781807	3.058407	277.109741	-165.692169	27.750795
277.109741	-165.692169	27.750795	3.058407	293.964752	-136.498428	11.543646
293.964752	-136.498428	11.543646	3.058407	293.964752	-136.498428	11.543646
293.964752	-136.498428	11.543646	3.058407	303.563660	-100.674789	11.543646
303.563660	-100.674789	11.543646	3.058407	293.954620	98.777519	25.941826
253.330795	15.149542	11.543646	3.058407	159.563431	-214.095078	27.781807
159.563431	-214.095078	27.781807	3.058407	277.109741	-165.692169	27.750795
277.109741	-165.692169	27.750795	3.058407	293.964752	-136.498428	11.543646
293.964752	-136.498428	11.543646	3.058407	293.964752	-136.498428	11.543646
293.964752	-136.498428	11.543646	3.058407	303.563660	-100.674789	11.543646
303.563660	-100.674789	11.543646	3.058407	293.954620	98.777519	25.941826
253.330795	15.149542	11.543646	3.058407	159.563431	-214.095078	27.781807
159.563431	-214.095078	27.781807	3.058407	277.109741	-165.692169	27.750795
277.109741	-165.692169	27.750795	3.058407	293.964752	-136.498428	11.543646
293.964752	-136.498428	11.543646	3.058407	293.964752	-136.498428	11.543646
293.964752	-136.498428	11.543646	3.058407	303.563660	-100.674789	11.543646
303.563660	-100.674789	11.543646	3.058407	293.954620	98.777519	25.941826
253.330795	15.149542	11.543646	3.058407	159.563431	-214.095078	27.781807
159.563431	-214.095078	27.781807	3.058407	277.109741	-165.692169	27.750795
277.109741	-165.692169	27.750795	3.058407	293.964752	-136.498428	11.543646
293.964752	-136.498428	11.543646	3.058407	293.964752	-136.498428	11.543646
293.964752	-136.498428	11.543646	3.058407	303.563660	-100.674789	11.543646
303.563660	-100.674789	11.543646	3.058407	293.954620	98.777519	25.941826
253.330795	15.149542	11.543646	3.058407	159.563431	-214.095078	27.781807
159.563431	-214.095078	27.781807	3.058407	277.109741	-165.692169	27.750795
277.109741	-165.692169	27.750795	3.058407	293.964752	-136.498428	11.543646
293.964752	-136.498428	11.543646	3.058407	293.964752	-136.498428	11.543646
293.964752	-136.498428	11.543646	3.058407	303.563660	-100.674789	11.543646
303.563660	-100.674789	11.543646	3.058407	293.954620	98.777519	25.941826
253.330795	15.149542	11.543646	3.058407	159.563431	-214.095078	27.781807
159.563431	-214.095078	27.781807	3.058407	277.109741	-165.692169	27.750795
277.109741	-165.692169	27.750795	3.058407	293.964752	-136.498428	11.543646
293.964752	-136.498428	11.543646	3.058407	293.964752	-136.498428	11.543646
293.964752	-136.498428	11.543646	3.058407	303.563660	-100.674789	11.543646
303.563660	-100.674789	11.543646	3.058407	293.954620	98.777519	25.941826
253.330795	15.149542	11.543646	3.058407	159.563431	-214.095078	27.781807
159.563431	-214.095078	27.781807	3.058407	277.109741	-165.692169	27.750795
277.109741	-165.692169	27.750795	3.058407	293.964752	-136.498428	11.543646
293.964752	-136.498428	11.543646	3.058407	293.964752	-136.498428	11.543646
293.964752	-136.498428	11.543646	3.058407	303.563660	-100.674789	11.543646
303.563660	-100.674789	11.543646	3.058407	293.954620	98.777519	25.941826
253.330795	15.149542	11.543646	3.058407	159.563431	-214.095078	27.781807
159.563431	-214.095078	27.781807	3.058407	277.109741	-165.692169	27.750795
277.109741	-165.692169	27.750795	3.058407	293.964752	-136.498428	11.543646
293.964752	-136.498428	11.543646	3.058407	293.964752	-136.498428	11.543646
293.964752	-136.498428	11.543646	3.058407	303.563660	-100.674789	11.543646
303.563660	-100.674789	11.543646	3.058407	293.954620	98.777519	25.941826
253.330795	15.149542	11.543646	3.058407	159.563431	-214.095078	27.781807
159.563431	-214.095078	27.781807	3.058407	277.109741	-165.692169	27.750795
277.109741	-165.692169	27.750795	3.058407	293.964752	-136.498428	11.543646
293.964752	-136.498428	11.543646	3.058407	293.964752	-136.498428	11.543646
293.964752	-136.498428	11.543646	3.058407	303.563660	-100.674789	11.543646
303.563660	-100.674789	11.543646	3.058407	293.954620	98.777519	25.941826
253.330795	15.149542	11.543646	3.058407	159.563431	-214.095078	27.781807
159.563431	-214.095078	27.781807	3.058407	277.109741	-165.692169	27.750795
277.109741	-165.692169	27.750795	3.058407	293.964752	-136.498428	11.543646
293.964752	-136.498428	11.543646	3.058407	293.964752	-136.498428	11.543646
293.964752	-136.498428	11.543646	3.058407	303.563660	-100.674789	11.543646
303.563660	-100.674789	11.543646	3.058407	293.954620	98.777519	25.941826
253.330795	15.149542	11.543646	3.058407	159.563431	-214.095078	27.781807
159.563431	-214.095078	27.781807	3.058407	277.109741	-165.692169	27.750795
277.109741	-165.692169	27.750795	3.058407	293.964752	-136.498428	11.543646
293.964752	-136.498428	11.543646	3.058407	293.964752	-136.498428	11.543646
293.964752	-136.498428	11.543646	3.058407	303.563660	-100.674789	11.543646
303.563660	-100.674789	11.543646	3.058407	293.954620	98.777519	25.941826
253.330795	15.149542	11.543646	3.058407	159.563431	-214.095078	27.781807
159.563431	-214.095078	27.781807	3.058407	277.109741	-165.692169	27.750795
277.109741	-165.692169	27.750795	3.058407	293.964752	-136.498428	11.543646
293.964752	-136.498428	11.543646	3.058407	293.964752	-136.498428	11.543646
293.964752	-136.498428	11.543646	3.058407	303.563660	-100.674789	11.543646
303.563660	-100.674789	11.543646	3.058407	293.954620	98.777519	25.941826
253.330795	15.149542	11.543646	3.058407	159.563431	-214.095078	27.781807
159.563431	-214.095078	27.781807	3.058407	277.109741	-165.692169	27.750795
277.109741	-165.692169	27.750795	3.058407	293.964752	-136.498428	11.543646
293.964752	-136.498428	11.543646	3.058407	293.964752	-136.498428	11.543646
293.964752	-136.498428	11.543646	3.058407	303.563660	-100.674789	11.543646
303.563660	-100.674789	11.543646	3.058407	293.954620	98.777519	25.941826
253.330795	15.149542	11.543646	3.058407	159.563431	-214.095078	27.781807
159.563431	-214.095078	27.781807	3.058407	277.109741	-165.692169	27.750795
277.109741	-165.692169	27.750795	3.058407	293.964752	-136.498428	11.543646
293.964752	-136.498428	11.543646	3.058407	293.964752	-136.498428	11.543646
293.964752	-136.498428	11.543646	3.058407	303.563660	-100.674789	11.543646
303.563660	-100.674789	11.543646	3.058407	293.954620	98.777519	25.941826
253.330795	15.149542	11.543646	3.058407	159.563431	-214.095078	27.781807
159.563431	-214.095078	27.781807	3.058407	277.109741	-165.692169	27.750795
277.109741	-165.692169	27.750795	3.058407	293.964752	-136.498428	11.543646
293.964752	-136.498428	11.543646	3.058407	293.964752	-136.498428	11.543646
293.964752	-136.498428	11.543646	3.058407	303.563660	-100.674789	11.543646
303.563660	-100.674789	11.543646	3.058407	293.954620	98.777519	25.941826
253.330795	15.149542	11.543646	3.058407	159.563431	-214.095078	27.781807
159.563431	-214.095078	27.781807	3.058407	277.109741	-165.692169	27.750795
277.109741	-165.692169	27.750795	3.058407	293.964752	-136.498428	11.543646
293.964752	-136.498428	11.543646	3.058407	293.964752	-136.498428	11.543646
293.964752	-136.498428	11.543646	3.058407	303.563660	-100.674789	11.543646
303.563660	-100.674789	11.543646	3.058407	293.954620	98.777519	25.941826
253.330795	15.149542	11.543646	3.058407	159.563431	-214.095078	27.781807
159.563431	-214.095078	27.781807	3.058407	277.109741	-165.692169	27.750795
277.109741	-165.692169	27.750795	3.058407	293.964752	-136.498428	11.543646
293.964752	-136.498428	11.543646	3.058407	293.964752	-136.498428	11.543646
293.964752	-136.498428	11.543646	3.058407	303.563660	-100.674789	11.543646
303.563660	-100.674789	11.543646	3.058407	293.954620	98.777519	25.941826
253.330795	15.149542	11.543646	3.058407	159.563431	-214.095078	27.781807
159.563431	-214.095078	27.781807	3.058407	277.109741	-165.692169	27.750795
277.109741	-165.692169	27.750795	3.058407	293.964752	-136.498428	11.543646
293.964752	-136.498428	11.543646	3.058407	293.964752	-136.498428	11.543646
293.964752	-136.498428	11.543646	3.058407	303.563660	-100.674789	11.543646
303.563660	-100.674789	11.543646	3.058407	293.954620	98.777519	25.941826
