220.542267	-66.970741	-98.824448	0.000000	0.000000	3.058407
215.982742	-83.987106	-98.824448	0.000000	0.000000	3.058407
215.982742	-98.997536	-77.387329	0.000000	0.000000	3.058407
188.470016	-131.640549	-20.239964	0.000000	0.000000	3.058407
81.369202	-161.706268	-13.891965	0.000000	0.000000	3.058407
71.410828	72.010109	-86.879562	0.000000	0.000000	-2.141593
181.591431	44.362999	-98.824448	0.000000	0.000000	3.058407
220.542267	-66.970741	-98.824448	0.000000	0.000000	3.058407
215.982742	-83.987106	-98.824448	0.000000	0.000000	3.058407
215.982742	-98.997536	-77.387329	0.000000	0.000000	3.058407
188.470016	-131.640549	-20.239964	0.000000	0.000000	3.058407
81.369202	-161.706268	-13.891965	0.000000	0.000000	3.058407
71.410828	72.010109	-86.879562	0.000000	0.000000	-2.141593
181.591431	44.362999	-98.824448	0.000000	0.000000	3.058407
220.542267	-66.970741	-98.824448	0.000000	0.000000	3.058407
215.982742	-83.987106	-98.824448	0.000000	0.000000	3.058407
215.982742	-98.997536	-77.387329	0.000000	0.000000	3.058407
188.470016	-131.640549	-20.239964	0.000000	0.000000	3.058407
81.369202	-161.706268	-13.891965	0.000000	0.000000	3.058407
71.410828	72.010109	-86.879562	0.000000	0.000000	-2.141593
181.591431	44.362999	-98.824448	0.000000	0.000000	3.058407
220.542267	-66.970741	-98.824448	0.000000	0.000000	3.058407
215.982742	-83.987106	-98.824448	0.000000	0.000000	3.058407
215.982742	-98.997536	-77.387329	0.000000	0.000000	3.058407
188.470016	-131.640549	-20.239964	0.000000	0.000000	3.058407
81.369202	-161.706268	-13.891965	0.000000	0.000000	3.058407
71.410828	72.010109	-86.879562	0.000000	0.000000	-2.141593
181.591431	44.362999	-98.824448	0.000000	0.000000	3.058407
220.542267	-66.970741	-98.824448	0.000000	0.000000	3.058407
215.982742	-83.987106	-98.824448	0.000000	0.000000	3.058407
215.982742	-98.997536	-77.387329	0.000000	0.000000	3.058407
188.470016	-131.640549	-20.239964	0.000000	0.000000	3.058407
81.369202	-161.706268	-13.891965	0.000000	0.000000	3.058407
71.410828	72.010109	-86.879562	0.000000	0.000000	-2.141593
181.591431	44.362999	-98.824448	0.000000	0.000000	3.058407
220.542267	-66.970741	-98.824448	0.000000	0.000000	3.058407
215.982742	-83.987106	-98.824448	0.000000	0.000000	3.058407
215.982742	-98.997536	-77.387329	0.000000	0.000000	3.058407
188.470016	-131.640549	-20.239964	0.000000	0.000000	3.058407
81.369202	-161.706268	-13.891965	0.000000	0.000000	3.058407
71.410828	72.010109	-86.879562	0.000000	0.000000	-2.141593
181.591431	44.362999	-98.824448	0.000000	0.000000	3.058407
220.542267	-66.970741	-98.824448	0.000000	0.000000	3.058407
215.982742	-83.987106	-98.824448	0.000000	0.000000	3.058407
215.982742	-98.997536	-77.387329	0.000000	0.000000	3.058407
188.470016	-131.640549	-20.239964	0.000000	0.000000	3.058407
81.369202	-161.706268	-13.891965	0.000000	0.000000	3.058407
71.410828	72.010109	-86.879562	0.000000	0.000000	-2.141593
181.591431	44.362999	-98.824448	0.000000	0.000000	3.058407
220.542267	-66.970741	-98.824448	0.000000	0.000000	3.058407
215.982742	-83.987106	-98.824448	0.000000	0.000000	3.058407
215.982742	-98.997536	-77.387329	0.000000	0.000000	3.058407
188.470016	-131.640549	-20.239964	0.000000	0.000000	3.058407
81.369202	-161.706268	-13.891965	0.000000	0.000000	3.058407
71.410828	72.010109	-86.879562	0.000000	0.000000	-2.141593
181.591431	44.362999	-98.824448	0.000000	0.000000	3.058407
220.542267	-66.970741	-98.824448	0.000000	0.000000	3.058407
215.982742	-83.987106	-98.824448	0.000000	0.000000	3.058407
215.982742	-98.997536	-77.387329	0.000000	0.000000	3.058407
188.470016	-131.640549	-20.239964	0.000000	0.000000	3.058407
81.369202	-161.706268	-13.891965	0.000000	0.000000	3.058407
71.410828	72.010109	-86.879562	0.000000	0.000000	-2.141593
181.591431	44.362999	-98.824448	0.000000	0.000000	3.058407
220.542267	-66.970741	-98.824448	0.000000	0.000000	3.058407
215.982742	-83.987106	-98.824448	0.000000	0.000000	3.058407
215.982742	-98.997536	-77.387329	0.000000	0.000000	3.058407
188.470016	-131.640549	-20.239964	0.000000	0.000000	3.058407
81.369202	-161.706268	-13.891965	0.000000	0.000000	3.058407
71.410828	72.010109	-86.879562	0.000000	0.000000	-2.141593
181.591431	44.362999	-98.824448	0.000000	0.000000	3.058407
220.542267	-66.970741	-98.824448	0.000000	0.000000	3.058407
215.982742	-83.987106	-98.824448	0.000000	0.000000	3.058407
215.982742	-98.997536	-77.387329	0.000000	0.000000	3.058407
188.470016	-131.640549	-20.239964	0.000000	0.000000	3.058407
81.369202	-161.706268	-13.891965	0.000000	0.000000	3.058407
71.410828	72.010109	-86.879562	0.000000	0.000000	-2.141593
181.591431	44.362999	-98.824448	0.000000	0.000000	3.058407
220.542267	-66.970741	-98.824448	0.000000	0.000000	3.058407
215.982742	-83.987106	-98.824448	0.000000	0.000000	3.058407
215.982742	-98.997536	-77.387329	0.000000	0.000000	3.058407
188.470016	-131.640549	-20.239964	0.000000	0.000000	3.058407
81.369202	-161.706268	-13.891965	0.000000	0.000000	3.058407
71.410828	72.010109	-86.879562	0.000000	0.000000	-2.141593
181.591431	44.362999	-98.824448	0.000000	0.000000	3.058407
220.542267	-66.970741	-98.824448	0.000000	0.000000	3.058407
215.982742	-83.987106	-98.824448	0.000000	0.000000	3.058407
215.982742	-98.997536	-77.387329	0.000000	0.000000	3.058407
188.470016	-131.640549	-20.239964	0.000000	0.000000	3.058407
81.369202	-161.706268	-13.891965	0.000000	0.000000	3.058407
71.410828	72.010109	-86.879562	0.000000	0.000000	-2.141593
181.591431	44.362999	-98.824448	0.000000	0.000000	3.058407
220.542267	-66.970741	-98.824448	0.000000	0.000000	3.058407
215.982742	-83.987106	-98.824448	0.000000	0.000000	3.058407
215.982742	-98.997536	-77.387329	0.000000	0.000000	3.058407
188.470016	-131.640549	-20.239964	0.000000	0.000000	3.058407
81.369202	-161.706268	-13.891965	0.000000	0.000000	3.058407
71.410828	72.010109	-86.879562	0.000000	0.000000	-2.141593
181.591431	44.362999	-98.824448	0.000000	0.000000	3.058407
220.542267	-66.970741	-98.824448	0.000000	0.000000	3.058407
215.982742	-83.987106	-98.824448	0.000000	0.000000	3.058407
215.982742	-98.997536	-77.387329	0.000000	0.000000	3.058407
188.470016	-131.640549	-20.239964	0.000000	0.000000	3.058407
81.369202	-161.706268	-13.891965	0.000000	0.000000	3.058407
71.410828	72.010109	-86.879562	0.000000	0.000000	-2.141593
181.591431	44.362999	-98.824448	0.000000	0.000000	3.058407
220.542267	-66.970741	-98.824448	0.000000	0.000000	3.058407
215.982742	-83.987106	-98.824448	0.000000	0.000000	3.058407
215.982742	-98.997536	-77.387329	0.000000	0.000000	3.058407
188.470016	-131.640549	-20.239964	0.000000	0.000000	3.058407
81.369202	-161.706268	-13.891965	0.000000	0.000000	3.058407
71.410828	72.010109	-86.879562	0.000000	0.000000	-2.141593
181.591431	44.362999	-98.824448	0.000000	0.000000	3.058407
220.542267	-66.970741	-98.824448	0.000000	0.000000	3.058407
215.982742	-83.987106	-98.824448	0.000000	0.000000	3.058407
215.982742	-98.997536	-77.387329	0.000000	0.000000	3.058407
188.470016	-131.640549	-20.239964	0.000000	0.000000	3.058407
81.369202	-161.706268	-13.891965	0.000000	0.000000	3.058407
71.410828	72.010109	-86.879562	0.000000	0.000000	-2.141593
181.591431	44.362999	-98.824448	0.000000	0.000000	3.058407
220.542267	-66.970741	-98.824448	0.000000	0.000000	3.058407
215.982742	-83.987106	-98.824448	0.000000	0.000000	3.058407
215.982742	-98.997536	-77.387329	0.000000	0.000000	3.058407
188.470016	-131.640549	-20.239964	0.000000	0.000000	3.058407
81.369202	-161.706268	-13.891965	0.000000	0.000000	3.058407
71.410828	72.010109	-86.879562	0.000000	0.000000	-2.141593
181.591431	44.362999	-98.824448	0.000000	0.000000	3.058407
220.542267	-66.970741	-98.824448	0.000000	0.000000	3.058407
215.982742	-83.987106	-98.824448	0.000000	0.000000	3.058407
215.982742	-98.997536	-77.387329	0.000000	0.000000	3.058407
188.470016	-131.640549	-20.239964	0.000000	0.000000	3.058407
81.369202	-161.706268	-13.891965	0.000000	0.000000	3.058407
71.410828	72.010109	-86.879562	0.000000	0.000000	-2.141593
181.591431	44.362999	-98.824448	0.000000	0.000000	3.058407
220.542267	-66.970741	-98.824448	0.000000	0.000000	3.058407
215.982742	-83.987106	-98.824448	0.000000	0.000000	3.058407
215.982742	-98.997536	-77.387329	0.000000	0.000000	3.058407
188.470016	-131.640549	-20.239964	0.000000	0.000000	3.058407
81.369202	-161.706268	-13.891965	0.000000	0.000000	3.058407
71.410828	72.010109	-86.879562	0.000000	0.000000	-2.141593
181.591431	44.362999	-98.824448	0.000000	0.000000	3.058407
