149.626587	47.730015	117.355469	3.058407	50.768707	99.923409	117.355469
50.768707	99.923409	117.355469	3.058407	-43.861046	40.406662	117.355469
-43.861046	40.406662	117.355469	-0.541593	-7.878705	-116.811974	99.718262
-7.878705	-116.811974	99.718262	3.058407	106.835297	-119.715675	106.879280
106.835297	-119.715675	106.879280	3.058407	166.706985	-24.552486	116.608528
166.706985	-24.552486	116.608528	3.058407	166.706985	-16.014874	117.355469
166.706985	-16.014874	117.355469	3.058407	166.706985	-16.014874	117.355469
166.706985	-16.014874	117.355469	3.058407	-62.984989	-25.826799	252.730087
149.626587	47.730015	117.355469	3.058407	50.768707	99.923409	117.355469
50.768707	99.923409	117.355469	3.058407	-43.861046	40.406662	117.355469
-43.861046	40.406662	117.355469	-0.541593	-7.878705	-116.811974	99.718262
-7.878705	-116.811974	99.718262	3.058407	106.835297	-119.715675	106.879280
106.835297	-119.715675	106.879280	3.058407	166.706985	-24.552486	116.608528
166.706985	-24.552486	116.608528	3.058407	166.706985	-16.014874	117.355469
166.706985	-16.014874	117.355469	3.058407	166.706985	-16.014874	117.355469
166.706985	-16.014874	117.355469	3.058407	-62.984989	-25.826799	252.730087
149.626587	47.730015	117.355469	3.058407	50.768707	99.923409	117.355469
50.768707	99.923409	117.355469	3.058407	-43.861046	40.406662	117.355469
-43.861046	40.406662	117.355469	-0.541593	-7.878705	-116.811974	99.718262
-7.878705	-116.811974	99.718262	3.058407	106.835297	-119.715675	106.879280
106.835297	-119.715675	106.879280	3.058407	166.706985	-24.552486	116.608528
166.706985	-24.552486	116.608528	3.058407	166.706985	-16.014874	117.355469
166.706985	-16.014874	117.355469	3.058407	166.706985	-16.014874	117.355469
166.706985	-16.014874	117.355469	3.058407	-62.984989	-25.826799	252.730087
149.626587	47.730015	117.355469	3.058407	50.768707	99.923409	117.355469
50.768707	99.923409	117.355469	3.058407	-43.861046	40.406662	117.355469
-43.861046	40.406662	117.355469	-0.541593	-7.878705	-116.811974	99.718262
-7.878705	-116.811974	99.718262	3.058407	106.835297	-119.715675	106.879280
106.835297	-119.715675	106.879280	3.058407	166.706985	-24.552486	116.608528
166.706985	-24.552486	116.608528	3.058407	166.706985	-16.014874	117.355469
166.706985	-16.014874	117.355469	3.058407	166.706985	-16.014874	117.355469
166.706985	-16.014874	117.355469	3.058407	-62.984989	-25.826799	252.730087
149.626587	47.730015	117.355469	3.058407	50.768707	99.923409	117.355469
50.768707	99.923409	117.355469	3.058407	-43.861046	40.406662	117.355469
-43.861046	40.406662	117.355469	-0.541593	-7.878705	-116.811974	99.718262
-7.878705	-116.811974	99.718262	3.058407	106.835297	-119.715675	106.879280
106.835297	-119.715675	106.879280	3.058407	166.706985	-24.552486	116.608528
166.706985	-24.552486	116.608528	3.058407	166.706985	-16.014874	117.355469
166.706985	-16.014874	117.355469	3.058407	166.706985	-16.014874	117.355469
166.706985	-16.014874	117.355469	3.058407	-62.984989	-25.826799	252.730087
149.626587	47.730015	117.355469	3.058407	50.768707	99.923409	117.355469
50.768707	99.923409	117.355469	3.058407	-43.861046	40.406662	117.355469
-43.861046	40.406662	117.355469	-0.541593	-7.878705	-116.811974	99.718262
-7.878705	-116.811974	99.718262	3.058407	106.835297	-119.715675	106.879280
106.835297	-119.715675	106.879280	3.058407	166.706985	-24.552486	116.608528
166.706985	-24.552486	116.608528	3.058407	166.706985	-16.014874	117.355469
166.706985	-16.014874	117.355469	3.058407	166.706985	-16.014874	117.355469
166.706985	-16.014874	117.355469	3.058407	-62.984989	-25.826799	252.730087
149.626587	47.730015	117.355469	3.058407	50.768707	99.923409	117.355469
50.768707	99.923409	117.355469	3.058407	-43.861046	40.406662	117.355469
-43.861046	40.406662	117.355469	-0.541593	-7.878705	-116.811974	99.718262
-7.878705	-116.811974	99.718262	3.058407	106.835297	-119.715675	106.879280
106.835297	-119.715675	106.879280	3.058407	166.706985	-24.552486	116.608528
166.706985	-24.552486	116.608528	3.058407	166.706985	-16.014874	117.355469
166.706985	-16.014874	117.355469	3.058407	166.706985	-16.014874	117.355469
166.706985	-16.014874	117.355469	3.058407	-62.984989	-25.826799	252.730087
149.626587	47.730015	117.355469	3.058407	50.768707	99.923409	117.355469
50.768707	99.923409	117.355469	3.058407	-43.861046	40.406662	117.355469
-43.861046	40.406662	117.355469	-0.541593	-7.878705	-116.811974	99.718262
-7.878705	-116.811974	99.718262	3.058407	106.835297	-119.715675	106.879280
106.835297	-119.715675	106.879280	3.058407	166.706985	-24.552486	116.608528
166.706985	-24.552486	116.608528	3.058407	166.706985	-16.014874	117.355469
166.706985	-16.014874	117.355469	3.058407	166.706985	-16.014874	117.355469
166.706985	-16.014874	117.355469	3.058407	-62.984989	-25.826799	252.730087
149.626587	47.730015	117.355469	3.058407	50.768707	99.923409	117.355469
50.768707	99.923409	117.355469	3.058407	-43.861046	40.406662	117.355469
-43.861046	40.406662	117.355469	-0.541593	-7.878705	-116.811974	99.718262
-7.878705	-116.811974	99.718262	3.058407	106.835297	-119.715675	106.879280
106.835297	-119.715675	106.879280	3.058407	166.706985	-24.552486	116.608528
166.706985	-24.552486	116.608528	3.058407	166.706985	-16.014874	117.355469
166.706985	-16.014874	117.355469	3.058407	166.706985	-16.014874	117.355469
166.706985	-16.014874	117.355469	3.058407	-62.984989	-25.826799	252.730087
149.626587	47.730015	117.355469	3.058407	50.768707	99.923409	117.355469
50.768707	99.923409	117.355469	3.058407	-43.861046	40.406662	117.355469
-43.861046	40.406662	117.355469	-0.541593	-7.878705	-116.811974	99.718262
-7.878705	-116.811974	99.718262	3.058407	106.835297	-119.715675	106.879280
106.835297	-119.715675	106.879280	3.058407	166.706985	-24.552486	116.608528
166.706985	-24.552486	116.608528	3.058407	166.706985	-16.014874	117.355469
166.706985	-16.014874	117.355469	3.058407	166.706985	-16.014874	117.355469
166.706985	-16.014874	117.355469	3.058407	-62.984989	-25.826799	252.730087
149.626587	47.730015	117.355469	3.058407	50.768707	99.923409	117.355469
50.768707	99.923409	117.355469	3.058407	-43.861046	40.406662	117.355469
-43.861046	40.406662	117.355469	-0.541593	-7.878705	-116.811974	99.718262
-7.878705	-116.811974	99.718262	3.058407	106.835297	-119.715675	106.879280
106.835297	-119.715675	106.879280	3.058407	166.706985	-24.552486	116.608528
166.706985	-24.552486	116.608528	3.058407	166.706985	-16.014874	117.355469
166.706985	-16.014874	117.355469	3.058407	166.706985	-16.014874	117.355469
166.706985	-16.014874	117.355469	3.058407	-62.984989	-25.826799	252.730087
149.626587	47.730015	117.355469	3.058407	50.768707	99.923409	117.355469
50.768707	99.923409	117.355469	3.058407	-43.861046	40.406662	117.355469
-43.861046	40.406662	117.355469	-0.541593	-7.878705	-116.811974	99.718262
-7.878705	-116.811974	99.718262	3.058407	106.835297	-119.715675	106.879280
106.835297	-119.715675	106.879280	3.058407	166.706985	-24.552486	116.608528
166.706985	-24.552486	116.608528	3.058407	166.706985	-16.014874	117.355469
166.706985	-16.014874	117.355469	3.058407	166.706985	-16.014874	117.355469
166.706985	-16.014874	117.355469	3.058407	-62.984989	-25.826799	252.730087
149.626587	47.730015	117.355469	3.058407	50.768707	99.923409	117.355469
50.768707	99.923409	117.355469	3.058407	-43.861046	40.406662	117.355469
-43.861046	40.406662	117.355469	-0.541593	-7.878705	-116.811974	99.718262
-7.878705	-116.811974	99.718262	3.058407	106.835297	-119.715675	106.879280
106.835297	-119.715675	106.879280	3.058407	166.706985	-24.552486	116.608528
166.706985	-24.552486	116.608528	3.058407	166.706985	-16.014874	117.355469
166.706985	-16.014874	117.355469	3.058407	166.706985	-16.014874	117.355469
166.706985	-16.014874	117.355469	3.058407	-62.984989	-25.826799	252.730087
149.626587	47.730015	117.355469	3.058407	50.768707	99.923409	117.355469
50.768707	99.923409	117.355469	3.058407	-43.861046	40.406662	117.355469
-43.861046	40.406662	117.355469	-0.541593	-7.878705	-116.811974	99.718262
-7.878705	-116.811974	99.718262	3.058407	106.835297	-119.715675	106.879280
106.835297	-119.715675	106.879280	3.058407	166.706985	-24.552486	116.608528
166.706985	-24.552486	116.608528	3.058407	166.706985	-16.014874	117.355469
166.706985	-16.014874	117.355469	3.058407	166.706985	-16.014874	117.355469
166.706985	-16.014874	117.355469	3.058407	-62.984989	-25.826799	252.730087
149.626587	47.730015	117.355469	3.058407	50.768707	99.923409	117.355469
50.768707	99.923409	117.355469	3.058407	-43.861046	40.406662	117.355469
-43.861046	40.406662	117.355469	-0.541593	-7.878705	-116.811974	99.718262
-7.878705	-116.811974	99.718262	3.058407	106.835297	-119.715675	106.879280
106.835297	-119.715675	106.879280	3.058407	166.706985	-24.552486	116.608528
166.706985	-24.552486	116.608528	3.058407	166.706985	-16.014874	117.355469
166.706985	-16.014874	117.355469	3.058407	166.706985	-16.014874	117.355469
166.706985	-16.014874	117.355469	3.058407	-62.984989	-25.826799	252.730087
149.626587	47.730015	117.355469	3.058407	50.768707	99.923409	117.355469
50.768707	99.923409	117.355469	3.058407	-43.861046	40.406662	117.355469
-43.861046	40.406662	117.355469	-0.541593	-7.878705	-116.811974	99.718262
-7.878705	-116.811974	99.718262	3.058407	106.835297	-119.715675	106.879280
106.835297	-119.715675	106.879280	3.058407	166.706985	-24.552486	116.608528
166.706985	-24.552486	116.608528	3.058407	166.706985	-16.014874	117.355469
166.706985	-16.014874	117.355469	3.058407	166.706985	-16.014874	117.355469
166.706985	-16.014874	117.355469	3.058407	-62.984989	-25.826799	252.730087
149.626587	47.730015	117.355469	3.058407	50.768707	99.923409	117.355469
50.768707	99.923409	117.355469	3.058407	-43.861046	40.406662	117.355469
-43.861046	40.406662	117.355469	-0.541593	-7.878705	-116.811974	99.718262
-7.878705	-116.811974	99.718262	3.058407	106.835297	-119.715675	106.879280
106.835297	-119.715675	106.879280	3.058407	166.706985	-24.552486	116.608528
166.706985	-24.552486	116.608528	3.058407	166.706985	-16.014874	117.355469
166.706985	-16.014874	117.355469	3.058407	166.706985	-16.014874	117.355469
166.706985	-16.014874	117.355469	3.058407	-62.984989	-25.826799	252.730087
149.626587	47.730015	117.355469	3.058407	50.768707	99.923409	117.355469
50.768707	99.923409	117.355469	3.058407	-43.861046	40.406662	117.355469
-43.861046	40.406662	117.355469	-0.541593	-7.878705	-116.811974	99.718262
-7.878705	-116.811974	99.718262	3.058407	106.835297	-119.715675	106.879280
106.835297	-119.715675	106.879280	3.058407	166.706985	-24.552486	116.608528
166.706985	-24.552486	116.608528	3.058407	166.706985	-16.014874	117.355469
166.706985	-16.014874	117.355469	3.058407	166.706985	-16.014874	117.355469
166.706985	-16.014874	117.355469	3.058407	-62.984989	-25.826799	252.730087
149.626587	47.730015	117.355469	3.058407	50.768707	99.923409	117.355469
50.768707	99.923409	117.355469	3.058407	-43.861046	40.406662	117.355469
-43.861046	40.406662	117.355469	-0.541593	-7.878705	-116.811974	99.718262
-7.878705	-116.811974	99.718262	3.058407	106.835297	-119.715675	106.879280
106.835297	-119.715675	106.879280	3.058407	166.706985	-24.552486	116.608528
166.706985	-24.552486	116.608528	3.058407	166.706985	-16.014874	117.355469
166.706985	-16.014874	117.355469	3.058407	166.706985	-16.014874	117.355469
166.706985	-16.014874	117.355469	3.058407	-62.984989	-25.826799	252.730087
149.626587	47.730015	117.355469	3.058407	50.768707	99.923409	117.355469
50.768707	99.923409	117.355469	3.058407	-43.861046	40.406662	117.355469
-43.861046	40.406662	117.355469	-0.541593	-7.878705	-116.811974	99.718262
-7.878705	-116.811974	99.718262	3.058407	106.835297	-119.715675	106.879280
106.835297	-119.715675	106.879280	3.058407	166.706985	-24.552486	116.608528
166.706985	-24.552486	116.608528	3.058407	166.706985	-16.014874	117.355469
166.706985	-16.014874	117.355469	3.058407	166.706985	-16.014874	117.355469
166.706985	-16.014874	117.355469	3.058407	-62.984989	-25.826799	252.730087
