32.947681	-42.634090	40.545792	0	0	0.73739371	0.67546319
32.938236	-42.689842	40.549847	0	-0	-1	-4.371139e-08
32.956429	-42.573570	40.541420	0	0	-0.99500417	0.099833397
32.928242	-42.741394	40.553417	0	0	0.73739371	0.67546319
32.964340	-42.507423	40.535015	0	0	0.73739371	0.67546319
32.971260	-42.434731	40.525299	0	0	0.73739371	0.67546319
32.976929	-42.354679	40.514122	0	0	-0.99500417	0.099833397
32.981182	-42.265938	40.499382	0	0	0.73739371	0.67546319
32.983788	-42.167000	40.480034	0	0	0.73739371	0.67546319
32.984505	-42.056267	40.457432	0	0	0.73739371	0.67546319
32.982933	-41.931492	40.429077	0	-0	-1	-4.371139e-08
32.978413	-41.790077	40.393833	0	-0	-1	-4.371139e-08
32.970177	-41.628738	40.349438	0	0	0.73739371	0.67546319
32.957237	-41.443691	40.296299	0	0	0.99913515	0.041580682
32.938541	-41.229828	40.230762	0	0	0.73739371	0.67546319
32.912827	-40.980976	40.150494	0	0	0.98999249	0.14112005
32.878551	-40.689335	40.052155	0	0	0.73739371	0.67546319
32.834053	-40.345173	39.931255	0	0	0.98999249	0.14112005
32.776749	-39.936089	39.782936	0	0	0.80114363	0.59847213
32.704689	-39.447132	39.598705	0	0	0.80114363	0.59847213
32.610687	-38.858330	39.380287	0	0	0.80114363	0.59847213
32.499706	-38.146454	39.081287	0	0	0.80114363	0.59847213
32.331100	-37.278599	38.818218	0	0	0.97095818	0.23924928
32.204399	-36.189716	38.225273	0	0	0.90407214	0.42737988
31.573641	-34.824726	38.828159	0	0	0.80114363	0.59847213
28.458448	-50.409672	39.760277	0	0	0.97095818	0.23924928
28.475126	-50.420174	39.768906	0	0	0.97095818	0.23924928
28.439207	-50.397629	39.751007	0	0	0.97095818	0.23924928
28.489611	-50.429329	39.776756	0	0	0.97095818	0.23924928
28.417011	-50.383633	39.739334	0	0	0.97095818	0.23924928
28.391396	-50.367287	39.723927	0	0	0.97095818	0.23924928
28.361742	-50.348415	39.706570	0	0	0.97095818	0.23924928
28.327446	-50.326443	39.685081	0	0	0.97095818	0.23924928
28.287731	-50.300812	39.658333	0	0	0.97095818	0.23924928
28.241667	-50.271103	39.627544	0	0	0.97095818	0.23924928
28.188097	-50.236393	39.590088	0	0	0.97095818	0.23924928
28.125181	-50.196125	39.551052	0	0	0.97095818	0.23924928
28.049141	-50.152222	39.551052	0	0	0.97095818	0.23924928
27.959309	-50.100357	39.551052	0	0	0.97095818	0.23924928
27.852682	-50.038795	39.551052	0	0	0.97095818	0.23924928
27.725637	-49.965446	39.551052	0	0	0.97095818	0.23924928
27.573648	-49.877697	39.551052	0	0	0.97095818	0.23924928
27.391247	-49.772388	39.551052	0	0	0.97095818	0.23924928
27.171129	-49.645302	39.551052	0	0	0.97095818	0.23924928
26.905361	-49.491859	39.551052	0	0	0.97095818	0.23924928
30.246067	-51.420620	39.551052	0	0	0.94222235	0.33498812
26.579901	-49.303955	39.551052	0	0	0.97095818	0.23924928
26.188416	-49.077930	39.551052	0	0	0.97095818	0.23924928
33.652908	-33.331371	38.632149	0	0	0.80114363	0.59847213
25.686167	-48.787960	39.551052	0	0	0.97095818	0.23924928
32.480263	-33.189125	38.731754	0	0	-0.99500417	0.099833397
25.119642	-48.460876	39.551052	0	0	0.94222235	0.33498812
24.055515	-47.846500	39.551052	0	0	0.98999249	0.14112005
23.603382	-47.585461	39.551052	0	0	0.98999249	0.14112005
41.324165	-34.799747	37.603981	0	-0	-1	-4.371139e-08
32.982220	-32.391617	34.577522	0	0	0	1
40.570312	-34.719578	34.440601	0	-0	-1	-4.371139e-08
20.836872	-45.988216	39.551052	0	0	0.97095818	0.23924928
22.100887	-41.207436	33.117271	0	0	0.73739371	0.67546319
31.266428	-32.602024	30.963110	0	-0	-1	-4.371139e-08
23.958088	-38.492096	29.950064	0	0	0.90407214	0.42737988
34.782192	-29.899761	49.605949	0	0	0	1
34.774723	-29.897760	49.604649	0	0	-0.99500417	0.099833397
34.787815	-29.901268	49.606930	0	0	-0.99500417	0.099833397
34.791843	-29.902349	49.607632	0	0	0.97095818	0.23924928
34.764809	-29.895103	49.602924	0	0	0.97095818	0.23924928
34.751877	-29.891640	49.600670	0	0	0.97095818	0.23924928
34.735790	-29.887329	49.597870	0	0	-0.99500417	0.099833397
34.715748	-29.881958	49.594379	0	0	0	1
34.691002	-29.875328	49.590073	0	0	0.97095818	0.23924928
34.661160	-29.867331	49.584873	0	0	0	1
34.624916	-29.857620	49.578564	0	0	-0.99500417	0.099833397
34.580868	-29.845818	49.570892	0	0	-0.99500417	0.099833397
34.527157	-29.831425	49.561543	0	0	0.97095818	0.23924928
34.462029	-29.813974	49.550201	0	0	-0.99500417	0.099833397
34.382717	-29.792723	49.536388	0	0	0.97095818	0.23924928
34.286198	-29.766861	49.519585	0	0	-0.99500417	0.099833397
34.168659	-29.735367	49.499115	0	0	0.97095818	0.23924928
34.025509	-29.697010	49.474190	0	0	-0.98006658	0.19866933
33.850620	-29.650148	49.443737	0	0	0.94222235	0.33498812
33.637257	-29.592978	49.406582	0	0	0.94222235	0.33498812
33.374306	-29.522520	49.360794	0	0	0.94222235	0.33498812
33.053295	-29.436504	49.304897	0	0	0	1
32.647751	-29.327841	49.234280	0	0	-0.95533648	0.29552023
32.174374	-29.201000	49.151852	0	0	-0.95533648	0.29552023
16.969107	-44.163834	39.303234	0	0	0.66627604	0.74570519
19.367668	-44.092773	31.962322	0	0	0.97095818	0.23924928
31.380396	-28.988253	49.013596	0	0	0.80114363	0.59847213
31.365456	-28.984251	49.010994	0	0	-0.99500417	0.099833397
38.809750	-30.978943	50.307270	0	0	-0.99500417	0.099833397
18.809282	-42.431320	32.260300	0	0	0.94222235	0.33498812
21.964054	-32.001347	34.584156	0	0	0.97095818	0.23924928
20.193430	-40.509209	30.044912	0	0	0	1
28.321411	-28.168602	48.480934	0	0	-0.95533648	0.29552023
17.619213	-45.841228	31.962322	0	0	0.94222235	0.33498812
16.080149	-48.506966	36.358345	0	0	0.97095818	0.23924928
20.523573	-45.248676	27.055326	0	0	0	1
14.692006	-45.243122	37.851536	0	0	0.97095818	0.23924928
16.028378	-35.408062	37.178036	0	0	0.97095818	0.23924928
23.211201	-26.799324	47.591095	0	0	-0.99500417	0.099833397
23.211201	-26.799324	47.591095	0	0	0.99913515	0.041580682
23.211201	-26.799324	47.591095	0	0	-0.98006658	0.19866933
23.211201	-26.799324	47.591095	0	0	0.80114363	0.59847213
23.211201	-26.799324	47.591095	0	0	0.94222235	0.33498812
23.376358	-26.843578	48.097782	0	0	0	1
27.225170	-26.964590	52.793736	0	0	0	1
13.575534	-38.300636	33.701134	0	0	0.85688874	0.51550139
13.331037	-38.056141	33.934998	0	0	0.85688874	0.51550139
13.691905	-42.963676	50.445648	0	0	0.85688874	0.51550139
11.560525	-28.403864	40.407974	0	0	0	1
6.722251	-37.839138	39.551052	0	0	0.90407214	0.42737988
8.071282	-32.796387	38.965958	0	0	0.73739371	0.67546319
7.230680	-31.955784	39.769993	0	0	0.73739371	0.67546319
5.762751	-30.233021	40.801640	0	0	0.80114363	0.59847213
2.574277	-43.090012	31.799076	0	0	0.73739371	0.67546319
4.367442	-29.092545	42.508686	0	0	0.85688874	0.51550139
4.363298	-29.088402	47.108665	0	0	0	1
3.891610	-28.616713	42.963818	0	0	0	1
0.800361	-43.182182	31.734537	0	0	0	1
5.459499	-30.184603	56.741264	0	0	0.66627604	0.74570519
-0.773772	-37.307438	35.848076	0	0	0	1
-1.004852	-36.445034	36.451939	0	0	0.66627604	0.74570519
-1.073150	-36.190144	36.630417	0	0	0.66627604	0.74570519
-2.036711	-32.594086	39.148403	0	0	0.66627604	0.74570519
-2.431298	-32.554333	39.551052	0	0	0.73739371	0.67546319
-3.893533	-42.291893	33.134289	0	0	0.73739371	0.67546319
-2.728178	-30.013496	40.955349	0	0	0.66627604	0.74570519
-2.830250	-29.632559	41.222088	0	0	0.66627604	0.74570519
0.098499	-61.599579	37.227261	0	0	0.85688874	0.51550139
0.119736	-61.637611	37.234417	0	0	0.85688874	0.51550139
0.075056	-61.557640	37.219639	0	0	0.85688874	0.51550139
0.139065	-61.672234	37.240948	0	0	0.85688874	0.51550139
0.049137	-61.511028	37.209816	0	0	0.85688874	0.51550139
0.020399	-61.458920	37.196495	0	0	0.85688874	0.51550139
-0.011711	-61.400681	37.181503	0	0	0.85688874	0.51550139
-0.047651	-61.335140	37.162701	0	0	0.85688874	0.51550139
-0.088045	-61.261032	37.139011	0	0	0.85688874	0.51550139
-0.133747	-61.177097	37.111721	0	0	0.85688874	0.51550139
-0.185635	-61.081375	37.078281	0	0	0.85688874	0.51550139
-0.244910	-60.971573	37.037506	0	0	0.85688874	0.51550139
-0.313008	-60.844795	36.987064	0	0	0.85688874	0.51550139
-0.391841	-60.697792	36.927269	0	0	0.85688874	0.51550139
-0.483595	-60.526108	36.854351	0	0	0.85688874	0.51550139
-0.591073	-60.324463	36.765823	0	0	0.85688874	0.51550139
-0.717767	-60.086182	36.658146	0	0	0.85688874	0.51550139
5.102844	-59.239269	20.491245	0	0	0.73739371	0.67546319
-0.867949	-59.803036	36.526569	0	0	0.85688874	0.51550139
-1.047244	-59.464378	36.365929	0	0	0.85688874	0.51550139
-1.261932	-59.057770	36.167290	0	0	0.85688874	0.51550139
-1.522566	-58.565174	35.932037	0	0	0.85688874	0.51550139
-2.925779	-29.276039	41.471725	0	0	0	1
-1.834372	-57.969242	35.612747	0	0	0.85688874	0.51550139
-2.747391	-29.941793	46.846966	0	0	0	1
-2.230641	-57.232830	35.326679	0	0	0.85688874	0.51550139
-2.053521	-57.276909	33.825329	0	0	0.73739371	0.67546319
-2.087132	-57.218693	33.825329	0	0	0.66627604	0.74570519
-2.686372	-56.333912	34.700493	0	0	0.85688874	0.51550139
-3.479555	-55.062698	35.286976	0	0	0.85688874	0.51550139
-2.536824	-30.727642	53.191822	0	0	0.58850112	0.8084964
-4.860576	-52.414944	33.825329	0	0	0.85688874	0.51550139
-5.136558	-51.936932	33.825329	0	0	0.85688874	0.51550139
-5.541881	-51.234890	33.825329	0	0	0.85688874	0.51550139
-7.040764	-48.638752	33.825329	0	0	0.66627604	0.74570519
-2.376065	-31.327600	58.035828	0	0	0.58850112	0.8084964
-9.280582	-36.246387	34.914238	0	0	0.50484609	0.86320938
-9.360458	-32.863815	38.479229	0	0	0.50484609	0.86320938
-9.159469	-32.113708	37.462688	0	0	0	1
-9.871880	-34.772465	35.601009	0	0	0	1
-10.107444	-35.651600	34.985432	0	0	0	1
-10.361700	-41.141068	31.567616	0	0	0.50484609	0.86320938
-10.525300	-37.211063	33.893482	0	0	0	1
-7.286817	-31.756077	56.598106	0	0	0	1
-11.240239	-39.879250	32.025200	0	0	0.50484609	0.86320938
-12.236131	-39.640110	33.825329	0	0	0.66627604	0.74570519
-12.340218	-42.086109	48.834599	0	0	0.50484609	0.86320938
-12.929442	-38.439259	33.825329	0	0	0.58850112	0.8084964
-12.436126	-44.342358	28.900097	0	0	0.50484609	0.86320938
78.036842	-41.489811	57.137882	0	0	0.99913515	0.041580682
-13.274995	-47.473061	55.265171	0	0	0.41614682	0.90929743
-15.473367	-34.033054	33.825329	0	0	0.41614682	0.90929743
-16.950178	-31.475142	33.825329	0	0	0.32328956	0.94630009
-17.543003	-34.696625	32.337986	0	0	0.41614682	0.90929743
-17.257425	-33.742615	49.825336	0	0	0.32328956	0.94630009
-17.361868	-30.762074	33.825329	0	0	0	1
-17.007259	-61.402058	48.096611	0	0	0.22720209	0.97384763
-21.665043	-35.065247	29.709339	0	0	0.32328956	0.94630009
-22.048199	-35.448402	29.342850	0	0	0.32328956	0.94630009
-16.701818	-60.262138	17.752947	0	0	0.50484609	0.86320938
-24.280069	-42.634090	35.539013	0	0	0.66627604	0.74570519
-24.280493	-42.689842	35.543858	0	0	0.66627604	0.74570519
-24.279623	-42.573570	35.533913	0	0	0.66627604	0.74570519
-24.280880	-42.741394	35.548267	0	0	0.66627604	0.74570519
-24.279007	-42.507423	35.526871	0	0	0.66627604	0.74570519
-24.278111	-42.434731	35.516628	0	0	0.66627604	0.74570519
-24.277098	-42.354679	35.505047	0	0	0.66627604	0.74570519
-24.275785	-42.265938	35.490044	0	0	0.66627604	0.74570519
-24.274086	-42.167000	35.470619	0	0	0.66627604	0.74570519
-24.272118	-42.056267	35.448128	0	0	0.66627604	0.74570519
-24.269669	-41.931492	35.420124	0	0	0.66627604	0.74570519
-24.266642	-41.790077	35.385540	0	0	0.66627604	0.74570519
-24.262850	-41.628738	35.342197	0	0	0.66627604	0.74570519
-24.258335	-41.443691	35.290585	0	0	0.66627604	0.74570519
-24.252787	-41.229828	35.227169	0	0	0.66627604	0.74570519
-24.246014	-40.980976	35.149742	0	0	0.66627604	0.74570519
-24.237736	-40.689335	35.055130	0	0	0.66627604	0.74570519
-24.227575	-40.345173	34.939011	0	0	0.66627604	0.74570519
-24.215134	-39.936089	34.796791	0	0	0.66627604	0.74570519
-24.199686	-39.447132	34.620220	0	0	0.58850112	0.8084964
-24.181437	-38.858330	34.411621	0	0	0.58850112	0.8084964
-24.156319	-38.146454	34.124527	0	0	0.58850112	0.8084964
-23.926977	-45.841228	31.503153	0	0	0.66627604	0.74570519
-24.134758	-37.278599	33.878098	0	0	0.58850112	0.8084964
-23.926977	-38.111794	31.503153	0	0	0.58850112	0.8084964
-24.084238	-36.189716	33.300655	0	0	0.58850112	0.8084964
-24.141375	-34.824726	33.953728	0	0	0.58850112	0.8084964
-23.926977	-35.275330	31.503153	0	0	0.50484609	0.86320938
-23.926977	-32.232788	31.503153	0	0	0.41614682	0.90929743
-24.654470	-32.270657	39.818439	0	0	0.029199523	0.9995736
-24.949646	-34.442795	43.192314	0	0	0.029199523	0.9995736
-23.926977	-31.089317	31.503153	0	0	0.41614682	0.90929743
-23.926977	-30.619509	31.503153	0	0	0	1
-19.582329	-71.012352	40.584835	0	0	0.41614682	0.90929743
-27.489243	-40.889446	38.479229	0	0	0.32328956	0.94630009
-26.037868	-30.693607	30.025091	0	0	0	1
-26.797995	-40.198200	25.826544	0	0	0.32328956	0.94630009
-29.594645	-32.208069	27.534609	0	0	0	1
-27.661018	-53.553043	19.600746	0	0	0.50484609	0.86320938
-30.190912	-43.591118	21.554333	0	0	0.32328956	0.94630009
-32.623413	-33.149712	33.206738	0	0	-0.16996714	0.98544973
-32.623413	-33.149712	33.206738	0	0	0.50484609	0.86320938
-34.328442	-33.670734	32.355225	0	0	0.1288445	0.99166481
-33.724670	-44.098957	24.642735	0	0	0.41614682	0.90929743
-37.899323	-35.254799	31.405497	0	0	0.50484609	0.86320938
-40.999367	-34.162540	26.407663	0	0	0.32328956	0.94630009
-41.814770	-35.958416	28.616461	0	0	0.32328956	0.94630009
-41.927902	-35.646854	23.183487	0	0	-0.070737201	0.99749499
-43.974751	-36.618465	27.537739	0	0	-0.16996714	0.98544973
-44.579685	-57.979889	55.265171	0	0	0.32328956	0.94630009
-57.494186	-53.632404	42.575066	0	0	0.32328956	0.94630009
-58.273846	-71.674049	48.096611	0	0	-0.070737201	0.99749499
-76.052582	-61.440159	36.920616	0	0	-0.16996714	0.98544973
-79.981102	-93.381310	40.584835	0	0	0.1288445	0.99166481
-112.661110	-73.976601	20.920473	0	0	0	1
135.503464	-160.228577	6.245983	0	0	0.99913515	0.041580682
-120.652054	-185.619781	33.206738	0	0	0.80114363	0.59847213
59.190548	-261.097321	6.245983	0	0	0.97095818	0.23924928
25.646648	-270.085388	6.245983	0	0	0.94222235	0.33498812
-23.926977	-270.085388	31.503153	0	0	0.90407214	0.42737988
