-47.449409	-217.570709	21.700808	1.858407	54.618809	-288.296082	18.675398
54.618809	-288.296082	18.675398	2.458407	75.050522	-288.296082	-10.504115
75.050522	-288.296082	-10.504115	2.458407	75.050522	-288.296082	-10.504115
75.050522	-288.296082	-10.504115	2.458407	130.455933	-273.450256	-10.504115
130.455933	-273.450256	-10.504115	2.658407	197.114136	-166.232468	-10.504115
197.114136	-166.232468	-10.504115	3.058407	-191.166000	-133.639267	39.261189
-47.449409	-217.570709	21.700808	1.858407	54.618809	-288.296082	18.675398
54.618809	-288.296082	18.675398	2.458407	75.050522	-288.296082	-10.504115
75.050522	-288.296082	-10.504115	2.458407	75.050522	-288.296082	-10.504115
75.050522	-288.296082	-10.504115	2.458407	130.455933	-273.450256	-10.504115
130.455933	-273.450256	-10.504115	2.658407	197.114136	-166.232468	-10.504115
197.114136	-166.232468	-10.504115	3.058407	-191.166000	-133.639267	39.261189
-47.449409	-217.570709	21.700808	1.858407	54.618809	-288.296082	18.675398
54.618809	-288.296082	18.675398	2.458407	75.050522	-288.296082	-10.504115
75.050522	-288.296082	-10.504115	2.458407	75.050522	-288.296082	-10.504115
75.050522	-288.296082	-10.504115	2.458407	130.455933	-273.450256	-10.504115
130.455933	-273.450256	-10.504115	2.658407	197.114136	-166.232468	-10.504115
197.114136	-166.232468	-10.504115	3.058407	-191.166000	-133.639267	39.261189
-47.449409	-217.570709	21.700808	1.858407	54.618809	-288.296082	18.675398
54.618809	-288.296082	18.675398	2.458407	75.050522	-288.296082	-10.504115
75.050522	-288.296082	-10.504115	2.458407	75.050522	-288.296082	-10.504115
75.050522	-288.296082	-10.504115	2.458407	130.455933	-273.450256	-10.504115
130.455933	-273.450256	-10.504115	2.658407	197.114136	-166.232468	-10.504115
197.114136	-166.232468	-10.504115	3.058407	-191.166000	-133.639267	39.261189
-47.449409	-217.570709	21.700808	1.858407	54.618809	-288.296082	18.675398
54.618809	-288.296082	18.675398	2.458407	75.050522	-288.296082	-10.504115
75.050522	-288.296082	-10.504115	2.458407	75.050522	-288.296082	-10.504115
75.050522	-288.296082	-10.504115	2.458407	130.455933	-273.450256	-10.504115
130.455933	-273.450256	-10.504115	2.658407	197.114136	-166.232468	-10.504115
197.114136	-166.232468	-10.504115	3.058407	-191.166000	-133.639267	39.261189
-47.449409	-217.570709	21.700808	1.858407	54.618809	-288.296082	18.675398
54.618809	-288.296082	18.675398	2.458407	75.050522	-288.296082	-10.504115
75.050522	-288.296082	-10.504115	2.458407	75.050522	-288.296082	-10.504115
75.050522	-288.296082	-10.504115	2.458407	130.455933	-273.450256	-10.504115
130.455933	-273.450256	-10.504115	2.658407	197.114136	-166.232468	-10.504115
197.114136	-166.232468	-10.504115	3.058407	-191.166000	-133.639267	39.261189
-47.449409	-217.570709	21.700808	1.858407	54.618809	-288.296082	18.675398
54.618809	-288.296082	18.675398	2.458407	75.050522	-288.296082	-10.504115
75.050522	-288.296082	-10.504115	2.458407	75.050522	-288.296082	-10.504115
75.050522	-288.296082	-10.504115	2.458407	130.455933	-273.450256	-10.504115
130.455933	-273.450256	-10.504115	2.658407	197.114136	-166.232468	-10.504115
197.114136	-166.232468	-10.504115	3.058407	-191.166000	-133.639267	39.261189
-47.449409	-217.570709	21.700808	1.858407	54.618809	-288.296082	18.675398
54.618809	-288.296082	18.675398	2.458407	75.050522	-288.296082	-10.504115
75.050522	-288.296082	-10.504115	2.458407	75.050522	-288.296082	-10.504115
75.050522	-288.296082	-10.504115	2.458407	130.455933	-273.450256	-10.504115
130.455933	-273.450256	-10.504115	2.658407	197.114136	-166.232468	-10.504115
197.114136	-166.232468	-10.504115	3.058407	-191.166000	-133.639267	39.261189
-47.449409	-217.570709	21.700808	1.858407	54.618809	-288.296082	18.675398
54.618809	-288.296082	18.675398	2.458407	75.050522	-288.296082	-10.504115
75.050522	-288.296082	-10.504115	2.458407	75.050522	-288.296082	-10.504115
75.050522	-288.296082	-10.504115	2.458407	130.455933	-273.450256	-10.504115
130.455933	-273.450256	-10.504115	2.658407	197.114136	-166.232468	-10.504115
197.114136	-166.232468	-10.504115	3.058407	-191.166000	-133.639267	39.261189
-47.449409	-217.570709	21.700808	1.858407	54.618809	-288.296082	18.675398
54.618809	-288.296082	18.675398	2.458407	75.050522	-288.296082	-10.504115
75.050522	-288.296082	-10.504115	2.458407	75.050522	-288.296082	-10.504115
75.050522	-288.296082	-10.504115	2.458407	130.455933	-273.450256	-10.504115
130.455933	-273.450256	-10.504115	2.658407	197.114136	-166.232468	-10.504115
197.114136	-166.232468	-10.504115	3.058407	-191.166000	-133.639267	39.261189
-47.449409	-217.570709	21.700808	1.858407	54.618809	-288.296082	18.675398
54.618809	-288.296082	18.675398	2.458407	75.050522	-288.296082	-10.504115
75.050522	-288.296082	-10.504115	2.458407	75.050522	-288.296082	-10.504115
75.050522	-288.296082	-10.504115	2.458407	130.455933	-273.450256	-10.504115
130.455933	-273.450256	-10.504115	2.658407	197.114136	-166.232468	-10.504115
197.114136	-166.232468	-10.504115	3.058407	-191.166000	-133.639267	39.261189
-47.449409	-217.570709	21.700808	1.858407	54.618809	-288.296082	18.675398
54.618809	-288.296082	18.675398	2.458407	75.050522	-288.296082	-10.504115
75.050522	-288.296082	-10.504115	2.458407	75.050522	-288.296082	-10.504115
75.050522	-288.296082	-10.504115	2.458407	130.455933	-273.450256	-10.504115
130.455933	-273.450256	-10.504115	2.658407	197.114136	-166.232468	-10.504115
197.114136	-166.232468	-10.504115	3.058407	-191.166000	-133.639267	39.261189
-47.449409	-217.570709	21.700808	1.858407	54.618809	-288.296082	18.675398
54.618809	-288.296082	18.675398	2.458407	75.050522	-288.296082	-10.504115
75.050522	-288.296082	-10.504115	2.458407	75.050522	-288.296082	-10.504115
75.050522	-288.296082	-10.504115	2.458407	130.455933	-273.450256	-10.504115
130.455933	-273.450256	-10.504115	2.658407	197.114136	-166.232468	-10.504115
197.114136	-166.232468	-10.504115	3.058407	-191.166000	-133.639267	39.261189
-47.449409	-217.570709	21.700808	1.858407	54.618809	-288.296082	18.675398
54.618809	-288.296082	18.675398	2.458407	75.050522	-288.296082	-10.504115
75.050522	-288.296082	-10.504115	2.458407	75.050522	-288.296082	-10.504115
75.050522	-288.296082	-10.504115	2.458407	130.455933	-273.450256	-10.504115
130.455933	-273.450256	-10.504115	2.658407	197.114136	-166.232468	-10.504115
197.114136	-166.232468	-10.504115	3.058407	-191.166000	-133.639267	39.261189
-47.449409	-217.570709	21.700808	1.858407	54.618809	-288.296082	18.675398
54.618809	-288.296082	18.675398	2.458407	75.050522	-288.296082	-10.504115
75.050522	-288.296082	-10.504115	2.458407	75.050522	-288.296082	-10.504115
75.050522	-288.296082	-10.504115	2.458407	130.455933	-273.450256	-10.504115
130.455933	-273.450256	-10.504115	2.658407	197.114136	-166.232468	-10.504115
197.114136	-166.232468	-10.504115	3.058407	-191.166000	-133.639267	39.261189
-47.449409	-217.570709	21.700808	1.858407	54.618809	-288.296082	18.675398
54.618809	-288.296082	18.675398	2.458407	75.050522	-288.296082	-10.504115
75.050522	-288.296082	-10.504115	2.458407	75.050522	-288.296082	-10.504115
75.050522	-288.296082	-10.504115	2.458407	130.455933	-273.450256	-10.504115
130.455933	-273.450256	-10.504115	2.658407	197.114136	-166.232468	-10.504115
197.114136	-166.232468	-10.504115	3.058407	-191.166000	-133.639267	39.261189
-47.449409	-217.570709	21.700808	1.858407	54.618809	-288.296082	18.675398
54.618809	-288.296082	18.675398	2.458407	75.050522	-288.296082	-10.504115
75.050522	-288.296082	-10.504115	2.458407	75.050522	-288.296082	-10.504115
75.050522	-288.296082	-10.504115	2.458407	130.455933	-273.450256	-10.504115
130.455933	-273.450256	-10.504115	2.658407	197.114136	-166.232468	-10.504115
197.114136	-166.232468	-10.504115	3.058407	-191.166000	-133.639267	39.261189
-47.449409	-217.570709	21.700808	1.858407	54.618809	-288.296082	18.675398
54.618809	-288.296082	18.675398	2.458407	75.050522	-288.296082	-10.504115
75.050522	-288.296082	-10.504115	2.458407	75.050522	-288.296082	-10.504115
75.050522	-288.296082	-10.504115	2.458407	130.455933	-273.450256	-10.504115
130.455933	-273.450256	-10.504115	2.658407	197.114136	-166.232468	-10.504115
197.114136	-166.232468	-10.504115	3.058407	-191.166000	-133.639267	39.261189
-47.449409	-217.570709	21.700808	1.858407	54.618809	-288.296082	18.675398
54.618809	-288.296082	18.675398	2.458407	75.050522	-288.296082	-10.504115
75.050522	-288.296082	-10.504115	2.458407	75.050522	-288.296082	-10.504115
75.050522	-288.296082	-10.504115	2.458407	130.455933	-273.450256	-10.504115
130.455933	-273.450256	-10.504115	2.658407	197.114136	-166.232468	-10.504115
197.114136	-166.232468	-10.504115	3.058407	-191.166000	-133.639267	39.261189
-47.449409	-217.570709	21.700808	1.858407	54.618809	-288.296082	18.675398
54.618809	-288.296082	18.675398	2.458407	75.050522	-288.296082	-10.504115
75.050522	-288.296082	-10.504115	2.458407	75.050522	-288.296082	-10.504115
75.050522	-288.296082	-10.504115	2.458407	130.455933	-273.450256	-10.504115
130.455933	-273.450256	-10.504115	2.658407	197.114136	-166.232468	-10.504115
197.114136	-166.232468	-10.504115	3.058407	-191.166000	-133.639267	39.261189
