62.851978	167.931824	3.836378	0.000000	0.000000	-1.141593
67.158897	42.470673	3.800130	0.000000	0.000000	3.058407
-170.686264	95.586441	-5.797648	0.000000	0.000000	0.058407
-113.588409	207.037766	-5.797648	0.000000	0.000000	-0.341593
-39.340195	226.932510	-5.797648	0.000000	0.000000	-0.741593
-39.340195	226.932510	-5.797648	0.000000	0.000000	-0.741593
-37.554501	226.932510	-3.247411	0.000000	0.000000	-0.741593
62.851978	167.931824	3.836378	0.000000	0.000000	-1.141593
67.158897	42.470673	3.800130	0.000000	0.000000	3.058407
-170.686264	95.586441	-5.797648	0.000000	0.000000	0.058407
-113.588409	207.037766	-5.797648	0.000000	0.000000	-0.341593
-39.340195	226.932510	-5.797648	0.000000	0.000000	-0.741593
-39.340195	226.932510	-5.797648	0.000000	0.000000	-0.741593
-37.554501	226.932510	-3.247411	0.000000	0.000000	-0.741593
62.851978	167.931824	3.836378	0.000000	0.000000	-1.141593
67.158897	42.470673	3.800130	0.000000	0.000000	3.058407
-170.686264	95.586441	-5.797648	0.000000	0.000000	0.058407
-113.588409	207.037766	-5.797648	0.000000	0.000000	-0.341593
-39.340195	226.932510	-5.797648	0.000000	0.000000	-0.741593
-39.340195	226.932510	-5.797648	0.000000	0.000000	-0.741593
-37.554501	226.932510	-3.247411	0.000000	0.000000	-0.741593
62.851978	167.931824	3.836378	0.000000	0.000000	-1.141593
67.158897	42.470673	3.800130	0.000000	0.000000	3.058407
-170.686264	95.586441	-5.797648	0.000000	0.000000	0.058407
-113.588409	207.037766	-5.797648	0.000000	0.000000	-0.341593
-39.340195	226.932510	-5.797648	0.000000	0.000000	-0.741593
-39.340195	226.932510	-5.797648	0.000000	0.000000	-0.741593
-37.554501	226.932510	-3.247411	0.000000	0.000000	-0.741593
62.851978	167.931824	3.836378	0.000000	0.000000	-1.141593
67.158897	42.470673	3.800130	0.000000	0.000000	3.058407
-170.686264	95.586441	-5.797648	0.000000	0.000000	0.058407
-113.588409	207.037766	-5.797648	0.000000	0.000000	-0.341593
-39.340195	226.932510	-5.797648	0.000000	0.000000	-0.741593
-39.340195	226.932510	-5.797648	0.000000	0.000000	-0.741593
-37.554501	226.932510	-3.247411	0.000000	0.000000	-0.741593
62.851978	167.931824	3.836378	0.000000	0.000000	-1.141593
67.158897	42.470673	3.800130	0.000000	0.000000	3.058407
-170.686264	95.586441	-5.797648	0.000000	0.000000	0.058407
-113.588409	207.037766	-5.797648	0.000000	0.000000	-0.341593
-39.340195	226.932510	-5.797648	0.000000	0.000000	-0.741593
-39.340195	226.932510	-5.797648	0.000000	0.000000	-0.741593
-37.554501	226.932510	-3.247411	0.000000	0.000000	-0.741593
62.851978	167.931824	3.836378	0.000000	0.000000	-1.141593
67.158897	42.470673	3.800130	0.000000	0.000000	3.058407
-170.686264	95.586441	-5.797648	0.000000	0.000000	0.058407
-113.588409	207.037766	-5.797648	0.000000	0.000000	-0.341593
-39.340195	226.932510	-5.797648	0.000000	0.000000	-0.741593
-39.340195	226.932510	-5.797648	0.000000	0.000000	-0.741593
-37.554501	226.932510	-3.247411	0.000000	0.000000	-0.741593
62.851978	167.931824	3.836378	0.000000	0.000000	-1.141593
67.158897	42.470673	3.800130	0.000000	0.000000	3.058407
-170.686264	95.586441	-5.797648	0.000000	0.000000	0.058407
-113.588409	207.037766	-5.797648	0.000000	0.000000	-0.341593
-39.340195	226.932510	-5.797648	0.000000	0.000000	-0.741593
-39.340195	226.932510	-5.797648	0.000000	0.000000	-0.741593
-37.554501	226.932510	-3.247411	0.000000	0.000000	-0.741593
62.851978	167.931824	3.836378	0.000000	0.000000	-1.141593
67.158897	42.470673	3.800130	0.000000	0.000000	3.058407
-170.686264	95.586441	-5.797648	0.000000	0.000000	0.058407
-113.588409	207.037766	-5.797648	0.000000	0.000000	-0.341593
-39.340195	226.932510	-5.797648	0.000000	0.000000	-0.741593
-39.340195	226.932510	-5.797648	0.000000	0.000000	-0.741593
-37.554501	226.932510	-3.247411	0.000000	0.000000	-0.741593
62.851978	167.931824	3.836378	0.000000	0.000000	-1.141593
67.158897	42.470673	3.800130	0.000000	0.000000	3.058407
-170.686264	95.586441	-5.797648	0.000000	0.000000	0.058407
-113.588409	207.037766	-5.797648	0.000000	0.000000	-0.341593
-39.340195	226.932510	-5.797648	0.000000	0.000000	-0.741593
-39.340195	226.932510	-5.797648	0.000000	0.000000	-0.741593
-37.554501	226.932510	-3.247411	0.000000	0.000000	-0.741593
62.851978	167.931824	3.836378	0.000000	0.000000	-1.141593
67.158897	42.470673	3.800130	0.000000	0.000000	3.058407
-170.686264	95.586441	-5.797648	0.000000	0.000000	0.058407
-113.588409	207.037766	-5.797648	0.000000	0.000000	-0.341593
-39.340195	226.932510	-5.797648	0.000000	0.000000	-0.741593
-39.340195	226.932510	-5.797648	0.000000	0.000000	-0.741593
-37.554501	226.932510	-3.247411	0.000000	0.000000	-0.741593
62.851978	167.931824	3.836378	0.000000	0.000000	-1.141593
67.158897	42.470673	3.800130	0.000000	0.000000	3.058407
-170.686264	95.586441	-5.797648	0.000000	0.000000	0.058407
-113.588409	207.037766	-5.797648	0.000000	0.000000	-0.341593
-39.340195	226.932510	-5.797648	0.000000	0.000000	-0.741593
-39.340195	226.932510	-5.797648	0.000000	0.000000	-0.741593
-37.554501	226.932510	-3.247411	0.000000	0.000000	-0.741593
62.851978	167.931824	3.836378	0.000000	0.000000	-1.141593
67.158897	42.470673	3.800130	0.000000	0.000000	3.058407
-170.686264	95.586441	-5.797648	0.000000	0.000000	0.058407
-113.588409	207.037766	-5.797648	0.000000	0.000000	-0.341593
-39.340195	226.932510	-5.797648	0.000000	0.000000	-0.741593
-39.340195	226.932510	-5.797648	0.000000	0.000000	-0.741593
-37.554501	226.932510	-3.247411	0.000000	0.000000	-0.741593
62.851978	167.931824	3.836378	0.000000	0.000000	-1.141593
67.158897	42.470673	3.800130	0.000000	0.000000	3.058407
-170.686264	95.586441	-5.797648	0.000000	0.000000	0.058407
-113.588409	207.037766	-5.797648	0.000000	0.000000	-0.341593
-39.340195	226.932510	-5.797648	0.000000	0.000000	-0.741593
-39.340195	226.932510	-5.797648	0.000000	0.000000	-0.741593
-37.554501	226.932510	-3.247411	0.000000	0.000000	-0.741593
62.851978	167.931824	3.836378	0.000000	0.000000	-1.141593
67.158897	42.470673	3.800130	0.000000	0.000000	3.058407
-170.686264	95.586441	-5.797648	0.000000	0.000000	0.058407
-113.588409	207.037766	-5.797648	0.000000	0.000000	-0.341593
-39.340195	226.932510	-5.797648	0.000000	0.000000	-0.741593
-39.340195	226.932510	-5.797648	0.000000	0.000000	-0.741593
-37.554501	226.932510	-3.247411	0.000000	0.000000	-0.741593
62.851978	167.931824	3.836378	0.000000	0.000000	-1.141593
67.158897	42.470673	3.800130	0.000000	0.000000	3.058407
-170.686264	95.586441	-5.797648	0.000000	0.000000	0.058407
-113.588409	207.037766	-5.797648	0.000000	0.000000	-0.341593
-39.340195	226.932510	-5.797648	0.000000	0.000000	-0.741593
-39.340195	226.932510	-5.797648	0.000000	0.000000	-0.741593
-37.554501	226.932510	-3.247411	0.000000	0.000000	-0.741593
62.851978	167.931824	3.836378	0.000000	0.000000	-1.141593
67.158897	42.470673	3.800130	0.000000	0.000000	3.058407
-170.686264	95.586441	-5.797648	0.000000	0.000000	0.058407
-113.588409	207.037766	-5.797648	0.000000	0.000000	-0.341593
-39.340195	226.932510	-5.797648	0.000000	0.000000	-0.741593
-39.340195	226.932510	-5.797648	0.000000	0.000000	-0.741593
-37.554501	226.932510	-3.247411	0.000000	0.000000	-0.741593
62.851978	167.931824	3.836378	0.000000	0.000000	-1.141593
67.158897	42.470673	3.800130	0.000000	0.000000	3.058407
-170.686264	95.586441	-5.797648	0.000000	0.000000	0.058407
-113.588409	207.037766	-5.797648	0.000000	0.000000	-0.341593
-39.340195	226.932510	-5.797648	0.000000	0.000000	-0.741593
-39.340195	226.932510	-5.797648	0.000000	0.000000	-0.741593
-37.554501	226.932510	-3.247411	0.000000	0.000000	-0.741593
62.851978	167.931824	3.836378	0.000000	0.000000	-1.141593
67.158897	42.470673	3.800130	0.000000	0.000000	3.058407
-170.686264	95.586441	-5.797648	0.000000	0.000000	0.058407
-113.588409	207.037766	-5.797648	0.000000	0.000000	-0.341593
-39.340195	226.932510	-5.797648	0.000000	0.000000	-0.741593
-39.340195	226.932510	-5.797648	0.000000	0.000000	-0.741593
-37.554501	226.932510	-3.247411	0.000000	0.000000	-0.741593
62.851978	167.931824	3.836378	0.000000	0.000000	-1.141593
67.158897	42.470673	3.800130	0.000000	0.000000	3.058407
-170.686264	95.586441	-5.797648	0.000000	0.000000	0.058407
-113.588409	207.037766	-5.797648	0.000000	0.000000	-0.341593
-39.340195	226.932510	-5.797648	0.000000	0.000000	-0.741593
-39.340195	226.932510	-5.797648	0.000000	0.000000	-0.741593
-37.554501	226.932510	-3.247411	0.000000	0.000000	-0.741593
