-198.266846	83.790207	39.932953	0.458407	-292.029358	3.174630	49.183933
-292.029358	3.174630	49.183933	0.858407	-292.029358	-78.611214	56.339268
-292.029358	-78.611214	56.339268	1.258407	-292.029358	-78.611214	56.339268
-292.029358	-78.611214	56.339268	1.258407	-292.029358	-78.611214	56.339268
-292.029358	-78.611214	56.339268	1.258407	-212.966019	-157.674561	56.339268
-212.966019	-157.674561	56.339268	1.858407	-92.541176	-132.063904	56.339268
-92.541176	-132.063904	56.339268	2.458407	122.291832	162.701019	-46.318893
-198.266846	83.790207	39.932953	0.458407	-292.029358	3.174630	49.183933
-292.029358	3.174630	49.183933	0.858407	-292.029358	-78.611214	56.339268
-292.029358	-78.611214	56.339268	1.258407	-292.029358	-78.611214	56.339268
-292.029358	-78.611214	56.339268	1.258407	-292.029358	-78.611214	56.339268
-292.029358	-78.611214	56.339268	1.258407	-212.966019	-157.674561	56.339268
-212.966019	-157.674561	56.339268	1.858407	-92.541176	-132.063904	56.339268
-92.541176	-132.063904	56.339268	2.458407	122.291832	162.701019	-46.318893
-198.266846	83.790207	39.932953	0.458407	-292.029358	3.174630	49.183933
-292.029358	3.174630	49.183933	0.858407	-292.029358	-78.611214	56.339268
-292.029358	-78.611214	56.339268	1.258407	-292.029358	-78.611214	56.339268
-292.029358	-78.611214	56.339268	1.258407	-292.029358	-78.611214	56.339268
-292.029358	-78.611214	56.339268	1.258407	-212.966019	-157.674561	56.339268
-212.966019	-157.674561	56.339268	1.858407	-92.541176	-132.063904	56.339268
-92.541176	-132.063904	56.339268	2.458407	122.291832	162.701019	-46.318893
-198.266846	83.790207	39.932953	0.458407	-292.029358	3.174630	49.183933
-292.029358	3.174630	49.183933	0.858407	-292.029358	-78.611214	56.339268
-292.029358	-78.611214	56.339268	1.258407	-292.029358	-78.611214	56.339268
-292.029358	-78.611214	56.339268	1.258407	-292.029358	-78.611214	56.339268
-292.029358	-78.611214	56.339268	1.258407	-212.966019	-157.674561	56.339268
-212.966019	-157.674561	56.339268	1.858407	-92.541176	-132.063904	56.339268
-92.541176	-132.063904	56.339268	2.458407	122.291832	162.701019	-46.318893
-198.266846	83.790207	39.932953	0.458407	-292.029358	3.174630	49.183933
-292.029358	3.174630	49.183933	0.858407	-292.029358	-78.611214	56.339268
-292.029358	-78.611214	56.339268	1.258407	-292.029358	-78.611214	56.339268
-292.029358	-78.611214	56.339268	1.258407	-292.029358	-78.611214	56.339268
-292.029358	-78.611214	56.339268	1.258407	-212.966019	-157.674561	56.339268
-212.966019	-157.674561	56.339268	1.858407	-92.541176	-132.063904	56.339268
-92.541176	-132.063904	56.339268	2.458407	122.291832	162.701019	-46.318893
-198.266846	83.790207	39.932953	0.458407	-292.029358	3.174630	49.183933
-292.029358	3.174630	49.183933	0.858407	-292.029358	-78.611214	56.339268
-292.029358	-78.611214	56.339268	1.258407	-292.029358	-78.611214	56.339268
-292.029358	-78.611214	56.339268	1.258407	-292.029358	-78.611214	56.339268
-292.029358	-78.611214	56.339268	1.258407	-212.966019	-157.674561	56.339268
-212.966019	-157.674561	56.339268	1.858407	-92.541176	-132.063904	56.339268
-92.541176	-132.063904	56.339268	2.458407	122.291832	162.701019	-46.318893
-198.266846	83.790207	39.932953	0.458407	-292.029358	3.174630	49.183933
-292.029358	3.174630	49.183933	0.858407	-292.029358	-78.611214	56.339268
-292.029358	-78.611214	56.339268	1.258407	-292.029358	-78.611214	56.339268
-292.029358	-78.611214	56.339268	1.258407	-292.029358	-78.611214	56.339268
-292.029358	-78.611214	56.339268	1.258407	-212.966019	-157.674561	56.339268
-212.966019	-157.674561	56.339268	1.858407	-92.541176	-132.063904	56.339268
-92.541176	-132.063904	56.339268	2.458407	122.291832	162.701019	-46.318893
-198.266846	83.790207	39.932953	0.458407	-292.029358	3.174630	49.183933
-292.029358	3.174630	49.183933	0.858407	-292.029358	-78.611214	56.339268
-292.029358	-78.611214	56.339268	1.258407	-292.029358	-78.611214	56.339268
-292.029358	-78.611214	56.339268	1.258407	-292.029358	-78.611214	56.339268
-292.029358	-78.611214	56.339268	1.258407	-212.966019	-157.674561	56.339268
-212.966019	-157.674561	56.339268	1.858407	-92.541176	-132.063904	56.339268
-92.541176	-132.063904	56.339268	2.458407	122.291832	162.701019	-46.318893
-198.266846	83.790207	39.932953	0.458407	-292.029358	3.174630	49.183933
-292.029358	3.174630	49.183933	0.858407	-292.029358	-78.611214	56.339268
-292.029358	-78.611214	56.339268	1.258407	-292.029358	-78.611214	56.339268
-292.029358	-78.611214	56.339268	1.258407	-292.029358	-78.611214	56.339268
-292.029358	-78.611214	56.339268	1.258407	-212.966019	-157.674561	56.339268
-212.966019	-157.674561	56.339268	1.858407	-92.541176	-132.063904	56.339268
-92.541176	-132.063904	56.339268	2.458407	122.291832	162.701019	-46.318893
-198.266846	83.790207	39.932953	0.458407	-292.029358	3.174630	49.183933
-292.029358	3.174630	49.183933	0.858407	-292.029358	-78.611214	56.339268
-292.029358	-78.611214	56.339268	1.258407	-292.029358	-78.611214	56.339268
-292.029358	-78.611214	56.339268	1.258407	-292.029358	-78.611214	56.339268
-292.029358	-78.611214	56.339268	1.258407	-212.966019	-157.674561	56.339268
-212.966019	-157.674561	56.339268	1.858407	-92.541176	-132.063904	56.339268
-92.541176	-132.063904	56.339268	2.458407	122.291832	162.701019	-46.318893
-198.266846	83.790207	39.932953	0.458407	-292.029358	3.174630	49.183933
-292.029358	3.174630	49.183933	0.858407	-292.029358	-78.611214	56.339268
-292.029358	-78.611214	56.339268	1.258407	-292.029358	-78.611214	56.339268
-292.029358	-78.611214	56.339268	1.258407	-292.029358	-78.611214	56.339268
-292.029358	-78.611214	56.339268	1.258407	-212.966019	-157.674561	56.339268
-212.966019	-157.674561	56.339268	1.858407	-92.541176	-132.063904	56.339268
-92.541176	-132.063904	56.339268	2.458407	122.291832	162.701019	-46.318893
-198.266846	83.790207	39.932953	0.458407	-292.029358	3.174630	49.183933
-292.029358	3.174630	49.183933	0.858407	-292.029358	-78.611214	56.339268
-292.029358	-78.611214	56.339268	1.258407	-292.029358	-78.611214	56.339268
-292.029358	-78.611214	56.339268	1.258407	-292.029358	-78.611214	56.339268
-292.029358	-78.611214	56.339268	1.258407	-212.966019	-157.674561	56.339268
-212.966019	-157.674561	56.339268	1.858407	-92.541176	-132.063904	56.339268
-92.541176	-132.063904	56.339268	2.458407	122.291832	162.701019	-46.318893
-198.266846	83.790207	39.932953	0.458407	-292.029358	3.174630	49.183933
-292.029358	3.174630	49.183933	0.858407	-292.029358	-78.611214	56.339268
-292.029358	-78.611214	56.339268	1.258407	-292.029358	-78.611214	56.339268
-292.029358	-78.611214	56.339268	1.258407	-292.029358	-78.611214	56.339268
-292.029358	-78.611214	56.339268	1.258407	-212.966019	-157.674561	56.339268
-212.966019	-157.674561	56.339268	1.858407	-92.541176	-132.063904	56.339268
-92.541176	-132.063904	56.339268	2.458407	122.291832	162.701019	-46.318893
-198.266846	83.790207	39.932953	0.458407	-292.029358	3.174630	49.183933
-292.029358	3.174630	49.183933	0.858407	-292.029358	-78.611214	56.339268
-292.029358	-78.611214	56.339268	1.258407	-292.029358	-78.611214	56.339268
-292.029358	-78.611214	56.339268	1.258407	-292.029358	-78.611214	56.339268
-292.029358	-78.611214	56.339268	1.258407	-212.966019	-157.674561	56.339268
-212.966019	-157.674561	56.339268	1.858407	-92.541176	-132.063904	56.339268
-92.541176	-132.063904	56.339268	2.458407	122.291832	162.701019	-46.318893
-198.266846	83.790207	39.932953	0.458407	-292.029358	3.174630	49.183933
-292.029358	3.174630	49.183933	0.858407	-292.029358	-78.611214	56.339268
-292.029358	-78.611214	56.339268	1.258407	-292.029358	-78.611214	56.339268
-292.029358	-78.611214	56.339268	1.258407	-292.029358	-78.611214	56.339268
-292.029358	-78.611214	56.339268	1.258407	-212.966019	-157.674561	56.339268
-212.966019	-157.674561	56.339268	1.858407	-92.541176	-132.063904	56.339268
-92.541176	-132.063904	56.339268	2.458407	122.291832	162.701019	-46.318893
-198.266846	83.790207	39.932953	0.458407	-292.029358	3.174630	49.183933
-292.029358	3.174630	49.183933	0.858407	-292.029358	-78.611214	56.339268
-292.029358	-78.611214	56.339268	1.258407	-292.029358	-78.611214	56.339268
-292.029358	-78.611214	56.339268	1.258407	-292.029358	-78.611214	56.339268
-292.029358	-78.611214	56.339268	1.258407	-212.966019	-157.674561	56.339268
-212.966019	-157.674561	56.339268	1.858407	-92.541176	-132.063904	56.339268
-92.541176	-132.063904	56.339268	2.458407	122.291832	162.701019	-46.318893
-198.266846	83.790207	39.932953	0.458407	-292.029358	3.174630	49.183933
-292.029358	3.174630	49.183933	0.858407	-292.029358	-78.611214	56.339268
-292.029358	-78.611214	56.339268	1.258407	-292.029358	-78.611214	56.339268
-292.029358	-78.611214	56.339268	1.258407	-292.029358	-78.611214	56.339268
-292.029358	-78.611214	56.339268	1.258407	-212.966019	-157.674561	56.339268
-212.966019	-157.674561	56.339268	1.858407	-92.541176	-132.063904	56.339268
-92.541176	-132.063904	56.339268	2.458407	122.291832	162.701019	-46.318893
-198.266846	83.790207	39.932953	0.458407	-292.029358	3.174630	49.183933
-292.029358	3.174630	49.183933	0.858407	-292.029358	-78.611214	56.339268
-292.029358	-78.611214	56.339268	1.258407	-292.029358	-78.611214	56.339268
-292.029358	-78.611214	56.339268	1.258407	-292.029358	-78.611214	56.339268
-292.029358	-78.611214	56.339268	1.258407	-212.966019	-157.674561	56.339268
-212.966019	-157.674561	56.339268	1.858407	-92.541176	-132.063904	56.339268
-92.541176	-132.063904	56.339268	2.458407	122.291832	162.701019	-46.318893
-198.266846	83.790207	39.932953	0.458407	-292.029358	3.174630	49.183933
-292.029358	3.174630	49.183933	0.858407	-292.029358	-78.611214	56.339268
-292.029358	-78.611214	56.339268	1.258407	-292.029358	-78.611214	56.339268
-292.029358	-78.611214	56.339268	1.258407	-292.029358	-78.611214	56.339268
-292.029358	-78.611214	56.339268	1.258407	-212.966019	-157.674561	56.339268
-212.966019	-157.674561	56.339268	1.858407	-92.541176	-132.063904	56.339268
-92.541176	-132.063904	56.339268	2.458407	122.291832	162.701019	-46.318893
-198.266846	83.790207	39.932953	0.458407	-292.029358	3.174630	49.183933
-292.029358	3.174630	49.183933	0.858407	-292.029358	-78.611214	56.339268
-292.029358	-78.611214	56.339268	1.258407	-292.029358	-78.611214	56.339268
-292.029358	-78.611214	56.339268	1.258407	-292.029358	-78.611214	56.339268
-292.029358	-78.611214	56.339268	1.258407	-212.966019	-157.674561	56.339268
-212.966019	-157.674561	56.339268	1.858407	-92.541176	-132.063904	56.339268
-92.541176	-132.063904	56.339268	2.458407	122.291832	162.701019	-46.318893
