-56.074800	-105.154000	4.441220	0.000000	0.000000	0.856889	0.515500
-55.958214	5.397957	125.784355	0	0	-0.070737201	0.99749499
-54.785419	4.807030	125.769081	0	0	-0.070737201	0.99749499
-57.138050	5.974545	125.800293	0	0	0.029199523	0.9995736
-53.619843	4.201849	125.754478	0	0	-0.070737201	0.99749499
-58.324730	6.536692	125.816902	0	0	0.029199523	0.9995736
-52.461658	3.582499	125.740547	0	0	-0.070737201	0.99749499
-59.518112	7.084332	125.834183	0	0	0.029199523	0.9995736
-51.311028	2.949069	125.727287	0	0	-0.16996714	0.98544973
-60.717983	7.617378	125.852127	0	0	0.029199523	0.9995736
-50.168144	2.301662	125.714699	0	0	-0.16996714	0.98544973
-61.924183	8.135755	125.870735	0	0	0.029199523	0.9995736
-49.033176	1.640377	125.702782	0	0	-0.16996714	0.98544973
-63.136509	8.639378	125.890007	0	0	0.1288445	0.99166481
-47.906296	0.965306	125.691536	0	0	-0.26749883	0.96355818
-64.354797	9.128177	125.909950	0	0	0.1288445	0.99166481
-46.787659	0.276541	125.680962	0	0	-0.26749883	0.96355818
-65.578857	9.602089	125.930550	0	0	0.1288445	0.99166481
-45.677441	-0.425800	125.671059	0	0	-0.26749883	0.96355818
-66.808495	10.061027	125.951820	0	0	0.1288445	0.99166481
-44.575813	-1.141620	125.661827	0	0	-0.36235775	0.93203909
-68.035461	10.518606	125.972359	0	0	0.1288445	0.99166481
-43.482941	-1.870811	125.653275	0	0	-0.36235775	0.93203909
-69.264374	10.967062	125.992966	0	0	0.1288445	0.99166481
-42.398998	-2.613261	125.645393	0	0	-0.45359611	0.89120736
-70.498573	11.400509	126.014229	0	0	0.1288445	0.99166481
-41.324127	-3.368859	125.638191	0	0	-0.54030229	0.84147099
-71.737846	11.818873	126.036156	0	0	0.1288445	0.99166481
-40.258511	-4.137496	125.631660	0	0	-0.54030229	0.84147099
-72.982025	12.222095	126.058739	0	0	0.22720209	0.97384763
-39.202290	-4.919054	125.625801	0	0	-0.62160997	0.7833269
-74.230919	12.610120	126.081978	0	0	0.22720209	0.97384763
-75.484329	12.982889	126.105881	0	0	0.22720209	0.97384763
-38.155632	-5.713428	125.620621	0	0	-0.69670669	0.71735611
-76.742081	13.340349	126.130432	0	0	0.22720209	0.97384763
-37.118706	-6.520470	125.616119	0	0	-0.69670669	0.71735611
-78.003975	13.682447	126.155640	0	0	0.22720209	0.97384763
-36.091648	-7.340092	125.612289	0	0	-0.76484218	0.64421769
-79.269821	14.009131	126.181503	0	0	0.22720209	0.97384763
-35.074631	-8.172147	125.609131	0	0	-0.82533563	0.56464246
-80.539429	14.320361	126.208023	0	0	0.22720209	0.97384763
-34.067802	-9.016518	125.606651	0	0	-0.82533563	0.56464246
-81.812614	14.616090	126.235191	0	0	0.22720209	0.97384763
-33.071301	-9.873086	125.604851	0	0	-0.87758258	0.4794255
-32.623589	-10.255003	125.603531	0	0	-0.87758258	0.4794255
-32.554569	-10.299482	125.602737	0	0	-0.87758258	0.4794255
-32.485752	-10.344438	125.602631	0	0	-0.87758258	0.4794255
-32.417145	-10.389860	125.603195	0	0	-0.87758258	0.4794255
-32.348751	-10.435764	125.604439	0	0	-0.87758258	0.4794255
-32.280571	-10.482138	125.606354	0	0	-0.87758258	0.4794255
-32.212608	-10.528984	125.608948	0	0	-0.87758258	0.4794255
-32.144875	-10.576303	125.612213	0	0	-0.87758258	0.4794255
-32.077366	-10.624095	125.616158	0	0	-0.87758258	0.4794255
-83.089180	14.896271	126.263008	0	0	0.22720209	0.97384763
-32.010086	-10.672358	125.620781	0	0	-0.87758258	0.4794255
-31.943043	-10.721093	125.626076	0	0	-0.87758258	0.4794255
-31.876232	-10.770296	125.632042	0	0	-0.87758258	0.4794255
-31.809666	-10.819967	125.638695	0	0	-0.87758258	0.4794255
-31.743347	-10.870111	125.646011	0	0	-0.87758258	0.4794255
-31.677273	-10.920724	125.654007	0	0	-0.87758258	0.4794255
-31.611452	-10.971800	125.662674	0	0	-0.87758258	0.4794255
-31.545881	-11.023343	125.672012	0	0	-0.87758258	0.4794255
-31.480576	-11.075355	125.682030	0	0	-0.87758258	0.4794255
-31.415531	-11.127831	125.692719	0	0	-0.87758258	0.4794255
-31.350754	-11.180773	125.704079	0	0	-0.87758258	0.4794255
-31.286245	-11.234174	125.716110	0	0	-0.87758258	0.4794255
-31.222012	-11.288041	125.728821	0	0	-0.87758258	0.4794255
-31.158054	-11.342370	125.742195	0	0	-0.87758258	0.4794255
-31.094376	-11.397159	125.756241	0	0	-0.87758258	0.4794255
-84.368927	15.160868	126.291473	0	0	0.22720209	0.97384763
-31.030985	-11.452406	125.770950	0	0	-0.87758258	0.4794255
-30.967878	-11.508110	125.786339	0	0	-0.87758258	0.4794255
-30.905066	-11.564277	125.802391	0	0	-0.87758258	0.4794255
-30.842550	-11.620898	125.819115	0	0	-0.92106097	0.38941839
-30.780333	-11.677974	125.836510	0	0	-0.92106097	0.38941839
-30.718416	-11.735501	125.854561	0	0	-0.92106097	0.38941839
-30.656809	-11.793487	125.873283	0	0	-0.92106097	0.38941839
-30.595509	-11.851920	125.892677	0	0	-0.92106097	0.38941839
-30.534525	-11.910806	125.912727	0	0	-0.92106097	0.38941839
-30.473858	-11.970142	125.933441	0	0	-0.92106097	0.38941839
-30.413511	-12.029922	125.954819	0	0	-0.92106097	0.38941839
-30.353489	-12.090151	125.976860	0	0	-0.92106097	0.38941839
-85.651672	15.409847	126.320595	0	0	0.32328956	0.94630009
-30.293797	-12.150826	125.999565	0	0	-0.92106097	0.38941839
-30.234434	-12.211942	126.022934	0	0	-0.92106097	0.38941839
-30.175411	-12.273502	126.046951	0	0	-0.92106097	0.38941839
-30.116724	-12.335501	126.071632	0	0	-0.92106097	0.38941839
-30.058384	-12.397941	126.096970	0	0	-0.92106097	0.38941839
-30.000385	-12.460816	126.122971	0	0	-0.92106097	0.38941839
-29.942739	-12.524129	126.149620	0	0	-0.92106097	0.38941839
-29.885448	-12.587876	126.176926	0	0	-0.92106097	0.38941839
-29.828512	-12.652057	126.204887	0	0	-0.92106097	0.38941839
-29.771940	-12.716665	126.233498	0	0	-0.92106097	0.38941839
-86.937210	15.643167	126.350357	0	0	0.32328956	0.94630009
-29.715733	-12.781706	126.262756	0	0	-0.92106097	0.38941839
-29.659893	-12.847174	126.292671	0	0	-0.92106097	0.38941839
-29.604425	-12.913067	126.323227	0	0	-0.92106097	0.38941839
-29.549334	-12.979383	126.354439	0	0	-0.92106097	0.38941839
-29.494621	-13.046120	126.386292	0	0	-0.92106097	0.38941839
-29.440292	-13.113277	126.418793	0	0	-0.92106097	0.38941839
-29.386351	-13.180853	126.451935	0	0	-0.95533648	0.29552023
-29.332800	-13.248844	126.485725	0	0	-0.95533648	0.29552023
-29.279640	-13.317253	126.520149	0	0	-0.95533648	0.29552023
-88.225365	15.860799	126.380768	0	0	0.32328956	0.94630009
-29.226881	-13.386069	126.555222	0	0	-0.95533648	0.29552023
-29.174520	-13.455297	126.590927	0	0	-0.95533648	0.29552023
-29.122562	-13.524931	126.627266	0	0	-0.95533648	0.29552023
-29.071020	-13.594973	126.664246	0	0	-0.95533648	0.29552023
-29.019882	-13.665417	126.701859	0	0	-0.95533648	0.29552023
-28.969164	-13.736261	126.740105	0	0	-0.95533648	0.29552023
-28.918865	-13.807507	126.778984	0	0	-0.95533648	0.29552023
-28.868984	-13.879148	126.818489	0	0	-0.95533648	0.29552023
-89.515923	16.062710	126.411827	0	0	0.32328956	0.94630009
-28.819530	-13.951181	126.858620	0	0	-0.95533648	0.29552023
-28.770506	-14.023609	126.899384	0	0	-0.95533648	0.29552023
-28.721914	-14.096423	126.940765	0	0	-0.95533648	0.29552023
-28.673761	-14.169627	126.982773	0	0	-0.95533648	0.29552023
-28.626047	-14.243215	127.025406	0	0	-0.95533648	0.29552023
-28.578773	-14.317183	127.068657	0	0	-0.95533648	0.29552023
-28.531950	-14.391533	127.112526	0	0	-0.95533648	0.29552023
-28.485573	-14.466255	127.157005	0	0	-0.95533648	0.29552023
-90.808708	16.248873	126.443527	0	0	0.32328956	0.94630009
-28.439655	-14.541358	127.202110	0	0	-0.95533648	0.29552023
-28.394190	-14.616829	127.247818	0	0	-0.95533648	0.29552023
-28.349188	-14.692671	127.294144	0	0	-0.95533648	0.29552023
-28.304646	-14.768877	127.341080	0	0	-0.95533648	0.29552023
-28.260572	-14.845448	127.388618	0	0	-0.95533648	0.29552023
-28.216969	-14.922378	127.436760	0	0	-0.95533648	0.29552023
-28.173840	-14.999665	127.485512	0	0	-0.98006658	0.19866933
-92.103508	16.419270	126.475868	0	0	0.32328956	0.94630009
-28.131186	-15.077309	127.534859	0	0	-0.98006658	0.19866933
-28.089014	-15.155304	127.584816	0	0	-0.98006658	0.19866933
-28.047325	-15.233648	127.635361	0	0	-0.98006658	0.19866933
-28.006124	-15.312340	127.686508	0	0	-0.98006658	0.19866933
-27.965414	-15.391375	127.738243	0	0	-0.98006658	0.19866933
-27.925194	-15.470748	127.790573	0	0	-0.98006658	0.19866933
-27.885473	-15.550458	127.843491	0	0	-0.98006658	0.19866933
-27.846252	-15.630504	127.897003	0	0	-0.98006658	0.19866933
-93.400139	16.573864	126.508850	0	0	0.32328956	0.94630009
-27.807533	-15.710880	127.951096	0	0	-0.98006658	0.19866933
-27.769321	-15.791585	128.005768	0	0	-0.98006658	0.19866933
-27.731617	-15.872613	128.061020	0	0	-0.98006658	0.19866933
-27.694426	-15.953963	128.116867	0	0	-0.98006658	0.19866933
-27.657747	-16.035629	128.173279	0	0	-0.98006658	0.19866933
-27.621592	-16.117611	128.230270	0	0	-0.98006658	0.19866933
-27.585957	-16.199905	128.287827	0	0	-0.98006658	0.19866933
-94.698402	16.712650	126.542473	0	0	0.32328956	0.94630009
-27.550844	-16.282507	128.345947	0	0	-0.98006658	0.19866933
-27.516262	-16.365414	128.404648	0	0	-0.98006658	0.19866933
-27.482206	-16.448620	128.463913	0	0	-0.98006658	0.19866933
-27.448685	-16.532125	128.523743	0	0	-0.98006658	0.19866933
-27.415705	-16.615925	128.584122	0	0	-0.98006658	0.19866933
-27.383259	-16.700016	128.645065	0	0	-0.98006658	0.19866933
-27.351357	-16.784393	128.706573	0	0	-0.98006658	0.19866933
-95.998093	16.835594	126.576736	0	0	0.32328956	0.94630009
-27.320004	-16.869057	128.768631	0	0	-0.98006658	0.19866933
-27.289192	-16.953995	128.831238	0	0	0	1
-27.258934	-17.039213	128.894394	0	0	-0.99500417	0.099833397
-27.229229	-17.124704	128.958084	0	0	-0.99500417	0.099833397
-27.200079	-17.210463	129.022339	0	0	-0.99500417	0.099833397
-27.171490	-17.296486	129.087112	0	0	-0.99500417	0.099833397
-97.299034	16.942698	126.611633	0	0	0.32328956	0.94630009
-27.143465	-17.382772	129.152435	0	0	-0.99500417	0.099833397
-27.116001	-17.469315	129.218307	0	0	-0.99500417	0.099833397
-27.089100	-17.556112	129.284698	0	0	-0.99500417	0.099833397
-27.062775	-17.643158	129.351624	0	0	-0.99500417	0.099833397
-27.037018	-17.730453	129.419067	0	0	-0.99500417	0.099833397
-27.011839	-17.817986	129.487045	0	0	-0.99500417	0.099833397
-26.987238	-17.905760	129.555542	0	0	-0.99500417	0.099833397
-98.601013	17.033936	126.647171	0	0	0.32328956	0.94630009
-26.963213	-17.993769	129.624557	0	0	-0.99500417	0.099833397
-26.939772	-18.082006	129.694107	0	0	-0.99500417	0.099833397
-26.916916	-18.170469	129.764145	0	0	-0.99500417	0.099833397
-26.894646	-18.259155	129.834717	0	0	-0.99500417	0.099833397
-26.872969	-18.348061	129.905792	0	0	-0.99500417	0.099833397
-26.851885	-18.437178	129.977371	0	0	-0.99500417	0.099833397
-26.831387	-18.526508	130.049454	0	0	-0.99500417	0.099833397
-99.903854	17.109301	126.683342	0	0	0.32328956	0.94630009
-26.811491	-18.616039	130.122025	0	0	-0.99500417	0.099833397
-26.792194	-18.705776	130.195114	0	0	-0.99500417	0.099833397
-26.773499	-18.795706	130.268692	0	0	-0.99500417	0.099833397
-26.755407	-18.885832	130.342758	0	0	-0.99500417	0.099833397
-26.737915	-18.976145	130.417313	0	0	0	1
-26.721039	-19.066645	130.492340	0	0	0	1
-101.207329	17.168785	126.720146	0	0	0.32328956	0.94630009
-26.704765	-19.157322	130.567871	0	0	0	1
-26.689108	-19.248175	130.643875	0	0	0	1
-26.674065	-19.339203	130.720352	0	0	0	1
-26.659632	-19.430393	130.797318	0	0	0	1
-26.645823	-19.521746	130.874741	0	0	0	1
-26.632631	-19.613260	130.952637	0	0	0	1
-102.511261	17.212385	126.757576	0	0	0.32328956	0.94630009
-26.620058	-19.704926	131.030991	0	0	0	1
-26.608112	-19.796741	131.109818	0	-0	-1	-4.371139e-08
-26.596790	-19.888700	131.189087	0	-0	-1	-4.371139e-08
-26.586098	-19.980799	131.268829	0	-0	-1	-4.371139e-08
-26.576031	-20.073034	131.349014	0	-0	-1	-4.371139e-08
-26.566595	-20.165401	131.429657	0	-0	-1	-4.371139e-08
-26.557795	-20.257895	131.510727	0	-0	-1	-4.371139e-08
-103.815453	17.240093	126.795639	0	0	0.32328956	0.94630009
-26.549623	-20.350508	131.592255	0	-0	-1	-4.371139e-08
-26.542089	-20.443239	131.674225	0	-0	-1	-4.371139e-08
-26.535194	-20.536081	131.756622	0	-0	-1	-4.371139e-08
-26.528934	-20.629030	131.839462	0	-0	-1	-4.371139e-08
-26.523319	-20.722084	131.922729	0	-0	-1	-4.371139e-08
-26.518343	-20.815235	132.006409	0	-0	-1	-4.371139e-08
-105.119713	17.251911	126.834335	0	0	0.41614682	0.90929743
-26.514008	-20.908482	132.090530	0	-0	-1	-4.371139e-08
-26.510315	-21.001814	132.175064	0	-0	-1	-4.371139e-08
-26.507271	-21.095232	132.260010	0	0	0.99913515	0.041580682
-26.504877	-21.188728	132.345383	0	0	0.99913515	0.041580682
-26.503126	-21.282299	132.431152	0	0	0.99913515	0.041580682
-26.502026	-21.375940	132.517334	0	0	0.99913515	0.041580682
-106.423828	17.247841	126.873657	0	0	0.41614682	0.90929743
-26.501574	-21.469645	132.603912	0	0	0.99913515	0.041580682
-26.501780	-21.563408	132.690903	0	0	0.99913515	0.041580682
-26.502634	-21.657228	132.778275	0	0	0.99913515	0.041580682
-26.504145	-21.751097	132.866043	0	0	0.99913515	0.041580682
-26.506310	-21.845011	132.954208	0	0	0.99913515	0.041580682
-26.509127	-21.938965	133.042755	0	0	0.99913515	0.041580682
-26.512604	-22.032953	133.131683	0	0	0	1
-107.727615	17.227886	126.913605	0	0	0.41614682	0.90929743
-26.516737	-22.126974	133.220993	0	0	0	1
-26.521532	-22.221016	133.310684	0	0	0	1
-26.526983	-22.315083	133.400726	0	0	0	1
-26.533094	-22.409159	133.491150	0	0	0	1
-26.539864	-22.503248	133.581940	0	0	0	1
-26.547300	-22.597345	133.673096	0	0	0	1
-109.030876	17.192053	126.954170	0	0	0.41614682	0.90929743
-26.555395	-22.691439	133.764603	0	0	0	1
-26.564156	-22.785528	133.856461	0	0	0	1
-26.573576	-22.879608	133.948669	0	0	0	1
-26.583660	-22.973671	134.041229	0	0	0	1
-26.594408	-23.067715	134.134125	0	0	0	1
-26.605824	-23.161734	134.227371	0	0	0	1
-110.333420	17.140348	126.995369	0	0	0.41614682	0.90929743
-26.617901	-23.255720	134.320938	0	0	0	1
-26.630646	-23.349674	134.414841	0	0	0	1
-26.644056	-23.443586	134.509079	0	0	0	1
-26.658133	-23.537451	134.603638	0	0	0	1
-26.672874	-23.631266	134.698517	0	0	0	1
-26.688280	-23.725023	134.793716	0	0	0	1
-26.704355	-23.818722	134.889221	0	0	0	1
-111.635025	17.072788	127.037178	0	0	0.41614682	0.90929743
-26.721096	-23.912350	134.985046	0	0	0	1
-26.738504	-24.005913	135.081177	0	0	0	1
-26.756577	-24.099392	135.177597	0	0	0.98999249	0.14112005
-26.775318	-24.192795	135.274323	0	0	0	1
-26.794722	-24.286108	135.371338	0	0	0	1
-26.814791	-24.379328	135.468658	0	0	0	1
-112.935532	16.989384	127.079613	0	0	0.41614682	0.90929743
-26.835527	-24.472450	135.566254	0	0	0	1
-26.856934	-24.565472	135.664124	0	0	0	1
-26.879000	-24.658384	135.762283	0	0	0	1
-26.901731	-24.751184	135.860718	0	0	0	1
-26.925133	-24.843863	135.959427	0	0	0	1
-26.949192	-24.936422	136.058395	0	0	0	1
-26.973919	-25.028852	136.157623	0	0	0	1
-114.234726	16.890148	127.122658	0	0	0.41614682	0.90929743
-26.999306	-25.121143	136.257126	0	0	0	1
-27.025358	-25.213301	136.356873	0	0	0	1
-27.052071	-25.305315	136.456879	0	0	0	1
-27.079443	-25.397171	136.557114	0	0	0	1
-27.107477	-25.488880	136.657608	0	0	0	1
-27.136171	-25.580429	136.758347	0	0	0	1
-115.532394	16.775108	127.166328	0	0	0.41614682	0.90929743
-27.165522	-25.671808	136.859314	0	0	0	1
-27.195534	-25.763020	136.960510	0	0	0	1
-27.226202	-25.854053	137.061935	0	0	0	1
-27.257530	-25.944912	137.163589	0	0	0	1
-27.289509	-26.035582	137.265457	0	0	0	1
-27.322144	-26.126060	137.367538	0	0	0	1
-27.355431	-26.216341	137.469833	0	0	0	1
-116.828377	16.644279	127.210602	0	0	0.41614682	0.90929743
-27.389370	-26.306421	137.572342	0	0	0	1
-27.423962	-26.396292	137.675049	0	0	0.97095818	0.23924928
-27.459204	-26.485956	137.777954	0	0	0.97095818	0.23924928
-27.495090	-26.575399	137.881058	0	0	0.97095818	0.23924928
-27.531626	-26.664621	137.984360	0	0	0.97095818	0.23924928
-27.568806	-26.753614	138.087830	0	0	0.97095818	0.23924928
-118.122452	16.497686	127.255501	0	0	0.41614682	0.90929743
-27.606630	-26.842381	138.191498	0	0	0.97095818	0.23924928
-27.645102	-26.930906	138.295349	0	0	0	1
-27.684210	-27.019188	138.399353	0	0	0	1
-27.723963	-27.107220	138.503555	0	0	0	1
-27.764351	-27.195002	138.607910	0	0	0	1
-27.805376	-27.282528	138.712418	0	0	0	1
-27.847038	-27.369791	138.817108	0	0	0	1
-119.414436	16.335352	127.301003	0	0	0.41614682	0.90929743
-27.889332	-27.456783	138.921936	0	0	0	1
-27.932257	-27.543503	139.026917	0	0	0	1
-27.975811	-27.629942	139.132050	0	0	0	1
-28.019995	-27.716101	139.237320	0	0	0	1
-28.064802	-27.801971	139.342728	0	0	0	1
-28.110237	-27.887550	139.448257	0	0	0	1
-28.156292	-27.972828	139.553940	0	0	0	1
-120.704140	16.157310	127.347115	0	0	0.41614682	0.90929743
-28.202967	-28.057802	139.659729	0	0	0	1
-28.250261	-28.142471	139.765640	0	0	0	1
-28.298168	-28.226826	139.871674	0	0	0	1
-28.346693	-28.310860	139.977829	0	0	0	1
-28.395826	-28.394575	140.084076	0	0	0.94222235	0.33498812
-28.445570	-28.477961	140.190445	0	0	0.94222235	0.33498812
-28.495922	-28.561016	140.296906	0	0	0.94222235	0.33498812
-121.991356	15.963588	127.393829	0	0	0.41614682	0.90929743
-28.546875	-28.643726	140.403458	0	0	0.94222235	0.33498812
-28.598433	-28.726103	140.510101	0	0	0.94222235	0.33498812
-28.650591	-28.808130	140.616837	0	0	0.94222235	0.33498812
-28.703342	-28.889801	140.723663	0	0	0.94222235	0.33498812
-28.756693	-28.971117	140.830551	0	0	0.94222235	0.33498812
-28.810635	-29.052074	140.937531	0	0	0.94222235	0.33498812
-28.865168	-29.132664	141.044571	0	0	0.94222235	0.33498812
-123.275894	15.754222	127.441154	0	0	0.41614682	0.90929743
-28.920284	-29.212883	141.151672	0	0	0.94222235	0.33498812
-28.975988	-29.292723	141.258850	0	0	0.94222235	0.33498812
-29.032270	-29.372185	141.366074	0	0	0.94222235	0.33498812
-29.089132	-29.451262	141.473358	0	0	0.94222235	0.33498812
-29.146572	-29.529951	141.580688	0	0	0.94222235	0.33498812
-29.204582	-29.608240	141.688080	0	0	0	1
-29.263165	-29.686136	141.795486	0	0	0	1
-124.557564	15.529247	127.489075	0	0	0.41614682	0.90929743
-29.322315	-29.763624	141.902954	0	0	0	1
-29.382029	-29.840708	142.010437	0	0	0	1
-29.442303	-29.917377	142.117950	0	0	0	1
-29.503138	-29.993629	142.225494	0	0	0	1
-29.564526	-30.069460	142.333054	0	0	0	1
-29.626467	-30.144865	142.440628	0	0	0	1
-29.688955	-30.219839	142.548218	0	0	0	1
-125.836182	15.288698	127.537605	0	0	0.41614682	0.90929743
-29.751991	-30.294378	142.655807	0	0	0	1
-29.815569	-30.368479	142.763412	0	0	0.90407214	0.42737988
-29.879684	-30.442137	142.871002	0	0	0.90407214	0.42737988
-29.944336	-30.515345	142.978592	0	0	0.90407214	0.42737988
-30.009520	-30.588102	143.086182	0	0	0.90407214	0.42737988
-30.075232	-30.660400	143.193741	0	0	0.90407214	0.42737988
-30.141470	-30.732241	143.301285	0	0	0.90407214	0.42737988
-127.111542	15.032620	127.586731	0	0	0.41614682	0.90929743
-30.208233	-30.803617	143.408813	0	0	0.90407214	0.42737988
-30.275513	-30.874523	143.516312	0	0	0.90407214	0.42737988
-30.343304	-30.944952	143.623779	0	0	0.90407214	0.42737988
-30.411612	-31.014910	143.731216	0	0	0.90407214	0.42737988
-30.480423	-31.084385	143.838608	0	0	0.90407214	0.42737988
-30.193735	-31.530096	143.900604	0	0	0.94222235	0.33498812
-128.383453	14.761054	127.636459	0	0	0.41614682	0.90929743
-29.429182	-32.497498	143.900604	0	0	0.97095818	0.23924928
-129.651733	14.474042	127.686775	0	0	0.50484609	0.86320938
-28.676853	-33.474426	143.900604	0	0	0.98999249	0.14112005
-27.936850	-34.460735	143.900604	0	0	0.98999249	0.14112005
-130.916183	14.171636	127.737686	0	0	0.50484609	0.86320938
-27.209305	-35.456253	143.900604	0	0	0.98999249	0.14112005
-132.176620	13.853887	127.789192	0	0	0.50484609	0.86320938
-26.494322	-36.460850	143.900604	0	0	0.99913515	0.041580682
-25.792027	-37.474339	143.900604	0	0	0.99913515	0.041580682
-133.432861	13.520844	127.841286	0	0	0.50484609	0.86320938
-25.102516	-38.496582	143.900604	0	0	0.99913515	0.041580682
-134.684692	13.172561	127.893967	0	0	0.50484609	0.86320938
-24.425911	-39.527401	143.900604	0	0	0.99913515	0.041580682
-23.762308	-40.566643	143.900604	0	0	0.99913515	0.041580682
-135.931946	12.809097	127.947235	0	0	0.50484609	0.86320938
-23.111822	-41.614147	143.900604	0	0	0.99913515	0.041580682
-137.174438	12.430514	128.001083	0	0	0.50484609	0.86320938
-22.474545	-42.669735	143.900604	0	0	0.99913515	0.041580682
-138.411972	12.036868	128.055511	0	0	0.50484609	0.86320938
-21.850584	-43.733257	143.900604	0	0	0.99913515	0.041580682
-21.240034	-44.804531	143.900604	0	0	0.99913515	0.041580682
-139.644363	11.628229	128.110535	0	0	0.50484609	0.86320938
-20.643002	-45.883389	143.900604	0	0	0.99913515	0.041580682
-140.871429	11.204658	128.166107	0	0	0.50484609	0.86320938
-20.059568	-46.969666	143.900604	0	0	0.99913515	0.041580682
-142.092987	10.766230	128.222275	0	0	0.50484609	0.86320938
-19.489834	-48.063183	143.900604	0	0	0.99913515	0.041580682
-18.933884	-49.163788	143.900604	0	0	0.99913515	0.041580682
-143.308853	10.313007	128.279007	0	0	0.50484609	0.86320938
-18.391808	-50.271282	143.900604	0	0	0.99913515	0.041580682
-144.518829	9.845073	128.336319	0	0	0.50484609	0.86320938
-17.863686	-51.385509	143.900604	0	0	0.99913515	0.041580682
-145.722763	9.362496	128.394180	0	0	0.50484609	0.86320938
-17.349615	-52.506275	143.900604	0	0	0.99913515	0.041580682
-16.849670	-53.633411	143.900604	0	0	0.99913515	0.041580682
-146.920471	8.865352	128.452621	0	0	0.50484609	0.86320938
-16.363920	-54.766750	143.900604	0	0	0.99913515	0.041580682
-148.111755	8.353726	128.511627	0	0	0.50484609	0.86320938
-15.892449	-55.906101	143.900604	0	0	0.99913515	0.041580682
-149.296448	7.827703	128.571182	0	0	0.50484609	0.86320938
-15.435341	-57.051277	143.900604	0	0	0.99913515	0.041580682
-150.474365	7.287360	128.631302	0	0	0.50484609	0.86320938
-14.992659	-58.202114	143.900604	0	0	0.99913515	0.041580682
-14.564466	-59.358421	143.900604	0	0	0.99913515	0.041580682
-151.645325	6.732790	128.691971	0	0	0.50484609	0.86320938
-14.150841	-60.520020	143.900604	0	0	0.99913515	0.041580682
-152.809189	6.164075	128.753204	0	0	0.50484609	0.86320938
-13.751846	-61.686733	143.900604	0	0	0.99913515	0.041580682
-153.965744	5.581313	128.814987	0	0	0.50484609	0.86320938
-13.367543	-62.858349	143.900604	0	0	0.99913515	0.041580682
-155.114822	4.984591	128.877319	0	0	0.50484609	0.86320938
-12.997995	-64.034706	143.900604	0	0	0.99913515	0.041580682
-156.256271	4.374009	128.940201	0	0	0.50484609	0.86320938
-12.643250	-65.215630	143.900604	0	0	0.99913515	0.041580682
-12.303382	-66.400902	143.900604	0	0	0.99913515	0.041580682
-157.389923	3.749660	129.003616	0	0	0.58850112	0.8084964
-11.978432	-67.590355	143.900604	0	0	0.99913515	0.041580682
-158.515579	3.111648	129.067581	0	0	0.58850112	0.8084964
-11.668452	-68.783798	143.900604	0	0	0.99913515	0.041580682
-159.633087	2.460072	129.132080	0	0	0.58850112	0.8084964
-11.373497	-69.981049	143.900604	0	0	0.99913515	0.041580682
-160.742294	1.795038	129.197113	0	0	0.58850112	0.8084964
-11.093607	-71.181908	143.900604	0	0	0.99913515	0.041580682
-161.843018	1.116647	129.262695	0	0	0.58850112	0.8084964
-10.828834	-72.386177	143.900604	0	0	0.99913515	0.041580682
-162.935104	0.425011	129.328796	0	0	0.58850112	0.8084964
-10.579206	-73.593697	143.900604	0	0	0.99913515	0.041580682
-10.344780	-74.804245	143.900604	0	0	0.99913515	0.041580682
-164.018372	-0.279760	129.395416	0	0	0.58850112	0.8084964
-10.125581	-76.017647	143.900604	0	0	0.99913515	0.041580682
-165.092697	-0.997557	129.462585	0	0	0.58850112	0.8084964
-9.921646	-77.233711	143.900604	0	0	0.99913515	0.041580682
-166.157883	-1.728264	129.530258	0	0	0.58850112	0.8084964
-9.733009	-78.452240	143.900604	0	0	0.99913515	0.041580682
-167.213776	-2.471767	129.598465	0	0	0.58850112	0.8084964
-9.559699	-79.673042	143.900604	0	0	0.99913515	0.041580682
-168.260254	-3.227947	129.667175	0	0	0.58850112	0.8084964
-9.401746	-80.895920	143.900604	0	0	0.99913515	0.041580682
-169.297119	-3.996685	129.736420	0	0	0.58850112	0.8084964
-9.259166	-82.120697	143.900604	0	0	0.99913515	0.041580682
-170.324234	-4.777855	129.806168	0	0	0.58850112	0.8084964
-9.131995	-83.347168	143.900604	0	0	0.99913515	0.041580682
-9.020241	-84.575134	143.900604	0	0	0.99913515	0.041580682
-171.341461	-5.571341	129.876419	0	0	0.58850112	0.8084964
-8.923924	-85.804405	143.900604	0	0	0.99913515	0.041580682
-172.348633	-6.377013	129.947189	0	0	0.58850112	0.8084964
-8.843070	-87.034790	143.900604	0	0	0.99913515	0.041580682
-173.345596	-7.194744	130.018448	0	0	0.58850112	0.8084964
-8.777678	-88.266098	143.900604	0	0	0.99913515	0.041580682
-174.332230	-8.024407	130.090225	0	0	0.58850112	0.8084964
-8.727766	-89.498138	143.900604	0	0	0.99913515	0.041580682
-175.308350	-8.865870	130.162491	0	0	0.58850112	0.8084964
-8.693337	-90.730698	143.900604	0	0	0.99913515	0.041580682
-176.273849	-9.718998	130.235260	0	0	0.58850112	0.8084964
-8.674401	-91.963593	143.900604	0	0	0.99913515	0.041580682
-177.228561	-10.583660	130.308517	0	0	0.58850112	0.8084964
-8.670959	-93.196632	143.900604	0	0	0.99913515	0.041580682
-178.172348	-11.459718	130.382263	0	0	0.58850112	0.8084964
-8.683011	-94.429619	143.900604	0	0	0.99913515	0.041580682
-179.105072	-12.347033	130.456497	0	0	0.58850112	0.8084964
-8.710557	-95.662346	143.900604	0	0	0.99913515	0.041580682
-8.753590	-96.894638	143.900604	0	0	0.99913515	0.041580682
-180.026611	-13.245466	130.531204	0	0	0.58850112	0.8084964
-8.812103	-98.126289	143.900604	0	0	0.99913515	0.041580682
-180.936813	-14.154881	130.606415	0	0	0.58850112	0.8084964
-8.886097	-99.357117	143.900604	0	0	0.99913515	0.041580682
-181.835556	-15.075125	130.682083	0	0	0.58850112	0.8084964
-8.975543	-100.586906	143.900604	0	0	0.99913515	0.041580682
-182.722687	-16.006060	130.758240	0	0	0.58850112	0.8084964
-9.080439	-101.815483	143.900604	0	0	0.99913515	0.041580682
-183.598099	-16.947536	130.834869	0	0	0.58850112	0.8084964
-9.200763	-103.042641	143.900604	0	0	0.99913515	0.041580682
-184.461655	-17.899410	130.911957	0	0	0.58850112	0.8084964
-9.336498	-104.268188	143.900604	0	0	0.99913515	0.041580682
-185.313217	-18.861530	130.989517	0	0	0.58850112	0.8084964
-9.487627	-105.491936	143.900604	0	0	0.99913515	0.041580682
-186.152679	-19.833742	131.067535	0	0	0.58850112	0.8084964
-9.654116	-106.713684	143.900604	0	0	0.99913515	0.041580682
-186.979919	-20.815899	131.146027	0	0	0.58850112	0.8084964
-9.835948	-107.933250	143.900604	0	0	0.99913515	0.041580682
-187.794800	-21.807838	131.224960	0	0	0.58850112	0.8084964
-10.033088	-109.150429	143.900604	0	0	0.99913515	0.041580682
-188.597214	-22.809416	131.304352	0	0	0.58850112	0.8084964
-10.245509	-110.365036	143.900604	0	0	0.99913515	0.041580682
-189.387039	-23.820465	131.384201	0	0	0.58850112	0.8084964
-10.473177	-111.576874	143.900604	0	0	0.99913515	0.041580682
-190.164169	-24.840830	131.464493	0	0	0.58850112	0.8084964
-10.716057	-112.785767	143.900604	0	0	0.99913515	0.041580682
-10.974099	-113.991501	143.900604	0	0	0.99913515	0.041580682
-190.928482	-25.870352	131.545227	0	0	0.58850112	0.8084964
-11.247279	-115.193901	143.900604	0	0	0.99913515	0.041580682
-191.679871	-26.908871	131.626404	0	0	0.58850112	0.8084964
-11.535553	-116.392776	143.900604	0	0	0.99913515	0.041580682
-192.418243	-27.956224	131.708023	0	0	0.58850112	0.8084964
-11.838863	-117.587936	143.900604	0	0	0.99913515	0.041580682
-193.143463	-29.012243	131.790070	0	0	0.58850112	0.8084964
-12.157164	-118.779182	143.900604	0	0	0.99913515	0.041580682
-193.855438	-30.076767	131.872559	0	0	0.58850112	0.8084964
-12.490413	-119.966339	143.900604	0	0	0.99913515	0.041580682
-194.554062	-31.149628	131.955475	0	0	0.58850112	0.8084964
-12.838551	-121.149208	143.900604	0	0	0.99913515	0.041580682
-195.239243	-32.230656	132.038803	0	0	0.58850112	0.8084964
-13.201531	-122.327621	143.900604	0	0	0.99913515	0.041580682
-195.910873	-33.319683	132.122559	0	0	0.58850112	0.8084964
-13.579291	-123.501381	143.900604	0	0	0.99913515	0.041580682
-196.568878	-34.416546	132.206741	0	0	0.58850112	0.8084964
-13.971761	-124.670288	143.900604	0	0	0.99913515	0.041580682
-197.213135	-35.521061	132.291321	0	0	0.66627604	0.74570519
-14.378895	-125.834175	143.900604	0	0	0.99913515	0.041580682
-197.843567	-36.633064	132.376328	0	0	0.66627604	0.74570519
-14.800623	-126.992859	143.900604	0	0	0.99913515	0.041580682
-198.460083	-37.752380	132.461731	0	0	0.66627604	0.74570519
-15.236876	-128.146149	143.900604	0	0	0.99913515	0.041580682
-199.062592	-38.878834	132.547546	0	0	0.66627604	0.74570519
-15.687586	-129.293854	143.900604	0	0	0.99913515	0.041580682
-199.651016	-40.012249	132.633774	0	0	0.66627604	0.74570519
-16.152683	-130.435822	143.900604	0	0	0.99913515	0.041580682
-200.225266	-41.152447	132.720383	0	0	0.66627604	0.74570519
-16.632093	-131.571854	143.900604	0	0	0.99913515	0.041580682
-200.785263	-42.299252	132.807388	0	0	0.66627604	0.74570519
-17.125742	-132.701767	143.900604	0	0	0.99913515	0.041580682
-201.330933	-43.452488	132.894791	0	0	0.66627604	0.74570519
-17.633553	-133.825394	143.900604	0	0	0.99913515	0.041580682
-18.155437	-134.942535	143.900604	0	0	0.99913515	0.041580682
-201.862183	-44.611965	132.982590	0	0	0.66627604	0.74570519
-18.691324	-136.053040	143.900604	0	0	0.99913515	0.041580682
-202.378952	-45.777519	133.070755	0	0	0.66627604	0.74570519
-19.241119	-137.156723	143.900604	0	0	0.99913515	0.041580682
-202.881165	-46.948956	133.159317	0	0	0.66627604	0.74570519
-19.804743	-138.253418	143.900604	0	0	0.99913515	0.041580682
-203.368759	-48.126091	133.248245	0	0	0.66627604	0.74570519
-20.382103	-139.342941	143.900604	0	0	0.99913515	0.041580682
-203.841660	-49.308750	133.337555	0	0	0.66627604	0.74570519
-20.973108	-140.425110	143.900604	0	0	0.99913515	0.041580682
-204.299805	-50.496738	133.427231	0	0	0.66627604	0.74570519
-21.577663	-141.499786	143.900604	0	0	0.99913515	0.041580682
-204.743134	-51.689884	133.517273	0	0	0.66627604	0.74570519
-22.195675	-142.566757	143.900604	0	0	0.99913515	0.041580682
-205.171585	-52.887993	133.607666	0	0	0.66627604	0.74570519
-22.827047	-143.625900	143.900604	0	0	0.99913515	0.041580682
-205.585098	-54.090881	133.698441	0	0	0.66627604	0.74570519
-23.471676	-144.677017	143.900604	0	0	0.99913515	0.041580682
-205.983612	-55.298359	133.789566	0	0	0.66627604	0.74570519
-24.129469	-145.719940	143.900604	0	0	0.99913515	0.041580682
-206.367081	-56.510246	133.881042	0	0	0.66627604	0.74570519
-24.800308	-146.754532	143.900604	0	0	0.99913515	0.041580682
-206.735458	-57.726341	133.972855	0	0	0.66627604	0.74570519
-25.484097	-147.780609	143.900604	0	0	0.99913515	0.041580682
-207.088684	-58.946465	134.065033	0	0	0.66627604	0.74570519
-26.180727	-148.798004	143.900604	0	0	0.99913515	0.041580682
-207.426712	-60.170429	134.157532	0	0	0.66627604	0.74570519
-26.890087	-149.806564	143.900604	0	0	0.99913515	0.041580682
-207.749512	-61.398033	134.250381	0	0	0.66627604	0.74570519
-27.612062	-150.806137	143.900604	0	0	0.99913515	0.041580682
-208.057037	-62.629101	134.343567	0	0	0.66627604	0.74570519
-28.346544	-151.796555	143.900604	0	0	0.99913515	0.041580682
-208.349243	-63.863426	134.437088	0	0	0.66627604	0.74570519
-29.093412	-152.777679	143.900604	0	0	0.99913515	0.041580682
-208.626083	-65.100822	134.530930	0	0	0.66627604	0.74570519
-29.852552	-153.749329	143.900604	0	0	0.99913515	0.041580682
-208.887558	-66.341103	134.625092	0	0	0.66627604	0.74570519
-30.623837	-154.711349	143.900604	0	0	0.99913515	0.041580682
-209.133606	-67.584076	134.719574	0	0	0.66627604	0.74570519
-31.407154	-155.663620	143.900604	0	0	0.99913515	0.041580682
-209.364197	-68.829544	134.814377	0	0	0.66627604	0.74570519
-32.202377	-156.605972	143.900604	0	0	0.99913515	0.041580682
-209.579315	-70.077309	134.909485	0	0	0.66627604	0.74570519
-33.009373	-157.538254	143.900604	0	0	0.99913515	0.041580682
-209.778931	-71.327187	135.004898	0	0	0.66627604	0.74570519
-33.828026	-158.460312	143.900604	0	0	0.99913515	0.041580682
-209.963028	-72.578987	135.100632	0	0	0.66627604	0.74570519
-34.658195	-159.372025	143.900604	0	0	0.98999249	0.14112005
-210.131592	-73.832504	135.196655	0	0	0.66627604	0.74570519
-35.499760	-160.273224	143.900604	0	0	0.98999249	0.14112005
-210.284576	-75.087547	135.292969	0	0	0.66627604	0.74570519
-36.352581	-161.163788	143.900604	0	0	0.98999249	0.14112005
-210.421997	-76.343918	135.389587	0	0	0.66627604	0.74570519
-37.216522	-162.043549	143.900604	0	0	0.98999249	0.14112005
-210.543839	-77.601433	135.486496	0	0	0.66627604	0.74570519
-38.091457	-162.912399	143.900604	0	0	0.98999249	0.14112005
-210.650070	-78.859894	135.583679	0	0	0.66627604	0.74570519
-38.977238	-163.770172	143.900604	0	0	0.98999249	0.14112005
-210.740707	-80.119095	135.681152	0	0	0.73739371	0.67546319
-39.873730	-164.616760	143.900604	0	0	0.98999249	0.14112005
-210.815735	-81.378868	135.778900	0	0	0.73739371	0.67546319
-40.780785	-165.452011	143.900604	0	0	0.98999249	0.14112005
-210.875137	-82.638985	135.876923	0	0	0.73739371	0.67546319
-41.698269	-166.275787	143.900604	0	0	0.98999249	0.14112005
-210.918930	-83.899269	135.975220	0	0	0.73739371	0.67546319
-42.626026	-167.087982	143.900604	0	0	0.98999249	0.14112005
-210.947128	-85.159523	136.073776	0	0	0.73739371	0.67546319
-43.563919	-167.888458	143.900604	0	0	0.98999249	0.14112005
-210.959702	-86.419556	136.172607	0	0	0.73739371	0.67546319
-44.511799	-168.677078	143.900604	0	0	0.98999249	0.14112005
-210.956696	-87.679169	136.271683	0	0	0.73739371	0.67546319
-45.469513	-169.453720	143.900604	0	0	0.98999249	0.14112005
-46.436909	-170.218277	143.900604	0	0	0.98999249	0.14112005
-210.938080	-88.938171	136.371017	0	0	0.73739371	0.67546319
-47.413837	-170.970612	143.900604	0	0	0.98999249	0.14112005
-210.903900	-90.196365	136.470612	0	0	0.73739371	0.67546319
-48.400139	-171.710602	143.900604	0	0	0.98999249	0.14112005
-210.854156	-91.453560	136.570435	0	0	0.73739371	0.67546319
-49.395664	-172.438156	143.900604	0	0	0.98999249	0.14112005
-210.788864	-92.709549	136.670517	0	0	0.73739371	0.67546319
-50.400257	-173.153122	143.900604	0	0	0.98999249	0.14112005
-210.708038	-93.964149	136.770828	0	0	0.73739371	0.67546319
-51.413750	-173.855423	143.900604	0	0	0.98999249	0.14112005
-210.611725	-95.217178	136.871384	0	0	0.73739371	0.67546319
-52.435989	-174.544937	143.900604	0	0	0.98999249	0.14112005
-210.499908	-96.468422	136.972153	0	0	0.73739371	0.67546319
-53.466816	-175.221542	143.900604	0	0	0.98999249	0.14112005
-210.372650	-97.717697	137.073166	0	0	0.73739371	0.67546319
-54.506058	-175.885147	143.900604	0	0	0.98999249	0.14112005
-210.229965	-98.964806	137.174393	0	0	0.73739371	0.67546319
-55.553555	-176.535629	143.900604	0	0	0.98999249	0.14112005
-210.071884	-100.209572	137.275848	0	0	0.73739371	0.67546319
-56.609146	-177.172913	143.900604	0	0	0.97095818	0.23924928
-209.898438	-101.451790	137.377502	0	0	0.73739371	0.67546319
-57.672668	-177.796875	143.900604	0	0	0.97095818	0.23924928
-209.709671	-102.691261	137.479385	0	0	0.73739371	0.67546319
-58.743938	-178.407410	143.900604	0	0	0.97095818	0.23924928
-209.505630	-103.927818	137.581467	0	0	0.73739371	0.67546319
-59.822800	-179.004456	143.900604	0	0	0.97095818	0.23924928
-209.286331	-105.161247	137.683746	0	0	0.73739371	0.67546319
-60.909077	-179.587891	143.900604	0	0	0.97095818	0.23924928
-209.051819	-106.391380	137.786224	0	0	0.73739371	0.67546319
-62.002602	-180.157623	143.900604	0	0	0.97095818	0.23924928
-208.802170	-107.618019	137.888916	0	0	0.73739371	0.67546319
-63.103203	-180.713577	143.900604	0	0	0.97095818	0.23924928
-208.537399	-108.840965	137.991776	0	0	0.73739371	0.67546319
-64.210693	-181.255646	143.900604	0	0	0.97095818	0.23924928
-208.257584	-110.060043	138.094833	0	0	0.73739371	0.67546319
-65.324921	-181.783768	143.900604	0	0	0.97095818	0.23924928
-207.962753	-111.275063	138.198074	0	0	0.73739371	0.67546319
-66.445686	-182.297836	143.900604	0	0	0.97095818	0.23924928
-207.652969	-112.485847	138.301483	0	0	0.73739371	0.67546319
-67.572823	-182.797791	143.900604	0	0	0.97095818	0.23924928
-207.328293	-113.692177	138.405075	0	0	0.73739371	0.67546319
-68.706161	-183.283539	143.900604	0	0	0.97095818	0.23924928
-206.988785	-114.893913	138.508835	0	0	0.73739371	0.67546319
-69.845512	-183.755005	143.900604	0	0	0.97095818	0.23924928
-206.634506	-116.090836	138.612762	0	0	0.73739371	0.67546319
-70.990685	-184.212112	143.900604	0	0	0.97095818	0.23924928
-206.265518	-117.282776	138.716858	0	0	0.73739371	0.67546319
-72.141525	-184.654800	143.900604	0	0	0.97095818	0.23924928
-205.881882	-118.469551	138.821106	0	0	0.73739371	0.67546319
-73.297836	-185.082993	143.900604	0	0	0.97095818	0.23924928
-205.483688	-119.650993	138.925507	0	0	0.73739371	0.67546319
-74.459435	-185.496613	143.900604	0	0	0.97095818	0.23924928
-205.070984	-120.826897	139.030060	0	0	0.73739371	0.67546319
-75.626129	-185.895615	143.900604	0	0	0.97095818	0.23924928
-204.643845	-121.997086	139.134750	0	0	0.80114363	0.59847213
-76.797760	-186.279907	143.900604	0	0	0.97095818	0.23924928
-204.202377	-123.161385	139.239594	0	0	0.80114363	0.59847213
-77.974121	-186.649460	143.900604	0	0	0.97095818	0.23924928
-203.746613	-124.319633	139.344574	0	0	0.80114363	0.59847213
-79.155037	-187.004196	143.900604	0	0	0.97095818	0.23924928
-203.276657	-125.471634	139.449677	0	0	0.80114363	0.59847213
-202.792587	-126.617226	139.554916	0	0	0.80114363	0.59847213
-80.340317	-187.344070	143.900604	0	0	0.97095818	0.23924928
-202.294495	-127.756218	139.660278	0	0	0.80114363	0.59847213
-81.529770	-187.669022	143.900604	0	0	0.97095818	0.23924928
-201.782471	-128.888443	139.765762	0	0	0.80114363	0.59847213
-82.723206	-187.979004	143.900604	0	0	0.97095818	0.23924928
-201.256577	-130.013733	139.871368	0	0	0.80114363	0.59847213
-83.920456	-188.273956	143.900604	0	0	0.97095818	0.23924928
-200.716934	-131.131897	139.977081	0	0	0.80114363	0.59847213
-85.121307	-188.553848	143.900604	0	0	0.97095818	0.23924928
-200.163620	-132.242798	140.082901	0	0	0.80114363	0.59847213
-86.325584	-188.818619	143.900604	0	0	0.94222235	0.33498812
-199.596725	-133.346252	140.188828	0	0	0.80114363	0.59847213
-87.533096	-189.068237	143.900604	0	0	0.94222235	0.33498812
-199.016357	-134.442078	140.294846	0	0	0.80114363	0.59847213
-88.743652	-189.302673	143.900604	0	0	0.94222235	0.33498812
-198.422607	-135.530136	140.400970	0	0	0.80114363	0.59847213
-89.957054	-189.521881	143.900604	0	0	0.94222235	0.33498812
-197.815598	-136.610229	140.507187	0	0	0.80114363	0.59847213
-91.173119	-189.725815	143.900604	0	0	0.94222235	0.33498812
-197.195404	-137.682205	140.613480	0	0	0.80114363	0.59847213
-92.391647	-189.914444	143.900604	0	0	0.94222235	0.33498812
-196.562134	-138.745926	140.719864	0	0	0.80114363	0.59847213
-93.612450	-190.087753	143.900604	0	0	0.94222235	0.33498812
-195.915924	-139.801208	140.826324	0	0	0.80114363	0.59847213
-94.835335	-190.245712	143.900604	0	0	0.94222235	0.33498812
-195.256851	-140.847885	140.932861	0	0	0.80114363	0.59847213
-96.060104	-190.388290	143.900604	0	0	0.94222235	0.33498812
-194.585052	-141.885803	141.039474	0	0	0.80114363	0.59847213
-97.286568	-190.515457	143.900604	0	0	0.94222235	0.33498812
-193.900620	-142.914810	141.146149	0	0	0.80114363	0.59847213
-98.514542	-190.627213	143.900604	0	0	0.94222235	0.33498812
-193.203674	-143.934753	141.252884	0	0	0.80114363	0.59847213
-99.743813	-190.723526	143.900604	0	0	0.94222235	0.33498812
-192.494339	-144.945480	141.359680	0	0	0.80114363	0.59847213
-100.974197	-190.804382	143.900604	0	0	0.94222235	0.33498812
-191.772736	-145.946823	141.466522	0	0	0.80114363	0.59847213
-102.205505	-190.869781	143.900604	0	0	0.94222235	0.33498812
-191.038986	-146.938629	141.573425	0	0	0.80114363	0.59847213
-103.437546	-190.919693	143.900604	0	0	0.94222235	0.33498812
-190.293198	-147.920776	141.680359	0	0	0.80114363	0.59847213
-104.670105	-190.954117	143.900604	0	0	0.94222235	0.33498812
-189.535507	-148.893112	141.787354	0	0	0.80114363	0.59847213
-105.903000	-190.973053	143.900604	0	0	0.94222235	0.33498812
-188.766037	-149.855453	141.894363	0	0	0.80114363	0.59847213
-107.136040	-190.976501	143.900604	0	0	0.94222235	0.33498812
-187.984924	-150.807678	142.001419	0	0	0.80114363	0.59847213
-108.369026	-190.964447	143.900604	0	0	0.94222235	0.33498812
-187.192291	-151.749664	142.108505	0	0	0.80114363	0.59847213
-186.388275	-152.681244	142.215607	0	0	0.80114363	0.59847213
-109.601761	-190.936890	143.900604	0	0	0.94222235	0.33498812
-185.572998	-153.602280	142.322739	0	0	0.80114363	0.59847213
-110.834053	-190.893860	143.900604	0	0	0.94222235	0.33498812
-184.746613	-154.512634	142.429871	0	0	0.80114363	0.59847213
-112.065704	-190.835342	143.900604	0	0	0.94222235	0.33498812
-183.909256	-155.412186	142.537033	0	0	0.85688874	0.51550139
-113.296532	-190.761353	143.900604	0	0	0.94222235	0.33498812
-183.061035	-156.300797	142.644180	0	0	0.85688874	0.51550139
-114.526321	-190.671906	143.900604	0	0	0.94222235	0.33498812
-182.202133	-157.178314	142.751343	0	0	0.85688874	0.51550139
-115.754890	-190.567017	143.900604	0	0	0.94222235	0.33498812
-181.332672	-158.044617	142.858505	0	0	0.85688874	0.51550139
-116.982048	-190.446686	143.900604	0	0	0.94222235	0.33498812
-180.452805	-158.899582	142.965668	0	0	0.85688874	0.51550139
-118.207596	-190.310959	143.900604	0	0	0.94222235	0.33498812
-179.562653	-159.743088	143.072815	0	0	0.85688874	0.51550139
-119.431343	-190.159836	143.900604	0	0	0.94222235	0.33498812
-178.662384	-160.574982	143.179947	0	0	0.85688874	0.51550139
-177.752151	-161.395172	143.287064	0	0	0.85688874	0.51550139
-120.653091	-189.993332	143.900604	0	0	0.90407214	0.42737988
-176.832092	-162.203506	143.394150	0	0	0.85688874	0.51550139
-121.872658	-189.811508	143.900604	0	0	0.90407214	0.42737988
-175.902359	-162.999893	143.501205	0	0	0.85688874	0.51550139
-123.089836	-189.614365	143.900604	0	0	0.90407214	0.42737988
-174.963120	-163.784195	143.608246	0	0	0.85688874	0.51550139
-124.304443	-189.401947	143.900604	0	0	0.90407214	0.42737988
-174.014511	-164.556305	143.715240	0	0	0.85688874	0.51550139
-173.056686	-165.316116	143.822205	0	0	0.85688874	0.51550139
-125.516289	-189.174271	143.900604	0	0	0.90407214	0.42737988
-172.348633	-165.865341	143.900604	0	0	0.85688874	0.51550139
-126.725174	-188.931396	143.900604	0	0	0.90407214	0.42737988
-171.477661	-166.638092	143.900604	0	0	0.85688874	0.51550139
-127.930916	-188.673355	143.900604	0	0	0.90407214	0.42737988
-170.545380	-167.445084	143.900604	0	0	0.85688874	0.51550139
-129.133316	-188.400177	143.900604	0	0	0.90407214	0.42737988
-169.603027	-168.240311	143.900604	0	0	0.85688874	0.51550139
-130.332184	-188.111908	143.900604	0	0	0.90407214	0.42737988
-168.650772	-169.023621	143.900604	0	0	0.85688874	0.51550139
-131.527344	-187.808594	143.900604	0	0	0.90407214	0.42737988
-167.688736	-169.794907	143.900604	0	0	0.85688874	0.51550139
-132.718597	-187.490295	143.900604	0	0	0.90407214	0.42737988
-166.717087	-170.554047	143.900604	0	0	0.85688874	0.51550139
-133.905746	-187.157043	143.900604	0	0	0.90407214	0.42737988
-165.735977	-171.300903	143.900604	0	0	0.85688874	0.51550139
-135.088623	-186.808899	143.900604	0	0	0.90407214	0.42737988
-164.745544	-172.035385	143.900604	0	0	0.85688874	0.51550139
-136.267029	-186.445923	143.900604	0	0	0.90407214	0.42737988
-163.745972	-172.757370	143.900604	0	0	0.85688874	0.51550139
-137.440781	-186.068161	143.900604	0	0	0.90407214	0.42737988
-162.737411	-173.466721	143.900604	0	0	0.85688874	0.51550139
-138.609695	-185.675690	143.900604	0	0	0.90407214	0.42737988
-161.720016	-174.163361	143.900604	0	0	0.85688874	0.51550139
-139.773575	-185.268555	143.900604	0	0	0.90407214	0.42737988
-160.693939	-174.847137	143.900604	0	0	0.85688874	0.51550139
-140.932266	-184.846832	143.900604	0	0	0.90407214	0.42737988
-159.659363	-175.517990	143.900604	0	0	0.85688874	0.51550139
-142.085556	-184.410583	143.900604	0	0	0.90407214	0.42737988
-158.616425	-176.175766	143.900604	0	0	0.85688874	0.51550139
-143.233276	-183.959869	143.900604	0	0	0.90407214	0.42737988
-157.565308	-176.820404	143.900604	0	0	0.85688874	0.51550139
-144.375229	-183.494766	143.900604	0	0	0.90407214	0.42737988
-156.506165	-177.451782	143.900604	0	0	0.85688874	0.51550139
-145.511261	-183.015350	143.900604	0	0	0.90407214	0.42737988
-155.439194	-178.069794	143.900604	0	0	0.85688874	0.51550139
-146.641174	-182.521713	143.900604	0	0	0.90407214	0.42737988
-154.364517	-178.674347	143.900604	0	0	0.90407214	0.42737988
-147.764801	-182.013901	143.900604	0	0	0.90407214	0.42737988
-153.282333	-179.265350	143.900604	0	0	0.90407214	0.42737988
-148.881943	-181.492020	143.900604	0	0	0.90407214	0.42737988
-152.192825	-179.842712	143.900604	0	0	0.90407214	0.42737988
-149.992462	-180.956131	143.900604	0	0	0.90407214	0.42737988
-151.096146	-180.406326	143.900604	0	0	0.90407214	0.42737988
