14.003650	-1.479594	230.086792	0.000000	9.330909	10.931740	228.975449
9.330909	10.931740	228.975449	-2.341593	-2.190213	18.926800	228.367722
-2.190213	18.926800	228.367722	-1.741593	-16.438478	18.782850	228.426407
-16.438478	18.782850	228.426407	-1.141593	-32.885330	8.449179	228.944931
-32.885330	8.449179	228.944931	-0.141593	-41.122166	-12.877254	229.783279
-41.122166	-12.877254	229.783279	0.658407	-32.613014	-30.673779	230.944931
-32.613014	-30.673779	230.944931	1.058407	-22.622135	-37.789307	231.652206
-22.622135	-37.789307	231.652206	1.458407	-15.013082	-38.841091	232.072174
-15.013082	-38.841091	232.072174	1.458407	-1.055451	-38.627388	231.984756
-1.055451	-38.627388	231.984756	2.258407	12.328440	-29.394871	231.530060
12.328440	-29.394871	231.530060	3.058407	16.890440	-14.759519	230.891678
16.890440	-14.759519	230.891678	3.058407	0.000000	0.000000	0.000000
14.003650	-1.479594	230.086792	0.000000	9.330909	10.931740	228.975449
9.330909	10.931740	228.975449	-2.341593	-2.190213	18.926800	228.367722
-2.190213	18.926800	228.367722	-1.741593	-16.438478	18.782850	228.426407
-16.438478	18.782850	228.426407	-1.141593	-32.885330	8.449179	228.944931
-32.885330	8.449179	228.944931	-0.141593	-41.122166	-12.877254	229.783279
-41.122166	-12.877254	229.783279	0.658407	-32.613014	-30.673779	230.944931
-32.613014	-30.673779	230.944931	1.058407	-22.622135	-37.789307	231.652206
-22.622135	-37.789307	231.652206	1.458407	-15.013082	-38.841091	232.072174
-15.013082	-38.841091	232.072174	1.458407	-1.055451	-38.627388	231.984756
-1.055451	-38.627388	231.984756	2.258407	12.328440	-29.394871	231.530060
12.328440	-29.394871	231.530060	3.058407	16.890440	-14.759519	230.891678
16.890440	-14.759519	230.891678	3.058407	0.000000	0.000000	0.000000
14.003650	-1.479594	230.086792	0.000000	9.330909	10.931740	228.975449
9.330909	10.931740	228.975449	-2.341593	-2.190213	18.926800	228.367722
-2.190213	18.926800	228.367722	-1.741593	-16.438478	18.782850	228.426407
-16.438478	18.782850	228.426407	-1.141593	-32.885330	8.449179	228.944931
-32.885330	8.449179	228.944931	-0.141593	-41.122166	-12.877254	229.783279
-41.122166	-12.877254	229.783279	0.658407	-32.613014	-30.673779	230.944931
-32.613014	-30.673779	230.944931	1.058407	-22.622135	-37.789307	231.652206
-22.622135	-37.789307	231.652206	1.458407	-15.013082	-38.841091	232.072174
-15.013082	-38.841091	232.072174	1.458407	-1.055451	-38.627388	231.984756
-1.055451	-38.627388	231.984756	2.258407	12.328440	-29.394871	231.530060
12.328440	-29.394871	231.530060	3.058407	16.890440	-14.759519	230.891678
16.890440	-14.759519	230.891678	3.058407	0.000000	0.000000	0.000000
14.003650	-1.479594	230.086792	0.000000	9.330909	10.931740	228.975449
9.330909	10.931740	228.975449	-2.341593	-2.190213	18.926800	228.367722
-2.190213	18.926800	228.367722	-1.741593	-16.438478	18.782850	228.426407
-16.438478	18.782850	228.426407	-1.141593	-32.885330	8.449179	228.944931
-32.885330	8.449179	228.944931	-0.141593	-41.122166	-12.877254	229.783279
-41.122166	-12.877254	229.783279	0.658407	-32.613014	-30.673779	230.944931
-32.613014	-30.673779	230.944931	1.058407	-22.622135	-37.789307	231.652206
-22.622135	-37.789307	231.652206	1.458407	-15.013082	-38.841091	232.072174
-15.013082	-38.841091	232.072174	1.458407	-1.055451	-38.627388	231.984756
-1.055451	-38.627388	231.984756	2.258407	12.328440	-29.394871	231.530060
12.328440	-29.394871	231.530060	3.058407	16.890440	-14.759519	230.891678
16.890440	-14.759519	230.891678	3.058407	0.000000	0.000000	0.000000
14.003650	-1.479594	230.086792	0.000000	9.330909	10.931740	228.975449
9.330909	10.931740	228.975449	-2.341593	-2.190213	18.926800	228.367722
-2.190213	18.926800	228.367722	-1.741593	-16.438478	18.782850	228.426407
-16.438478	18.782850	228.426407	-1.141593	-32.885330	8.449179	228.944931
-32.885330	8.449179	228.944931	-0.141593	-41.122166	-12.877254	229.783279
-41.122166	-12.877254	229.783279	0.658407	-32.613014	-30.673779	230.944931
-32.613014	-30.673779	230.944931	1.058407	-22.622135	-37.789307	231.652206
-22.622135	-37.789307	231.652206	1.458407	-15.013082	-38.841091	232.072174
-15.013082	-38.841091	232.072174	1.458407	-1.055451	-38.627388	231.984756
-1.055451	-38.627388	231.984756	2.258407	12.328440	-29.394871	231.530060
12.328440	-29.394871	231.530060	3.058407	16.890440	-14.759519	230.891678
16.890440	-14.759519	230.891678	3.058407	0.000000	0.000000	0.000000
14.003650	-1.479594	230.086792	0.000000	9.330909	10.931740	228.975449
9.330909	10.931740	228.975449	-2.341593	-2.190213	18.926800	228.367722
-2.190213	18.926800	228.367722	-1.741593	-16.438478	18.782850	228.426407
-16.438478	18.782850	228.426407	-1.141593	-32.885330	8.449179	228.944931
-32.885330	8.449179	228.944931	-0.141593	-41.122166	-12.877254	229.783279
-41.122166	-12.877254	229.783279	0.658407	-32.613014	-30.673779	230.944931
-32.613014	-30.673779	230.944931	1.058407	-22.622135	-37.789307	231.652206
-22.622135	-37.789307	231.652206	1.458407	-15.013082	-38.841091	232.072174
-15.013082	-38.841091	232.072174	1.458407	-1.055451	-38.627388	231.984756
-1.055451	-38.627388	231.984756	2.258407	12.328440	-29.394871	231.530060
12.328440	-29.394871	231.530060	3.058407	16.890440	-14.759519	230.891678
16.890440	-14.759519	230.891678	3.058407	0.000000	0.000000	0.000000
14.003650	-1.479594	230.086792	0.000000	9.330909	10.931740	228.975449
9.330909	10.931740	228.975449	-2.341593	-2.190213	18.926800	228.367722
-2.190213	18.926800	228.367722	-1.741593	-16.438478	18.782850	228.426407
-16.438478	18.782850	228.426407	-1.141593	-32.885330	8.449179	228.944931
-32.885330	8.449179	228.944931	-0.141593	-41.122166	-12.877254	229.783279
-41.122166	-12.877254	229.783279	0.658407	-32.613014	-30.673779	230.944931
-32.613014	-30.673779	230.944931	1.058407	-22.622135	-37.789307	231.652206
-22.622135	-37.789307	231.652206	1.458407	-15.013082	-38.841091	232.072174
-15.013082	-38.841091	232.072174	1.458407	-1.055451	-38.627388	231.984756
-1.055451	-38.627388	231.984756	2.258407	12.328440	-29.394871	231.530060
12.328440	-29.394871	231.530060	3.058407	16.890440	-14.759519	230.891678
16.890440	-14.759519	230.891678	3.058407	0.000000	0.000000	0.000000
14.003650	-1.479594	230.086792	0.000000	9.330909	10.931740	228.975449
9.330909	10.931740	228.975449	-2.341593	-2.190213	18.926800	228.367722
-2.190213	18.926800	228.367722	-1.741593	-16.438478	18.782850	228.426407
-16.438478	18.782850	228.426407	-1.141593	-32.885330	8.449179	228.944931
-32.885330	8.449179	228.944931	-0.141593	-41.122166	-12.877254	229.783279
-41.122166	-12.877254	229.783279	0.658407	-32.613014	-30.673779	230.944931
-32.613014	-30.673779	230.944931	1.058407	-22.622135	-37.789307	231.652206
-22.622135	-37.789307	231.652206	1.458407	-15.013082	-38.841091	232.072174
-15.013082	-38.841091	232.072174	1.458407	-1.055451	-38.627388	231.984756
-1.055451	-38.627388	231.984756	2.258407	12.328440	-29.394871	231.530060
12.328440	-29.394871	231.530060	3.058407	16.890440	-14.759519	230.891678
16.890440	-14.759519	230.891678	3.058407	0.000000	0.000000	0.000000
14.003650	-1.479594	230.086792	0.000000	9.330909	10.931740	228.975449
9.330909	10.931740	228.975449	-2.341593	-2.190213	18.926800	228.367722
-2.190213	18.926800	228.367722	-1.741593	-16.438478	18.782850	228.426407
-16.438478	18.782850	228.426407	-1.141593	-32.885330	8.449179	228.944931
-32.885330	8.449179	228.944931	-0.141593	-41.122166	-12.877254	229.783279
-41.122166	-12.877254	229.783279	0.658407	-32.613014	-30.673779	230.944931
-32.613014	-30.673779	230.944931	1.058407	-22.622135	-37.789307	231.652206
-22.622135	-37.789307	231.652206	1.458407	-15.013082	-38.841091	232.072174
-15.013082	-38.841091	232.072174	1.458407	-1.055451	-38.627388	231.984756
-1.055451	-38.627388	231.984756	2.258407	12.328440	-29.394871	231.530060
12.328440	-29.394871	231.530060	3.058407	16.890440	-14.759519	230.891678
16.890440	-14.759519	230.891678	3.058407	0.000000	0.000000	0.000000
14.003650	-1.479594	230.086792	0.000000	9.330909	10.931740	228.975449
9.330909	10.931740	228.975449	-2.341593	-2.190213	18.926800	228.367722
-2.190213	18.926800	228.367722	-1.741593	-16.438478	18.782850	228.426407
-16.438478	18.782850	228.426407	-1.141593	-32.885330	8.449179	228.944931
-32.885330	8.449179	228.944931	-0.141593	-41.122166	-12.877254	229.783279
-41.122166	-12.877254	229.783279	0.658407	-32.613014	-30.673779	230.944931
-32.613014	-30.673779	230.944931	1.058407	-22.622135	-37.789307	231.652206
-22.622135	-37.789307	231.652206	1.458407	-15.013082	-38.841091	232.072174
-15.013082	-38.841091	232.072174	1.458407	-1.055451	-38.627388	231.984756
-1.055451	-38.627388	231.984756	2.258407	12.328440	-29.394871	231.530060
12.328440	-29.394871	231.530060	3.058407	16.890440	-14.759519	230.891678
16.890440	-14.759519	230.891678	3.058407	0.000000	0.000000	0.000000
14.003650	-1.479594	230.086792	0.000000	9.330909	10.931740	228.975449
9.330909	10.931740	228.975449	-2.341593	-2.190213	18.926800	228.367722
-2.190213	18.926800	228.367722	-1.741593	-16.438478	18.782850	228.426407
-16.438478	18.782850	228.426407	-1.141593	-32.885330	8.449179	228.944931
-32.885330	8.449179	228.944931	-0.141593	-41.122166	-12.877254	229.783279
-41.122166	-12.877254	229.783279	0.658407	-32.613014	-30.673779	230.944931
-32.613014	-30.673779	230.944931	1.058407	-22.622135	-37.789307	231.652206
-22.622135	-37.789307	231.652206	1.458407	-15.013082	-38.841091	232.072174
-15.013082	-38.841091	232.072174	1.458407	-1.055451	-38.627388	231.984756
-1.055451	-38.627388	231.984756	2.258407	12.328440	-29.394871	231.530060
12.328440	-29.394871	231.530060	3.058407	16.890440	-14.759519	230.891678
16.890440	-14.759519	230.891678	3.058407	0.000000	0.000000	0.000000
14.003650	-1.479594	230.086792	0.000000	9.330909	10.931740	228.975449
9.330909	10.931740	228.975449	-2.341593	-2.190213	18.926800	228.367722
-2.190213	18.926800	228.367722	-1.741593	-16.438478	18.782850	228.426407
-16.438478	18.782850	228.426407	-1.141593	-32.885330	8.449179	228.944931
-32.885330	8.449179	228.944931	-0.141593	-41.122166	-12.877254	229.783279
-41.122166	-12.877254	229.783279	0.658407	-32.613014	-30.673779	230.944931
-32.613014	-30.673779	230.944931	1.058407	-22.622135	-37.789307	231.652206
-22.622135	-37.789307	231.652206	1.458407	-15.013082	-38.841091	232.072174
-15.013082	-38.841091	232.072174	1.458407	-1.055451	-38.627388	231.984756
-1.055451	-38.627388	231.984756	2.258407	12.328440	-29.394871	231.530060
12.328440	-29.394871	231.530060	3.058407	16.890440	-14.759519	230.891678
16.890440	-14.759519	230.891678	3.058407	0.000000	0.000000	0.000000
14.003650	-1.479594	230.086792	0.000000	9.330909	10.931740	228.975449
9.330909	10.931740	228.975449	-2.341593	-2.190213	18.926800	228.367722
-2.190213	18.926800	228.367722	-1.741593	-16.438478	18.782850	228.426407
-16.438478	18.782850	228.426407	-1.141593	-32.885330	8.449179	228.944931
-32.885330	8.449179	228.944931	-0.141593	-41.122166	-12.877254	229.783279
-41.122166	-12.877254	229.783279	0.658407	-32.613014	-30.673779	230.944931
-32.613014	-30.673779	230.944931	1.058407	-22.622135	-37.789307	231.652206
-22.622135	-37.789307	231.652206	1.458407	-15.013082	-38.841091	232.072174
-15.013082	-38.841091	232.072174	1.458407	-1.055451	-38.627388	231.984756
-1.055451	-38.627388	231.984756	2.258407	12.328440	-29.394871	231.530060
12.328440	-29.394871	231.530060	3.058407	16.890440	-14.759519	230.891678
16.890440	-14.759519	230.891678	3.058407	0.000000	0.000000	0.000000
14.003650	-1.479594	230.086792	0.000000	9.330909	10.931740	228.975449
9.330909	10.931740	228.975449	-2.341593	-2.190213	18.926800	228.367722
-2.190213	18.926800	228.367722	-1.741593	-16.438478	18.782850	228.426407
-16.438478	18.782850	228.426407	-1.141593	-32.885330	8.449179	228.944931
-32.885330	8.449179	228.944931	-0.141593	-41.122166	-12.877254	229.783279
-41.122166	-12.877254	229.783279	0.658407	-32.613014	-30.673779	230.944931
-32.613014	-30.673779	230.944931	1.058407	-22.622135	-37.789307	231.652206
-22.622135	-37.789307	231.652206	1.458407	-15.013082	-38.841091	232.072174
-15.013082	-38.841091	232.072174	1.458407	-1.055451	-38.627388	231.984756
-1.055451	-38.627388	231.984756	2.258407	12.328440	-29.394871	231.530060
12.328440	-29.394871	231.530060	3.058407	16.890440	-14.759519	230.891678
16.890440	-14.759519	230.891678	3.058407	0.000000	0.000000	0.000000
14.003650	-1.479594	230.086792	0.000000	9.330909	10.931740	228.975449
9.330909	10.931740	228.975449	-2.341593	-2.190213	18.926800	228.367722
-2.190213	18.926800	228.367722	-1.741593	-16.438478	18.782850	228.426407
-16.438478	18.782850	228.426407	-1.141593	-32.885330	8.449179	228.944931
-32.885330	8.449179	228.944931	-0.141593	-41.122166	-12.877254	229.783279
-41.122166	-12.877254	229.783279	0.658407	-32.613014	-30.673779	230.944931
-32.613014	-30.673779	230.944931	1.058407	-22.622135	-37.789307	231.652206
-22.622135	-37.789307	231.652206	1.458407	-15.013082	-38.841091	232.072174
-15.013082	-38.841091	232.072174	1.458407	-1.055451	-38.627388	231.984756
-1.055451	-38.627388	231.984756	2.258407	12.328440	-29.394871	231.530060
12.328440	-29.394871	231.530060	3.058407	16.890440	-14.759519	230.891678
16.890440	-14.759519	230.891678	3.058407	0.000000	0.000000	0.000000
14.003650	-1.479594	230.086792	0.000000	9.330909	10.931740	228.975449
9.330909	10.931740	228.975449	-2.341593	-2.190213	18.926800	228.367722
-2.190213	18.926800	228.367722	-1.741593	-16.438478	18.782850	228.426407
-16.438478	18.782850	228.426407	-1.141593	-32.885330	8.449179	228.944931
-32.885330	8.449179	228.944931	-0.141593	-41.122166	-12.877254	229.783279
-41.122166	-12.877254	229.783279	0.658407	-32.613014	-30.673779	230.944931
-32.613014	-30.673779	230.944931	1.058407	-22.622135	-37.789307	231.652206
-22.622135	-37.789307	231.652206	1.458407	-15.013082	-38.841091	232.072174
-15.013082	-38.841091	232.072174	1.458407	-1.055451	-38.627388	231.984756
-1.055451	-38.627388	231.984756	2.258407	12.328440	-29.394871	231.530060
12.328440	-29.394871	231.530060	3.058407	16.890440	-14.759519	230.891678
16.890440	-14.759519	230.891678	3.058407	0.000000	0.000000	0.000000
14.003650	-1.479594	230.086792	0.000000	9.330909	10.931740	228.975449
9.330909	10.931740	228.975449	-2.341593	-2.190213	18.926800	228.367722
-2.190213	18.926800	228.367722	-1.741593	-16.438478	18.782850	228.426407
-16.438478	18.782850	228.426407	-1.141593	-32.885330	8.449179	228.944931
-32.885330	8.449179	228.944931	-0.141593	-41.122166	-12.877254	229.783279
-41.122166	-12.877254	229.783279	0.658407	-32.613014	-30.673779	230.944931
-32.613014	-30.673779	230.944931	1.058407	-22.622135	-37.789307	231.652206
-22.622135	-37.789307	231.652206	1.458407	-15.013082	-38.841091	232.072174
-15.013082	-38.841091	232.072174	1.458407	-1.055451	-38.627388	231.984756
-1.055451	-38.627388	231.984756	2.258407	12.328440	-29.394871	231.530060
12.328440	-29.394871	231.530060	3.058407	16.890440	-14.759519	230.891678
16.890440	-14.759519	230.891678	3.058407	0.000000	0.000000	0.000000
14.003650	-1.479594	230.086792	0.000000	9.330909	10.931740	228.975449
9.330909	10.931740	228.975449	-2.341593	-2.190213	18.926800	228.367722
-2.190213	18.926800	228.367722	-1.741593	-16.438478	18.782850	228.426407
-16.438478	18.782850	228.426407	-1.141593	-32.885330	8.449179	228.944931
-32.885330	8.449179	228.944931	-0.141593	-41.122166	-12.877254	229.783279
-41.122166	-12.877254	229.783279	0.658407	-32.613014	-30.673779	230.944931
-32.613014	-30.673779	230.944931	1.058407	-22.622135	-37.789307	231.652206
-22.622135	-37.789307	231.652206	1.458407	-15.013082	-38.841091	232.072174
-15.013082	-38.841091	232.072174	1.458407	-1.055451	-38.627388	231.984756
-1.055451	-38.627388	231.984756	2.258407	12.328440	-29.394871	231.530060
12.328440	-29.394871	231.530060	3.058407	16.890440	-14.759519	230.891678
16.890440	-14.759519	230.891678	3.058407	0.000000	0.000000	0.000000
14.003650	-1.479594	230.086792	0.000000	9.330909	10.931740	228.975449
9.330909	10.931740	228.975449	-2.341593	-2.190213	18.926800	228.367722
-2.190213	18.926800	228.367722	-1.741593	-16.438478	18.782850	228.426407
-16.438478	18.782850	228.426407	-1.141593	-32.885330	8.449179	228.944931
-32.885330	8.449179	228.944931	-0.141593	-41.122166	-12.877254	229.783279
-41.122166	-12.877254	229.783279	0.658407	-32.613014	-30.673779	230.944931
-32.613014	-30.673779	230.944931	1.058407	-22.622135	-37.789307	231.652206
-22.622135	-37.789307	231.652206	1.458407	-15.013082	-38.841091	232.072174
-15.013082	-38.841091	232.072174	1.458407	-1.055451	-38.627388	231.984756
-1.055451	-38.627388	231.984756	2.258407	12.328440	-29.394871	231.530060
12.328440	-29.394871	231.530060	3.058407	16.890440	-14.759519	230.891678
16.890440	-14.759519	230.891678	3.058407	0.000000	0.000000	0.000000
14.003650	-1.479594	230.086792	0.000000	9.330909	10.931740	228.975449
9.330909	10.931740	228.975449	-2.341593	-2.190213	18.926800	228.367722
-2.190213	18.926800	228.367722	-1.741593	-16.438478	18.782850	228.426407
-16.438478	18.782850	228.426407	-1.141593	-32.885330	8.449179	228.944931
-32.885330	8.449179	228.944931	-0.141593	-41.122166	-12.877254	229.783279
-41.122166	-12.877254	229.783279	0.658407	-32.613014	-30.673779	230.944931
-32.613014	-30.673779	230.944931	1.058407	-22.622135	-37.789307	231.652206
-22.622135	-37.789307	231.652206	1.458407	-15.013082	-38.841091	232.072174
-15.013082	-38.841091	232.072174	1.458407	-1.055451	-38.627388	231.984756
-1.055451	-38.627388	231.984756	2.258407	12.328440	-29.394871	231.530060
12.328440	-29.394871	231.530060	3.058407	16.890440	-14.759519	230.891678
16.890440	-14.759519	230.891678	3.058407	0.000000	0.000000	0.000000
