-93.762680	-17.587748	-9.793146	0	0	0.32328956	0.94630009
-93.678047	-17.434723	-10.082409	0	0	0.32328956	0.94630009
-93.752930	-17.221836	-9.768072	0	0	-0.45359611	0.89120736
-93.779633	-17.053619	-9.778081	0	0	-0.45359611	0.89120736
-93.799927	-16.877522	-9.815916	0	0	-0.45359611	0.89120736
-93.582870	-17.248526	-10.429060	0	0	-0.45359611	0.89120736
-93.303345	-17.159964	-10.862321	0	0	-0.45359611	0.89120736
-93.640961	-17.035187	-10.907300	0	0	-0.45359611	0.89120736
-93.442390	-17.123442	-10.999115	0	0	-0.45359611	0.89120736
-93.461655	-17.014130	-11.064321	0	0	-0.45359611	0.89120736
-92.945709	-15.864622	-10.243682	0	0	-0.45359611	0.89120736
-95.064125	-14.716604	-7.394807	0	0	-0.54030229	0.84147099
-90.599823	-14.870374	-10.573230	0	0	0	1
-90.302368	-15.992513	-11.927535	0	0	-0.45359611	0.89120736
-94.740692	-21.857243	-11.544209	0	0	0.029199523	0.9995736
-93.762680	-13.953068	-4.602287	0	0	-0.070737201	0.99749499
-93.752930	-13.719318	-4.765960	0	0	0.22720209	0.97384763
-93.678047	-13.714478	-4.769349	0	0	-0.070737201	0.99749499
-93.779633	-13.601742	-4.848288	0	0	0.22720209	0.97384763
-93.799927	-13.465801	-4.943474	0	0	-0.54030229	0.84147099
-93.582870	-13.426666	-4.970877	0	0	0.22720209	0.97384763
-93.303345	-13.163673	-5.155027	0	0	0.1288445	0.99166481
-93.640961	-13.058814	-5.228450	0	0	0.029199523	0.9995736
-93.442390	-13.074895	-5.217190	0	0	0.1288445	0.99166481
-93.461655	-12.970908	-5.290002	0	0	0.1288445	0.99166481
-92.945709	-12.585152	-5.560112	0	0	-0.54030229	0.84147099
-94.043884	-23.064144	-13.534492	0	0	-0.070737201	0.99749499
-94.043884	-15.869928	-3.260087	0	0	0.1288445	0.99166481
-91.130409	-12.809778	-5.402827	0	0	-0.54030229	0.84147099
-94.859070	-11.379342	-5.834383	0	0	-0.54030229	0.84147099
-98.840416	-13.704749	3.160285	0	0	0.32328956	0.94630009
-89.333054	-34.119324	-9.793146	0	0	0.029199523	0.9995736
-89.232483	-34.092377	-9.768072	0	0	0.22720209	0.97384763
-89.215347	-34.087784	-9.778081	0	0	0.22720209	0.97384763
-89.190254	-34.081062	-9.815916	0	0	0.22720209	0.97384763
-89.215836	-34.087917	-10.082409	0	0	0.029199523	0.9995736
-89.080482	-34.051647	-10.429060	0	0	0.22720209	0.97384763
-89.081352	-34.051880	-10.907300	0	0	0.22720209	0.97384763
-88.797546	-33.975834	-10.862321	0	0	0.22720209	0.97384763
-88.918152	-34.008152	-10.999115	0	0	0.22720209	0.97384763
-88.140038	-33.799656	-10.243682	0	0	0.41614682	0.90929743
-88.908798	-34.005646	-11.064321	0	0	0.22720209	0.97384763
-90.964523	-34.556477	-13.534492	0	0	-0.070737201	0.99749499
-85.962830	-33.216274	-7.394807	0	0	0.50484609	0.86320938
-83.236938	-32.485878	-11.927535	0	0	0.41614682	0.90929743
-97.901871	-5.986527	5.717829	0	0	0	1
-85.638138	-33.129276	3.160285	0	0	0.22720209	0.97384763
-101.427811	-13.011459	11.087067	0	0	-0.45359611	0.89120736
-100.985863	-3.770994	8.269486	0	0	0	1
-105.809944	-11.837271	10.068214	0	0	0.32328956	0.94630009
-103.682487	-3.280364	9.692524	0	0	0.22720209	0.97384763
-113.720520	-9.717638	5.716056	0	0	-0.54030229	0.84147099
-113.159569	-7.624130	5.716056	0	0	-0.54030229	0.84147099
-94.666000	-35.548283	10.068214	0	0	-0.26749883	0.96355818
-87.559845	-33.644196	11.087067	0	0	0.029199523	0.9995736
-104.939697	-38.301113	5.716056	0	0	-0.26749883	0.96355818
-71.078629	-40.271793	-9.793146	0	0	0.41614682	0.90929743
-70.890800	-40.083965	-9.768072	0	0	0.41614682	0.90929743
-70.959801	-40.152966	-10.082409	0	0	0.41614682	0.90929743
-70.820045	-40.013210	-9.778081	0	0	0.41614682	0.90929743
-70.742142	-39.935307	-9.815916	0	0	0.41614682	0.90929743
-70.819115	-40.012280	-10.429060	0	0	0.41614682	0.90929743
-70.738342	-39.931507	-10.646382	0	0	0.41614682	0.90929743
-70.808907	-40.002075	-10.713880	0	0	0.41614682	0.90929743
-70.818405	-40.011570	-10.722961	0	0	0.41614682	0.90929743
-70.826118	-40.019287	-10.730342	0	0	0.41614682	0.90929743
-69.968262	-39.161427	-9.909800	0	0	0.50484609	0.86320938
-67.510040	-36.703209	-7.558509	0	0	0.41614682	0.90929743
-73.957436	-43.150597	-13.534492	0	0	0.58850112	0.8084964
-66.002380	-35.195545	-6.116429	0	0	0.58850112	0.8084964
-75.795265	-44.988430	5.716056	0	0	0.73739371	0.67546319
-62.214867	-31.408030	3.160285	0	0	0.32328956	0.94630009
-68.559692	-37.752857	10.068214	0	0	0.22720209	0.97384763
-57.897934	-32.296513	-2.511253	0	0	0.58850112	0.8084964
-57.902542	-32.313698	-2.523285	0	0	0.58850112	0.8084964
-57.907864	-32.333561	-2.537194	0	0	0.58850112	0.8084964
-57.931377	-32.421322	-2.598646	0	0	0.58850112	0.8084964
-57.931862	-32.423126	-2.599909	0	0	0.58850112	0.8084964
-57.938385	-32.447472	-2.616955	0	0	0.58850112	0.8084964
-57.948418	-32.484917	-2.643175	0	0	0.58850112	0.8084964
-57.831711	-32.049355	-2.338192	0	0	0.58850112	0.8084964
-57.805286	-31.950737	-2.269138	0	0	0.58850112	0.8084964
-57.780556	-31.858444	-2.204514	0	0	0.58850112	0.8084964
-57.618927	-31.255238	-1.782145	0	0	0.58850112	0.8084964
-63.237007	-32.430168	10.532898	0	0	0.73739371	0.67546319
-56.813850	-28.250645	0.321693	0	0	0	1
-56.697601	-27.816807	0.625471	0	0	0	1
-59.299610	-37.527630	-6.174122	0	0	0.73739371	0.67546319
-56.713974	-27.877905	1.220006	0	0	0	1
-56.714855	-27.881201	1.252087	0	0	0	1
-56.714855	-27.881201	1.252087	0	0	0	1
-56.742821	-27.985569	1.378273	0	0	0	1
-53.698009	-33.749382	-4.548911	0	0	0.73739371	0.67546319
-53.698009	-33.749382	-4.548911	0	0	0.73739371	0.67546319
-53.698009	-33.749382	-4.548911	0	0	0.73739371	0.67546319
-53.698009	-33.749382	-4.548911	0	0	0.73739371	0.67546319
-53.698009	-33.749382	-4.548911	0	0	0.73739371	0.67546319
-53.698009	-33.749382	-4.548911	0	0	0.73739371	0.67546319
-53.698009	-33.749382	-4.548911	0	0	0.80114363	0.59847213
-53.698009	-33.749382	-4.548911	0	0	0.73739371	0.67546319
-53.698009	-33.749382	-4.548911	0	0	0.73739371	0.67546319
-53.698009	-33.749382	-4.548911	0	0	0.73739371	0.67546319
-53.698009	-33.749382	-4.548911	0	0	0.73739371	0.67546319
-53.698009	-33.749382	-4.548911	0	0	0.73739371	0.67546319
-53.698009	-33.749382	-4.548911	0	0	0.73739371	0.67546319
-53.698009	-33.749382	-4.548911	0	0	0.73739371	0.67546319
-53.698009	-33.749382	-4.548911	0	0	0.73739371	0.67546319
-53.698009	-33.749382	-4.548911	0	0	0.73739371	0.67546319
-53.698009	-33.749382	-4.548911	0	0	0.73739371	0.67546319
-53.698009	-33.749382	-4.548911	0	0	0.73739371	0.67546319
-52.043240	-39.925056	10.182494	0	0	0.58850112	0.8084964
-64.031097	-55.185768	34.264805	0	0	0.41614682	0.90929743
-91.640556	-60.833721	59.698223	0	0	0.32328956	0.94630009
-156.581253	-8.309199	52.525211	0	0	0.41614682	0.90929743
-132.043457	-45.563541	67.291740	0	0	0.66627604	0.74570519
-202.820999	-22.557692	1.422735	0	0	0.41614682	0.90929743
-16.011267	-174.398224	-39.245098	0	0	0.97095818	0.23924928
-254.226654	-135.416534	1.481222	0	0	0.66627604	0.74570519
-115.645248	-247.812408	-39.245098	0	0	0.85688874	0.51550139
-212.724472	-218.735962	-22.913450	0	0	0.73739371	0.67546319
-202.820999	-224.453735	-39.245098	0	0	0.73739371	0.67546319
