21.733421	-67.306427	-20.129665	0	0	-0.99500417	0.099833397
21.140694	-66.940422	-20.106371	0	0	0.80114363	0.59847213
22.278223	-67.795120	-20.072330	0	0	0.85688874	0.51550139
22.819855	-68.287399	-20.165352	0	0	0.85688874	0.51550139
20.851282	-65.893944	-21.236378	0	0	0.90407214	0.42737988
23.351259	-68.798050	-20.290112	0	0	0.85688874	0.51550139
20.287729	-65.329193	-21.229740	0	0	0.85688874	0.51550139
19.756353	-64.574677	-21.343916	0	0	0.85688874	0.51550139
18.848774	-63.847031	-20.958025	0	0	0.80114363	0.59847213
18.375292	-62.245903	-21.536489	0	0	0.80114363	0.59847213
18.183674	-61.283119	-18.809465	0	0	0.80114363	0.59847213
8.335988	-65.834885	-14.883945	0	0	0.73739371	0.67546319
14.903972	-77.722618	-11.851542	0	0	0.97095818	0.23924928
14.344236	-77.314850	-11.800238	0	0	0.98999249	0.14112005
15.485839	-78.146507	-11.904873	0	0	0.94222235	0.33498812
16.076298	-78.576660	-11.958993	0	0	0	1
13.728168	-76.866043	-11.743771	0	0	0.94222235	0.33498812
16.670696	-79.009674	-12.013474	0	0	0	1
13.094307	-76.404274	-11.685673	0	0	0.94222235	0.33498812
12.398730	-75.897545	-11.621918	0	0	0.94222235	0.33498812
11.441660	-75.200317	-11.534196	0	0	0.94222235	0.33498812
10.410622	-74.449211	-11.439694	0	0	0.94222235	0.33498812
9.668015	-73.908218	-11.371629	0	0	0.98999249	0.14112005
5.190422	-70.646294	-10.961226	0	0	0	1
-0.454951	-65.298904	-13.878249	0	0	0.99913515	0.041580682
27.250898	-44.306858	-22.755447	0	0	0	1
27.835308	-44.463451	-22.899055	0	0	0.99913515	0.041580682
26.635695	-44.142014	-22.604271	0	0	0	1
26.377666	-44.072876	-22.540867	0	0	0.99913515	0.041580682
28.450401	-44.628265	-23.050203	0	0	0.99913515	0.041580682
25.744808	-43.903301	-22.385353	0	0	0.99913515	0.041580682
29.067696	-44.793667	-23.201893	0	0	0.99913515	0.041580682
25.121683	-43.736336	-22.232231	0	0	0.99913515	0.041580682
24.064098	-43.452957	-21.972349	0	0	0	1
23.392513	-43.273006	-21.807318	0	0	0.99913515	0.041580682
22.403526	-43.008011	-21.564293	0	0	-0.98006658	0.19866933
-0.562240	-65.191612	-10.222871	0	0	0.73739371	0.67546319
-2.402417	-67.246368	-13.878249	0	0	0.99913515	0.041580682
-2.947543	-68.190552	-12.321206	0	0	0.99913515	0.041580682
13.930791	-40.737747	-19.482271	0	0	-0.98006658	0.19866933
-5.186012	-69.693367	-11.113502	0	0	0.66627604	0.74570519
4.561855	-38.227348	-17.180025	0	0	0.99913515	0.041580682
1.001778	-37.273430	-16.305201	0	0	0.90407214	0.42737988
-29.145876	-84.388435	-14.286897	0	0	0.80114363	0.59847213
-29.303318	-83.892784	-14.208841	0	0	0.80114363	0.59847213
-28.961691	-84.968269	-14.378209	0	0	0	1
-28.770096	-85.571434	-14.473196	0	0	0.80114363	0.59847213
-29.574341	-83.039581	-14.074478	0	0	0.80114363	0.59847213
-28.572824	-86.192459	-14.570996	0	0	0.80114363	0.59847213
-29.784513	-82.377937	-13.970283	0	0	0.80114363	0.59847213
-30.039978	-81.573708	-13.843632	0	0	0	1
-30.343805	-80.617226	-13.693005	0	0	0.80114363	0.59847213
-30.812347	-79.142212	-13.460717	0	0	0	1
-30.995106	-78.566864	-13.370111	0	0	0	1
-31.222385	-77.851364	-13.257435	0	0	0.85688874	0.51550139
-31.285913	-77.651375	-13.225940	0	0	0.80114363	0.59847213
-31.604042	-76.649872	-13.068222	0	0	0	1
-23.225559	-30.781733	-10.351769	0	0	0.94222235	0.33498812
-23.225559	-30.781733	-10.351769	0	0	0.94222235	0.33498812
-23.225559	-30.781733	-10.351769	0	0	0.94222235	0.33498812
-23.225559	-30.781733	-10.351769	0	0	0.94222235	0.33498812
-23.225559	-30.781733	-10.351769	0	0	0.94222235	0.33498812
-33.122341	-32.631512	-5.762092	0	0	0	1
-33.122341	-32.631512	-5.762092	0	0	0	1
-33.122341	-32.631512	-5.762092	0	0	0	1
-33.122341	-32.631512	-5.762092	0	0	0	1
-33.122341	-32.631512	-5.762092	0	0	0	1
-36.553864	-36.625130	-6.532074	0	0	0.80114363	0.59847213
-36.553864	-36.625130	-6.532074	0	0	0.80114363	0.59847213
-36.553864	-36.625130	-6.532074	0	0	0.73739371	0.67546319
-36.553864	-36.625130	-6.532074	0	0	0.73739371	0.67546319
-36.553864	-36.625130	-6.532074	0	0	0.73739371	0.67546319
-44.608475	-46.399464	-8.406271	0	0	0.66627604	0.74570519
-47.819527	-58.383282	-10.504115	0	0	0.32328956	0.94630009
-48.382534	-60.484455	-10.871938	0	0	0	1
-48.655136	-61.501820	-11.050035	0	0	0.58850112	0.8084964
-49.016960	-62.852161	-11.286421	0	0	0.66627604	0.74570519
-55.128971	-50.036663	-9.329488	0	0	0.66627604	0.74570519
-55.078255	-49.833141	-9.293974	0	0	0.66627604	0.74570519
-55.207188	-50.350536	-9.384256	0	0	0.58850112	0.8084964
-55.292389	-50.692432	-9.443915	0	0	0.58850112	0.8084964
-55.346069	-50.907829	-9.481501	0	0	0	1
-54.900986	-49.121796	-9.169849	0	0	0.58850112	0.8084964
-55.383625	-51.058537	-9.507798	0	0	0.58850112	0.8084964
-54.803936	-48.732368	-9.101896	0	0	0.58850112	0.8084964
-54.666588	-48.181210	-9.005722	0	0	0	1
-54.536846	-47.660580	-8.914876	0	0	0.58850112	0.8084964
-54.221577	-46.395470	-8.694122	0	0	0.58850112	0.8084964
-56.238377	-54.488476	-10.106300	0	0	0	1
-53.904327	-45.122410	-8.471981	0	0	0	1
-56.844704	-56.921543	-10.530856	0	0	0.73739371	0.67546319
78.953751	-58.160595	-81.898491	0	0	0.99913515	0.041580682
-56.322109	-32.164127	-6.380327	0	0	0.41614682	0.90929743
-56.322109	-32.164127	-6.380327	0	0	0.41614682	0.90929743
-56.322109	-32.164127	-6.380327	0	0	0.41614682	0.90929743
-56.322109	-32.164127	-6.380327	0	0	0.41614682	0.90929743
-56.322109	-32.164127	-6.380327	0	0	0.41614682	0.90929743
-56.322109	-32.164127	-6.380327	0	0	0.41614682	0.90929743
-56.322109	-32.164127	-6.380327	0	0	0.41614682	0.90929743
-56.322109	-32.164127	-6.380327	0	0	0.41614682	0.90929743
-56.322109	-32.164127	-6.380327	0	0	0.32328956	0.94630009
-56.322109	-32.164127	-6.380327	0	0	0.41614682	0.90929743
-56.322109	-32.164127	-6.380327	0	0	0.41614682	0.90929743
-56.322109	-32.164127	-6.380327	0	0	0.41614682	0.90929743
-56.322109	-32.164127	-6.380327	0	0	0.41614682	0.90929743
-56.322109	-32.164127	-6.380327	0	0	0.41614682	0.90929743
-79.569221	-66.779762	-12.859351	0	0	0	1
-80.843201	-68.053734	-13.110358	0	0	0	1
-81.543983	-68.754524	-13.248433	0	0	0	1
-82.481407	-69.691940	-13.433130	0	0	0.029199523	0.9995736
-85.430168	-72.640709	-14.014118	0	0	0.029199523	0.9995736
66.767906	-132.521759	-101.307243	0	0	0.94222235	0.33498812
-90.698372	-40.912426	-8.873153	0	0	0	1
-90.698372	-40.912426	-8.873153	0	0	0	1
-90.698372	-40.912426	-8.873153	0	0	0	1
-90.698372	-40.912426	-8.873153	0	0	0	1
-90.698372	-40.912426	-8.873153	0	0	0	1
-90.698372	-40.912426	-8.873153	0	0	0	1
-90.698372	-40.912426	-8.873153	0	0	0	1
-90.698372	-40.912426	-8.873153	0	0	0	1
-90.698372	-40.912426	-8.873153	0	0	0	1
-90.698372	-40.912426	-8.873153	0	0	0	1
-90.698372	-40.912426	-8.873153	0	0	0	1
-90.698372	-40.912426	-8.873153	0	0	0	1
-90.698372	-40.912426	-8.873153	0	0	0	1
-90.698372	-40.912426	-8.873153	0	0	0	1
-100.110748	-49.289703	-10.554772	0	0	0.50484609	0.86320938
-101.744019	-45.483871	-9.968163	0	0	0	1
-104.105034	-46.783066	-10.256008	0	0	0	1
-104.222397	-46.509594	-10.213857	0	0	0	1
-108.058685	-45.330391	-10.132052	0	0	-0.26749883	0.96355818
-115.670197	-46.953121	-11.017966	0	0	0.50484609	0.86320938
-117.415077	-47.711472	-10.810540	0	0	-0.26749883	0.96355818
-116.809006	-41.317226	-17.396887	0	0	0.50484609	0.86320938
-122.918724	-40.404980	-20.461332	0	0	0	1
4.104729	-188.365067	-112.781517	0	0	0.85688874	0.51550139
-154.347656	-50.818947	-59.291645	0	0	0.41614682	0.90929743
-83.193481	-190.400681	-114.523521	0	0	0.66627604	0.74570519
-156.466888	-113.593468	-80.287064	0	0	0.58850112	0.8084964
-128.664322	-161.539719	-101.645592	0	0	0.58850112	0.8084964
