-30.592815	-13.712164	26.442204	0	0	0.22720209	0.97384763
-30.902531	-13.642653	26.534401	0	0	-0.26749883	0.96355818
-30.951830	-13.586462	26.633060	0	0	0.66627604	0.74570519
-31.463560	-13.910000	26.368589	0	0	0.66627604	0.74570519
-31.653732	-13.837535	26.323954	0	0	0.66627604	0.74570519
-31.159637	-12.730397	26.343021	0	0	0.41614682	0.90929743
-31.366646	-12.838783	26.453192	0	0	0.41614682	0.90929743
-31.383850	-12.838181	26.557467	0	0	-0.16996714	0.98544973
-31.322083	-14.853954	26.150427	0	0	-0.26749883	0.96355818
-31.896170	-13.160698	26.292892	0	0	0.1288445	0.99166481
-30.385525	-14.217655	27.801178	0	0	0.41614682	0.90929743
-32.006084	-13.227247	26.262300	0	0	-0.070737201	0.99749499
-30.697733	-14.719027	27.596046	0	0	-0.26749883	0.96355818
-30.324114	-14.338084	27.917498	0	0	-0.26749883	0.96355818
-31.150661	-15.098182	27.122377	0	0	-0.26749883	0.96355818
-30.094208	-13.634486	28.007071	0	0	0.58850112	0.8084964
-31.721289	-12.946175	27.416948	0	0	0.22720209	0.97384763
-30.072458	-13.601593	28.045025	0	0	0.58850112	0.8084964
-32.185963	-13.357673	25.999268	0	0	0.32328956	0.94630009
-30.653479	-14.827587	27.738308	0	0	0.66627604	0.74570519
-31.279993	-12.668388	27.644665	0	0	0.1288445	0.99166481
-32.204216	-13.273374	26.938030	0	0	0.22720209	0.97384763
-31.740841	-12.944220	27.548044	0	0	0.1288445	0.99166481
-31.290621	-12.664045	27.748381	0	0	0.22720209	0.97384763
-31.800165	-12.972170	27.610407	0	0	0.1288445	0.99166481
-30.662127	-14.943311	27.809538	0	0	0.66627604	0.74570519
-31.840763	-12.988439	27.681381	0	0	0.32328956	0.94630009
-30.667067	-15.021340	27.886751	0	0	0.029199523	0.9995736
-29.535210	-13.867033	28.086882	0	0	-0.26749883	0.96355818
-31.878885	-13.003718	27.748011	0	0	0.1288445	0.99166481
-30.819290	-12.378607	27.880198	0	0	0.029199523	0.9995736
-30.790449	-12.357996	27.919394	0	0	0.1288445	0.99166481
-31.858109	-12.983105	27.833309	0	0	0.32328956	0.94630009
-30.678501	-15.082844	27.958050	0	0	0.66627604	0.74570519
-31.902864	-13.005519	27.867229	0	0	0.1288445	0.99166481
-30.502377	-12.191853	27.917650	0	0	-0.26749883	0.96355818
-31.832361	-12.952730	27.986843	0	0	0.32328956	0.94630009
-30.623722	-15.121125	28.049299	0	0	0.029199523	0.9995736
-31.824358	-12.940604	28.061132	0	0	0.1288445	0.99166481
-30.666195	-15.147495	28.083620	0	0	0.66627604	0.74570519
-31.797981	-12.915560	28.158295	0	0	0.32328956	0.94630009
-30.559683	-15.157077	28.209532	0	0	-0.070737201	0.99749499
-29.690702	-13.148917	24.409225	0	0	0.66627604	0.74570519
-31.790506	-12.902176	28.248055	0	0	0.32328956	0.94630009
-31.841103	-12.930556	28.256294	0	0	0.1288445	0.99166481
-31.855261	-12.938721	28.256386	0	0	0.22720209	0.97384763
-30.540733	-15.163906	28.285738	0	0	0.66627604	0.74570519
-31.761002	-12.877997	28.318768	0	0	0.1288445	0.99166481
-30.496645	-15.169538	28.386000	0	0	-0.16996714	0.98544973
-30.624800	-15.069945	28.471689	0	0	0.66627604	0.74570519
-30.577747	-15.118754	28.477352	0	0	0.66627604	0.74570519
-30.475117	-15.180497	28.478218	0	0	-0.16996714	0.98544973
-30.465816	-15.121323	28.545395	0	0	0.66627604	0.74570519
-30.151045	-12.351581	24.328676	0	0	0.58850112	0.8084964
-29.845869	-12.432829	29.317715	0	0	0.58850112	0.8084964
-30.173082	-11.866079	29.260460	0	0	0.66627604	0.74570519
-28.503895	-11.466586	23.675472	0	0	-0.26749883	0.96355818
-26.724148	-14.549197	23.986889	0	0	-0.26749883	0.96355818
-32.043869	-13.698707	21.811405	0	0	-0.26749883	0.96355818
-30.819685	-15.819057	22.025610	0	0	-0.16996714	0.98544973
-26.593109	-12.353859	31.641897	0	0	0.029199523	0.9995736
-31.258276	-13.454386	19.740171	0	0	0.22720209	0.97384763
-27.656221	-10.174314	31.622841	0	0	0.1288445	0.99166481
-27.772551	-14.805592	33.119076	0	0	0.58850112	0.8084964
-29.159410	-10.837434	33.649574	0	0	0	1
-24.153053	-20.151924	26.442204	0	0	0.41614682	0.90929743
-24.273157	-20.272028	26.534401	0	0	0.41614682	0.90929743
-24.269711	-20.268581	26.633060	0	0	0.32328956	0.94630009
-24.687346	-20.686216	26.368589	0	0	0.32328956	0.94630009
-24.746199	-20.745070	26.323954	0	0	0.32328956	0.94630009
-25.088583	-21.087454	26.150427	0	0	0.41614682	0.90929743
-24.302155	-20.301025	27.801178	0	0	0.41614682	0.90929743
-24.708944	-20.707815	27.596046	0	0	0.32328956	0.94630009
-24.331663	-20.330534	27.917498	0	0	0.41614682	0.90929743
-25.124987	-21.123857	27.122377	0	0	0.41614682	0.90929743
-24.741096	-20.739967	27.738308	0	0	0.32328956	0.94630009
-23.864912	-19.863783	28.007071	0	0	0.41614682	0.90929743
-24.803284	-20.802155	27.809538	0	0	0.32328956	0.94630009
-23.837591	-19.836462	28.045025	0	0	0.32328956	0.94630009
-24.844769	-20.843639	27.886751	0	0	0.41614682	0.90929743
-23.701687	-19.700558	28.086882	0	0	0.58850112	0.8084964
-24.881237	-20.880108	27.958050	0	0	0.32328956	0.94630009
-24.872988	-20.871859	28.049299	0	0	0.41614682	0.90929743
-24.907410	-20.906281	28.083620	0	0	0.32328956	0.94630009
-24.858944	-20.857815	28.209532	0	0	0.41614682	0.90929743
-24.852884	-20.851755	28.285738	0	0	0.32328956	0.94630009
-24.833656	-20.832527	28.386000	0	0	0.41614682	0.90929743
-24.828371	-20.827242	28.478218	0	0	0.41614682	0.90929743
-24.847937	-20.846807	28.471689	0	0	0.32328956	0.94630009
-24.848814	-20.847687	28.477352	0	0	0.32328956	0.94630009
-23.420374	-19.419245	24.409225	0	0	0.80114363	0.59847213
-24.794134	-20.793005	28.545395	0	0	0.32328956	0.94630009
-23.139914	-19.138784	29.317715	0	0	0.32328956	0.94630009
-22.637238	-18.636108	23.986889	0	0	-0.070737201	0.99749499
-22.708727	-18.707600	29.317747	0	0	0	1
-37.286850	-16.922873	19.860071	0	0	-0.26749883	0.96355818
-24.370880	-20.369753	31.083748	0	0	0.66627604	0.74570519
-25.319935	-21.318808	22.025610	0	0	-0.070737201	0.99749499
-23.313536	-8.793335	20.474195	0	0	0.32328956	0.94630009
-21.704224	-7.777555	25.264662	0	0	-0.36235775	0.93203909
-31.400183	-13.954594	15.599761	0	0	-0.16996714	0.98544973
-20.169004	-14.239822	21.024416	0	0	0.50484609	0.86320938
-18.996328	-14.995200	21.549839	0	0	0	1
-19.204977	-15.203849	21.024416	0	0	0.50484609	0.86320938
-34.840328	-16.081032	14.211278	0	0	-0.16996714	0.98544973
-33.610157	-15.428844	13.636630	0	0	0.58850112	0.8084964
-27.083210	-11.660511	13.636630	0	0	-0.16996714	0.98544973
-32.642464	-19.887848	14.595855	0	0	0.66627604	0.74570519
-31.944456	-26.176172	20.794868	0	0	-0.070737201	0.99749499
-21.059738	-7.604866	18.615234	0	0	-0.26749883	0.96355818
-30.592815	0.058006	25.237469	0	0	0.029199523	0.9995736
-30.902531	0.066539	25.335003	0	0	0.029199523	0.9995736
-30.951830	0.075532	25.437790	0	0	-0.070737201	0.99749499
-31.150661	0.106533	25.792137	0	0	0.029199523	0.9995736
-31.322083	0.024000	24.848776	0	0	0.029199523	0.9995736
-31.463560	0.050112	25.147238	0	0	0.029199523	0.9995736
-30.697733	0.150539	26.295128	0	0	0.029199523	0.9995736
-31.653732	0.046787	25.109232	0	0	-0.070737201	0.99749499
-30.653479	0.162066	26.426884	0	0	0.029199523	0.9995736
-30.662127	0.167372	26.487524	0	0	0.029199523	0.9995736
-30.385525	0.172158	26.542233	0	0	-0.070737201	0.99749499
-30.667067	0.173483	26.557377	0	0	0.029199523	0.9995736
-30.678501	0.179206	26.622793	0	0	0.029199523	0.9995736
-30.324114	0.181343	26.647213	0	0	0.029199523	0.9995736
-30.623722	0.186838	26.710026	0	0	0.029199523	0.9995736
-30.666195	0.189618	26.741796	0	0	0.029199523	0.9995736
-30.559683	0.200477	26.865921	0	0	0.029199523	0.9995736
-30.094208	0.194464	26.797195	0	0	-0.070737201	0.99749499
-30.072458	0.198009	26.837717	0	0	-0.070737201	0.99749499
-30.540733	0.207042	26.940954	0	0	0.029199523	0.9995736
-30.496645	0.215704	27.039965	0	0	0.029199523	0.9995736
-30.624800	0.223900	27.133652	0	0	0.029199523	0.9995736
-30.475117	0.223628	27.130533	0	0	0.029199523	0.9995736
-30.577747	0.224021	27.135033	0	0	0.029199523	0.9995736
-29.535210	0.199627	26.856209	0	0	0.029199523	0.9995736
-30.465816	0.229910	27.202337	0	0	0.029199523	0.9995736
-29.690702	-0.114227	23.268839	0	0	0.32328956	0.94630009
-26.312771	-22.766251	16.489943	0	0	-0.070737201	0.99749499
-29.845869	0.317388	28.202215	0	0	-0.070737201	0.99749499
-31.060879	-27.059750	20.794868	0	0	-0.070737201	0.99749499
-30.819685	-0.341465	20.671495	0	0	-0.54030229	0.84147099
-26.724148	-0.161533	22.728130	0	0	0.32328956	0.94630009
-37.146927	-17.470800	13.636630	0	0	0.22720209	0.97384763
-27.152084	0.464185	29.880121	0	0	0.1288445	0.99166481
-25.798407	0.585477	25.371809	0	0	-0.62160997	0.7833269
-28.442739	0.562755	31.006773	0	0	0	1
-31.944456	-0.526997	18.550858	0	0	0.22720209	0.97384763
-24.164871	-26.716845	21.043886	0	0	0.66627604	0.74570519
-38.428833	-18.210909	13.636630	0	0	0.1288445	0.99166481
-28.265720	-24.264591	14.595855	0	0	0.58850112	0.8084964
-23.319351	-27.205008	21.129303	0	0	0.73739371	0.67546319
-29.287882	-8.348402	10.856312	0	0	0.1288445	0.99166481
-23.319351	-0.505775	18.793425	0	0	-0.070737201	0.99749499
-25.569859	0.524238	18.615234	0	0	-0.54030229	0.84147099
-17.357155	-13.356027	15.556270	0	0	0	1
-21.286182	-0.450119	19.429569	0	0	0	1
-26.312771	-0.874866	14.574695	0	0	-0.070737201	0.99749499
-30.454430	-0.956936	13.636631	0	0	0.029199523	0.9995736
-41.674809	-20.084974	13.636630	0	0	0.029199523	0.9995736
-32.642464	-0.956936	13.636631	0	0	-0.16996714	0.98544973
-27.741137	-0.956936	13.636631	0	0	-0.45359611	0.89120736
-35.121498	-23.939377	11.837669	0	0	0.1288445	0.99166481
-26.465046	-17.139507	8.824664	0	0	0.58850112	0.8084964
-35.121498	-0.956936	13.636631	0	0	0.029199523	0.9995736
-36.214603	-0.956936	13.636631	0	0	0.029199523	0.9995736
-24.245043	-0.956936	13.636631	0	0	0.029199523	0.9995736
-24.700304	4.683647	25.371809	0	0	-0.69670669	0.71735611
-22.647343	-0.956936	13.636631	0	0	-0.45359611	0.89120736
-29.517450	-24.568727	9.574691	0	0	0.66627604	0.74570519
-31.531004	-27.529875	11.837669	0	0	0.1288445	0.99166481
-29.818972	-13.864746	5.644345	0	0	0.1288445	0.99166481
-24.403893	4.875682	18.615234	0	0	-0.62160997	0.7833269
-43.422733	-0.956936	13.636631	0	0	-0.36235775	0.93203909
-31.566675	-28.420387	9.680527	0	0	0.73739371	0.67546319
-36.214603	-29.542326	11.601388	0	0	0.66627604	0.74570519
-17.297010	-6.596646	9.683372	0	0	0.029199523	0.9995736
-15.711685	-11.710557	9.539679	0	0	0	1
-34.879028	-30.877901	11.601388	0	0	0.73739371	0.67546319
-24.248613	-19.343658	4.815806	0	0	0.58850112	0.8084964
-27.741138	-25.594282	6.645402	0	0	0.66627604	0.74570519
-14.949830	-29.537973	18.340467	0	0	0	1
-14.962302	-29.584520	18.407309	0	0	0	1
-14.970336	-29.614502	18.450363	0	0	0.41614682	0.90929743
-14.970740	-29.616013	18.452532	0	0	0.41614682	0.90929743
-14.977655	-29.641817	18.489588	0	0	0.41614682	0.90929743
-15.028336	-29.830957	18.761200	0	0	0.41614682	0.90929743
-15.123898	-30.187601	19.273348	0	0	0.32328956	0.94630009
-15.125247	-30.192636	19.280579	0	0	0.32328956	0.94630009
-15.140773	-30.250582	19.363789	0	0	0.58850112	0.8084964
-15.155152	-30.304247	19.440853	0	0	0.32328956	0.94630009
-15.164623	-30.339592	19.491610	0	0	0.41614682	0.90929743
-15.176387	-30.383493	19.554653	0	0	0.32328956	0.94630009
-15.178324	-30.390722	19.565035	0	0	0.41614682	0.90929743
-15.179986	-30.396927	19.573942	0	0	0.41614682	0.90929743
-15.205720	-30.492968	19.711863	0	0	0	1
-15.224558	-30.563271	19.812819	0	0	0	1
-15.240823	-30.623972	19.899988	0	0	0	1
-15.255097	-30.677244	19.976488	0	0	0.41614682	0.90929743
-14.631402	-28.349583	16.633909	0	0	0.22720209	0.97384763
-15.268318	-30.726587	20.047346	0	0	0	1
-14.631309	-28.349234	16.633410	0	0	0	1
-15.275760	-30.754360	20.087227	0	0	0.41614682	0.90929743
-15.284513	-30.787024	20.134132	0	0	0.58850112	0.8084964
-15.289598	-30.806005	20.161390	0	0	0.41614682	0.90929743
-15.299105	-30.841482	20.212337	0	0	0	1
-14.592904	-28.205906	16.427586	0	0	0.22720209	0.97384763
-15.310886	-30.885452	20.275478	0	0	0.41614682	0.90929743
-15.315827	-30.903894	20.301962	0	0	0	1
-15.319618	-30.918041	20.322275	0	0	0.41614682	0.90929743
-15.322652	-30.929365	20.338537	0	0	0.41614682	0.90929743
-15.325627	-30.940468	20.354483	0	0	0.41614682	0.90929743
-15.353082	-31.042931	20.501619	0	0	0.50484609	0.86320938
-15.397749	-31.209629	20.741005	0	0	0	1
-14.403971	-27.500797	15.415034	0	0	0.90407214	0.42737988
-48.282097	-23.899694	13.636630	0	0	0.58850112	0.8084964
-30.454430	-29.062544	7.846340	0	0	0.73739371	0.67546319
-22.625219	7.657816	18.437510	0	0	0	1
-22.645111	7.670679	18.451155	0	0	-0.16996714	0.98544973
-22.648518	7.672882	18.453489	0	0	-0.16996714	0.98544973
-22.655643	7.677490	18.458378	0	0	0	1
-22.661114	7.681027	18.462132	0	0	0.029199523	0.9995736
-22.683949	7.695793	18.477795	0	0	-0.16996714	0.98544973
-22.723515	7.721379	18.504934	0	0	-0.16996714	0.98544973
-22.736816	7.729980	18.514059	0	0	0	1
-22.765312	7.748407	18.533606	0	0	0	1
-22.778843	7.757156	18.542887	0	0	-0.16996714	0.98544973
-22.800938	7.771443	18.558043	0	0	-0.16996714	0.98544973
-22.910227	7.842115	18.633009	0	0	0	1
-22.574326	7.615503	18.309517	0	0	0	1
-23.521261	8.237238	19.052145	0	0	-0.16996714	0.98544973
-22.759338	7.724133	18.327475	0	0	-0.69670669	0.71735611
-26.731108	0.835394	7.429596	0	0	0.22720209	0.97384763
-22.338209	7.419190	17.715693	0	0	0.1288445	0.99166481
-14.090958	-26.332617	13.737498	0	0	0.58850112	0.8084964
-14.070328	-26.255625	13.626937	0	0	0.58850112	0.8084964
-25.224081	9.338362	20.220186	0	0	-0.69670669	0.71735611
-35.521358	-31.520231	42.785198	0	0	0.50484609	0.86320938
-28.175699	-17.082855	2.066031	0	0	0.1288445	0.99166481
-21.018192	6.321704	14.395911	0	0	0	1
-20.859261	6.189565	13.996204	0	0	0	1
-20.716286	6.070693	13.636630	0	0	0	1
-21.124041	6.306110	13.636630	0	0	-0.45359611	0.89120736
-22.701290	-19.374804	2.617918	0	0	0.41614682	0.90929743
-16.524149	-35.413410	26.777735	0	0	0	1
-14.901427	-29.357330	11.837669	0	0	0.58850112	0.8084964
-13.110600	-22.673876	8.483459	0	0	0	1
-38.746376	-34.745247	41.123070	0	0	-0.16996714	0.98544973
-24.776709	-20.775579	0.868972	0	0	0.32328956	0.94630009
-12.583607	-20.707108	5.659134	0	0	0.50484609	0.86320938
-12.583607	-20.707108	5.659134	0	0	0.66627604	0.74570519
-43.422733	-32.316357	8.435040	0	0	0.66627604	0.74570519
-16.375389	-34.858227	11.601388	0	0	0.22720209	0.97384763
-14.820763	-29.056286	6.645402	0	0	0.80114363	0.59847213
-13.188242	-22.963636	4.079095	0	0	0.66627604	0.74570519
-39.870110	-35.868980	8.435040	0	0	0.73739371	0.67546319
-55.648769	-16.872969	42.785198	0	0	0.58850112	0.8084964
-15.869584	-32.970539	7.846340	0	0	0.50484609	0.86320938
-13.603712	-24.514191	2.993386	0	0	0.50484609	0.86320938
-57.654640	-9.386949	42.785198	0	0	0.58850112	0.8084964
-26.089689	13.799449	7.429596	0	0	-0.070737201	0.99749499
-17.551750	-39.248466	8.435040	0	0	0.66627604	0.74570519
-60.961494	-18.296509	41.123070	0	0	-0.36235775	0.93203909
-57.654640	1.509827	41.831856	0	0	0.41614682	0.90929743
-25.221195	16.039995	9.168456	0	0	0	1
-63.072136	-10.419491	41.123070	0	0	-0.45359611	0.89120736
-23.821726	16.161997	6.515695	0	0	0	1
-63.072136	1.357671	40.092705	0	0	-0.54030229	0.84147099
-44.179329	21.595711	33.222454	0	0	0	1
-46.090553	22.831596	34.533447	0	0	-0.76484218	0.64421769
-37.202442	-112.585846	-58.675053	0	0	0.66627604	0.74570519
-163.985168	88.787025	13.636631	0	0	0.1288445	0.99166481
-151.414398	-147.413269	-63.949722	0	0	0.66627604	0.74570519
-245.839264	0.583080	12.558300	0	0	0.41614682	0.90929743
-251.961395	-42.384563	-46.463085	0	0	0.41614682	0.90929743
-242.127777	-66.839867	-63.949722	0	0	0.50484609	0.86320938
-245.839264	-52.988415	-63.949722	0	0	0.50484609	0.86320938
