425.844299	-138.454468	159.596207	0	0	0	1
286.550873	-104.217590	107.285301	0	0	0.99913515	0.041580682
214.514404	-86.511780	80.232391	0	0	0.99913515	0.041580682
170.493423	-75.691872	63.700542	0	0	0	1
140.803650	-68.394432	52.550705	0	0	0	1
119.424736	-63.139721	44.521973	0	0	0.99913515	0.041580682
103.294495	-59.175076	38.464344	0	0	0	1
90.690506	-56.077145	33.730984	0	0	0	1
80.569603	-53.589531	29.930132	0	0	0	1
72.263268	-51.547920	26.810734	0	0	0	1
65.323151	-49.842113	24.204411	0	0	0	1
61.231339	-48.997101	22.257746	0	0	0	1
63.132942	-50.148994	21.225620	0	0	0.99913515	0.041580682
64.994141	-51.315685	20.115236	0	0	0	1
66.810905	-52.495113	18.927814	0	0	0.99913515	0.041580682
68.579300	-53.685131	17.664873	0	0	0.99913515	0.041580682
70.295494	-54.883518	16.328249	0	0	0.99913515	0.041580682
71.955864	-56.088024	14.920035	0	0	0.99913515	0.041580682
73.556915	-57.296337	13.442648	0	0	0.99913515	0.041580682
75.095390	-58.506134	11.898736	0	0	0	1
76.568237	-59.715065	10.291237	0	0	0.99913515	0.041580682
77.972649	-60.920792	8.623291	0	0	0	1
79.306091	-62.120998	6.898281	0	0	0	1
80.566292	-63.313393	5.119768	0	0	0.99913515	0.041580682
81.751259	-64.495720	3.291508	0	0	0	1
82.859314	-65.665802	1.417387	0	0	0.99913515	0.041580682
83.889076	-66.821518	-0.498596	0	0	0.99913515	0.041580682
84.839455	-67.960838	-2.452331	0	0	0.99913515	0.041580682
85.709679	-69.081818	-4.439646	0	0	0.99913515	0.041580682
86.499283	-70.182617	-6.456306	0	0	0	1
87.208099	-71.261520	-8.498107	0	0	0	1
87.940002	-72.366943	-9.998389	0	0	0.99913515	0.041580682
88.910774	-73.605331	-9.998389	0	0	0.99913515	0.041580682
89.865906	-74.855812	-9.998389	0	0	0.99913515	0.041580682
90.805252	-76.118202	-9.998389	0	0	0.99913515	0.041580682
91.728661	-77.392303	-9.998389	0	0	0.99913515	0.041580682
92.635986	-78.677902	-9.998389	0	0	0.99913515	0.041580682
93.527084	-79.974800	-9.998389	0	0	0.99913515	0.041580682
94.401817	-81.282791	-9.998389	0	0	0.99913515	0.041580682
95.260040	-82.601669	-9.998389	0	0	0.99913515	0.041580682
96.101631	-83.931236	-9.998389	0	0	0.99913515	0.041580682
96.926445	-85.271271	-9.998389	0	0	0.99913515	0.041580682
97.734344	-86.621552	-9.998389	0	0	0.99913515	0.041580682
98.525223	-87.981895	-9.998389	0	0	0.99913515	0.041580682
99.298935	-89.352058	-9.998389	0	0	0.99913515	0.041580682
100.055382	-90.731842	-9.998389	0	0	0.99913515	0.041580682
100.794426	-92.121017	-9.998389	0	0	0.99913515	0.041580682
101.515953	-93.519379	-9.998389	0	0	0.99913515	0.041580682
102.219849	-94.926689	-9.998389	0	0	0.99913515	0.041580682
102.906006	-96.342728	-9.998389	0	0	0.99913515	0.041580682
103.574326	-97.767296	-9.998389	0	0	0.99913515	0.041580682
104.224678	-99.200134	-9.998389	0	0	0.99913515	0.041580682
104.856972	-100.641029	-9.998389	0	0	0.99913515	0.041580682
105.471123	-102.089767	-9.998389	0	0	0.99913515	0.041580682
106.067009	-103.546104	-9.998389	0	0	0.99913515	0.041580682
106.644554	-105.009819	-9.998389	0	0	0.99913515	0.041580682
107.203659	-106.480667	-9.998389	0	0	0.99913515	0.041580682
107.744232	-107.958420	-9.998389	0	0	0.99913515	0.041580682
108.266205	-109.442863	-9.998389	0	0	0.99913515	0.041580682
108.769478	-110.933746	-9.998389	0	0	0.99913515	0.041580682
109.253967	-112.430824	-9.998389	0	0	0.99913515	0.041580682
109.719612	-113.933876	-9.998389	0	0	0.99913515	0.041580682
110.166336	-115.442673	-9.998389	0	0	0.99913515	0.041580682
110.594063	-116.956955	-9.998389	0	0	0.99913515	0.041580682
111.002731	-118.476494	-9.998389	0	0	0.99913515	0.041580682
111.392265	-120.001038	-9.998389	0	0	0.99913515	0.041580682
111.762619	-121.530365	-9.998389	0	0	0.99913515	0.041580682
112.113716	-123.064217	-9.998389	0	0	0.99913515	0.041580682
112.445518	-124.602371	-9.998389	0	0	0.99913515	0.041580682
112.757965	-126.144577	-9.998389	0	0	0.99913515	0.041580682
113.051010	-127.690575	-9.998389	0	0	0.99913515	0.041580682
113.324600	-129.240143	-9.998389	0	0	0.99913515	0.041580682
113.578697	-130.793015	-9.998389	0	0	0.99913515	0.041580682
113.813255	-132.348969	-9.998389	0	0	0.99913515	0.041580682
114.028252	-133.907745	-9.998389	0	0	0.99913515	0.041580682
114.223640	-135.469086	-9.998389	0	0	0.99913515	0.041580682
114.399399	-137.032791	-9.998389	0	0	0.99913515	0.041580682
114.555489	-138.598541	-9.998389	0	0	0.99913515	0.041580682
114.691887	-140.166168	-9.998389	0	0	0.99913515	0.041580682
114.808578	-141.735367	-9.998389	0	0	0.99913515	0.041580682
114.905548	-143.305908	-9.998389	0	0	0.99913515	0.041580682
114.982773	-144.877533	-9.998389	0	0	0.99913515	0.041580682
115.040237	-146.450012	-9.998389	0	0	0.99913515	0.041580682
115.077942	-148.023102	-9.998389	0	0	0.99913515	0.041580682
115.095871	-149.596527	-9.998389	0	0	0.99913515	0.041580682
115.094032	-151.170059	-9.998389	0	0	0.99913515	0.041580682
115.072418	-152.743439	-9.998389	0	0	0.99913515	0.041580682
115.031036	-154.316422	-9.998389	0	0	0.99913515	0.041580682
114.969887	-155.888763	-9.998389	0	0	0.99913515	0.041580682
114.888985	-157.460205	-9.998389	0	0	0.99913515	0.041580682
114.788345	-159.030518	-9.998389	0	0	0.99913515	0.041580682
114.667984	-160.599442	-9.998389	0	0	0.99913515	0.041580682
114.527908	-162.166733	-9.998389	0	0	0.99913515	0.041580682
114.368156	-163.732132	-9.998389	0	0	0.99913515	0.041580682
114.188744	-165.295410	-9.998389	0	0	0.99913515	0.041580682
113.989700	-166.856293	-9.998389	0	0	0.99913515	0.041580682
113.771057	-168.414566	-9.998389	0	0	0.99913515	0.041580682
113.532860	-169.969955	-9.998389	0	0	0.99913515	0.041580682
113.275124	-171.522232	-9.998389	0	0	0.99913515	0.041580682
112.997910	-173.071152	-9.998389	0	0	0.99913515	0.041580682
112.701256	-174.616455	-9.998389	0	0	0.99913515	0.041580682
112.385201	-176.157928	-9.998389	0	0	0.99913515	0.041580682
112.049797	-177.695312	-9.998389	0	0	0.99913515	0.041580682
111.695107	-179.228333	-9.998389	0	0	0.99913515	0.041580682
111.321182	-180.756790	-9.998389	0	0	0.99913515	0.041580682
110.928078	-182.280426	-9.998389	0	0	0.99913515	0.041580682
110.515862	-183.798996	-9.998389	0	0	0.99913515	0.041580682
110.084587	-185.312271	-9.998389	0	0	0.99913515	0.041580682
109.634338	-186.820023	-9.998389	0	0	0.99913515	0.041580682
109.165176	-188.321976	-9.998389	0	0	0.99913515	0.041580682
108.677177	-189.817917	-9.998389	0	0	0.99913515	0.041580682
108.170418	-191.307617	-9.998389	0	0	0.99913515	0.041580682
107.644981	-192.790848	-9.998389	0	0	0.99913515	0.041580682
107.100945	-194.267319	-9.998389	0	0	0.99913515	0.041580682
106.538406	-195.736862	-9.998389	0	0	0.99913515	0.041580682
105.957436	-197.199219	-9.998389	0	0	0.99913515	0.041580682
105.358139	-198.654160	-9.998389	0	0	0.99913515	0.041580682
104.740601	-200.101456	-9.998389	0	0	0.99913515	0.041580682
104.104935	-201.540863	-9.998389	0	0	0.99913515	0.041580682
103.451233	-202.972168	-9.998389	0	0	0.99913515	0.041580682
102.779579	-204.395172	-9.998389	0	0	0.99913515	0.041580682
102.090111	-205.809601	-9.998389	0	0	0.98999249	0.14112005
101.382919	-207.215271	-9.998389	0	0	0.98999249	0.14112005
100.658127	-208.611938	-9.998389	0	0	0.98999249	0.14112005
99.915833	-209.999374	-9.998389	0	0	0.98999249	0.14112005
99.156166	-211.377396	-9.998389	0	0	0.98999249	0.14112005
98.379250	-212.745728	-9.998389	0	0	0.98999249	0.14112005
97.585190	-214.104218	-9.998389	0	0	0.98999249	0.14112005
96.774124	-215.452621	-9.998389	0	0	0.98999249	0.14112005
95.946175	-216.790710	-9.998389	0	0	0.98999249	0.14112005
95.101486	-218.118301	-9.998389	0	0	0.98999249	0.14112005
94.240173	-219.435165	-9.998389	0	0	0.98999249	0.14112005
93.362389	-220.741119	-9.998389	0	0	0.98999249	0.14112005
92.468254	-222.035919	-9.998389	0	0	0.98999249	0.14112005
91.557922	-223.319397	-9.998389	0	0	0.98999249	0.14112005
90.631531	-224.591324	-9.998389	0	0	0.98999249	0.14112005
89.689240	-225.851517	-9.998389	0	0	0.98999249	0.14112005
88.731178	-227.099762	-9.998389	0	0	0.98999249	0.14112005
87.757515	-228.335876	-9.998389	0	0	0.98999249	0.14112005
86.768387	-229.559647	-9.998389	0	0	0.98999249	0.14112005
85.763962	-230.770905	-9.998389	0	0	0.98999249	0.14112005
84.744400	-231.969437	-9.998389	0	0	0.98999249	0.14112005
83.709854	-233.155060	-9.998389	0	0	0.98999249	0.14112005
82.660492	-234.327606	-9.998389	0	0	0.98999249	0.14112005
81.596474	-235.486862	-9.998389	0	0	0.98999249	0.14112005
80.517982	-236.632645	-9.998389	0	0	0.98999249	0.14112005
79.425171	-237.764801	-9.998389	0	0	0.98999249	0.14112005
78.318222	-238.883133	-9.998389	0	0	0.98999249	0.14112005
77.197296	-239.987457	-9.998389	0	0	0.98999249	0.14112005
76.062599	-241.077621	-9.998389	0	0	0.98999249	0.14112005
74.914284	-242.153427	-9.998389	0	0	0.98999249	0.14112005
73.752541	-243.214722	-9.998389	0	0	0.98999249	0.14112005
72.577553	-244.261353	-9.998389	0	0	0.98999249	0.14112005
71.389503	-245.293121	-9.998389	0	0	0.97095818	0.23924928
70.188591	-246.309875	-9.998389	0	0	0.97095818	0.23924928
68.974991	-247.311462	-9.998389	0	0	0.97095818	0.23924928
67.748901	-248.297714	-9.998389	0	0	0.97095818	0.23924928
66.510513	-249.268494	-9.998389	0	0	0.97095818	0.23924928
65.260033	-250.223618	-9.998389	0	0	0.97095818	0.23924928
63.997639	-251.162979	-9.998389	0	0	0.97095818	0.23924928
62.723545	-252.086380	-9.998389	0	0	0.97095818	0.23924928
61.437950	-252.993698	-9.998389	0	0	0.97095818	0.23924928
60.141045	-253.884811	-9.998389	0	0	0.97095818	0.23924928
58.833057	-254.759537	-9.998389	0	0	0.97095818	0.23924928
57.514172	-255.617767	-9.998389	0	0	0.97095818	0.23924928
56.184612	-256.459351	-9.998389	0	0	0.97095818	0.23924928
54.844582	-257.284149	-9.998389	0	0	0.97095818	0.23924928
53.494289	-258.092072	-9.998389	0	0	0.97095818	0.23924928
52.133949	-258.882935	-9.998389	0	0	0.97095818	0.23924928
50.763783	-259.656647	-9.998389	0	0	0.97095818	0.23924928
49.384007	-260.413086	-9.998389	0	0	0.97095818	0.23924928
47.994823	-261.152130	-9.998389	0	0	0.97095818	0.23924928
46.596470	-261.873657	-9.998389	0	0	0.97095818	0.23924928
45.189159	-262.577576	-9.998389	0	0	0.97095818	0.23924928
43.773113	-263.263733	-9.998389	0	0	0.97095818	0.23924928
42.348557	-263.932037	-9.998389	0	0	0.97095818	0.23924928
40.915710	-264.582397	-9.998389	0	0	0.97095818	0.23924928
39.474812	-265.214691	-9.998389	0	0	0.97095818	0.23924928
38.026081	-265.828827	-9.998389	0	0	0.97095818	0.23924928
36.569744	-266.424744	-9.998389	0	0	0.97095818	0.23924928
35.106037	-267.002258	-9.998389	0	0	0.97095818	0.23924928
33.635185	-267.561371	-9.998389	0	0	0.97095818	0.23924928
32.157425	-268.101959	-9.998389	0	0	0.97095818	0.23924928
30.672989	-268.623932	-9.998389	0	0	0.97095818	0.23924928
29.182108	-269.127197	-9.998389	0	0	0.97095818	0.23924928
27.685024	-269.611694	-9.998389	0	0	0.94222235	0.33498812
26.181969	-270.077332	-9.998389	0	0	0.94222235	0.33498812
24.673182	-270.524048	-9.998389	0	0	0.94222235	0.33498812
23.158899	-270.951782	-9.998389	0	0	0.94222235	0.33498812
21.639360	-271.360443	-9.998389	0	0	0.94222235	0.33498812
20.114811	-271.749969	-9.998389	0	0	0.94222235	0.33498812
18.585484	-272.120331	-9.998389	0	0	0.94222235	0.33498812
17.051622	-272.471436	-9.998389	0	0	0.94222235	0.33498812
15.513474	-272.803223	-9.998389	0	0	0.94222235	0.33498812
13.971272	-273.115692	-9.998389	0	0	0.94222235	0.33498812
12.425270	-273.408722	-9.998389	0	0	0.94222235	0.33498812
10.875706	-273.682312	-9.998389	0	0	0.94222235	0.33498812
9.322828	-273.936401	-9.998389	0	0	0.94222235	0.33498812
7.766877	-274.170990	-9.998389	0	0	0.94222235	0.33498812
6.208102	-274.385956	-9.998389	0	0	0.94222235	0.33498812
4.646749	-274.581360	-9.998389	0	0	0.94222235	0.33498812
3.083064	-274.757111	-9.998389	0	0	0.94222235	0.33498812
1.517296	-274.913208	-9.998389	0	0	0.94222235	0.33498812
-0.050312	-275.049591	-9.998389	0	0	0.94222235	0.33498812
-1.619511	-275.166290	-9.998389	0	0	0.94222235	0.33498812
-3.190052	-275.263275	-9.998389	0	0	0.94222235	0.33498812
-4.761687	-275.340485	-9.998389	0	0	0.94222235	0.33498812
-6.334167	-275.397949	-9.998389	0	0	0.94222235	0.33498812
-7.907247	-275.435669	-9.998389	0	0	0.94222235	0.33498812
-9.480677	-275.453583	-9.998389	0	0	0.94222235	0.33498812
-9.974425	-275.455139	-9.998389	0	0	0.94222235	0.33498812
-10.265457	-275.491913	-9.579450	0	0	0.94222235	0.33498812
-10.773505	-275.550995	-8.849005	0	0	0.94222235	0.33498812
-11.282743	-275.603729	-8.117904	0	0	0.94222235	0.33498812
-11.793091	-275.650146	-7.386178	0	0	0.94222235	0.33498812
-12.304467	-275.690186	-6.653858	0	0	0.94222235	0.33498812
-13.382174	-275.777252	-6.318620	0	0	0.94222235	0.33498812
-14.960018	-275.894836	-6.333332	0	0	0.94222235	0.33498812
-16.539318	-275.992554	-6.347221	0	0	0.94222235	0.33498812
-18.119823	-276.070465	-6.360287	0	0	0.94222235	0.33498812
-19.701271	-276.128479	-6.372515	0	0	0.94222235	0.33498812
-21.283434	-276.166656	-6.383919	0	0	0.94222235	0.33498812
-22.866041	-276.184906	-6.394491	0	0	0.90407214	0.42737988
-24.448856	-276.183319	-6.404233	0	0	0.90407214	0.42737988
-26.031622	-276.161835	-6.413145	0	0	0.90407214	0.42737988
-27.614094	-276.120453	-6.421225	0	0	0.90407214	0.42737988
-29.196016	-276.059204	-6.428473	0	0	0.90407214	0.42737988
-30.777149	-275.978088	-6.434894	0	0	0.90407214	0.42737988
-32.357227	-275.877106	-6.440478	0	0	0.90407214	0.42737988
-33.936020	-275.756256	-6.445233	0	0	0.90407214	0.42737988
-35.513264	-275.615601	-6.449153	0	0	0.90407214	0.42737988
-37.088715	-275.455139	-6.452245	0	0	0.90407214	0.42737988
-38.662125	-275.274872	-6.454503	0	0	0.90407214	0.42737988
-40.233246	-275.074890	-6.455929	0	0	0.90407214	0.42737988
-41.801826	-274.855133	-6.456520	0	0	0.90407214	0.42737988
-43.367626	-274.615692	-6.456285	0	0	0.90407214	0.42737988
-44.930386	-274.356598	-6.455208	0	0	0.90407214	0.42737988
-46.489868	-274.077881	-6.453303	0	0	0.90407214	0.42737988
-48.045822	-273.779602	-6.450567	0	0	0.90407214	0.42737988
-49.598007	-273.461761	-6.446995	0	0	0.90407214	0.42737988
-51.146172	-273.124451	-6.442595	0	0	0.90407214	0.42737988
-52.690071	-272.767700	-6.437360	0	0	0.90407214	0.42737988
-54.229465	-272.391571	-6.431293	0	0	0.90407214	0.42737988
-55.764114	-271.996124	-6.424396	0	0	0.90407214	0.42737988
-57.293770	-271.581421	-6.416667	0	0	0.90407214	0.42737988
-58.818192	-271.147491	-6.408105	0	0	0.90407214	0.42737988
-60.337139	-270.694458	-6.398714	0	0	0.90407214	0.42737988
-61.850372	-270.222351	-6.388495	0	0	0.90407214	0.42737988
-63.357651	-269.731262	-6.377442	0	0	0.90407214	0.42737988
-64.858742	-269.221283	-6.365563	0	0	0.90407214	0.42737988
-66.353394	-268.692444	-6.352852	0	0	0.90407214	0.42737988
-67.841385	-268.144836	-6.339314	0	0	0.90407214	0.42737988
-69.322479	-267.578583	-6.324951	0	0	0.90407214	0.42737988
-70.796440	-266.993744	-6.309755	0	0	0.90407214	0.42737988
-72.263031	-266.390411	-6.293738	0	0	0.90407214	0.42737988
-73.722023	-265.768707	-6.276887	0	0	0.85688874	0.51550139
-75.173180	-265.128662	-6.259216	0	0	0.85688874	0.51550139
-76.616280	-264.470459	-6.240719	0	0	0.85688874	0.51550139
-78.051094	-263.794128	-6.221398	0	0	0.85688874	0.51550139
-79.477394	-263.099792	-6.201256	0	0	0.85688874	0.51550139
-80.894958	-262.387604	-6.180294	0	0	0.85688874	0.51550139
-82.303551	-261.657623	-6.158504	0	0	0.85688874	0.51550139
-83.702957	-260.909973	-6.135893	0	0	0.85688874	0.51550139
-85.092957	-260.144806	-6.112466	0	0	0.85688874	0.51550139
-86.473328	-259.362183	-6.088216	0	0	0.85688874	0.51550139
-87.843849	-258.562256	-6.063152	0	0	0.85688874	0.51550139
-89.204315	-257.745148	-6.037268	0	0	0.85688874	0.51550139
-90.554489	-256.911011	-6.010565	0	0	0.85688874	0.51550139
-91.894180	-256.059937	-5.983053	0	0	0.85688874	0.51550139
-93.223167	-255.192062	-5.954723	0	0	0.85688874	0.51550139
-94.541237	-254.307541	-5.925587	0	0	0.85688874	0.51550139
-95.848183	-253.406509	-5.895631	0	0	0.85688874	0.51550139
-97.143806	-252.489090	-5.864875	0	0	0.85688874	0.51550139
-98.427887	-251.555435	-5.833299	0	0	0.85688874	0.51550139
-99.700226	-250.605698	-5.800916	0	0	0.85688874	0.51550139
-100.960632	-249.640015	-5.767727	0	0	0.85688874	0.51550139
-102.208900	-248.658554	-5.733737	0	0	0.85688874	0.51550139
-103.444824	-247.661438	-5.698941	0	0	0.85688874	0.51550139
-104.668221	-246.648849	-5.663341	0	0	0.85688874	0.51550139
-105.878891	-245.620941	-5.626948	0	0	0.85688874	0.51550139
-107.076637	-244.577881	-5.589737	0	0	0.85688874	0.51550139
-108.261284	-243.519806	-5.551744	0	0	0.85688874	0.51550139
-109.432640	-242.446899	-5.512950	0	0	0.85688874	0.51550139
-110.590500	-241.359329	-5.473356	0	0	0.85688874	0.51550139
-111.734711	-240.257248	-5.432978	0	0	0.85688874	0.51550139
-112.865059	-239.140869	-5.391801	0	0	0.85688874	0.51550139
-113.981392	-238.010330	-5.349828	0	0	0.85688874	0.51550139
-115.083519	-236.865814	-5.307073	0	0	0.80114363	0.59847213
-116.171272	-235.707504	-5.263528	0	0	0.80114363	0.59847213
-117.244484	-234.535583	-5.219199	0	0	0.80114363	0.59847213
-118.302963	-233.350235	-5.174088	0	0	0.80114363	0.59847213
-119.346565	-232.151642	-5.128196	0	0	0.80114363	0.59847213
-120.375114	-230.939987	-5.081520	0	0	0.80114363	0.59847213
-121.388443	-229.715485	-5.034070	0	0	0.80114363	0.59847213
-122.386406	-228.478287	-4.985837	0	0	0.80114363	0.59847213
-123.368820	-227.228622	-4.936835	0	0	0.80114363	0.59847213
-124.335556	-225.966660	-4.887051	0	0	0.80114363	0.59847213
-125.286446	-224.692612	-4.836506	0	0	0.80114363	0.59847213
-126.221329	-223.406677	-4.785193	0	0	0.80114363	0.59847213
-127.140083	-222.109055	-4.733110	0	0	0.80114363	0.59847213
-128.042542	-220.799957	-4.680264	0	0	0.80114363	0.59847213
-128.928574	-219.479568	-4.626655	0	0	0.80114363	0.59847213
-129.798035	-218.148102	-4.572282	0	0	0.80114363	0.59847213
-130.650772	-216.805786	-4.517152	0	0	0.80114363	0.59847213
-131.486679	-215.452820	-4.461270	0	0	0.80114363	0.59847213
-132.305603	-214.089401	-4.404627	0	0	0.80114363	0.59847213
-133.107407	-212.715744	-4.347250	0	0	0.80114363	0.59847213
-133.891983	-211.332092	-4.289107	0	0	0.80114363	0.59847213
-134.659195	-209.938644	-4.230222	0	0	0.80114363	0.59847213
-135.408920	-208.535614	-4.170581	0	0	0.80114363	0.59847213
-136.141052	-207.123230	-4.110220	0	0	0.80114363	0.59847213
-136.855469	-205.701706	-4.049104	0	0	0.80114363	0.59847213
-137.552032	-204.271255	-3.987250	0	0	0.80114363	0.59847213
-138.230667	-202.832138	-3.924666	0	0	0.80114363	0.59847213
-138.891251	-201.384552	-3.861348	0	0	0.80114363	0.59847213
-139.533676	-199.928726	-3.797299	0	0	0.80114363	0.59847213
-140.157837	-198.464890	-3.732522	0	0	0.80114363	0.59847213
-140.763641	-196.993271	-3.667026	0	0	0.80114363	0.59847213
-141.350983	-195.514114	-3.600794	0	0	0.80114363	0.59847213
-141.919785	-194.027634	-3.533861	0	0	0.73739371	0.67546319
-142.469940	-192.534073	-3.466197	0	0	0.73739371	0.67546319
-143.001373	-191.033676	-3.397820	0	0	0.73739371	0.67546319
-143.513992	-189.526657	-3.328734	0	0	0.73739371	0.67546319
-144.007706	-188.013260	-3.258936	0	0	0.73739371	0.67546319
-144.482452	-186.493713	-3.188438	0	0	0.73739371	0.67546319
-144.938156	-184.968292	-3.117223	0	0	0.73739371	0.67546319
-145.374725	-183.437180	-3.045326	0	0	0.73739371	0.67546319
-145.792114	-181.900665	-2.972715	0	0	0.73739371	0.67546319
-146.190231	-180.358963	-2.899414	0	0	0.73739371	0.67546319
-146.569031	-178.812332	-2.825424	0	0	0.73739371	0.67546319
-146.928452	-177.260986	-2.750750	0	0	0.73739371	0.67546319
-147.268417	-175.705200	-2.675384	0	0	0.73739371	0.67546319
-147.588898	-174.145218	-2.599327	0	0	0.73739371	0.67546319
-147.889816	-172.581268	-2.522588	0	0	0.73739371	0.67546319
-148.171143	-171.013596	-2.445184	0	0	0.73739371	0.67546319
-148.432831	-169.442444	-2.367099	0	0	0.73739371	0.67546319
-148.674835	-167.868073	-2.288352	0	0	0.73739371	0.67546319
-148.897110	-166.290710	-2.208929	0	0	0.73739371	0.67546319
-149.099625	-164.710648	-2.128842	0	0	0.73739371	0.67546319
-149.282349	-163.128082	-2.048090	0	0	0.73739371	0.67546319
-149.445236	-161.543304	-1.966682	0	0	0.73739371	0.67546319
-149.588272	-159.956512	-1.884619	0	0	0.73739371	0.67546319
-149.711441	-158.367996	-1.801912	0	0	0.73739371	0.67546319
-149.814728	-156.778000	-1.718547	0	0	0.73739371	0.67546319
-149.898087	-155.186752	-1.634537	0	0	0.73739371	0.67546319
-149.961517	-153.594543	-1.549884	0	0	0.73739371	0.67546319
-150.005005	-152.001587	-1.464589	0	0	0.73739371	0.67546319
-150.028549	-150.408127	-1.378670	0	0	0.73739371	0.67546319
-150.032150	-148.814438	-1.292115	0	0	0.73739371	0.67546319
-150.015793	-147.220764	-1.204928	0	0	0.73739371	0.67546319
-149.979477	-145.627365	-1.117114	0	0	0.66627604	0.74570519
-149.923218	-144.034470	-1.028680	0	0	0.66627604	0.74570519
-149.847015	-142.442352	-0.939627	0	0	0.66627604	0.74570519
-149.750900	-140.851227	-0.849961	0	0	0.66627604	0.74570519
-149.634842	-139.261383	-0.759682	0	0	0.66627604	0.74570519
-149.498901	-137.673065	-0.668794	0	0	0.66627604	0.74570519
-149.343094	-136.086472	-0.577308	0	0	0.66627604	0.74570519
-149.167404	-134.501907	-0.485219	0	0	0.66627604	0.74570519
-148.971909	-132.919632	-0.392530	0	0	0.66627604	0.74570519
-148.756607	-131.339844	-0.299250	0	0	0.66627604	0.74570519
-148.521530	-129.762817	-0.205379	0	0	0.66627604	0.74570519
-148.266724	-128.188797	-0.110924	0	0	0.66627604	0.74570519
-147.992233	-126.618027	-0.015886	0	0	0.66627604	0.74570519
-147.698090	-125.050766	0.079730	0	0	0.66627604	0.74570519
-147.384338	-123.487251	0.175924	0	0	0.66627604	0.74570519
-147.051041	-121.927711	0.272683	0	0	0.66627604	0.74570519
-146.698227	-120.372414	0.370005	0	0	0.66627604	0.74570519
-146.325974	-118.821617	0.467901	0	0	0.66627604	0.74570519
-145.934311	-117.275536	0.566355	0	0	0.66627604	0.74570519
-145.523331	-115.734413	0.665360	0	0	0.66627604	0.74570519
-145.093079	-114.198517	0.764918	0	0	0.66627604	0.74570519
-144.643616	-112.668053	0.865017	0	0	0.66627604	0.74570519
-144.175018	-111.143288	0.965665	0	0	0.66627604	0.74570519
-143.687363	-109.624466	1.066855	0	0	0.66627604	0.74570519
-143.180725	-108.111809	1.168579	0	0	0.66627604	0.74570519
-142.655182	-106.605568	1.270835	0	0	0.66627604	0.74570519
-142.110809	-105.105957	1.373619	0	0	0.66627604	0.74570519
-141.547684	-103.613228	1.476921	0	0	0.66627604	0.74570519
-140.965912	-102.127617	1.580749	0	0	0.66627604	0.74570519
-140.365585	-100.649345	1.685085	0	0	0.66627604	0.74570519
-141.369629	-100.373398	1.789944	0	0	0.66627604	0.74570519
-146.271744	-102.919403	1.895307	0	0	0.66627604	0.74570519
-151.611649	-105.694717	2.001167	0	0	0.66627604	0.74570519
-157.451370	-108.731834	2.107523	0	0	0.66627604	0.74570519
-163.865143	-112.069649	2.214376	0	0	0.66627604	0.74570519
-169.148773	-114.234077	5.008315	0	0	0.66627604	0.74570519
-172.688858	-114.787857	11.024769	0	0	0	1
-176.140411	-115.174240	17.600714	0	0	0.66627604	0.74570519
-179.447266	-115.355820	24.772936	0	0	0.66627604	0.74570519
-182.541397	-115.289825	32.574432	0	0	0.66627604	0.74570519
-185.341339	-114.928032	41.030819	0	0	0.66627604	0.74570519
-187.751328	-114.216972	50.157227	0	0	0.66627604	0.74570519
-189.660736	-113.098740	59.953373	0	0	0	1
-190.944641	-111.512283	70.398926	0	0	0.66627604	0.74570519
-191.465546	-109.395676	81.446976	0	0	0.66627604	0.74570519
-191.077057	-106.689377	93.018242	0	0	0.66627604	0.74570519
-189.629837	-103.340378	104.995888	0	0	0.66627604	0.74570519
-189.638885	-100.995689	115.858360	0	0	0	1
-199.425568	-104.731888	122.295158	0	0	0	1
-210.479401	-108.951843	129.565384	0	0	0.66627604	0.74570519
-223.064423	-113.756340	137.842682	0	0	0.66627604	0.74570519
-237.523499	-119.276283	147.352570	0	0	0.66627604	0.74570519
-254.310135	-125.684807	158.393295	0	0	0.66627604	0.74570519
-274.036926	-133.215775	171.367813	0	0	0	1
-297.551941	-142.192947	186.833878	0	0	0.66627604	0.74570519
-326.064728	-153.078079	205.587006	0	0	0.66627604	0.74570519
-361.360382	-166.552658	228.801315	0	0	0	1
-406.189667	-183.666840	258.285980	0	0	0	1
-465.022034	-206.126877	296.980621	0	0	0	1
85.6979	-41.0249	-31.5216	0.0	0.0	-0.95533609703	0.295521474197	
