177.929504	-57.909184	-72.615631	0.000000	0.000000	3.058407
177.929504	-57.909184	-72.615631	0.000000	0.000000	3.058407
177.929504	-74.101257	-49.490955	0.000000	0.000000	3.058407
142.714218	-118.903839	-0.727954	0.000000	0.000000	3.058407
25.703106	-145.797134	-0.454447	0.000000	0.000000	3.058407
33.461231	86.559090	-72.615631	0.000000	0.000000	-1.941593
148.393616	52.320236	-72.615631	0.000000	0.000000	3.058407
177.929504	-57.909184	-72.615631	0.000000	0.000000	3.058407
177.929504	-57.909184	-72.615631	0.000000	0.000000	3.058407
177.929504	-74.101257	-49.490955	0.000000	0.000000	3.058407
142.714218	-118.903839	-0.727954	0.000000	0.000000	3.058407
25.703106	-145.797134	-0.454447	0.000000	0.000000	3.058407
33.461231	86.559090	-72.615631	0.000000	0.000000	-1.941593
148.393616	52.320236	-72.615631	0.000000	0.000000	3.058407
177.929504	-57.909184	-72.615631	0.000000	0.000000	3.058407
177.929504	-57.909184	-72.615631	0.000000	0.000000	3.058407
177.929504	-74.101257	-49.490955	0.000000	0.000000	3.058407
142.714218	-118.903839	-0.727954	0.000000	0.000000	3.058407
25.703106	-145.797134	-0.454447	0.000000	0.000000	3.058407
33.461231	86.559090	-72.615631	0.000000	0.000000	-1.941593
148.393616	52.320236	-72.615631	0.000000	0.000000	3.058407
177.929504	-57.909184	-72.615631	0.000000	0.000000	3.058407
177.929504	-57.909184	-72.615631	0.000000	0.000000	3.058407
177.929504	-74.101257	-49.490955	0.000000	0.000000	3.058407
142.714218	-118.903839	-0.727954	0.000000	0.000000	3.058407
25.703106	-145.797134	-0.454447	0.000000	0.000000	3.058407
33.461231	86.559090	-72.615631	0.000000	0.000000	-1.941593
148.393616	52.320236	-72.615631	0.000000	0.000000	3.058407
177.929504	-57.909184	-72.615631	0.000000	0.000000	3.058407
177.929504	-57.909184	-72.615631	0.000000	0.000000	3.058407
177.929504	-74.101257	-49.490955	0.000000	0.000000	3.058407
142.714218	-118.903839	-0.727954	0.000000	0.000000	3.058407
25.703106	-145.797134	-0.454447	0.000000	0.000000	3.058407
33.461231	86.559090	-72.615631	0.000000	0.000000	-1.941593
148.393616	52.320236	-72.615631	0.000000	0.000000	3.058407
177.929504	-57.909184	-72.615631	0.000000	0.000000	3.058407
177.929504	-57.909184	-72.615631	0.000000	0.000000	3.058407
177.929504	-74.101257	-49.490955	0.000000	0.000000	3.058407
142.714218	-118.903839	-0.727954	0.000000	0.000000	3.058407
25.703106	-145.797134	-0.454447	0.000000	0.000000	3.058407
33.461231	86.559090	-72.615631	0.000000	0.000000	-1.941593
148.393616	52.320236	-72.615631	0.000000	0.000000	3.058407
177.929504	-57.909184	-72.615631	0.000000	0.000000	3.058407
177.929504	-57.909184	-72.615631	0.000000	0.000000	3.058407
177.929504	-74.101257	-49.490955	0.000000	0.000000	3.058407
142.714218	-118.903839	-0.727954	0.000000	0.000000	3.058407
25.703106	-145.797134	-0.454447	0.000000	0.000000	3.058407
33.461231	86.559090	-72.615631	0.000000	0.000000	-1.941593
148.393616	52.320236	-72.615631	0.000000	0.000000	3.058407
177.929504	-57.909184	-72.615631	0.000000	0.000000	3.058407
177.929504	-57.909184	-72.615631	0.000000	0.000000	3.058407
177.929504	-74.101257	-49.490955	0.000000	0.000000	3.058407
142.714218	-118.903839	-0.727954	0.000000	0.000000	3.058407
25.703106	-145.797134	-0.454447	0.000000	0.000000	3.058407
33.461231	86.559090	-72.615631	0.000000	0.000000	-1.941593
148.393616	52.320236	-72.615631	0.000000	0.000000	3.058407
177.929504	-57.909184	-72.615631	0.000000	0.000000	3.058407
177.929504	-57.909184	-72.615631	0.000000	0.000000	3.058407
177.929504	-74.101257	-49.490955	0.000000	0.000000	3.058407
142.714218	-118.903839	-0.727954	0.000000	0.000000	3.058407
25.703106	-145.797134	-0.454447	0.000000	0.000000	3.058407
33.461231	86.559090	-72.615631	0.000000	0.000000	-1.941593
148.393616	52.320236	-72.615631	0.000000	0.000000	3.058407
177.929504	-57.909184	-72.615631	0.000000	0.000000	3.058407
177.929504	-57.909184	-72.615631	0.000000	0.000000	3.058407
177.929504	-74.101257	-49.490955	0.000000	0.000000	3.058407
142.714218	-118.903839	-0.727954	0.000000	0.000000	3.058407
25.703106	-145.797134	-0.454447	0.000000	0.000000	3.058407
33.461231	86.559090	-72.615631	0.000000	0.000000	-1.941593
148.393616	52.320236	-72.615631	0.000000	0.000000	3.058407
177.929504	-57.909184	-72.615631	0.000000	0.000000	3.058407
177.929504	-57.909184	-72.615631	0.000000	0.000000	3.058407
177.929504	-74.101257	-49.490955	0.000000	0.000000	3.058407
142.714218	-118.903839	-0.727954	0.000000	0.000000	3.058407
25.703106	-145.797134	-0.454447	0.000000	0.000000	3.058407
33.461231	86.559090	-72.615631	0.000000	0.000000	-1.941593
148.393616	52.320236	-72.615631	0.000000	0.000000	3.058407
177.929504	-57.909184	-72.615631	0.000000	0.000000	3.058407
177.929504	-57.909184	-72.615631	0.000000	0.000000	3.058407
177.929504	-74.101257	-49.490955	0.000000	0.000000	3.058407
142.714218	-118.903839	-0.727954	0.000000	0.000000	3.058407
25.703106	-145.797134	-0.454447	0.000000	0.000000	3.058407
33.461231	86.559090	-72.615631	0.000000	0.000000	-1.941593
148.393616	52.320236	-72.615631	0.000000	0.000000	3.058407
177.929504	-57.909184	-72.615631	0.000000	0.000000	3.058407
177.929504	-57.909184	-72.615631	0.000000	0.000000	3.058407
177.929504	-74.101257	-49.490955	0.000000	0.000000	3.058407
142.714218	-118.903839	-0.727954	0.000000	0.000000	3.058407
25.703106	-145.797134	-0.454447	0.000000	0.000000	3.058407
33.461231	86.559090	-72.615631	0.000000	0.000000	-1.941593
148.393616	52.320236	-72.615631	0.000000	0.000000	3.058407
177.929504	-57.909184	-72.615631	0.000000	0.000000	3.058407
177.929504	-57.909184	-72.615631	0.000000	0.000000	3.058407
177.929504	-74.101257	-49.490955	0.000000	0.000000	3.058407
142.714218	-118.903839	-0.727954	0.000000	0.000000	3.058407
25.703106	-145.797134	-0.454447	0.000000	0.000000	3.058407
33.461231	86.559090	-72.615631	0.000000	0.000000	-1.941593
148.393616	52.320236	-72.615631	0.000000	0.000000	3.058407
177.929504	-57.909184	-72.615631	0.000000	0.000000	3.058407
177.929504	-57.909184	-72.615631	0.000000	0.000000	3.058407
177.929504	-74.101257	-49.490955	0.000000	0.000000	3.058407
142.714218	-118.903839	-0.727954	0.000000	0.000000	3.058407
25.703106	-145.797134	-0.454447	0.000000	0.000000	3.058407
33.461231	86.559090	-72.615631	0.000000	0.000000	-1.941593
148.393616	52.320236	-72.615631	0.000000	0.000000	3.058407
177.929504	-57.909184	-72.615631	0.000000	0.000000	3.058407
177.929504	-57.909184	-72.615631	0.000000	0.000000	3.058407
177.929504	-74.101257	-49.490955	0.000000	0.000000	3.058407
142.714218	-118.903839	-0.727954	0.000000	0.000000	3.058407
25.703106	-145.797134	-0.454447	0.000000	0.000000	3.058407
33.461231	86.559090	-72.615631	0.000000	0.000000	-1.941593
148.393616	52.320236	-72.615631	0.000000	0.000000	3.058407
177.929504	-57.909184	-72.615631	0.000000	0.000000	3.058407
177.929504	-57.909184	-72.615631	0.000000	0.000000	3.058407
177.929504	-74.101257	-49.490955	0.000000	0.000000	3.058407
142.714218	-118.903839	-0.727954	0.000000	0.000000	3.058407
25.703106	-145.797134	-0.454447	0.000000	0.000000	3.058407
33.461231	86.559090	-72.615631	0.000000	0.000000	-1.941593
148.393616	52.320236	-72.615631	0.000000	0.000000	3.058407
177.929504	-57.909184	-72.615631	0.000000	0.000000	3.058407
177.929504	-57.909184	-72.615631	0.000000	0.000000	3.058407
177.929504	-74.101257	-49.490955	0.000000	0.000000	3.058407
142.714218	-118.903839	-0.727954	0.000000	0.000000	3.058407
25.703106	-145.797134	-0.454447	0.000000	0.000000	3.058407
33.461231	86.559090	-72.615631	0.000000	0.000000	-1.941593
148.393616	52.320236	-72.615631	0.000000	0.000000	3.058407
177.929504	-57.909184	-72.615631	0.000000	0.000000	3.058407
177.929504	-57.909184	-72.615631	0.000000	0.000000	3.058407
177.929504	-74.101257	-49.490955	0.000000	0.000000	3.058407
142.714218	-118.903839	-0.727954	0.000000	0.000000	3.058407
25.703106	-145.797134	-0.454447	0.000000	0.000000	3.058407
33.461231	86.559090	-72.615631	0.000000	0.000000	-1.941593
148.393616	52.320236	-72.615631	0.000000	0.000000	3.058407
177.929504	-57.909184	-72.615631	0.000000	0.000000	3.058407
177.929504	-57.909184	-72.615631	0.000000	0.000000	3.058407
177.929504	-74.101257	-49.490955	0.000000	0.000000	3.058407
142.714218	-118.903839	-0.727954	0.000000	0.000000	3.058407
25.703106	-145.797134	-0.454447	0.000000	0.000000	3.058407
33.461231	86.559090	-72.615631	0.000000	0.000000	-1.941593
148.393616	52.320236	-72.615631	0.000000	0.000000	3.058407
