-92.030289	-10.931088	-10.742579	0	0	0.41614682	0.90929743
-92.066124	-10.692202	-11.108259	0	0	-0.36235775	0.93203909
-92.084267	-10.417676	-11.325871	0	0	-0.36235775	0.93203909
-91.806763	-10.417111	-10.172045	0	0	0.41614682	0.90929743
-92.164406	-10.353952	-11.574224	0	0	-0.36235775	0.93203909
-91.680107	-10.147715	-9.889199	0	0	-0.36235775	0.93203909
-91.526352	-9.715941	-9.409528	0	0	-0.36235775	0.93203909
-92.628532	-8.900102	-10.935976	0	0	-0.36235775	0.93203909
-91.422874	-9.130338	-8.864617	0	0	-0.36235775	0.93203909
-92.985260	-9.277023	-8.014888	0	0	0.41614682	0.90929743
-93.070030	-8.953391	-8.240815	0	0	-0.36235775	0.93203909
-92.572876	-9.090174	-7.983814	0	0	0.41614682	0.90929743
-92.351807	-8.984296	-7.970624	0	0	-0.36235775	0.93203909
-93.098694	-8.660641	-8.428373	0	0	-0.36235775	0.93203909
-93.221504	-8.523002	-8.554834	0	0	-0.36235775	0.93203909
-92.036499	-8.832333	-7.952383	0	0	-0.36235775	0.93203909
-91.235474	-8.393473	-8.283989	0	0	-0.36235775	0.93203909
-91.730103	-8.598206	-7.987086	0	0	-0.36235775	0.93203909
-93.290405	-7.753698	-9.045462	0	0	-0.36235775	0.93203909
-91.316742	-8.252716	-8.051870	0	0	-0.36235775	0.93203909
-91.569984	-6.433650	-10.392227	0	0	-0.36235775	0.93203909
-91.839821	-5.966278	-9.621492	0	0	-0.36235775	0.93203909
-93.108627	-13.330215	-5.600233	0	0	0.32328956	0.94630009
-91.598564	-6.583117	-6.927159	0	0	-0.36235775	0.93203909
-90.550888	-17.760347	-12.905891	0	0	0.22720209	0.97384763
-96.994576	-7.576296	-2.171619	0	0	-0.36235775	0.93203909
-98.199860	-10.016111	2.454777	0	0	0.41614682	0.90929743
-87.978889	-26.051119	-10.742579	0	0	-0.070737201	0.99749499
-88.029312	-26.064631	-10.935976	0	0	0.50484609	0.86320938
-87.952599	-26.044077	-11.108259	0	0	0.32328956	0.94630009
-87.900894	-26.030222	-11.325871	0	0	0.32328956	0.94630009
-87.641846	-25.960810	-10.172045	0	0	-0.070737201	0.99749499
-87.959732	-26.045988	-11.574224	0	0	0.32328956	0.94630009
-87.456322	-25.911098	-9.889199	0	0	0.32328956	0.94630009
-87.204918	-25.843735	-9.409528	0	0	0.32328956	0.94630009
-86.425056	-25.634771	-10.392227	0	0	0.50484609	0.86320938
-86.961975	-25.778639	-8.864617	0	0	0.32328956	0.94630009
-88.305901	-26.138742	-12.905891	0	0	0.029199523	0.9995736
-86.602913	-25.682428	-8.283989	0	0	0.32328956	0.94630009
-86.489090	-25.651930	-6.927159	0	0	0.1288445	0.99166481
-91.771935	-27.067463	-2.171619	0	0	-0.26749883	0.96355818
-93.506432	-27.532221	2.454777	0	0	0.50484609	0.86320938
-92.030289	4.680356	11.552874	0	0	-0.070737201	0.99749499
-91.806763	4.757176	11.499084	0	0	0.029199523	0.9995736
-91.680107	4.805050	11.465562	0	0	0.029199523	0.9995736
-92.066124	5.012464	11.320329	0	0	0.029199523	0.9995736
-91.526352	4.869402	11.420502	0	0	0.029199523	0.9995736
-91.422874	5.006324	11.324628	0	0	0.029199523	0.9995736
-92.084267	5.298918	11.119752	0	0	0.029199523	0.9995736
-92.164406	5.458365	11.008105	0	0	0.029199523	0.9995736
-91.235474	5.227962	11.169436	0	0	0.029199523	0.9995736
-91.598564	5.805228	10.765229	0	0	-0.070737201	0.99749499
-92.628532	6.134035	10.534996	0	0	-0.45359611	0.89120736
-91.569984	7.533571	9.555031	0	0	0.22720209	0.97384763
-90.550888	1.114279	14.049868	0	0	0.22720209	0.97384763
-96.994576	2.904421	12.796396	0	0	-0.45359611	0.89120736
-98.199860	-0.906415	15.464772	0	0	0.41614682	0.90929743
-109.816322	-1.191179	12.695439	0	0	0.41614682	0.90929743
-102.138504	-29.845177	12.695439	0	0	0.50484609	0.86320938
-109.816322	0.203666	14.687486	0	0	0.41614682	0.90929743
-103.510941	-30.212919	18.925114	0	0	0.50484609	0.86320938
-112.725166	4.175058	18.925114	0	0	-0.45359611	0.89120736
-118.656914	-7.678586	24.092125	0	0	-0.45359611	0.89120736
-118.656914	-2.411705	23.631332	0	0	-0.45359611	0.89120736
-112.008743	-32.489899	24.092125	0	0	-0.36235775	0.93203909
-53.545883	-49.415493	-10.742579	0	0	0.32328956	0.94630009
-53.444359	-49.313969	-11.108259	0	0	0.41614682	0.90929743
-53.316166	-49.185776	-11.325871	0	0	0.41614682	0.90929743
-53.177135	-49.046741	-10.172045	0	0	0.32328956	0.94630009
-53.324371	-49.193981	-11.574224	0	0	0.41614682	0.90929743
-52.829514	-48.699120	-10.935976	0	0	0.41614682	0.90929743
-52.979107	-48.848717	-9.889199	0	0	0.41614682	0.90929743
-52.686340	-48.555950	-9.409528	0	0	0.41614682	0.90929743
-52.341805	-48.211411	-8.864617	0	0	0.41614682	0.90929743
-51.879669	-47.749279	-8.283989	0	0	0.41614682	0.90929743
-51.067013	-46.936619	-10.392227	0	0	0.50484609	0.86320938
-56.220814	-52.090420	-12.905891	0	0	0.41614682	0.90929743
-51.156036	-47.025646	-6.927159	0	0	0.41614682	0.90929743
-54.350632	-50.220242	-2.171619	0	0	0.58850112	0.8084964
-56.173180	-52.042789	2.454777	0	0	0.32328956	0.94630009
-57.568947	-53.438553	12.695439	0	0	0.32328956	0.94630009
-56.340252	-52.209858	18.925114	0	0	0.66627604	0.74570519
-65.232941	-61.102554	24.092125	0	0	-0.070737201	0.99749499
-17.400049	-36.147434	-3.288738	0	0	0.58850112	0.8084964
-17.404642	-36.164570	-3.300737	0	0	0.58850112	0.8084964
-17.407104	-36.173763	-3.307172	0	0	0.58850112	0.8084964
-17.384521	-36.089485	-3.248161	0	0	0.58850112	0.8084964
-17.233088	-35.524319	-2.852428	0	0	0.58850112	0.8084964
-17.147083	-35.203350	-2.627682	0	0	0.58850112	0.8084964
-17.102394	-35.036572	-2.510902	0	0	0.58850112	0.8084964
-17.008339	-34.685551	-2.265117	0	0	0.58850112	0.8084964
-16.837685	-34.048660	-1.819161	0	0	0.58850112	0.8084964
-16.632936	-33.284531	-1.284111	0	0	0.58850112	0.8084964
-16.565355	-33.032310	-1.107505	0	0	0.58850112	0.8084964
-16.176123	-31.579678	-0.090360	0	0	0.58850112	0.8084964
-18.763329	-41.235256	-6.851270	0	0	0.66627604	0.74570519
-16.023317	-31.009398	0.308955	0	0	0.58850112	0.8084964
-16.279779	-31.966530	2.454777	0	0	0.58850112	0.8084964
-94.720688	-27.857580	68.778336	0	0	0.66627604	0.74570519
-14.851703	-26.636871	12.695439	0	0	0.58850112	0.8084964
-13.704999	-22.357317	18.925114	0	0	0.66627604	0.74570519
-17.065762	-34.899853	24.092125	0	0	0.73739371	0.67546319
-8.212342	-7.933180	17.039869	0	0	0.66627604	0.74570519
-8.213639	-7.928339	17.043261	0	0	0.66627604	0.74570519
-8.218913	-7.908655	17.057043	0	0	0.66627604	0.74570519
-8.234129	-7.851870	17.096804	0	0	0.66627604	0.74570519
-8.155216	-8.146376	16.890589	0	0	0	1
-8.360056	-7.381906	17.425877	0	0	0.66627604	0.74570519
-8.434417	-7.104386	17.620197	0	0	0.66627604	0.74570519
-8.559026	-6.639339	17.945827	0	0	0.66627604	0.74570519
-8.566288	-6.612236	17.964806	0	0	0.66627604	0.74570519
-8.640643	-6.334737	18.159111	0	0	0.66627604	0.74570519
-8.640643	-6.334737	18.159111	0	0	0.66627604	0.74570519
-8.640643	-6.334737	18.159111	0	0	0.66627604	0.74570519
-8.640643	-6.334737	18.159111	0	0	0.66627604	0.74570519
-8.640643	-6.334737	18.159111	0	0	0.66627604	0.74570519
-8.640643	-6.334737	18.159111	0	0	0.66627604	0.74570519
-8.640643	-6.334737	18.159111	0	0	0.66627604	0.74570519
-8.640643	-6.334737	18.159111	0	0	0.66627604	0.74570519
-8.640643	-6.334737	18.159111	0	0	0.66627604	0.74570519
-120.940598	25.091560	68.778336	0	0	0.41614682	0.90929743
-7.102306	-12.075891	31.961226	0	0	0.41614682	0.90929743
-118.138824	31.915644	73.014221	0	0	0	1
-35.755432	-31.625042	68.778336	0	0	-0.26749883	0.96355818
-11.796148	-15.233391	60.917580	0	0	0	1
-170.231003	2.600510	80.921211	0	0	0.50484609	0.86320938
-210.019424	-110.385681	89.873482	0	0	0.66627604	0.74570519
23.776484	-127.317101	96.835556	0	0	0.99913515	0.041580682
-170.231003	-179.301254	96.835556	0	0	0.80114363	0.59847213
-63.426239	-207.919510	96.835556	0	0	0.90407214	0.42737988
