-90.909973	39.948017	19.670874	0	0	0.029199523	0.9995736
-90.947327	39.953289	19.671259	0	0	-0.82533563	0.56464246
-90.989944	39.950573	19.680624	0	0	-0.82533563	0.56464246
-90.830795	39.886646	19.665039	0	0	0.029199523	0.9995736
-91.022423	39.942924	19.706089	0	0	-0.82533563	0.56464246
-90.746437	39.820747	19.652060	0	0	-0.82533563	0.56464246
-90.475227	39.637257	19.613394	0	0	-0.82533563	0.56464246
-90.439369	39.624191	19.526114	0	0	-0.82533563	0.56464246
-90.388603	39.596664	19.415552	0	0	-0.82533563	0.56464246
-90.337875	39.601074	19.259106	0	0	-0.82533563	0.56464246
-90.319504	39.548077	19.281096	0	0	-0.82533563	0.56464246
-91.259972	40.315228	20.958563	0	0	-0.45359611	0.89120736
-91.816277	39.991295	23.071325	0	0	0.029199523	0.9995736
-93.527328	44.919910	21.033236	0	0	-0.82533563	0.56464246
-88.720840	43.349117	9.074466	0	0	-0.26749883	0.96355818
-88.731598	43.368446	9.078447	0	0	-0.26749883	0.96355818
-88.741035	43.385403	9.081941	0	0	-0.26749883	0.96355818
-88.747482	43.396996	9.084329	0	0	0	1
-88.676949	43.270248	9.058220	0	0	-0.26749883	0.96355818
-88.629402	43.184814	9.040622	0	0	-0.26749883	0.96355818
-88.488472	42.931595	8.988461	0	0	-0.26749883	0.96355818
-88.467484	42.893879	8.980691	0	0	-0.26749883	0.96355818
-88.435150	42.835781	8.968724	0	0	-0.26749883	0.96355818
-88.412079	42.794334	8.960186	0	0	-0.36235775	0.93203909
-88.387924	42.750927	8.951244	0	0	-0.82533563	0.56464246
-89.061325	43.960907	9.200489	0	0	-0.76484218	0.64421769
-89.234558	44.272171	9.264606	0	0	-0.070737201	0.99749499
-96.724068	49.002174	24.610497	0	0	0.029199523	0.9995736
-91.482277	48.310913	10.096546	0	0	0	1
-100.572449	30.285549	19.670874	0	0	-0.45359611	0.89120736
-100.593758	30.306858	19.671259	0	0	-0.26749883	0.96355818
-100.613708	30.326809	19.680624	0	0	-0.26749883	0.96355818
-100.626122	30.339226	19.706089	0	0	-0.26749883	0.96355818
-100.502167	30.215271	19.665039	0	0	-0.45359611	0.89120736
-100.427040	30.140142	19.652060	0	0	-0.26749883	0.96355818
-100.178444	29.891546	19.641384	0	0	-0.36235775	0.93203909
-100.153160	29.866261	19.555187	0	0	-0.36235775	0.93203909
-100.123619	29.836723	19.431967	0	0	-0.26749883	0.96355818
-100.095695	29.808798	19.281803	0	0	-0.26749883	0.96355818
-100.060745	29.773849	19.302822	0	0	-0.26749883	0.96355818
-99.884850	29.597952	22.336826	0	0	-0.26749883	0.96355818
-100.899582	30.612686	23.265841	0	0	-0.69670669	0.71735611
-104.235954	33.949059	21.205967	0	0	-0.45359611	0.89120736
-94.198059	53.190670	11.101727	0	0	-0.070737201	0.99749499
-107.258492	36.971600	25.596010	0	0	0.1288445	0.99166481
-100.065880	52.330807	29.702833	0	0	0	1
-100.476158	55.735180	21.309504	0	0	0.029199523	0.9995736
-96.765343	57.803596	12.051944	0	0	-0.16996714	0.98544973
-97.548920	59.211533	12.341965	0	0	-0.070737201	0.99749499
-113.249115	42.962223	21.309504	0	0	0.1288445	0.99166481
-106.559006	36.272114	36.003681	0	0	-0.16996714	0.98544973
-114.291481	44.004581	25.610544	0	0	0.1288445	0.99166481
-102.304443	62.949760	21.027203	0	0	-0.82533563	0.56464246
-113.751045	43.464149	4.321968	0	0	-0.76484218	0.64421769
-100.913239	65.256592	13.587187	0	0	-0.82533563	0.56464246
-96.648338	64.915024	1.459917	0	0	-0.82533563	0.56464246
-101.729210	-0.429909	19.670874	0	0	-0.16996714	0.98544973
-101.765373	-0.420218	19.671259	0	0	-0.070737201	0.99749499
-101.804459	-0.409746	19.680624	0	0	-0.070737201	0.99749499
-101.639984	-0.453816	19.665039	0	0	-0.16996714	0.98544973
-101.832848	-0.402138	19.706089	0	0	-0.070737201	0.99749499
-101.544807	-0.479320	19.652060	0	0	-0.070737201	0.99749499
-101.178703	-0.577417	19.641384	0	0	-0.070737201	0.99749499
-101.139374	-0.587954	19.555187	0	0	-0.070737201	0.99749499
-101.115517	-0.594348	19.431967	0	0	-0.070737201	0.99749499
-101.054214	-0.610774	19.281803	0	0	-0.070737201	0.99749499
-101.026146	-0.618293	19.302822	0	0	-0.070737201	0.99749499
-102.118683	-0.325549	23.265841	0	0	-0.26749883	0.96355818
-104.999565	0.446381	21.205969	0	0	0.029199523	0.9995736
-98.839043	-1.204326	22.336826	0	0	-0.070737201	0.99749499
-107.051643	0.996234	25.596010	0	0	-0.36235775	0.93203909
-107.108536	1.011478	25.610544	0	0	0.22720209	0.97384763
-114.601372	3.019176	21.309504	0	0	-0.45359611	0.89120736
-106.449509	0.834891	4.321968	0	0	0.32328956	0.94630009
-98.242317	-1.364219	36.003681	0	0	-0.16996714	0.98544973
-75.707222	-16.789421	19.670874	0	0	0.1288445	0.99166481
-75.740753	-16.798407	19.671259	0	0	0.1288445	0.99166481
-75.648689	-16.773737	19.665039	0	0	0.1288445	0.99166481
-75.781197	-16.809242	19.680624	0	0	0.1288445	0.99166481
-75.813416	-16.817875	19.706089	0	0	0.1288445	0.99166481
-75.586456	-16.757063	19.652060	0	0	0.1288445	0.99166481
-75.291939	-16.678146	19.641384	0	0	0.1288445	0.99166481
-75.258362	-16.669149	19.555187	0	0	0.1288445	0.99166481
-75.257378	-16.668886	19.431967	0	0	0.1288445	0.99166481
-75.188484	-16.650425	19.302822	0	0	0.1288445	0.99166481
-75.189346	-16.650658	19.281803	0	0	0.1288445	0.99166481
-76.367203	-16.966263	21.205967	0	0	0.22720209	0.97384763
-75.934937	-16.850437	23.265841	0	0	0.1288445	0.99166481
-71.640587	-15.699770	22.336826	0	0	0.1288445	0.99166481
-80.685806	-18.123428	21.309504	0	0	0.029199523	0.9995736
-75.792641	-16.812309	25.596010	0	0	0.029199523	0.9995736
-66.283943	-14.264462	25.610544	0	0	0.22720209	0.97384763
-68.677841	-14.905904	33.700516	0	0	-0.070737201	0.99749499
-65.880714	-14.156417	4.321968	0	0	0.22720209	0.97384763
-61.622185	-15.527186	13.718710	0	0	0.22720209	0.97384763
-61.623768	-15.528769	13.725669	0	0	0.22720209	0.97384763
-61.620148	-15.525150	13.709752	0	0	0	1
-61.627819	-15.532820	13.743495	0	0	0.22720209	0.97384763
-61.616611	-15.521613	13.694186	0	0	0.22720209	0.97384763
-61.634945	-15.539945	13.774841	0	0	0.22720209	0.97384763
-61.604538	-15.509541	13.641071	0	0	0.22720209	0.97384763
-61.585491	-15.490493	13.557269	0	0	0.22720209	0.97384763
-61.668465	-15.573467	13.922330	0	0	0	1
-61.561626	-15.466628	13.452272	0	0	0.22720209	0.97384763
-61.532967	-15.437968	13.326182	0	0	0.22720209	0.97384763
-61.526817	-15.431817	13.299119	0	0	0.22720209	0.97384763
-61.792595	-15.697595	14.468444	0	0	0.32328956	0.94630009
-61.358105	-15.263107	12.556856	0	0	0	1
-61.886650	-15.791653	14.882265	0	0	0.22720209	0.97384763
-62.363110	-16.268110	16.978510	0	0	0.22720209	0.97384763
-62.488068	-16.393068	17.528282	0	0	0.1288445	0.99166481
-63.537735	-17.442738	22.146454	0	0	-0.070737201	0.99749499
-59.213730	-13.118731	3.122358	0	0	0	1
-119.456909	95.331871	1.909711	0	0	-0.070737201	0.99749499
-244.840240	96.649132	1.885204	0	0	0.22720209	0.97384763
-184.339813	-138.244812	-2.416365	0	0	0.73739371	0.67546319
-308.672699	-10.991055	1.755059	0	0	0.41614682	0.90929743
-308.672699	-13.911919	-2.416365	0	0	0.41614682	0.90929743
-292.347595	-74.838036	-2.416365	0	0	0.50484609	0.86320938
