-91.637665	11.878760	-29.123001	0.000000	-152.351974	-30.544199	-51.581070
-152.351974	-30.544199	-51.581070	0.858407	-173.418625	-85.799934	-87.324982
-173.418625	-85.799934	-87.324982	1.258407	-161.721649	-131.672058	-121.583931
-161.721649	-131.672058	-121.583931	1.258407	-138.336548	-157.289536	-145.178238
-138.336548	-157.289536	-145.178238	1.058407	-57.553703	-193.543747	-143.921249
-57.553703	-193.543747	-143.921249	1.458407	33.882938	-163.800781	-123.540756
33.882938	-163.800781	-123.540756	2.058407	71.738007	-87.637756	-91.146690
71.738007	-87.637756	-91.146690	2.458407	-40.587368	-132.440750	-101.280754
-91.637665	11.878760	-29.123001	0.000000	-152.351974	-30.544199	-51.581070
-152.351974	-30.544199	-51.581070	0.858407	-173.418625	-85.799934	-87.324982
-173.418625	-85.799934	-87.324982	1.258407	-161.721649	-131.672058	-121.583931
-161.721649	-131.672058	-121.583931	1.258407	-138.336548	-157.289536	-145.178238
-138.336548	-157.289536	-145.178238	1.058407	-57.553703	-193.543747	-143.921249
-57.553703	-193.543747	-143.921249	1.458407	33.882938	-163.800781	-123.540756
33.882938	-163.800781	-123.540756	2.058407	71.738007	-87.637756	-91.146690
71.738007	-87.637756	-91.146690	2.458407	-40.587368	-132.440750	-101.280754
-91.637665	11.878760	-29.123001	0.000000	-152.351974	-30.544199	-51.581070
-152.351974	-30.544199	-51.581070	0.858407	-173.418625	-85.799934	-87.324982
-173.418625	-85.799934	-87.324982	1.258407	-161.721649	-131.672058	-121.583931
-161.721649	-131.672058	-121.583931	1.258407	-138.336548	-157.289536	-145.178238
-138.336548	-157.289536	-145.178238	1.058407	-57.553703	-193.543747	-143.921249
-57.553703	-193.543747	-143.921249	1.458407	33.882938	-163.800781	-123.540756
33.882938	-163.800781	-123.540756	2.058407	71.738007	-87.637756	-91.146690
71.738007	-87.637756	-91.146690	2.458407	-40.587368	-132.440750	-101.280754
-91.637665	11.878760	-29.123001	0.000000	-152.351974	-30.544199	-51.581070
-152.351974	-30.544199	-51.581070	0.858407	-173.418625	-85.799934	-87.324982
-173.418625	-85.799934	-87.324982	1.258407	-161.721649	-131.672058	-121.583931
-161.721649	-131.672058	-121.583931	1.258407	-138.336548	-157.289536	-145.178238
-138.336548	-157.289536	-145.178238	1.058407	-57.553703	-193.543747	-143.921249
-57.553703	-193.543747	-143.921249	1.458407	33.882938	-163.800781	-123.540756
33.882938	-163.800781	-123.540756	2.058407	71.738007	-87.637756	-91.146690
71.738007	-87.637756	-91.146690	2.458407	-40.587368	-132.440750	-101.280754
-91.637665	11.878760	-29.123001	0.000000	-152.351974	-30.544199	-51.581070
-152.351974	-30.544199	-51.581070	0.858407	-173.418625	-85.799934	-87.324982
-173.418625	-85.799934	-87.324982	1.258407	-161.721649	-131.672058	-121.583931
-161.721649	-131.672058	-121.583931	1.258407	-138.336548	-157.289536	-145.178238
-138.336548	-157.289536	-145.178238	1.058407	-57.553703	-193.543747	-143.921249
-57.553703	-193.543747	-143.921249	1.458407	33.882938	-163.800781	-123.540756
33.882938	-163.800781	-123.540756	2.058407	71.738007	-87.637756	-91.146690
71.738007	-87.637756	-91.146690	2.458407	-40.587368	-132.440750	-101.280754
-91.637665	11.878760	-29.123001	0.000000	-152.351974	-30.544199	-51.581070
-152.351974	-30.544199	-51.581070	0.858407	-173.418625	-85.799934	-87.324982
-173.418625	-85.799934	-87.324982	1.258407	-161.721649	-131.672058	-121.583931
-161.721649	-131.672058	-121.583931	1.258407	-138.336548	-157.289536	-145.178238
-138.336548	-157.289536	-145.178238	1.058407	-57.553703	-193.543747	-143.921249
-57.553703	-193.543747	-143.921249	1.458407	33.882938	-163.800781	-123.540756
33.882938	-163.800781	-123.540756	2.058407	71.738007	-87.637756	-91.146690
71.738007	-87.637756	-91.146690	2.458407	-40.587368	-132.440750	-101.280754
-91.637665	11.878760	-29.123001	0.000000	-152.351974	-30.544199	-51.581070
-152.351974	-30.544199	-51.581070	0.858407	-173.418625	-85.799934	-87.324982
-173.418625	-85.799934	-87.324982	1.258407	-161.721649	-131.672058	-121.583931
-161.721649	-131.672058	-121.583931	1.258407	-138.336548	-157.289536	-145.178238
-138.336548	-157.289536	-145.178238	1.058407	-57.553703	-193.543747	-143.921249
-57.553703	-193.543747	-143.921249	1.458407	33.882938	-163.800781	-123.540756
33.882938	-163.800781	-123.540756	2.058407	71.738007	-87.637756	-91.146690
71.738007	-87.637756	-91.146690	2.458407	-40.587368	-132.440750	-101.280754
-91.637665	11.878760	-29.123001	0.000000	-152.351974	-30.544199	-51.581070
-152.351974	-30.544199	-51.581070	0.858407	-173.418625	-85.799934	-87.324982
-173.418625	-85.799934	-87.324982	1.258407	-161.721649	-131.672058	-121.583931
-161.721649	-131.672058	-121.583931	1.258407	-138.336548	-157.289536	-145.178238
-138.336548	-157.289536	-145.178238	1.058407	-57.553703	-193.543747	-143.921249
-57.553703	-193.543747	-143.921249	1.458407	33.882938	-163.800781	-123.540756
33.882938	-163.800781	-123.540756	2.058407	71.738007	-87.637756	-91.146690
71.738007	-87.637756	-91.146690	2.458407	-40.587368	-132.440750	-101.280754
-91.637665	11.878760	-29.123001	0.000000	-152.351974	-30.544199	-51.581070
-152.351974	-30.544199	-51.581070	0.858407	-173.418625	-85.799934	-87.324982
-173.418625	-85.799934	-87.324982	1.258407	-161.721649	-131.672058	-121.583931
-161.721649	-131.672058	-121.583931	1.258407	-138.336548	-157.289536	-145.178238
-138.336548	-157.289536	-145.178238	1.058407	-57.553703	-193.543747	-143.921249
-57.553703	-193.543747	-143.921249	1.458407	33.882938	-163.800781	-123.540756
33.882938	-163.800781	-123.540756	2.058407	71.738007	-87.637756	-91.146690
71.738007	-87.637756	-91.146690	2.458407	-40.587368	-132.440750	-101.280754
-91.637665	11.878760	-29.123001	0.000000	-152.351974	-30.544199	-51.581070
-152.351974	-30.544199	-51.581070	0.858407	-173.418625	-85.799934	-87.324982
-173.418625	-85.799934	-87.324982	1.258407	-161.721649	-131.672058	-121.583931
-161.721649	-131.672058	-121.583931	1.258407	-138.336548	-157.289536	-145.178238
-138.336548	-157.289536	-145.178238	1.058407	-57.553703	-193.543747	-143.921249
-57.553703	-193.543747	-143.921249	1.458407	33.882938	-163.800781	-123.540756
33.882938	-163.800781	-123.540756	2.058407	71.738007	-87.637756	-91.146690
71.738007	-87.637756	-91.146690	2.458407	-40.587368	-132.440750	-101.280754
-91.637665	11.878760	-29.123001	0.000000	-152.351974	-30.544199	-51.581070
-152.351974	-30.544199	-51.581070	0.858407	-173.418625	-85.799934	-87.324982
-173.418625	-85.799934	-87.324982	1.258407	-161.721649	-131.672058	-121.583931
-161.721649	-131.672058	-121.583931	1.258407	-138.336548	-157.289536	-145.178238
-138.336548	-157.289536	-145.178238	1.058407	-57.553703	-193.543747	-143.921249
-57.553703	-193.543747	-143.921249	1.458407	33.882938	-163.800781	-123.540756
33.882938	-163.800781	-123.540756	2.058407	71.738007	-87.637756	-91.146690
71.738007	-87.637756	-91.146690	2.458407	-40.587368	-132.440750	-101.280754
-91.637665	11.878760	-29.123001	0.000000	-152.351974	-30.544199	-51.581070
-152.351974	-30.544199	-51.581070	0.858407	-173.418625	-85.799934	-87.324982
-173.418625	-85.799934	-87.324982	1.258407	-161.721649	-131.672058	-121.583931
-161.721649	-131.672058	-121.583931	1.258407	-138.336548	-157.289536	-145.178238
-138.336548	-157.289536	-145.178238	1.058407	-57.553703	-193.543747	-143.921249
-57.553703	-193.543747	-143.921249	1.458407	33.882938	-163.800781	-123.540756
33.882938	-163.800781	-123.540756	2.058407	71.738007	-87.637756	-91.146690
71.738007	-87.637756	-91.146690	2.458407	-40.587368	-132.440750	-101.280754
-91.637665	11.878760	-29.123001	0.000000	-152.351974	-30.544199	-51.581070
-152.351974	-30.544199	-51.581070	0.858407	-173.418625	-85.799934	-87.324982
-173.418625	-85.799934	-87.324982	1.258407	-161.721649	-131.672058	-121.583931
-161.721649	-131.672058	-121.583931	1.258407	-138.336548	-157.289536	-145.178238
-138.336548	-157.289536	-145.178238	1.058407	-57.553703	-193.543747	-143.921249
-57.553703	-193.543747	-143.921249	1.458407	33.882938	-163.800781	-123.540756
33.882938	-163.800781	-123.540756	2.058407	71.738007	-87.637756	-91.146690
71.738007	-87.637756	-91.146690	2.458407	-40.587368	-132.440750	-101.280754
-91.637665	11.878760	-29.123001	0.000000	-152.351974	-30.544199	-51.581070
-152.351974	-30.544199	-51.581070	0.858407	-173.418625	-85.799934	-87.324982
-173.418625	-85.799934	-87.324982	1.258407	-161.721649	-131.672058	-121.583931
-161.721649	-131.672058	-121.583931	1.258407	-138.336548	-157.289536	-145.178238
-138.336548	-157.289536	-145.178238	1.058407	-57.553703	-193.543747	-143.921249
-57.553703	-193.543747	-143.921249	1.458407	33.882938	-163.800781	-123.540756
33.882938	-163.800781	-123.540756	2.058407	71.738007	-87.637756	-91.146690
71.738007	-87.637756	-91.146690	2.458407	-40.587368	-132.440750	-101.280754
-91.637665	11.878760	-29.123001	0.000000	-152.351974	-30.544199	-51.581070
-152.351974	-30.544199	-51.581070	0.858407	-173.418625	-85.799934	-87.324982
-173.418625	-85.799934	-87.324982	1.258407	-161.721649	-131.672058	-121.583931
-161.721649	-131.672058	-121.583931	1.258407	-138.336548	-157.289536	-145.178238
-138.336548	-157.289536	-145.178238	1.058407	-57.553703	-193.543747	-143.921249
-57.553703	-193.543747	-143.921249	1.458407	33.882938	-163.800781	-123.540756
33.882938	-163.800781	-123.540756	2.058407	71.738007	-87.637756	-91.146690
71.738007	-87.637756	-91.146690	2.458407	-40.587368	-132.440750	-101.280754
-91.637665	11.878760	-29.123001	0.000000	-152.351974	-30.544199	-51.581070
-152.351974	-30.544199	-51.581070	0.858407	-173.418625	-85.799934	-87.324982
-173.418625	-85.799934	-87.324982	1.258407	-161.721649	-131.672058	-121.583931
-161.721649	-131.672058	-121.583931	1.258407	-138.336548	-157.289536	-145.178238
-138.336548	-157.289536	-145.178238	1.058407	-57.553703	-193.543747	-143.921249
-57.553703	-193.543747	-143.921249	1.458407	33.882938	-163.800781	-123.540756
33.882938	-163.800781	-123.540756	2.058407	71.738007	-87.637756	-91.146690
71.738007	-87.637756	-91.146690	2.458407	-40.587368	-132.440750	-101.280754
-91.637665	11.878760	-29.123001	0.000000	-152.351974	-30.544199	-51.581070
-152.351974	-30.544199	-51.581070	0.858407	-173.418625	-85.799934	-87.324982
-173.418625	-85.799934	-87.324982	1.258407	-161.721649	-131.672058	-121.583931
-161.721649	-131.672058	-121.583931	1.258407	-138.336548	-157.289536	-145.178238
-138.336548	-157.289536	-145.178238	1.058407	-57.553703	-193.543747	-143.921249
-57.553703	-193.543747	-143.921249	1.458407	33.882938	-163.800781	-123.540756
33.882938	-163.800781	-123.540756	2.058407	71.738007	-87.637756	-91.146690
71.738007	-87.637756	-91.146690	2.458407	-40.587368	-132.440750	-101.280754
-91.637665	11.878760	-29.123001	0.000000	-152.351974	-30.544199	-51.581070
-152.351974	-30.544199	-51.581070	0.858407	-173.418625	-85.799934	-87.324982
-173.418625	-85.799934	-87.324982	1.258407	-161.721649	-131.672058	-121.583931
-161.721649	-131.672058	-121.583931	1.258407	-138.336548	-157.289536	-145.178238
-138.336548	-157.289536	-145.178238	1.058407	-57.553703	-193.543747	-143.921249
-57.553703	-193.543747	-143.921249	1.458407	33.882938	-163.800781	-123.540756
33.882938	-163.800781	-123.540756	2.058407	71.738007	-87.637756	-91.146690
71.738007	-87.637756	-91.146690	2.458407	-40.587368	-132.440750	-101.280754
-91.637665	11.878760	-29.123001	0.000000	-152.351974	-30.544199	-51.581070
-152.351974	-30.544199	-51.581070	0.858407	-173.418625	-85.799934	-87.324982
-173.418625	-85.799934	-87.324982	1.258407	-161.721649	-131.672058	-121.583931
-161.721649	-131.672058	-121.583931	1.258407	-138.336548	-157.289536	-145.178238
-138.336548	-157.289536	-145.178238	1.058407	-57.553703	-193.543747	-143.921249
-57.553703	-193.543747	-143.921249	1.458407	33.882938	-163.800781	-123.540756
33.882938	-163.800781	-123.540756	2.058407	71.738007	-87.637756	-91.146690
71.738007	-87.637756	-91.146690	2.458407	-40.587368	-132.440750	-101.280754
-91.637665	11.878760	-29.123001	0.000000	-152.351974	-30.544199	-51.581070
-152.351974	-30.544199	-51.581070	0.858407	-173.418625	-85.799934	-87.324982
-173.418625	-85.799934	-87.324982	1.258407	-161.721649	-131.672058	-121.583931
-161.721649	-131.672058	-121.583931	1.258407	-138.336548	-157.289536	-145.178238
-138.336548	-157.289536	-145.178238	1.058407	-57.553703	-193.543747	-143.921249
-57.553703	-193.543747	-143.921249	1.458407	33.882938	-163.800781	-123.540756
33.882938	-163.800781	-123.540756	2.058407	71.738007	-87.637756	-91.146690
71.738007	-87.637756	-91.146690	2.458407	-40.587368	-132.440750	-101.280754
