270.594360	-82.503448	2.249630	0.000000	0.000000	3.058407
270.594360	-82.503448	2.249630	0.000000	0.000000	3.058407
270.594360	-82.503448	2.249630	0.000000	0.000000	3.058407
235.212296	-143.786972	13.446900	0.000000	0.000000	3.058407
113.495277	-173.204651	13.760948	0.000000	0.000000	3.058407
118.890083	69.200829	2.249630	0.000000	0.000000	3.058407
239.188629	34.704323	2.249630	0.000000	0.000000	3.058407
270.594360	-82.503448	2.249630	0.000000	0.000000	3.058407
270.594360	-82.503448	2.249630	0.000000	0.000000	3.058407
270.594360	-82.503448	2.249630	0.000000	0.000000	3.058407
235.212296	-143.786972	13.446900	0.000000	0.000000	3.058407
113.495277	-173.204651	13.760948	0.000000	0.000000	3.058407
118.890083	69.200829	2.249630	0.000000	0.000000	3.058407
239.188629	34.704323	2.249630	0.000000	0.000000	3.058407
270.594360	-82.503448	2.249630	0.000000	0.000000	3.058407
270.594360	-82.503448	2.249630	0.000000	0.000000	3.058407
270.594360	-82.503448	2.249630	0.000000	0.000000	3.058407
235.212296	-143.786972	13.446900	0.000000	0.000000	3.058407
113.495277	-173.204651	13.760948	0.000000	0.000000	3.058407
118.890083	69.200829	2.249630	0.000000	0.000000	3.058407
239.188629	34.704323	2.249630	0.000000	0.000000	3.058407
270.594360	-82.503448	2.249630	0.000000	0.000000	3.058407
270.594360	-82.503448	2.249630	0.000000	0.000000	3.058407
270.594360	-82.503448	2.249630	0.000000	0.000000	3.058407
235.212296	-143.786972	13.446900	0.000000	0.000000	3.058407
113.495277	-173.204651	13.760948	0.000000	0.000000	3.058407
118.890083	69.200829	2.249630	0.000000	0.000000	3.058407
239.188629	34.704323	2.249630	0.000000	0.000000	3.058407
270.594360	-82.503448	2.249630	0.000000	0.000000	3.058407
270.594360	-82.503448	2.249630	0.000000	0.000000	3.058407
270.594360	-82.503448	2.249630	0.000000	0.000000	3.058407
235.212296	-143.786972	13.446900	0.000000	0.000000	3.058407
113.495277	-173.204651	13.760948	0.000000	0.000000	3.058407
118.890083	69.200829	2.249630	0.000000	0.000000	3.058407
239.188629	34.704323	2.249630	0.000000	0.000000	3.058407
270.594360	-82.503448	2.249630	0.000000	0.000000	3.058407
270.594360	-82.503448	2.249630	0.000000	0.000000	3.058407
270.594360	-82.503448	2.249630	0.000000	0.000000	3.058407
235.212296	-143.786972	13.446900	0.000000	0.000000	3.058407
113.495277	-173.204651	13.760948	0.000000	0.000000	3.058407
118.890083	69.200829	2.249630	0.000000	0.000000	3.058407
239.188629	34.704323	2.249630	0.000000	0.000000	3.058407
270.594360	-82.503448	2.249630	0.000000	0.000000	3.058407
270.594360	-82.503448	2.249630	0.000000	0.000000	3.058407
270.594360	-82.503448	2.249630	0.000000	0.000000	3.058407
235.212296	-143.786972	13.446900	0.000000	0.000000	3.058407
113.495277	-173.204651	13.760948	0.000000	0.000000	3.058407
118.890083	69.200829	2.249630	0.000000	0.000000	3.058407
239.188629	34.704323	2.249630	0.000000	0.000000	3.058407
270.594360	-82.503448	2.249630	0.000000	0.000000	3.058407
270.594360	-82.503448	2.249630	0.000000	0.000000	3.058407
270.594360	-82.503448	2.249630	0.000000	0.000000	3.058407
235.212296	-143.786972	13.446900	0.000000	0.000000	3.058407
113.495277	-173.204651	13.760948	0.000000	0.000000	3.058407
118.890083	69.200829	2.249630	0.000000	0.000000	3.058407
239.188629	34.704323	2.249630	0.000000	0.000000	3.058407
270.594360	-82.503448	2.249630	0.000000	0.000000	3.058407
270.594360	-82.503448	2.249630	0.000000	0.000000	3.058407
270.594360	-82.503448	2.249630	0.000000	0.000000	3.058407
235.212296	-143.786972	13.446900	0.000000	0.000000	3.058407
113.495277	-173.204651	13.760948	0.000000	0.000000	3.058407
118.890083	69.200829	2.249630	0.000000	0.000000	3.058407
239.188629	34.704323	2.249630	0.000000	0.000000	3.058407
270.594360	-82.503448	2.249630	0.000000	0.000000	3.058407
270.594360	-82.503448	2.249630	0.000000	0.000000	3.058407
270.594360	-82.503448	2.249630	0.000000	0.000000	3.058407
235.212296	-143.786972	13.446900	0.000000	0.000000	3.058407
113.495277	-173.204651	13.760948	0.000000	0.000000	3.058407
118.890083	69.200829	2.249630	0.000000	0.000000	3.058407
239.188629	34.704323	2.249630	0.000000	0.000000	3.058407
270.594360	-82.503448	2.249630	0.000000	0.000000	3.058407
270.594360	-82.503448	2.249630	0.000000	0.000000	3.058407
270.594360	-82.503448	2.249630	0.000000	0.000000	3.058407
235.212296	-143.786972	13.446900	0.000000	0.000000	3.058407
113.495277	-173.204651	13.760948	0.000000	0.000000	3.058407
118.890083	69.200829	2.249630	0.000000	0.000000	3.058407
239.188629	34.704323	2.249630	0.000000	0.000000	3.058407
270.594360	-82.503448	2.249630	0.000000	0.000000	3.058407
270.594360	-82.503448	2.249630	0.000000	0.000000	3.058407
270.594360	-82.503448	2.249630	0.000000	0.000000	3.058407
235.212296	-143.786972	13.446900	0.000000	0.000000	3.058407
113.495277	-173.204651	13.760948	0.000000	0.000000	3.058407
118.890083	69.200829	2.249630	0.000000	0.000000	3.058407
239.188629	34.704323	2.249630	0.000000	0.000000	3.058407
270.594360	-82.503448	2.249630	0.000000	0.000000	3.058407
270.594360	-82.503448	2.249630	0.000000	0.000000	3.058407
270.594360	-82.503448	2.249630	0.000000	0.000000	3.058407
235.212296	-143.786972	13.446900	0.000000	0.000000	3.058407
113.495277	-173.204651	13.760948	0.000000	0.000000	3.058407
118.890083	69.200829	2.249630	0.000000	0.000000	3.058407
239.188629	34.704323	2.249630	0.000000	0.000000	3.058407
270.594360	-82.503448	2.249630	0.000000	0.000000	3.058407
270.594360	-82.503448	2.249630	0.000000	0.000000	3.058407
270.594360	-82.503448	2.249630	0.000000	0.000000	3.058407
235.212296	-143.786972	13.446900	0.000000	0.000000	3.058407
113.495277	-173.204651	13.760948	0.000000	0.000000	3.058407
118.890083	69.200829	2.249630	0.000000	0.000000	3.058407
239.188629	34.704323	2.249630	0.000000	0.000000	3.058407
270.594360	-82.503448	2.249630	0.000000	0.000000	3.058407
270.594360	-82.503448	2.249630	0.000000	0.000000	3.058407
270.594360	-82.503448	2.249630	0.000000	0.000000	3.058407
235.212296	-143.786972	13.446900	0.000000	0.000000	3.058407
113.495277	-173.204651	13.760948	0.000000	0.000000	3.058407
118.890083	69.200829	2.249630	0.000000	0.000000	3.058407
239.188629	34.704323	2.249630	0.000000	0.000000	3.058407
270.594360	-82.503448	2.249630	0.000000	0.000000	3.058407
270.594360	-82.503448	2.249630	0.000000	0.000000	3.058407
270.594360	-82.503448	2.249630	0.000000	0.000000	3.058407
235.212296	-143.786972	13.446900	0.000000	0.000000	3.058407
113.495277	-173.204651	13.760948	0.000000	0.000000	3.058407
118.890083	69.200829	2.249630	0.000000	0.000000	3.058407
239.188629	34.704323	2.249630	0.000000	0.000000	3.058407
270.594360	-82.503448	2.249630	0.000000	0.000000	3.058407
270.594360	-82.503448	2.249630	0.000000	0.000000	3.058407
270.594360	-82.503448	2.249630	0.000000	0.000000	3.058407
235.212296	-143.786972	13.446900	0.000000	0.000000	3.058407
113.495277	-173.204651	13.760948	0.000000	0.000000	3.058407
118.890083	69.200829	2.249630	0.000000	0.000000	3.058407
239.188629	34.704323	2.249630	0.000000	0.000000	3.058407
270.594360	-82.503448	2.249630	0.000000	0.000000	3.058407
270.594360	-82.503448	2.249630	0.000000	0.000000	3.058407
270.594360	-82.503448	2.249630	0.000000	0.000000	3.058407
235.212296	-143.786972	13.446900	0.000000	0.000000	3.058407
113.495277	-173.204651	13.760948	0.000000	0.000000	3.058407
118.890083	69.200829	2.249630	0.000000	0.000000	3.058407
239.188629	34.704323	2.249630	0.000000	0.000000	3.058407
270.594360	-82.503448	2.249630	0.000000	0.000000	3.058407
270.594360	-82.503448	2.249630	0.000000	0.000000	3.058407
270.594360	-82.503448	2.249630	0.000000	0.000000	3.058407
235.212296	-143.786972	13.446900	0.000000	0.000000	3.058407
113.495277	-173.204651	13.760948	0.000000	0.000000	3.058407
118.890083	69.200829	2.249630	0.000000	0.000000	3.058407
239.188629	34.704323	2.249630	0.000000	0.000000	3.058407
270.594360	-82.503448	2.249630	0.000000	0.000000	3.058407
270.594360	-82.503448	2.249630	0.000000	0.000000	3.058407
270.594360	-82.503448	2.249630	0.000000	0.000000	3.058407
235.212296	-143.786972	13.446900	0.000000	0.000000	3.058407
113.495277	-173.204651	13.760948	0.000000	0.000000	3.058407
118.890083	69.200829	2.249630	0.000000	0.000000	3.058407
239.188629	34.704323	2.249630	0.000000	0.000000	3.058407
