-57.967155	-37.119003	4.685379	0	0	0.66627604	0.74570519
-57.974258	-37.081886	4.639424	0	0	0.73739371	0.67546319
-57.936913	-37.157108	4.733830	0	0	0.73739371	0.67546319
-57.940132	-37.192963	4.780322	0	0	0.66627604	0.74570519
-58.011307	-37.043076	4.592708	0	0	0.66627604	0.74570519
-58.046478	-37.004276	4.547353	0	0	0.66627604	0.74570519
-58.068314	-36.966141	4.504107	0	0	0.73739371	0.67546319
-58.095165	-36.927837	4.461796	0	0	0.66627604	0.74570519
-58.125378	-36.889534	4.420220	0	0	0.66627604	0.74570519
-58.149715	-36.852077	4.380051	0	0	0.66627604	0.74570519
-58.151363	-36.816925	4.342405	0	0	0.73739371	0.67546319
-58.132957	-36.784233	4.305421	0	0	0.73739371	0.67546319
-58.085087	-36.755535	4.267912	0	0	0.66627604	0.74570519
-57.989109	-36.734318	4.229966	0	0	0.73739371	0.67546319
-57.842773	-36.725037	4.187882	0	0	0.66627604	0.74570519
-57.577614	-36.752415	4.151330	0	0	0.73739371	0.67546319
-57.286709	-36.777786	4.097929	0	0	0.66627604	0.74570519
-56.967255	-36.798119	4.017836	0	0	0.73739371	0.67546319
-56.615692	-36.812698	3.907449	0	0	0.66627604	0.74570519
-56.235207	-36.805336	3.722016	0	0	0.66627604	0.74570519
-55.821537	-36.791664	3.504254	0	0	0.66627604	0.74570519
-55.560410	-36.739437	3.242495	0	0	0.66627604	0.74570519
-55.188488	-36.676201	2.901463	0	0	0.73739371	0.67546319
-54.747807	-36.606503	2.512300	0	0	0.73739371	0.67546319
-57.088802	-35.529785	0.454388	0	0	0	1
-53.333920	-37.389214	4.132695	0	0	0.73739371	0.67546319
-53.339081	-37.369953	4.080019	0	0	0.66627604	0.74570519
-53.328320	-37.410110	4.189851	0	0	0.66627604	0.74570519
-53.323238	-37.429070	4.241706	0	0	0.73739371	0.67546319
-53.344608	-37.349316	4.023571	0	0	0.73739371	0.67546319
-53.350006	-37.329174	3.968479	0	0	0.73739371	0.67546319
-53.355091	-37.310200	3.916586	0	0	0.66627604	0.74570519
-53.360142	-37.291351	3.865026	0	0	0.73739371	0.67546319
-53.365158	-37.272629	3.813823	0	0	0.73739371	0.67546319
-53.369976	-37.254642	3.764624	0	0	0.73739371	0.67546319
-53.374317	-37.238441	3.720313	0	0	0.73739371	0.67546319
-53.378357	-37.223370	3.679086	0	0	0.73739371	0.67546319
-53.382069	-37.209518	3.641202	0	0	0.73739371	0.67546319
-53.385178	-37.197910	3.609450	0	0	0.73739371	0.67546319
-53.387848	-37.187950	3.582212	0	0	0.73739371	0.67546319
-53.387894	-37.187771	3.581717	0	0	0.73739371	0.67546319
-53.389236	-37.182774	3.568048	0	0	0.73739371	0.67546319
-53.392780	-37.169544	3.531867	0	0	0.73739371	0.67546319
-53.398830	-37.146961	3.470100	0	0	0.73739371	0.67546319
-54.159588	-36.492702	1.933624	0	0	0.73739371	0.67546319
-53.411755	-37.098721	3.338153	0	0	0.73739371	0.67546319
-53.427372	-37.040443	3.178754	0	0	0.73739371	0.67546319
-53.449245	-36.958809	2.955471	0	0	0.73739371	0.67546319
-53.477325	-36.854008	2.668822	0	0	0.73739371	0.67546319
-54.495892	-36.180790	1.189731	0	0	0.73739371	0.67546319
-53.509159	-36.735210	2.343900	0	0	0.80114363	0.59847213
-53.557373	-36.555279	1.851749	0	0	0.80114363	0.59847213
-59.838169	-35.006992	0.152201	0	0	0.66627604	0.74570519
-53.633709	-36.270382	1.072513	0	0	0.73739371	0.67546319
-53.738880	-35.877876	-0.001051	0	0	0.73739371	0.67546319
-53.882942	-35.708817	-0.420769	0	0	0.73739371	0.67546319
-53.781353	-35.719372	-0.434581	0	0	0.73739371	0.67546319
-53.811672	-35.606209	-0.744106	0	0	0.73739371	0.67546319
-53.098324	-35.254055	-2.056391	0	0	0.73739371	0.67546319
-50.009686	-36.858124	1.181845	0	0	0.85688874	0.51550139
-65.624344	-41.539883	3.911826	0	0	0.73739371	0.67546319
-65.638649	-41.506927	3.865143	0	0	0.73739371	0.67546319
-65.603874	-41.583630	3.959289	0	0	0.73739371	0.67546319
-65.592789	-41.611225	4.007226	0	0	0.73739371	0.67546319
-65.661293	-41.459797	3.819882	0	0	0.73739371	0.67546319
-65.683548	-41.413540	3.775832	0	0	0.73739371	0.67546319
-65.702263	-41.373604	3.732901	0	0	0.73739371	0.67546319
-65.722412	-41.331429	3.691267	0	0	0.66627604	0.74570519
-65.743469	-41.287842	3.650616	0	0	0.66627604	0.74570519
-65.762764	-41.247475	3.610956	0	0	0.66627604	0.74570519
-65.775467	-41.218700	3.572194	0	0	0.66627604	0.74570519
-65.782028	-41.200424	3.532688	0	0	0.66627604	0.74570519
-65.779297	-41.197792	3.490618	0	0	0.66627604	0.74570519
-65.761017	-41.221432	3.444822	0	0	0.66627604	0.74570519
-65.655663	-41.386650	3.346153	0	0	0.66627604	0.74570519
-65.725456	-41.273857	3.392375	0	0	0.66627604	0.74570519
-65.580460	-41.505737	3.282290	0	0	0.73739371	0.67546319
-65.500160	-41.628841	3.191015	0	0	0.73739371	0.67546319
-65.414413	-41.755978	3.068813	0	0	0.73739371	0.67546319
-65.329369	-41.868851	2.872040	0	0	0.73739371	0.67546319
-66.188934	-40.450012	3.271917	0	0	0.66627604	0.74570519
-65.240105	-41.983418	2.643217	0	0	0.73739371	0.67546319
-65.193520	-42.016964	2.373787	0	0	0.73739371	0.67546319
-65.124985	-42.074162	2.022225	0	0	0.73739371	0.67546319
-48.999668	-37.615211	2.903745	0	0	0.90407214	0.42737988
-65.041222	-42.148800	1.619699	0	0	0.73739371	0.67546319
-52.904388	-35.042721	-2.742718	0	0	0.73739371	0.67546319
-65.138161	-41.901566	1.166278	0	0	0.66627604	0.74570519
-49.360229	-39.242390	7.698616	0	0	0	1
-64.170090	-43.691097	1.810861	0	0	0.50484609	0.86320938
-66.679916	-39.273445	1.407942	0	0	0.66627604	0.74570519
-50.885307	-36.054672	-1.767097	0	0	0.80114363	0.59847213
-66.800957	-38.877071	0.340792	0	0	0.66627604	0.74570519
-67.943260	-37.488117	3.710168	0	0	0.50484609	0.86320938
-51.345642	-44.809566	5.297624	0	0	0.80114363	0.59847213
-66.802818	-38.793598	-0.117820	0	0	0.66627604	0.74570519
-68.085548	-37.093437	2.863102	0	0	0	1
-63.997078	-43.411915	-1.497255	0	0	0.73739371	0.67546319
-68.148964	-36.701981	1.253598	0	0	0.58850112	0.8084964
-66.928635	-40.302345	9.750119	0	0	0.73739371	0.67546319
-62.589897	-47.001228	5.086468	0	0	0.80114363	0.59847213
-67.271988	-37.692398	-1.767100	0	0	0.58850112	0.8084964
-67.289726	-37.661667	-1.767100	0	0	0.58850112	0.8084964
-68.505272	-35.929279	0.364560	0	0	0	1
-61.124851	-49.452946	4.596029	0	0	0.80114363	0.59847213
-45.919415	-39.093895	-0.062897	0	0	0.94222235	0.33498812
-45.843315	-36.662666	-1.176097	0	0	0.90407214	0.42737988
-66.122604	-42.454567	14.071453	0	0	0.73739371	0.67546319
-60.598370	-49.251438	-1.767100	0	0	0.80114363	0.59847213
-44.067513	-37.383831	0.112412	0	0	0.97095818	0.23924928
-59.644157	-51.929897	4.094898	0	0	0.85688874	0.51550139
-43.405468	-41.025902	4.694227	0	0	0.97095818	0.23924928
-43.974899	-36.991302	-1.046695	0	0	0.80114363	0.59847213
-43.994694	-36.971512	-1.094567	0	0	0.80114363	0.59847213
-43.951267	-37.014938	-0.989530	0	0	0.80114363	0.59847213
-43.932785	-37.033417	-0.944827	0	0	0.80114363	0.59847213
-44.018749	-36.947453	-1.152755	0	0	0.80114363	0.59847213
-44.042145	-36.924057	-1.209345	0	0	0.80114363	0.59847213
-44.063110	-36.903095	-1.260051	0	0	0.80114363	0.59847213
-44.081451	-36.884750	-1.304419	0	0	0.80114363	0.59847213
-44.084446	-36.881760	-1.311659	0	0	0.80114363	0.59847213
-44.091057	-36.875149	-1.327648	0	0	0.80114363	0.59847213
-44.094082	-36.872124	-1.334965	0	0	0.80114363	0.59847213
-44.105984	-36.860222	-1.363752	0	0	0.80114363	0.59847213
-44.107197	-36.859005	-1.366691	0	0	0.80114363	0.59847213
-44.112686	-36.853516	-1.379966	0	0	0.80114363	0.59847213
-44.126232	-36.839973	-1.412727	0	0	0.80114363	0.59847213
-44.136520	-36.829681	-1.437616	0	0	0.80114363	0.59847213
-44.142517	-36.823685	-1.452120	0	0	0.80114363	0.59847213
-44.155731	-36.810471	-1.484084	0	0	0.80114363	0.59847213
-44.161240	-36.804966	-1.497400	0	0	0.80114363	0.59847213
-44.162521	-36.803680	-1.500509	0	0	0.80114363	0.59847213
-44.164848	-36.801357	-1.506129	0	0	0.80114363	0.59847213
-44.167015	-36.799191	-1.511375	0	0	0.80114363	0.59847213
-44.226990	-36.739212	-1.656441	0	0	0.80114363	0.59847213
-44.294636	-36.671570	-1.820055	0	0	0.94222235	0.33498812
-44.299637	-36.666565	-1.832157	0	0	0.80114363	0.59847213
-43.579571	-37.386635	-0.090481	0	0	0.97095818	0.23924928
-44.417500	-36.548706	-2.117238	0	0	0.80114363	0.59847213
-45.737823	-35.600647	-4.249475	0	0	0	1
-44.729267	-36.236935	-2.871334	0	0	0.80114363	0.59847213
-60.006332	-52.024963	8.223261	0	0	0.85688874	0.51550139
-45.119373	-35.846832	-3.814904	0	0	0.85688874	0.51550139
-45.119373	-35.846832	-3.814904	0	0	0.80114363	0.59847213
-58.768860	-52.420238	-1.767100	0	0	0.80114363	0.59847213
-41.422905	-39.543301	5.125991	0	0	0.98999249	0.14112005
-58.346420	-53.151924	-1.767100	0	0	0.58850112	0.8084964
-41.712090	-37.118435	-1.662228	0	0	0.97095818	0.23924928
-63.180687	-48.307777	18.401497	0	0	0.85688874	0.51550139
-40.023739	-43.044498	5.349078	0	0	0.73739371	0.67546319
-77.151154	-40.105850	1.290631	0	0	0.58850112	0.8084964
-77.155579	-40.134930	1.341234	0	0	0.58850112	0.8084964
-77.146797	-40.077217	1.240802	0	0	0	1
-77.142494	-40.048965	1.191637	0	0	0.58850112	0.8084964
-77.159988	-40.163868	1.391596	0	0	0	1
-77.138268	-40.021229	1.143371	0	0	0.58850112	0.8084964
-77.134132	-39.994061	1.096095	0	0	0	1
-77.130081	-39.967442	1.049773	0	0	0	1
-77.126099	-39.941265	1.004221	0	0	0	1
-77.122200	-39.915684	0.959698	0	0	0.58850112	0.8084964
-77.118431	-39.890900	0.916569	0	0	0.58850112	0.8084964
-77.114677	-39.866253	0.873679	0	0	0	1
-77.110870	-39.841259	0.830186	0	0	0	1
-77.107040	-39.816116	0.786434	0	0	0	1
-77.104523	-39.799591	0.757673	0	0	0.58850112	0.8084964
-77.103065	-39.790001	0.740986	0	0	0.58850112	0.8084964
-77.099724	-39.768040	0.702765	0	0	0.58850112	0.8084964
-77.094994	-39.736992	0.648736	0	0	0.58850112	0.8084964
-77.088097	-39.691662	0.569854	0	0	0	1
-77.220001	-40.558064	2.077579	0	0	0.58850112	0.8084964
-77.078720	-39.630070	0.462670	0	0	0	1
-77.063278	-39.528687	0.286243	0	0	0.58850112	0.8084964
-77.045158	-39.409641	0.079079	0	0	0	1
-77.023933	-39.270256	-0.163483	0	0	0.58850112	0.8084964
-76.996201	-39.088081	-0.480505	0	0	0	1
-76.964561	-38.880276	-0.842133	0	0	0.58850112	0.8084964
-76.943413	-38.741364	-1.083872	0	0	0.58850112	0.8084964
-76.910088	-38.522476	-1.464781	0	0	0	1
-76.883636	-38.348751	-1.767097	0	0	0	1
-77.527397	-42.577084	5.591111	0	0	0	1
-76.883636	-47.335403	-1.767097	0	0	0.58850112	0.8084964
-36.084942	-44.643459	-1.333596	0	0	0.73739371	0.67546319
-34.318413	-38.923496	0.288395	0	0	0.98999249	0.14112005
-35.293526	-45.592583	3.538511	0	0	0.73739371	0.67546319
-34.034489	-46.662815	6.937006	0	0	0.99913515	0.041580682
-33.258228	-47.026318	6.098871	0	0	0.97095818	0.23924928
-33.186272	-47.111954	6.535320	0	0	0.98999249	0.14112005
-33.098869	-46.323677	-1.767097	0	0	0.73739371	0.67546319
-32.720169	-46.542320	-1.767097	0	0	0.99913515	0.041580682
-29.078323	-38.634144	-2.801306	0	0	0.80114363	0.59847213
-30.921139	-48.799305	10.292646	0	-0	-1	-4.371139e-08
-51.106487	-65.691856	-1.767100	0	0	0.80114363	0.59847213
-29.420813	-49.877644	12.392419	0	0	-0.99500417	0.099833397
-25.832714	-41.562809	4.145469	0	0	0.98999249	0.14112005
-25.326385	-39.573185	-1.745719	0	0	0.80114363	0.59847213
-90.127914	-43.984287	-1.767096	0	0	0	1
-27.578764	-50.996666	12.941955	0	0	0	1
-23.546276	-41.612446	3.298789	0	0	0.80114363	0.59847213
-26.388527	-42.273106	-8.921580	0	0	0.80114363	0.59847213
-24.786251	-38.337845	-6.166082	0	0	-0.99500417	0.099833397
-22.938408	-41.494789	2.700629	0	0	-0.99500417	0.099833397
-22.596107	-40.078529	-1.485025	0	0	0.80114363	0.59847213
-21.678263	-42.211552	4.199460	0	0	0	1
-23.944281	-36.349640	-11.533284	0	0	-0.99500417	0.099833397
-24.025717	-38.793533	-12.986745	0	0	0.90407214	0.42737988
-19.544632	-42.440403	3.929757	0	0	-0.98006658	0.19866933
-22.320759	-52.546421	-1.767097	0	-0	-1	-4.371139e-08
-19.312176	-47.335403	-5.243162	0	0	-0.99500417	0.099833397
-8.601207	-43.614193	2.546447	0	0	0	1
-74.834747	-90.974998	5.297624	0	0	0.80114363	0.59847213
3.316383	-40.197330	-12.345693	0	0	0.99913515	0.041580682
3.316383	-40.197330	-12.345693	0	0	0.85688874	0.51550139
3.316383	-40.197330	-12.345693	0	0	0.90407214	0.42737988
3.316383	-40.197330	-12.345693	0	0	-0.95533648	0.29552023
-126.559746	-93.715546	5.297624	0	0	0.73739371	0.67546319
-148.688156	-72.326889	4.605613	0	0	0	1
-190.845001	-86.840157	-1.767097	0	0	-0.16996714	0.98544973
-190.845001	-86.840157	-1.767097	0	0	0.58850112	0.8084964
-193.433594	-88.334679	-1.767097	0	0	0.58850112	0.8084964
44.140366	-125.106567	-85.353195	0	0	0.97095818	0.23924928
-185.367386	-208.943893	-1.767096	0	0	0.80114363	0.59847213
0.226323	-237.278748	-85.353195	0	0	0.94222235	0.33498812
-126.981262	-262.262970	-36.845829	0	0	0.85688874	0.51550139
-93.016037	-262.262970	-85.353195	0	0	0.85688874	0.51550139
