-138.761520	-188.854828	16.462887	1.858407	-77.294395	-252.531586	-9.152058
-77.294395	-252.531586	-9.152058	2.258407	-37.024944	-257.470703	-64.772728
-37.024944	-257.470703	-64.772728	2.258407	-28.470131	-252.531586	-78.880333
-28.470131	-252.531586	-78.880333	2.458407	19.798454	-239.598053	-78.880333
19.798454	-239.598053	-78.880333	2.658407	83.196091	-140.865372	-78.880333
83.196091	-140.865372	-78.880333	2.858407	50.341385	-42.208992	-46.810200
50.341385	-42.208992	-46.810200	3.058407	-133.733841	-112.645020	209.784729
-138.761520	-188.854828	16.462887	1.858407	-77.294395	-252.531586	-9.152058
-77.294395	-252.531586	-9.152058	2.258407	-37.024944	-257.470703	-64.772728
-37.024944	-257.470703	-64.772728	2.258407	-28.470131	-252.531586	-78.880333
-28.470131	-252.531586	-78.880333	2.458407	19.798454	-239.598053	-78.880333
19.798454	-239.598053	-78.880333	2.658407	83.196091	-140.865372	-78.880333
83.196091	-140.865372	-78.880333	2.858407	50.341385	-42.208992	-46.810200
50.341385	-42.208992	-46.810200	3.058407	-133.733841	-112.645020	209.784729
-138.761520	-188.854828	16.462887	1.858407	-77.294395	-252.531586	-9.152058
-77.294395	-252.531586	-9.152058	2.258407	-37.024944	-257.470703	-64.772728
-37.024944	-257.470703	-64.772728	2.258407	-28.470131	-252.531586	-78.880333
-28.470131	-252.531586	-78.880333	2.458407	19.798454	-239.598053	-78.880333
19.798454	-239.598053	-78.880333	2.658407	83.196091	-140.865372	-78.880333
83.196091	-140.865372	-78.880333	2.858407	50.341385	-42.208992	-46.810200
50.341385	-42.208992	-46.810200	3.058407	-133.733841	-112.645020	209.784729
-138.761520	-188.854828	16.462887	1.858407	-77.294395	-252.531586	-9.152058
-77.294395	-252.531586	-9.152058	2.258407	-37.024944	-257.470703	-64.772728
-37.024944	-257.470703	-64.772728	2.258407	-28.470131	-252.531586	-78.880333
-28.470131	-252.531586	-78.880333	2.458407	19.798454	-239.598053	-78.880333
19.798454	-239.598053	-78.880333	2.658407	83.196091	-140.865372	-78.880333
83.196091	-140.865372	-78.880333	2.858407	50.341385	-42.208992	-46.810200
50.341385	-42.208992	-46.810200	3.058407	-133.733841	-112.645020	209.784729
-138.761520	-188.854828	16.462887	1.858407	-77.294395	-252.531586	-9.152058
-77.294395	-252.531586	-9.152058	2.258407	-37.024944	-257.470703	-64.772728
-37.024944	-257.470703	-64.772728	2.258407	-28.470131	-252.531586	-78.880333
-28.470131	-252.531586	-78.880333	2.458407	19.798454	-239.598053	-78.880333
19.798454	-239.598053	-78.880333	2.658407	83.196091	-140.865372	-78.880333
83.196091	-140.865372	-78.880333	2.858407	50.341385	-42.208992	-46.810200
50.341385	-42.208992	-46.810200	3.058407	-133.733841	-112.645020	209.784729
-138.761520	-188.854828	16.462887	1.858407	-77.294395	-252.531586	-9.152058
-77.294395	-252.531586	-9.152058	2.258407	-37.024944	-257.470703	-64.772728
-37.024944	-257.470703	-64.772728	2.258407	-28.470131	-252.531586	-78.880333
-28.470131	-252.531586	-78.880333	2.458407	19.798454	-239.598053	-78.880333
19.798454	-239.598053	-78.880333	2.658407	83.196091	-140.865372	-78.880333
83.196091	-140.865372	-78.880333	2.858407	50.341385	-42.208992	-46.810200
50.341385	-42.208992	-46.810200	3.058407	-133.733841	-112.645020	209.784729
-138.761520	-188.854828	16.462887	1.858407	-77.294395	-252.531586	-9.152058
-77.294395	-252.531586	-9.152058	2.258407	-37.024944	-257.470703	-64.772728
-37.024944	-257.470703	-64.772728	2.258407	-28.470131	-252.531586	-78.880333
-28.470131	-252.531586	-78.880333	2.458407	19.798454	-239.598053	-78.880333
19.798454	-239.598053	-78.880333	2.658407	83.196091	-140.865372	-78.880333
83.196091	-140.865372	-78.880333	2.858407	50.341385	-42.208992	-46.810200
50.341385	-42.208992	-46.810200	3.058407	-133.733841	-112.645020	209.784729
-138.761520	-188.854828	16.462887	1.858407	-77.294395	-252.531586	-9.152058
-77.294395	-252.531586	-9.152058	2.258407	-37.024944	-257.470703	-64.772728
-37.024944	-257.470703	-64.772728	2.258407	-28.470131	-252.531586	-78.880333
-28.470131	-252.531586	-78.880333	2.458407	19.798454	-239.598053	-78.880333
19.798454	-239.598053	-78.880333	2.658407	83.196091	-140.865372	-78.880333
83.196091	-140.865372	-78.880333	2.858407	50.341385	-42.208992	-46.810200
50.341385	-42.208992	-46.810200	3.058407	-133.733841	-112.645020	209.784729
-138.761520	-188.854828	16.462887	1.858407	-77.294395	-252.531586	-9.152058
-77.294395	-252.531586	-9.152058	2.258407	-37.024944	-257.470703	-64.772728
-37.024944	-257.470703	-64.772728	2.258407	-28.470131	-252.531586	-78.880333
-28.470131	-252.531586	-78.880333	2.458407	19.798454	-239.598053	-78.880333
19.798454	-239.598053	-78.880333	2.658407	83.196091	-140.865372	-78.880333
83.196091	-140.865372	-78.880333	2.858407	50.341385	-42.208992	-46.810200
50.341385	-42.208992	-46.810200	3.058407	-133.733841	-112.645020	209.784729
-138.761520	-188.854828	16.462887	1.858407	-77.294395	-252.531586	-9.152058
-77.294395	-252.531586	-9.152058	2.258407	-37.024944	-257.470703	-64.772728
-37.024944	-257.470703	-64.772728	2.258407	-28.470131	-252.531586	-78.880333
-28.470131	-252.531586	-78.880333	2.458407	19.798454	-239.598053	-78.880333
19.798454	-239.598053	-78.880333	2.658407	83.196091	-140.865372	-78.880333
83.196091	-140.865372	-78.880333	2.858407	50.341385	-42.208992	-46.810200
50.341385	-42.208992	-46.810200	3.058407	-133.733841	-112.645020	209.784729
-138.761520	-188.854828	16.462887	1.858407	-77.294395	-252.531586	-9.152058
-77.294395	-252.531586	-9.152058	2.258407	-37.024944	-257.470703	-64.772728
-37.024944	-257.470703	-64.772728	2.258407	-28.470131	-252.531586	-78.880333
-28.470131	-252.531586	-78.880333	2.458407	19.798454	-239.598053	-78.880333
19.798454	-239.598053	-78.880333	2.658407	83.196091	-140.865372	-78.880333
83.196091	-140.865372	-78.880333	2.858407	50.341385	-42.208992	-46.810200
50.341385	-42.208992	-46.810200	3.058407	-133.733841	-112.645020	209.784729
-138.761520	-188.854828	16.462887	1.858407	-77.294395	-252.531586	-9.152058
-77.294395	-252.531586	-9.152058	2.258407	-37.024944	-257.470703	-64.772728
-37.024944	-257.470703	-64.772728	2.258407	-28.470131	-252.531586	-78.880333
-28.470131	-252.531586	-78.880333	2.458407	19.798454	-239.598053	-78.880333
19.798454	-239.598053	-78.880333	2.658407	83.196091	-140.865372	-78.880333
83.196091	-140.865372	-78.880333	2.858407	50.341385	-42.208992	-46.810200
50.341385	-42.208992	-46.810200	3.058407	-133.733841	-112.645020	209.784729
-138.761520	-188.854828	16.462887	1.858407	-77.294395	-252.531586	-9.152058
-77.294395	-252.531586	-9.152058	2.258407	-37.024944	-257.470703	-64.772728
-37.024944	-257.470703	-64.772728	2.258407	-28.470131	-252.531586	-78.880333
-28.470131	-252.531586	-78.880333	2.458407	19.798454	-239.598053	-78.880333
19.798454	-239.598053	-78.880333	2.658407	83.196091	-140.865372	-78.880333
83.196091	-140.865372	-78.880333	2.858407	50.341385	-42.208992	-46.810200
50.341385	-42.208992	-46.810200	3.058407	-133.733841	-112.645020	209.784729
-138.761520	-188.854828	16.462887	1.858407	-77.294395	-252.531586	-9.152058
-77.294395	-252.531586	-9.152058	2.258407	-37.024944	-257.470703	-64.772728
-37.024944	-257.470703	-64.772728	2.258407	-28.470131	-252.531586	-78.880333
-28.470131	-252.531586	-78.880333	2.458407	19.798454	-239.598053	-78.880333
19.798454	-239.598053	-78.880333	2.658407	83.196091	-140.865372	-78.880333
83.196091	-140.865372	-78.880333	2.858407	50.341385	-42.208992	-46.810200
50.341385	-42.208992	-46.810200	3.058407	-133.733841	-112.645020	209.784729
-138.761520	-188.854828	16.462887	1.858407	-77.294395	-252.531586	-9.152058
-77.294395	-252.531586	-9.152058	2.258407	-37.024944	-257.470703	-64.772728
-37.024944	-257.470703	-64.772728	2.258407	-28.470131	-252.531586	-78.880333
-28.470131	-252.531586	-78.880333	2.458407	19.798454	-239.598053	-78.880333
19.798454	-239.598053	-78.880333	2.658407	83.196091	-140.865372	-78.880333
83.196091	-140.865372	-78.880333	2.858407	50.341385	-42.208992	-46.810200
50.341385	-42.208992	-46.810200	3.058407	-133.733841	-112.645020	209.784729
-138.761520	-188.854828	16.462887	1.858407	-77.294395	-252.531586	-9.152058
-77.294395	-252.531586	-9.152058	2.258407	-37.024944	-257.470703	-64.772728
-37.024944	-257.470703	-64.772728	2.258407	-28.470131	-252.531586	-78.880333
-28.470131	-252.531586	-78.880333	2.458407	19.798454	-239.598053	-78.880333
19.798454	-239.598053	-78.880333	2.658407	83.196091	-140.865372	-78.880333
83.196091	-140.865372	-78.880333	2.858407	50.341385	-42.208992	-46.810200
50.341385	-42.208992	-46.810200	3.058407	-133.733841	-112.645020	209.784729
-138.761520	-188.854828	16.462887	1.858407	-77.294395	-252.531586	-9.152058
-77.294395	-252.531586	-9.152058	2.258407	-37.024944	-257.470703	-64.772728
-37.024944	-257.470703	-64.772728	2.258407	-28.470131	-252.531586	-78.880333
-28.470131	-252.531586	-78.880333	2.458407	19.798454	-239.598053	-78.880333
19.798454	-239.598053	-78.880333	2.658407	83.196091	-140.865372	-78.880333
83.196091	-140.865372	-78.880333	2.858407	50.341385	-42.208992	-46.810200
50.341385	-42.208992	-46.810200	3.058407	-133.733841	-112.645020	209.784729
-138.761520	-188.854828	16.462887	1.858407	-77.294395	-252.531586	-9.152058
-77.294395	-252.531586	-9.152058	2.258407	-37.024944	-257.470703	-64.772728
-37.024944	-257.470703	-64.772728	2.258407	-28.470131	-252.531586	-78.880333
-28.470131	-252.531586	-78.880333	2.458407	19.798454	-239.598053	-78.880333
19.798454	-239.598053	-78.880333	2.658407	83.196091	-140.865372	-78.880333
83.196091	-140.865372	-78.880333	2.858407	50.341385	-42.208992	-46.810200
50.341385	-42.208992	-46.810200	3.058407	-133.733841	-112.645020	209.784729
-138.761520	-188.854828	16.462887	1.858407	-77.294395	-252.531586	-9.152058
-77.294395	-252.531586	-9.152058	2.258407	-37.024944	-257.470703	-64.772728
-37.024944	-257.470703	-64.772728	2.258407	-28.470131	-252.531586	-78.880333
-28.470131	-252.531586	-78.880333	2.458407	19.798454	-239.598053	-78.880333
19.798454	-239.598053	-78.880333	2.658407	83.196091	-140.865372	-78.880333
83.196091	-140.865372	-78.880333	2.858407	50.341385	-42.208992	-46.810200
50.341385	-42.208992	-46.810200	3.058407	-133.733841	-112.645020	209.784729
-138.761520	-188.854828	16.462887	1.858407	-77.294395	-252.531586	-9.152058
-77.294395	-252.531586	-9.152058	2.258407	-37.024944	-257.470703	-64.772728
-37.024944	-257.470703	-64.772728	2.258407	-28.470131	-252.531586	-78.880333
-28.470131	-252.531586	-78.880333	2.458407	19.798454	-239.598053	-78.880333
19.798454	-239.598053	-78.880333	2.658407	83.196091	-140.865372	-78.880333
83.196091	-140.865372	-78.880333	2.858407	50.341385	-42.208992	-46.810200
50.341385	-42.208992	-46.810200	3.058407	-133.733841	-112.645020	209.784729
