135.396851	10.229767	-21.709484	0	0	0.94222235	0.33498812
135.434143	10.546997	-21.395193	0	0	-0.92106097	0.38941839
135.353363	9.845482	-22.074259	0	0	0.94222235	0.33498812
135.474808	10.812307	-21.125156	0	0	-0.92106097	0.38941839
135.522644	11.035004	-20.893093	0	0	-0.87758258	0.4794255
135.304886	9.366003	-22.515081	0	0	-0.92106097	0.38941839
135.243622	8.741664	-23.061831	0	0	-0.92106097	0.38941839
135.165939	7.877537	-23.819126	0	0	-0.92106097	0.38941839
135.022964	6.582288	-24.884405	0	0	-0.92106097	0.38941839
136.098068	17.835295	-19.997261	0	0	0.94222235	0.33498812
134.818329	4.270614	-26.984161	0	0	-0.92106097	0.38941839
134.463989	-1.672558	-31.254677	0	0	-0.92106097	0.38941839
134.153000	-1.133907	-32.142956	0	0	-0.92106097	0.38941839
129.524872	32.144318	-21.709484	0	0	-0.95533648	0.29552023
129.638962	32.174889	-21.395193	0	-0	-1	-4.371139e-08
129.388214	32.107704	-22.074259	0	0	-0.95533648	0.29552023
129.743240	32.202831	-21.125156	0	0	-0.99500417	0.099833397
129.223129	32.063465	-22.515081	0	-0	-1	-4.371139e-08
129.843536	32.229706	-20.893093	0	0	-0.99500417	0.099833397
129.009872	32.006329	-23.061831	0	-0	-1	-4.371139e-08
128.721375	31.929022	-23.819126	0	-0	-1	-4.371139e-08
128.264145	31.806511	-24.884405	0	-0	-1	-4.371139e-08
127.495308	31.600500	-26.984161	0	0	-0.99500417	0.099833397
113.687378	0.523328	-22.649128	0	0	0.94222235	0.33498812
115.481140	-3.770380	-25.880823	0	0	0.94222235	0.33498812
121.518852	-8.557790	-30.897720	0	0	-0.92106097	0.38941839
125.523415	31.072134	-32.142956	0	0	-0.98006658	0.19866933
119.826477	-5.626517	-35.731636	0	0	-0.92106097	0.38941839
112.605339	1.210651	-34.094959	0	0	0.97095818	0.23924928
109.327957	8.074067	-35.100925	0	0	0.94222235	0.33498812
111.033440	27.189554	-35.731636	0	0	0.98999249	0.14112005
106.126961	-6.637523	-24.344519	0	0	-0.99500417	0.099833397
106.005318	25.842274	-34.094959	0	-0	-1	-4.371139e-08
102.681496	-0.669796	-34.185799	0	0	-0.99500417	0.099833397
104.663330	25.482691	-35.100925	0	0	0.97095818	0.23924928
149.418732	42.498539	-9.705147	0	0	-0.82533563	0.56464246
125.863670	35.561806	-49.229752	0	0	0.97095818	0.23924928
135.396851	-12.875631	11.288444	0	0	0.99913515	0.041580682
135.434143	-12.515098	11.540892	0	0	-0.99500417	0.099833397
135.353363	-13.304878	10.987882	0	0	0.99913515	0.041580682
135.474808	-12.210196	11.754387	0	0	-0.99500417	0.099833397
135.522644	-11.951731	11.935366	0	0	-0.99500417	0.099833397
135.304886	-13.833733	10.617574	0	0	-0.99500417	0.099833397
135.243622	-14.509558	10.144356	0	0	-0.99500417	0.099833397
135.165939	-15.445209	9.489206	0	0	-0.99500417	0.099833397
135.022964	-16.814850	8.530172	0	0	-0.99500417	0.099833397
134.818329	-19.352570	6.753242	0	-0	-1	-4.371139e-08
125.863670	-8.807875	14.136717	0	0	0.90407214	0.42737988
127.298889	-6.133494	16.009338	0	0	0.97095818	0.23924928
167.369278	37.747116	-18.870949	0	0	-0.87758258	0.4794255
96.276131	23.235348	-34.185799	0	-0	-1	-4.371139e-08
134.153000	-25.402899	2.516756	0	0	0.99913515	0.041580682
157.925842	-6.133494	16.009338	0	-0	-1	-4.371139e-08
119.826477	-30.103613	-0.774719	0	0	0.85688874	0.51550139
112.605339	-24.746819	2.976149	0	0	0.94222235	0.33498812
109.327957	-20.614046	5.869947	0	0	0.85688874	0.51550139
169.659531	-6.231277	15.940871	0	-0	-1	-4.371139e-08
102.681496	-26.051298	2.062743	0	0	-0.99500417	0.099833397
157.925842	54.103622	-45.844193	0	0	-0.87758258	0.4794255
113.565613	27.868050	28.842869	0	0	0.99913515	0.041580682
188.965317	31.334278	-30.320534	0	0	-0.92106097	0.38941839
142.767349	71.880508	-47.377182	0	0	-0.82533563	0.56464246
140.004074	67.705605	-60.988983	0	0	-0.82533563	0.56464246
177.508865	60.241062	-72.519363	0	0	-0.87758258	0.4794255
169.659531	64.772881	-85.463570	0	0	-0.87758258	0.4794255
92.396484	-64.249046	16.009338	0	0	0.97095818	0.23924928
92.287086	-64.185883	16.009338	0	0	0.97095818	0.23924928
92.530273	-64.326286	16.009338	0	0	0.97095818	0.23924928
92.202705	-64.137169	16.009338	0	0	0.97095818	0.23924928
92.142151	-64.102203	16.009338	0	0	0.97095818	0.23924928
92.701538	-64.425163	16.009338	0	0	0.97095818	0.23924928
92.925934	-64.554718	16.009338	0	0	0.97095818	0.23924928
93.241852	-64.737114	16.009338	0	0	0.97095818	0.23924928
93.695473	-64.999016	16.009338	0	0	0.97095818	0.23924928
94.475639	-65.449440	16.009338	0	0	0.80114363	0.59847213
90.295288	-63.035919	16.009338	0	0	0.94222235	0.33498812
94.542984	-65.488327	16.009338	0	0	0.97095818	0.23924928
96.384216	-66.551361	16.009338	0	0	0.97095818	0.23924928
87.584679	-61.470947	16.009338	0	0	0.99913515	0.041580682
79.208244	-56.634811	16.009338	0	0	0.94222235	0.33498812
74.277504	-53.788044	16.009338	0	-0	-1	-4.371139e-08
73.778267	-53.499809	16.009338	0	0	-0.99500417	0.099833397
72.579620	-52.807770	16.009338	0	0	0.94222235	0.33498812
55.760345	-43.097157	16.009338	0	0	0.94222235	0.33498812
202.392746	-60.173931	28.842869	0	0	0.99913515	0.041580682
20.566769	-56.067413	16.009340	0	0	0.85688874	0.51550139
20.438726	-55.845638	16.009340	0	0	0.85688874	0.51550139
20.722298	-56.336796	16.009340	0	0	0.85688874	0.51550139
20.334011	-55.664265	16.009340	0	0	0.85688874	0.51550139
20.249538	-55.517956	16.009340	0	0	0.85688874	0.51550139
20.917799	-56.675415	16.009340	0	0	0.85688874	0.51550139
21.172829	-57.117142	16.009340	0	0	0.85688874	0.51550139
21.527588	-57.731602	16.009340	0	0	0.85688874	0.51550139
22.052700	-58.641125	16.009340	0	0	0.85688874	0.51550139
18.774282	-52.962738	16.009340	0	0	0.80114363	0.59847213
23.002527	-60.286270	16.009340	0	0	0.85688874	0.51550139
23.540148	-61.217457	16.009340	0	0	0.94222235	0.33498812
17.107578	-50.075920	16.009340	0	0	0.80114363	0.59847213
25.176422	-64.051567	16.009340	0	0	0.85688874	0.51550139
14.982991	-46.396027	16.009340	0	0	0.94222235	0.33498812
7.214379	-32.940399	16.009340	0	0	0.94222235	0.33498812
7.201079	-32.917362	16.009340	0	0	0.85688874	0.51550139
5.514578	-29.996256	16.009340	0	0	0.66627604	0.74570519
-6.801695	-8.663845	16.009340	0	0	0.90407214	0.42737988
-8.262594	-13.671029	16.009338	0	0	0.73739371	0.67546319
-8.262594	-13.671029	16.009338	0	0	0.66627604	0.74570519
-8.262594	-13.671029	16.009338	0	0	0.73739371	0.67546319
-8.262594	-13.671029	16.009338	0	0	0.80114363	0.59847213
-8.262594	-13.671029	16.009338	0	0	0.90407214	0.42737988
-8.262594	-13.671029	16.009338	0	0	0.73739371	0.67546319
-8.262594	-13.671029	16.009338	0	0	0.85688874	0.51550139
-8.262594	-13.671029	16.009338	0	0	0.73739371	0.67546319
-8.262594	-13.671029	16.009338	0	0	0.73739371	0.67546319
-8.262594	-13.671029	16.009338	0	0	0.73739371	0.67546319
-8.262594	-13.671029	16.009338	0	0	0.73739371	0.67546319
-8.262594	-13.671029	16.009338	0	0	0.85688874	0.51550139
-8.262594	-13.671029	16.009338	0	0	0.73739371	0.67546319
-8.262594	-13.671029	16.009338	0	0	0.66627604	0.74570519
-8.262594	-13.671029	16.009338	0	0	0.73739371	0.67546319
-8.262594	-13.671029	16.009338	0	0	0.85688874	0.51550139
-8.262594	-13.671029	16.009338	0	0	0.58850112	0.8084964
-8.262594	-13.671029	16.009338	0	0	0.73739371	0.67546319
-8.262594	-13.671029	16.009338	0	0	0.73739371	0.67546319
170.559723	-181.121460	28.842869	0	0	0.99913515	0.041580682
169.774567	-181.906616	28.842869	0	0	0.99913515	0.041580682
111.829857	-215.361008	22.989107	0	0	0.99913515	0.041580682
-8.262594	-181.906616	16.009338	0	0	0.94222235	0.33498812
