-1.159388	68.323380	106.688759	-0.541593	-74.724480	114.541412	112.041405
-74.724480	114.541412	112.041405	0.058407	-149.286407	77.832413	119.167877
-149.286407	77.832413	119.167877	0.658407	-154.776459	68.323380	120.128510
-154.776459	68.323380	120.128510	0.858407	-154.776459	68.323380	120.128510
-154.776459	68.323380	120.128510	0.858407	-167.468384	20.956474	120.128510
-167.468384	20.956474	120.128510	1.058407	-124.067902	-46.282509	120.128510
-124.067902	-46.282509	120.128510	1.458407	-44.136993	-42.316086	120.128510
-44.136993	-42.316086	120.128510	1.658407	-25.438988	-37.662186	113.887970
-25.438988	-37.662186	113.887970	1.658407	-15.502606	-36.376053	107.703568
-15.502606	-36.376053	107.703568	2.058407	-7.972887	-30.803181	104.377632
-7.972887	-30.803181	104.377632	2.258407	-0.511622	-20.741468	104.544182
-0.511622	-20.741468	104.544182	3.058407	0.000000	0.000000	0.000000
-1.159388	68.323380	106.688759	-0.541593	-74.724480	114.541412	112.041405
-74.724480	114.541412	112.041405	0.058407	-149.286407	77.832413	119.167877
-149.286407	77.832413	119.167877	0.658407	-154.776459	68.323380	120.128510
-154.776459	68.323380	120.128510	0.858407	-154.776459	68.323380	120.128510
-154.776459	68.323380	120.128510	0.858407	-167.468384	20.956474	120.128510
-167.468384	20.956474	120.128510	1.058407	-124.067902	-46.282509	120.128510
-124.067902	-46.282509	120.128510	1.458407	-44.136993	-42.316086	120.128510
-44.136993	-42.316086	120.128510	1.658407	-25.438988	-37.662186	113.887970
-25.438988	-37.662186	113.887970	1.658407	-15.502606	-36.376053	107.703568
-15.502606	-36.376053	107.703568	2.058407	-7.972887	-30.803181	104.377632
-7.972887	-30.803181	104.377632	2.258407	-0.511622	-20.741468	104.544182
-0.511622	-20.741468	104.544182	3.058407	0.000000	0.000000	0.000000
-1.159388	68.323380	106.688759	-0.541593	-74.724480	114.541412	112.041405
-74.724480	114.541412	112.041405	0.058407	-149.286407	77.832413	119.167877
-149.286407	77.832413	119.167877	0.658407	-154.776459	68.323380	120.128510
-154.776459	68.323380	120.128510	0.858407	-154.776459	68.323380	120.128510
-154.776459	68.323380	120.128510	0.858407	-167.468384	20.956474	120.128510
-167.468384	20.956474	120.128510	1.058407	-124.067902	-46.282509	120.128510
-124.067902	-46.282509	120.128510	1.458407	-44.136993	-42.316086	120.128510
-44.136993	-42.316086	120.128510	1.658407	-25.438988	-37.662186	113.887970
-25.438988	-37.662186	113.887970	1.658407	-15.502606	-36.376053	107.703568
-15.502606	-36.376053	107.703568	2.058407	-7.972887	-30.803181	104.377632
-7.972887	-30.803181	104.377632	2.258407	-0.511622	-20.741468	104.544182
-0.511622	-20.741468	104.544182	3.058407	0.000000	0.000000	0.000000
-1.159388	68.323380	106.688759	-0.541593	-74.724480	114.541412	112.041405
-74.724480	114.541412	112.041405	0.058407	-149.286407	77.832413	119.167877
-149.286407	77.832413	119.167877	0.658407	-154.776459	68.323380	120.128510
-154.776459	68.323380	120.128510	0.858407	-154.776459	68.323380	120.128510
-154.776459	68.323380	120.128510	0.858407	-167.468384	20.956474	120.128510
-167.468384	20.956474	120.128510	1.058407	-124.067902	-46.282509	120.128510
-124.067902	-46.282509	120.128510	1.458407	-44.136993	-42.316086	120.128510
-44.136993	-42.316086	120.128510	1.658407	-25.438988	-37.662186	113.887970
-25.438988	-37.662186	113.887970	1.658407	-15.502606	-36.376053	107.703568
-15.502606	-36.376053	107.703568	2.058407	-7.972887	-30.803181	104.377632
-7.972887	-30.803181	104.377632	2.258407	-0.511622	-20.741468	104.544182
-0.511622	-20.741468	104.544182	3.058407	0.000000	0.000000	0.000000
-1.159388	68.323380	106.688759	-0.541593	-74.724480	114.541412	112.041405
-74.724480	114.541412	112.041405	0.058407	-149.286407	77.832413	119.167877
-149.286407	77.832413	119.167877	0.658407	-154.776459	68.323380	120.128510
-154.776459	68.323380	120.128510	0.858407	-154.776459	68.323380	120.128510
-154.776459	68.323380	120.128510	0.858407	-167.468384	20.956474	120.128510
-167.468384	20.956474	120.128510	1.058407	-124.067902	-46.282509	120.128510
-124.067902	-46.282509	120.128510	1.458407	-44.136993	-42.316086	120.128510
-44.136993	-42.316086	120.128510	1.658407	-25.438988	-37.662186	113.887970
-25.438988	-37.662186	113.887970	1.658407	-15.502606	-36.376053	107.703568
-15.502606	-36.376053	107.703568	2.058407	-7.972887	-30.803181	104.377632
-7.972887	-30.803181	104.377632	2.258407	-0.511622	-20.741468	104.544182
-0.511622	-20.741468	104.544182	3.058407	0.000000	0.000000	0.000000
-1.159388	68.323380	106.688759	-0.541593	-74.724480	114.541412	112.041405
-74.724480	114.541412	112.041405	0.058407	-149.286407	77.832413	119.167877
-149.286407	77.832413	119.167877	0.658407	-154.776459	68.323380	120.128510
-154.776459	68.323380	120.128510	0.858407	-154.776459	68.323380	120.128510
-154.776459	68.323380	120.128510	0.858407	-167.468384	20.956474	120.128510
-167.468384	20.956474	120.128510	1.058407	-124.067902	-46.282509	120.128510
-124.067902	-46.282509	120.128510	1.458407	-44.136993	-42.316086	120.128510
-44.136993	-42.316086	120.128510	1.658407	-25.438988	-37.662186	113.887970
-25.438988	-37.662186	113.887970	1.658407	-15.502606	-36.376053	107.703568
-15.502606	-36.376053	107.703568	2.058407	-7.972887	-30.803181	104.377632
-7.972887	-30.803181	104.377632	2.258407	-0.511622	-20.741468	104.544182
-0.511622	-20.741468	104.544182	3.058407	0.000000	0.000000	0.000000
-1.159388	68.323380	106.688759	-0.541593	-74.724480	114.541412	112.041405
-74.724480	114.541412	112.041405	0.058407	-149.286407	77.832413	119.167877
-149.286407	77.832413	119.167877	0.658407	-154.776459	68.323380	120.128510
-154.776459	68.323380	120.128510	0.858407	-154.776459	68.323380	120.128510
-154.776459	68.323380	120.128510	0.858407	-167.468384	20.956474	120.128510
-167.468384	20.956474	120.128510	1.058407	-124.067902	-46.282509	120.128510
-124.067902	-46.282509	120.128510	1.458407	-44.136993	-42.316086	120.128510
-44.136993	-42.316086	120.128510	1.658407	-25.438988	-37.662186	113.887970
-25.438988	-37.662186	113.887970	1.658407	-15.502606	-36.376053	107.703568
-15.502606	-36.376053	107.703568	2.058407	-7.972887	-30.803181	104.377632
-7.972887	-30.803181	104.377632	2.258407	-0.511622	-20.741468	104.544182
-0.511622	-20.741468	104.544182	3.058407	0.000000	0.000000	0.000000
-1.159388	68.323380	106.688759	-0.541593	-74.724480	114.541412	112.041405
-74.724480	114.541412	112.041405	0.058407	-149.286407	77.832413	119.167877
-149.286407	77.832413	119.167877	0.658407	-154.776459	68.323380	120.128510
-154.776459	68.323380	120.128510	0.858407	-154.776459	68.323380	120.128510
-154.776459	68.323380	120.128510	0.858407	-167.468384	20.956474	120.128510
-167.468384	20.956474	120.128510	1.058407	-124.067902	-46.282509	120.128510
-124.067902	-46.282509	120.128510	1.458407	-44.136993	-42.316086	120.128510
-44.136993	-42.316086	120.128510	1.658407	-25.438988	-37.662186	113.887970
-25.438988	-37.662186	113.887970	1.658407	-15.502606	-36.376053	107.703568
-15.502606	-36.376053	107.703568	2.058407	-7.972887	-30.803181	104.377632
-7.972887	-30.803181	104.377632	2.258407	-0.511622	-20.741468	104.544182
-0.511622	-20.741468	104.544182	3.058407	0.000000	0.000000	0.000000
-1.159388	68.323380	106.688759	-0.541593	-74.724480	114.541412	112.041405
-74.724480	114.541412	112.041405	0.058407	-149.286407	77.832413	119.167877
-149.286407	77.832413	119.167877	0.658407	-154.776459	68.323380	120.128510
-154.776459	68.323380	120.128510	0.858407	-154.776459	68.323380	120.128510
-154.776459	68.323380	120.128510	0.858407	-167.468384	20.956474	120.128510
-167.468384	20.956474	120.128510	1.058407	-124.067902	-46.282509	120.128510
-124.067902	-46.282509	120.128510	1.458407	-44.136993	-42.316086	120.128510
-44.136993	-42.316086	120.128510	1.658407	-25.438988	-37.662186	113.887970
-25.438988	-37.662186	113.887970	1.658407	-15.502606	-36.376053	107.703568
-15.502606	-36.376053	107.703568	2.058407	-7.972887	-30.803181	104.377632
-7.972887	-30.803181	104.377632	2.258407	-0.511622	-20.741468	104.544182
-0.511622	-20.741468	104.544182	3.058407	0.000000	0.000000	0.000000
-1.159388	68.323380	106.688759	-0.541593	-74.724480	114.541412	112.041405
-74.724480	114.541412	112.041405	0.058407	-149.286407	77.832413	119.167877
-149.286407	77.832413	119.167877	0.658407	-154.776459	68.323380	120.128510
-154.776459	68.323380	120.128510	0.858407	-154.776459	68.323380	120.128510
-154.776459	68.323380	120.128510	0.858407	-167.468384	20.956474	120.128510
-167.468384	20.956474	120.128510	1.058407	-124.067902	-46.282509	120.128510
-124.067902	-46.282509	120.128510	1.458407	-44.136993	-42.316086	120.128510
-44.136993	-42.316086	120.128510	1.658407	-25.438988	-37.662186	113.887970
-25.438988	-37.662186	113.887970	1.658407	-15.502606	-36.376053	107.703568
-15.502606	-36.376053	107.703568	2.058407	-7.972887	-30.803181	104.377632
-7.972887	-30.803181	104.377632	2.258407	-0.511622	-20.741468	104.544182
-0.511622	-20.741468	104.544182	3.058407	0.000000	0.000000	0.000000
-1.159388	68.323380	106.688759	-0.541593	-74.724480	114.541412	112.041405
-74.724480	114.541412	112.041405	0.058407	-149.286407	77.832413	119.167877
-149.286407	77.832413	119.167877	0.658407	-154.776459	68.323380	120.128510
-154.776459	68.323380	120.128510	0.858407	-154.776459	68.323380	120.128510
-154.776459	68.323380	120.128510	0.858407	-167.468384	20.956474	120.128510
-167.468384	20.956474	120.128510	1.058407	-124.067902	-46.282509	120.128510
-124.067902	-46.282509	120.128510	1.458407	-44.136993	-42.316086	120.128510
-44.136993	-42.316086	120.128510	1.658407	-25.438988	-37.662186	113.887970
-25.438988	-37.662186	113.887970	1.658407	-15.502606	-36.376053	107.703568
-15.502606	-36.376053	107.703568	2.058407	-7.972887	-30.803181	104.377632
-7.972887	-30.803181	104.377632	2.258407	-0.511622	-20.741468	104.544182
-0.511622	-20.741468	104.544182	3.058407	0.000000	0.000000	0.000000
-1.159388	68.323380	106.688759	-0.541593	-74.724480	114.541412	112.041405
-74.724480	114.541412	112.041405	0.058407	-149.286407	77.832413	119.167877
-149.286407	77.832413	119.167877	0.658407	-154.776459	68.323380	120.128510
-154.776459	68.323380	120.128510	0.858407	-154.776459	68.323380	120.128510
-154.776459	68.323380	120.128510	0.858407	-167.468384	20.956474	120.128510
-167.468384	20.956474	120.128510	1.058407	-124.067902	-46.282509	120.128510
-124.067902	-46.282509	120.128510	1.458407	-44.136993	-42.316086	120.128510
-44.136993	-42.316086	120.128510	1.658407	-25.438988	-37.662186	113.887970
-25.438988	-37.662186	113.887970	1.658407	-15.502606	-36.376053	107.703568
-15.502606	-36.376053	107.703568	2.058407	-7.972887	-30.803181	104.377632
-7.972887	-30.803181	104.377632	2.258407	-0.511622	-20.741468	104.544182
-0.511622	-20.741468	104.544182	3.058407	0.000000	0.000000	0.000000
-1.159388	68.323380	106.688759	-0.541593	-74.724480	114.541412	112.041405
-74.724480	114.541412	112.041405	0.058407	-149.286407	77.832413	119.167877
-149.286407	77.832413	119.167877	0.658407	-154.776459	68.323380	120.128510
-154.776459	68.323380	120.128510	0.858407	-154.776459	68.323380	120.128510
-154.776459	68.323380	120.128510	0.858407	-167.468384	20.956474	120.128510
-167.468384	20.956474	120.128510	1.058407	-124.067902	-46.282509	120.128510
-124.067902	-46.282509	120.128510	1.458407	-44.136993	-42.316086	120.128510
-44.136993	-42.316086	120.128510	1.658407	-25.438988	-37.662186	113.887970
-25.438988	-37.662186	113.887970	1.658407	-15.502606	-36.376053	107.703568
-15.502606	-36.376053	107.703568	2.058407	-7.972887	-30.803181	104.377632
-7.972887	-30.803181	104.377632	2.258407	-0.511622	-20.741468	104.544182
-0.511622	-20.741468	104.544182	3.058407	0.000000	0.000000	0.000000
-1.159388	68.323380	106.688759	-0.541593	-74.724480	114.541412	112.041405
-74.724480	114.541412	112.041405	0.058407	-149.286407	77.832413	119.167877
-149.286407	77.832413	119.167877	0.658407	-154.776459	68.323380	120.128510
-154.776459	68.323380	120.128510	0.858407	-154.776459	68.323380	120.128510
-154.776459	68.323380	120.128510	0.858407	-167.468384	20.956474	120.128510
-167.468384	20.956474	120.128510	1.058407	-124.067902	-46.282509	120.128510
-124.067902	-46.282509	120.128510	1.458407	-44.136993	-42.316086	120.128510
-44.136993	-42.316086	120.128510	1.658407	-25.438988	-37.662186	113.887970
-25.438988	-37.662186	113.887970	1.658407	-15.502606	-36.376053	107.703568
-15.502606	-36.376053	107.703568	2.058407	-7.972887	-30.803181	104.377632
-7.972887	-30.803181	104.377632	2.258407	-0.511622	-20.741468	104.544182
-0.511622	-20.741468	104.544182	3.058407	0.000000	0.000000	0.000000
-1.159388	68.323380	106.688759	-0.541593	-74.724480	114.541412	112.041405
-74.724480	114.541412	112.041405	0.058407	-149.286407	77.832413	119.167877
-149.286407	77.832413	119.167877	0.658407	-154.776459	68.323380	120.128510
-154.776459	68.323380	120.128510	0.858407	-154.776459	68.323380	120.128510
-154.776459	68.323380	120.128510	0.858407	-167.468384	20.956474	120.128510
-167.468384	20.956474	120.128510	1.058407	-124.067902	-46.282509	120.128510
-124.067902	-46.282509	120.128510	1.458407	-44.136993	-42.316086	120.128510
-44.136993	-42.316086	120.128510	1.658407	-25.438988	-37.662186	113.887970
-25.438988	-37.662186	113.887970	1.658407	-15.502606	-36.376053	107.703568
-15.502606	-36.376053	107.703568	2.058407	-7.972887	-30.803181	104.377632
-7.972887	-30.803181	104.377632	2.258407	-0.511622	-20.741468	104.544182
-0.511622	-20.741468	104.544182	3.058407	0.000000	0.000000	0.000000
-1.159388	68.323380	106.688759	-0.541593	-74.724480	114.541412	112.041405
-74.724480	114.541412	112.041405	0.058407	-149.286407	77.832413	119.167877
-149.286407	77.832413	119.167877	0.658407	-154.776459	68.323380	120.128510
-154.776459	68.323380	120.128510	0.858407	-154.776459	68.323380	120.128510
-154.776459	68.323380	120.128510	0.858407	-167.468384	20.956474	120.128510
-167.468384	20.956474	120.128510	1.058407	-124.067902	-46.282509	120.128510
-124.067902	-46.282509	120.128510	1.458407	-44.136993	-42.316086	120.128510
-44.136993	-42.316086	120.128510	1.658407	-25.438988	-37.662186	113.887970
-25.438988	-37.662186	113.887970	1.658407	-15.502606	-36.376053	107.703568
-15.502606	-36.376053	107.703568	2.058407	-7.972887	-30.803181	104.377632
-7.972887	-30.803181	104.377632	2.258407	-0.511622	-20.741468	104.544182
-0.511622	-20.741468	104.544182	3.058407	0.000000	0.000000	0.000000
-1.159388	68.323380	106.688759	-0.541593	-74.724480	114.541412	112.041405
-74.724480	114.541412	112.041405	0.058407	-149.286407	77.832413	119.167877
-149.286407	77.832413	119.167877	0.658407	-154.776459	68.323380	120.128510
-154.776459	68.323380	120.128510	0.858407	-154.776459	68.323380	120.128510
-154.776459	68.323380	120.128510	0.858407	-167.468384	20.956474	120.128510
-167.468384	20.956474	120.128510	1.058407	-124.067902	-46.282509	120.128510
-124.067902	-46.282509	120.128510	1.458407	-44.136993	-42.316086	120.128510
-44.136993	-42.316086	120.128510	1.658407	-25.438988	-37.662186	113.887970
-25.438988	-37.662186	113.887970	1.658407	-15.502606	-36.376053	107.703568
-15.502606	-36.376053	107.703568	2.058407	-7.972887	-30.803181	104.377632
-7.972887	-30.803181	104.377632	2.258407	-0.511622	-20.741468	104.544182
-0.511622	-20.741468	104.544182	3.058407	0.000000	0.000000	0.000000
-1.159388	68.323380	106.688759	-0.541593	-74.724480	114.541412	112.041405
-74.724480	114.541412	112.041405	0.058407	-149.286407	77.832413	119.167877
-149.286407	77.832413	119.167877	0.658407	-154.776459	68.323380	120.128510
-154.776459	68.323380	120.128510	0.858407	-154.776459	68.323380	120.128510
-154.776459	68.323380	120.128510	0.858407	-167.468384	20.956474	120.128510
-167.468384	20.956474	120.128510	1.058407	-124.067902	-46.282509	120.128510
-124.067902	-46.282509	120.128510	1.458407	-44.136993	-42.316086	120.128510
-44.136993	-42.316086	120.128510	1.658407	-25.438988	-37.662186	113.887970
-25.438988	-37.662186	113.887970	1.658407	-15.502606	-36.376053	107.703568
-15.502606	-36.376053	107.703568	2.058407	-7.972887	-30.803181	104.377632
-7.972887	-30.803181	104.377632	2.258407	-0.511622	-20.741468	104.544182
-0.511622	-20.741468	104.544182	3.058407	0.000000	0.000000	0.000000
-1.159388	68.323380	106.688759	-0.541593	-74.724480	114.541412	112.041405
-74.724480	114.541412	112.041405	0.058407	-149.286407	77.832413	119.167877
-149.286407	77.832413	119.167877	0.658407	-154.776459	68.323380	120.128510
-154.776459	68.323380	120.128510	0.858407	-154.776459	68.323380	120.128510
-154.776459	68.323380	120.128510	0.858407	-167.468384	20.956474	120.128510
-167.468384	20.956474	120.128510	1.058407	-124.067902	-46.282509	120.128510
-124.067902	-46.282509	120.128510	1.458407	-44.136993	-42.316086	120.128510
-44.136993	-42.316086	120.128510	1.658407	-25.438988	-37.662186	113.887970
-25.438988	-37.662186	113.887970	1.658407	-15.502606	-36.376053	107.703568
-15.502606	-36.376053	107.703568	2.058407	-7.972887	-30.803181	104.377632
-7.972887	-30.803181	104.377632	2.258407	-0.511622	-20.741468	104.544182
-0.511622	-20.741468	104.544182	3.058407	0.000000	0.000000	0.000000
-1.159388	68.323380	106.688759	-0.541593	-74.724480	114.541412	112.041405
-74.724480	114.541412	112.041405	0.058407	-149.286407	77.832413	119.167877
-149.286407	77.832413	119.167877	0.658407	-154.776459	68.323380	120.128510
-154.776459	68.323380	120.128510	0.858407	-154.776459	68.323380	120.128510
-154.776459	68.323380	120.128510	0.858407	-167.468384	20.956474	120.128510
-167.468384	20.956474	120.128510	1.058407	-124.067902	-46.282509	120.128510
-124.067902	-46.282509	120.128510	1.458407	-44.136993	-42.316086	120.128510
-44.136993	-42.316086	120.128510	1.658407	-25.438988	-37.662186	113.887970
-25.438988	-37.662186	113.887970	1.658407	-15.502606	-36.376053	107.703568
-15.502606	-36.376053	107.703568	2.058407	-7.972887	-30.803181	104.377632
-7.972887	-30.803181	104.377632	2.258407	-0.511622	-20.741468	104.544182
-0.511622	-20.741468	104.544182	3.058407	0.000000	0.000000	0.000000
