-190.540573	248.309494	13.547932	0.000000	-225.258835	88.773590	13.113739
-225.258835	88.773590	13.113739	0.458407	-288.934174	-13.867978	8.294580
-288.934174	-13.867978	8.294580	0.858407	-288.934174	-21.515341	-2.626986
-288.934174	-21.515341	-2.626986	0.858407	-288.934174	-21.515341	-2.626986
-288.934174	-21.515341	-2.626986	0.858407	-271.448212	-86.773865	-2.626986
-271.448212	-86.773865	-2.626986	1.058407	-161.544861	-148.904648	-2.626986
-161.544861	-148.904648	-2.626986	1.658407	33.621906	95.151016	72.729340
-190.540573	248.309494	13.547932	0.000000	-225.258835	88.773590	13.113739
-225.258835	88.773590	13.113739	0.458407	-288.934174	-13.867978	8.294580
-288.934174	-13.867978	8.294580	0.858407	-288.934174	-21.515341	-2.626986
-288.934174	-21.515341	-2.626986	0.858407	-288.934174	-21.515341	-2.626986
-288.934174	-21.515341	-2.626986	0.858407	-271.448212	-86.773865	-2.626986
-271.448212	-86.773865	-2.626986	1.058407	-161.544861	-148.904648	-2.626986
-161.544861	-148.904648	-2.626986	1.658407	33.621906	95.151016	72.729340
-190.540573	248.309494	13.547932	0.000000	-225.258835	88.773590	13.113739
-225.258835	88.773590	13.113739	0.458407	-288.934174	-13.867978	8.294580
-288.934174	-13.867978	8.294580	0.858407	-288.934174	-21.515341	-2.626986
-288.934174	-21.515341	-2.626986	0.858407	-288.934174	-21.515341	-2.626986
-288.934174	-21.515341	-2.626986	0.858407	-271.448212	-86.773865	-2.626986
-271.448212	-86.773865	-2.626986	1.058407	-161.544861	-148.904648	-2.626986
-161.544861	-148.904648	-2.626986	1.658407	33.621906	95.151016	72.729340
-190.540573	248.309494	13.547932	0.000000	-225.258835	88.773590	13.113739
-225.258835	88.773590	13.113739	0.458407	-288.934174	-13.867978	8.294580
-288.934174	-13.867978	8.294580	0.858407	-288.934174	-21.515341	-2.626986
-288.934174	-21.515341	-2.626986	0.858407	-288.934174	-21.515341	-2.626986
-288.934174	-21.515341	-2.626986	0.858407	-271.448212	-86.773865	-2.626986
-271.448212	-86.773865	-2.626986	1.058407	-161.544861	-148.904648	-2.626986
-161.544861	-148.904648	-2.626986	1.658407	33.621906	95.151016	72.729340
-190.540573	248.309494	13.547932	0.000000	-225.258835	88.773590	13.113739
-225.258835	88.773590	13.113739	0.458407	-288.934174	-13.867978	8.294580
-288.934174	-13.867978	8.294580	0.858407	-288.934174	-21.515341	-2.626986
-288.934174	-21.515341	-2.626986	0.858407	-288.934174	-21.515341	-2.626986
-288.934174	-21.515341	-2.626986	0.858407	-271.448212	-86.773865	-2.626986
-271.448212	-86.773865	-2.626986	1.058407	-161.544861	-148.904648	-2.626986
-161.544861	-148.904648	-2.626986	1.658407	33.621906	95.151016	72.729340
-190.540573	248.309494	13.547932	0.000000	-225.258835	88.773590	13.113739
-225.258835	88.773590	13.113739	0.458407	-288.934174	-13.867978	8.294580
-288.934174	-13.867978	8.294580	0.858407	-288.934174	-21.515341	-2.626986
-288.934174	-21.515341	-2.626986	0.858407	-288.934174	-21.515341	-2.626986
-288.934174	-21.515341	-2.626986	0.858407	-271.448212	-86.773865	-2.626986
-271.448212	-86.773865	-2.626986	1.058407	-161.544861	-148.904648	-2.626986
-161.544861	-148.904648	-2.626986	1.658407	33.621906	95.151016	72.729340
-190.540573	248.309494	13.547932	0.000000	-225.258835	88.773590	13.113739
-225.258835	88.773590	13.113739	0.458407	-288.934174	-13.867978	8.294580
-288.934174	-13.867978	8.294580	0.858407	-288.934174	-21.515341	-2.626986
-288.934174	-21.515341	-2.626986	0.858407	-288.934174	-21.515341	-2.626986
-288.934174	-21.515341	-2.626986	0.858407	-271.448212	-86.773865	-2.626986
-271.448212	-86.773865	-2.626986	1.058407	-161.544861	-148.904648	-2.626986
-161.544861	-148.904648	-2.626986	1.658407	33.621906	95.151016	72.729340
-190.540573	248.309494	13.547932	0.000000	-225.258835	88.773590	13.113739
-225.258835	88.773590	13.113739	0.458407	-288.934174	-13.867978	8.294580
-288.934174	-13.867978	8.294580	0.858407	-288.934174	-21.515341	-2.626986
-288.934174	-21.515341	-2.626986	0.858407	-288.934174	-21.515341	-2.626986
-288.934174	-21.515341	-2.626986	0.858407	-271.448212	-86.773865	-2.626986
-271.448212	-86.773865	-2.626986	1.058407	-161.544861	-148.904648	-2.626986
-161.544861	-148.904648	-2.626986	1.658407	33.621906	95.151016	72.729340
-190.540573	248.309494	13.547932	0.000000	-225.258835	88.773590	13.113739
-225.258835	88.773590	13.113739	0.458407	-288.934174	-13.867978	8.294580
-288.934174	-13.867978	8.294580	0.858407	-288.934174	-21.515341	-2.626986
-288.934174	-21.515341	-2.626986	0.858407	-288.934174	-21.515341	-2.626986
-288.934174	-21.515341	-2.626986	0.858407	-271.448212	-86.773865	-2.626986
-271.448212	-86.773865	-2.626986	1.058407	-161.544861	-148.904648	-2.626986
-161.544861	-148.904648	-2.626986	1.658407	33.621906	95.151016	72.729340
-190.540573	248.309494	13.547932	0.000000	-225.258835	88.773590	13.113739
-225.258835	88.773590	13.113739	0.458407	-288.934174	-13.867978	8.294580
-288.934174	-13.867978	8.294580	0.858407	-288.934174	-21.515341	-2.626986
-288.934174	-21.515341	-2.626986	0.858407	-288.934174	-21.515341	-2.626986
-288.934174	-21.515341	-2.626986	0.858407	-271.448212	-86.773865	-2.626986
-271.448212	-86.773865	-2.626986	1.058407	-161.544861	-148.904648	-2.626986
-161.544861	-148.904648	-2.626986	1.658407	33.621906	95.151016	72.729340
-190.540573	248.309494	13.547932	0.000000	-225.258835	88.773590	13.113739
-225.258835	88.773590	13.113739	0.458407	-288.934174	-13.867978	8.294580
-288.934174	-13.867978	8.294580	0.858407	-288.934174	-21.515341	-2.626986
-288.934174	-21.515341	-2.626986	0.858407	-288.934174	-21.515341	-2.626986
-288.934174	-21.515341	-2.626986	0.858407	-271.448212	-86.773865	-2.626986
-271.448212	-86.773865	-2.626986	1.058407	-161.544861	-148.904648	-2.626986
-161.544861	-148.904648	-2.626986	1.658407	33.621906	95.151016	72.729340
-190.540573	248.309494	13.547932	0.000000	-225.258835	88.773590	13.113739
-225.258835	88.773590	13.113739	0.458407	-288.934174	-13.867978	8.294580
-288.934174	-13.867978	8.294580	0.858407	-288.934174	-21.515341	-2.626986
-288.934174	-21.515341	-2.626986	0.858407	-288.934174	-21.515341	-2.626986
-288.934174	-21.515341	-2.626986	0.858407	-271.448212	-86.773865	-2.626986
-271.448212	-86.773865	-2.626986	1.058407	-161.544861	-148.904648	-2.626986
-161.544861	-148.904648	-2.626986	1.658407	33.621906	95.151016	72.729340
-190.540573	248.309494	13.547932	0.000000	-225.258835	88.773590	13.113739
-225.258835	88.773590	13.113739	0.458407	-288.934174	-13.867978	8.294580
-288.934174	-13.867978	8.294580	0.858407	-288.934174	-21.515341	-2.626986
-288.934174	-21.515341	-2.626986	0.858407	-288.934174	-21.515341	-2.626986
-288.934174	-21.515341	-2.626986	0.858407	-271.448212	-86.773865	-2.626986
-271.448212	-86.773865	-2.626986	1.058407	-161.544861	-148.904648	-2.626986
-161.544861	-148.904648	-2.626986	1.658407	33.621906	95.151016	72.729340
-190.540573	248.309494	13.547932	0.000000	-225.258835	88.773590	13.113739
-225.258835	88.773590	13.113739	0.458407	-288.934174	-13.867978	8.294580
-288.934174	-13.867978	8.294580	0.858407	-288.934174	-21.515341	-2.626986
-288.934174	-21.515341	-2.626986	0.858407	-288.934174	-21.515341	-2.626986
-288.934174	-21.515341	-2.626986	0.858407	-271.448212	-86.773865	-2.626986
-271.448212	-86.773865	-2.626986	1.058407	-161.544861	-148.904648	-2.626986
-161.544861	-148.904648	-2.626986	1.658407	33.621906	95.151016	72.729340
-190.540573	248.309494	13.547932	0.000000	-225.258835	88.773590	13.113739
-225.258835	88.773590	13.113739	0.458407	-288.934174	-13.867978	8.294580
-288.934174	-13.867978	8.294580	0.858407	-288.934174	-21.515341	-2.626986
-288.934174	-21.515341	-2.626986	0.858407	-288.934174	-21.515341	-2.626986
-288.934174	-21.515341	-2.626986	0.858407	-271.448212	-86.773865	-2.626986
-271.448212	-86.773865	-2.626986	1.058407	-161.544861	-148.904648	-2.626986
-161.544861	-148.904648	-2.626986	1.658407	33.621906	95.151016	72.729340
-190.540573	248.309494	13.547932	0.000000	-225.258835	88.773590	13.113739
-225.258835	88.773590	13.113739	0.458407	-288.934174	-13.867978	8.294580
-288.934174	-13.867978	8.294580	0.858407	-288.934174	-21.515341	-2.626986
-288.934174	-21.515341	-2.626986	0.858407	-288.934174	-21.515341	-2.626986
-288.934174	-21.515341	-2.626986	0.858407	-271.448212	-86.773865	-2.626986
-271.448212	-86.773865	-2.626986	1.058407	-161.544861	-148.904648	-2.626986
-161.544861	-148.904648	-2.626986	1.658407	33.621906	95.151016	72.729340
-190.540573	248.309494	13.547932	0.000000	-225.258835	88.773590	13.113739
-225.258835	88.773590	13.113739	0.458407	-288.934174	-13.867978	8.294580
-288.934174	-13.867978	8.294580	0.858407	-288.934174	-21.515341	-2.626986
-288.934174	-21.515341	-2.626986	0.858407	-288.934174	-21.515341	-2.626986
-288.934174	-21.515341	-2.626986	0.858407	-271.448212	-86.773865	-2.626986
-271.448212	-86.773865	-2.626986	1.058407	-161.544861	-148.904648	-2.626986
-161.544861	-148.904648	-2.626986	1.658407	33.621906	95.151016	72.729340
-190.540573	248.309494	13.547932	0.000000	-225.258835	88.773590	13.113739
-225.258835	88.773590	13.113739	0.458407	-288.934174	-13.867978	8.294580
-288.934174	-13.867978	8.294580	0.858407	-288.934174	-21.515341	-2.626986
-288.934174	-21.515341	-2.626986	0.858407	-288.934174	-21.515341	-2.626986
-288.934174	-21.515341	-2.626986	0.858407	-271.448212	-86.773865	-2.626986
-271.448212	-86.773865	-2.626986	1.058407	-161.544861	-148.904648	-2.626986
-161.544861	-148.904648	-2.626986	1.658407	33.621906	95.151016	72.729340
-190.540573	248.309494	13.547932	0.000000	-225.258835	88.773590	13.113739
-225.258835	88.773590	13.113739	0.458407	-288.934174	-13.867978	8.294580
-288.934174	-13.867978	8.294580	0.858407	-288.934174	-21.515341	-2.626986
-288.934174	-21.515341	-2.626986	0.858407	-288.934174	-21.515341	-2.626986
-288.934174	-21.515341	-2.626986	0.858407	-271.448212	-86.773865	-2.626986
-271.448212	-86.773865	-2.626986	1.058407	-161.544861	-148.904648	-2.626986
-161.544861	-148.904648	-2.626986	1.658407	33.621906	95.151016	72.729340
-190.540573	248.309494	13.547932	0.000000	-225.258835	88.773590	13.113739
-225.258835	88.773590	13.113739	0.458407	-288.934174	-13.867978	8.294580
-288.934174	-13.867978	8.294580	0.858407	-288.934174	-21.515341	-2.626986
-288.934174	-21.515341	-2.626986	0.858407	-288.934174	-21.515341	-2.626986
-288.934174	-21.515341	-2.626986	0.858407	-271.448212	-86.773865	-2.626986
-271.448212	-86.773865	-2.626986	1.058407	-161.544861	-148.904648	-2.626986
-161.544861	-148.904648	-2.626986	1.658407	33.621906	95.151016	72.729340
