82.190521	-41.685177	33.184555	0	0	0.80114363	0.59847213
81.515045	-41.962017	33.321190	0	0	0	1
82.834549	-41.946503	32.870827	0	0	0	1
81.402794	-41.645252	33.470592	0	0	0	1
82.743057	-42.316628	32.773167	0	0	0	1
82.942642	-42.490288	32.643574	0	0	0	1
81.181549	-41.045795	33.756371	0	0	0	1
83.119743	-42.742722	32.494240	0	0	0	1
83.188553	-43.093239	32.348057	0	0	0	1
80.286507	-42.031200	33.721386	0	0	0	1
83.246941	-43.151943	32.307384	0	0	0	1
83.235039	-43.282139	32.266026	0	0	0	1
82.905495	-39.730618	33.620209	0	0	0	1
82.382545	-39.590496	33.849785	0	0	0	1
83.579094	-39.911110	33.324501	0	0	0	1
83.619072	-39.921822	33.306950	0	0	0	1
82.174782	-39.534824	33.940990	0	0	0	1
83.858696	-39.986031	33.201756	0	0	0	1
81.773582	-39.427322	34.117119	0	0	0	1
84.104080	-40.051781	33.094032	0	0	0	1
84.283524	-40.099861	33.015259	0	0	0	1
84.356262	-40.119350	32.983326	0	0	0	1
84.388794	-40.128067	32.969044	0	0	0	1
81.286720	-39.296871	34.330849	0	0	0	1
79.198036	-41.070030	34.433048	0	0	0.80114363	0.59847213
78.879829	-41.174484	34.506481	0	0	0	1
79.975204	-38.945450	34.906601	0	0	0	1
78.333473	-41.394341	34.618416	0	0	0	1
79.720200	-38.877121	35.018547	0	0	0	1
77.984077	-41.791718	34.600323	0	0	0	1
79.295860	-38.763420	35.204830	0	0	0	1
79.110031	-38.713627	35.286407	0	0	0	1
78.914330	-38.661190	35.372322	0	0	0	1
77.257080	-43.191696	34.362503	0	0	0	1
79.284065	-46.536102	32.494324	0	0	0	1
78.896217	-46.332886	32.699268	0	0	0	1
79.893379	-46.855366	32.172356	0	0	0	1
78.666344	-46.212437	32.820736	0	0	0	1
79.992523	-46.907314	32.119968	0	0	0	1
80.223610	-47.028397	31.997858	0	0	0	1
78.224602	-45.980980	33.054153	0	0	0	1
80.473503	-47.159332	31.865812	0	0	0	1
77.992760	-45.859501	33.176666	0	0	0	1
80.685707	-47.270523	31.753679	0	0	0	1
80.756920	-47.307835	31.716051	0	0	0	1
80.807228	-47.334194	31.689466	0	0	0	1
76.726067	-45.195793	33.846001	0	0	0	1
76.531517	-45.093857	33.948803	0	0	0	1
76.216331	-44.928711	34.115345	0	0	0	1
76.215958	-44.928513	34.115547	0	0	0	1
76.131241	-44.884125	34.160309	0	0	0	1
76.597824	-38.040485	36.389259	0	0	0	1
76.522858	-38.020397	36.422173	0	0	-0.92106097	0.38941839
75.026962	-42.109791	35.510674	0	0	0	1
75.018433	-42.358135	35.426888	0	0	0	1
75.720810	-39.199268	36.287495	0	0	0	1
76.185143	-37.929905	36.570427	0	0	0	1
75.100136	-39.539619	36.383018	0	0	0	1
74.532036	-43.316597	35.260155	0	0	0	1
74.997810	-39.397121	36.468132	0	0	0	1
75.733253	-37.808823	36.768803	0	0	0	1
75.592590	-37.771133	36.830555	0	0	0	1
74.484467	-40.019222	36.428181	0	0	0	1
74.450195	-40.114811	36.406635	0	0	0	1
74.132469	-43.836830	35.216484	0	0	0	1
74.025711	-43.780891	35.272896	0	0	0	1
75.332962	-37.701565	36.944530	0	0	0	1
75.332329	-37.701393	36.944809	0	0	0	1
74.927910	-37.593033	37.122349	0	0	0	1
74.097221	-39.207062	36.845589	0	0	0	1
73.226585	-43.362175	35.695164	0	0	0	1
74.709076	-37.534397	37.218414	0	0	0	1
72.909409	-43.195984	35.862762	0	0	0	1
72.766548	-43.121132	35.938251	0	0	0	1
72.677048	-43.074234	35.985546	0	0	0	1
72.659538	-43.065063	35.994797	0	0	0	1
71.994469	-42.716587	36.346226	0	0	0	1
80.522842	-31.614136	37.277870	0	0	0	1
80.951782	-31.499201	37.169846	0	0	0	1
81.098076	-31.460001	37.133003	0	0	0	1
81.115356	-31.455372	37.128651	0	0	0	1
79.832169	-31.799202	37.451805	0	0	0	1
81.244904	-31.420660	37.096027	0	0	0	1
81.255211	-31.417896	37.093430	0	0	0	1
81.269775	-31.413994	37.089764	0	0	0	1
79.774910	-31.814543	37.466225	0	0	0	1
81.301819	-31.405409	37.081696	0	0	0	1
79.658112	-31.845839	37.495640	0	0	0	1
78.644852	-32.117340	37.750816	0	0	0	1
71.858269	-45.984642	35.251915	0	0	0	1
77.755028	-32.355770	37.974907	0	0	0	1
77.433777	-32.441849	38.055809	0	0	0	1
76.875771	-32.591366	38.196335	0	0	0	1
71.404305	-40.188869	37.432873	0	0	0	1
76.478210	-32.697891	38.296455	0	0	0	1
75.560127	-32.943890	38.527664	0	0	0	1
74.722153	-33.168427	38.738697	0	0	0	1
74.073883	-33.342129	38.901955	0	0	0	1
73.998497	-33.362328	38.920937	0	0	0	1
73.596298	-33.470097	39.022228	0	0	0	1
73.548759	-33.482834	39.034199	0	0	0	1
73.408325	-33.520462	39.069565	0	0	0	1
73.360359	-33.533318	39.081646	0	0	0	1
73.166306	-33.585312	39.130516	0	0	0	1
70.921143	-36.519421	38.881306	0	0	0	1
69.651855	-46.860020	35.708328	0	0	0	1
69.997452	-37.122513	38.989738	0	0	0	1
68.623772	-43.023163	37.403450	0	0	0	1
68.529526	-43.057499	37.424015	0	0	0	1
69.794724	-36.217598	39.375801	0	0	0	1
70.849289	-34.436165	39.633694	0	0	0	1
69.459969	-36.690868	39.326141	0	0	0	1
69.709816	-50.340145	34.472885	0	0	0	1
69.625374	-50.207123	34.548512	0	0	0	1
69.451447	-49.933128	34.704281	0	0	0	1
70.021851	-50.831703	34.193428	0	0	0	1
69.883980	-36.241516	40.396027	0	0	0.97095818	0.23924928
69.280365	-49.663609	34.857506	0	0	0	1
70.157021	-51.044643	34.072372	0	0	0	1
70.294563	-51.261326	33.949184	0	0	0	1
69.119606	-49.410366	35.001476	0	0	0	1
70.459961	-51.521873	33.801060	0	0	0	1
72.097275	-32.327991	39.938892	0	0	0	1
68.865906	-49.010700	35.228687	0	0	0	1
70.635483	-51.798389	33.643860	0	0	0	1
70.679207	-51.867268	33.604702	0	0	0	1
70.732956	-51.951935	33.556564	0	0	0	1
68.524025	-48.472115	35.534882	0	0	0	1
68.472801	-48.391426	35.580753	0	0	0	1
68.471062	-48.388687	35.582314	0	0	0	1
68.446770	-48.350410	35.604073	0	0	0	1
68.402710	-48.281006	35.643528	0	0	0	1
68.483673	-37.268234	39.461731	0	0	0	1
67.814262	-47.353996	36.170544	0	0	0	1
69.947845	-34.447697	39.941040	0	0	0	1
67.707405	-47.185665	36.266243	0	0	0	1
69.850975	-34.473656	39.965439	0	-0	-1	-4.371139e-08
68.599091	-37.383656	41.263901	0	0	0.73739371	0.67546319
66.651810	-45.522743	37.211632	0	0	0	1
66.636642	-45.498848	37.225216	0	0	0	1
66.620155	-45.472874	37.239983	0	0	0	1
66.596947	-45.436310	37.260769	0	0	0	1
69.886940	-33.260998	40.376530	0	0	0	1
66.502861	-45.288097	37.345032	0	0	0	1
69.900276	-32.811241	40.528999	0	0	0	1
66.143822	-44.722488	37.666584	0	0	0	1
66.139160	-44.715141	37.670761	0	0	0	1
67.065735	-37.208485	39.972378	0	0	0	1
71.198959	-30.722811	40.809788	0	0	0	1
71.171425	-30.750341	40.809681	0	0	0	1
71.158714	-30.763056	40.809635	0	0	0	1
71.133476	-30.788294	40.809536	0	0	0	1
71.015259	-30.906511	40.809086	0	0	0	1
71.389709	-30.532061	40.810516	0	0	0	1
70.992340	-30.929426	40.808998	0	0	0	1
70.992111	-30.929661	40.808994	0	0	0	1
70.920982	-31.000788	40.808723	0	0	0	1
70.825607	-31.096163	40.808357	0	0	0	1
70.723061	-31.198706	40.807964	0	0	0	1
70.074974	-31.846794	40.805485	0	0	0	1
70.012688	-31.909082	40.805244	0	0	0	1
69.924179	-32.005314	40.802208	0	0	0	1
69.801498	-32.120270	40.804436	0	0	0	1
69.418610	-32.503159	40.802971	0	0	0	1
69.325485	-32.596279	40.802612	0	0	0	1
65.506470	-39.317081	39.774555	0	0	0	1
65.246277	-40.288143	39.525291	0	0	0	1
79.258499	-31.931389	48.212257	0	0	0.90407214	0.42737988
65.496765	-39.353298	40.188519	0	0	0.50484609	0.86320938
67.141670	-37.491890	43.211708	0	0	0.73739371	0.67546319
64.448799	-43.264366	38.761318	0	0	0	1
63.787708	-45.731594	38.128002	0	0	0	1
67.542336	-31.719135	41.724884	0	0	0	1
63.203613	-47.911472	37.568443	0	0	0	1
65.828972	-32.592823	42.011578	0	0	0	1
65.373482	-39.813400	45.447510	0	0	0.66627604	0.74570519
64.866180	-33.650745	41.974667	0	0	0	1
62.670673	-39.251095	40.777134	0	0	0	1
67.253235	-37.908253	47.970783	0	0	0.73739371	0.67546319
64.158020	-34.048943	42.080212	0	0	-0.54030229	0.84147099
62.882454	-49.110054	39.536022	0	0	0.80114363	0.59847213
61.285851	-44.580143	39.394325	0	0	0	1
61.288437	-44.662132	39.364799	0	0	0	1
61.281178	-44.431778	39.447754	0	0	0	1
61.291603	-44.762646	39.328602	0	0	0	1
61.275806	-44.261272	39.509159	0	0	0	1
61.296848	-44.929138	39.268642	0	0	0	1
61.270920	-44.106224	39.564995	0	0	0	1
61.269554	-44.062893	39.580601	0	0	0	1
61.268051	-44.015182	39.597782	0	0	0	1
61.308060	-45.285038	39.140472	0	0	0	1
61.261410	-43.804420	39.673687	0	0	0	1
61.311680	-45.399879	39.099113	0	0	0	1
61.259972	-43.758751	39.690132	0	0	0	1
61.314377	-45.485462	39.068295	0	0	0	1
70.101997	-26.009739	42.834717	0	0	0	1
61.255447	-43.615185	39.741833	0	0	0	1
61.253555	-43.555058	39.763489	0	0	0	1
61.323063	-45.761215	38.968987	0	0	0	1
61.334358	-46.119698	38.839886	0	0	0	1
61.336456	-46.186203	38.815937	0	0	0	1
61.340488	-46.314190	38.769844	0	0	0	1
61.202965	-41.949345	40.341751	0	0	0	1
61.200111	-41.858898	40.374325	0	0	0	1
61.375843	-47.436291	38.365742	0	0	0	1
78.482315	-21.635042	42.032116	0	0	0	1
61.187744	-41.466267	40.515720	0	0	0	1
61.182827	-41.310280	40.571899	0	0	0	1
70.869522	-36.505589	51.660812	0	0	0.99913515	0.041580682
61.179764	-41.212975	40.606941	0	0	0	1
70.112411	-25.658737	42.953705	0	0	0	1
61.172955	-40.996868	40.684765	0	0	0	1
70.117088	-25.501112	43.007141	0	0	0	1
62.198322	-51.663261	36.605392	0	0	0	1
70.929512	-36.521664	52.346458	0	0	0.99913515	0.041580682
60.651287	-41.270481	40.769402	0	0	0	1
65.290749	-40.122181	48.976921	0	0	0.50484609	0.86320938
62.129169	-34.163620	42.740959	0	0	0	1
62.123222	-34.174210	42.739315	0	0	0	1
61.041794	-36.834064	42.183914	0	0	0	1
69.323067	-38.107632	52.567875	0	0	0.73739371	0.67546319
66.592155	-27.377907	43.569252	0	0	0	1
61.364258	-35.525475	42.529549	0	0	0	1
61.361088	-35.531116	42.528671	0	0	0	1
61.252670	-35.724152	42.498707	0	0	0	1
69.366661	-38.151226	53.248562	0	0	0.73739371	0.67546319
66.228317	-26.683287	43.937519	0	0	0	1
59.561275	-38.735531	42.031231	0	0	0	1
58.851044	-43.070724	40.762508	0	0	0	1
70.195908	-22.843569	43.908054	0	0	0	1
58.976498	-39.776672	41.869606	0	0	0	1
70.891212	-28.123316	51.855415	0	0	-0.76484218	0.64421769
62.839420	-28.734493	44.391727	0	0	0	1
67.405144	-38.475163	54.450584	0	0	0.73739371	0.67546319
67.430237	-38.568817	55.521038	0	0	0.73739371	0.67546319
61.981720	-39.940048	51.534298	0	0	0.41614682	0.90929743
60.363659	-58.510323	34.847805	0	0	0	1
55.608891	-46.312878	40.750092	0	0	0	1
55.628807	-46.292961	42.022560	0	0	0.32328956	0.94630009
64.417564	-23.226274	45.770332	0	0	0	1
55.435219	-38.336342	43.595856	0	0	0	1
65.089493	-40.873264	56.526012	0	0	0.66627604	0.74570519
70.641701	-18.464622	49.003498	0	0	0	1
65.072540	-40.936531	58.284954	0	0	0.66627604	0.74570519
55.318325	-32.967670	45.511219	0	0	0	1
55.303020	-32.264702	45.762016	0	0	0	1
63.657394	-21.490234	48.167126	0	0	0	1
59.924236	-37.133514	54.957664	0	0	0.32328956	0.94630009
70.968666	-19.557152	52.740723	0	0	-0.76484218	0.64421769
53.068508	-38.970501	46.159779	0	0	0.32328956	0.94630009
63.171074	-20.379599	49.700481	0	0	0	1
63.143532	-20.316700	49.787319	0	0	0	1
51.939613	-40.612385	46.939068	0	0	0	1
52.908684	-55.911327	40.735508	0	0	0	1
51.305729	-50.616039	44.368351	0	0	0	1
50.981144	-50.940624	44.641277	0	0	0	1
50.752399	-51.169369	44.833611	0	0	0	1
50.856022	-39.563335	48.556622	0	0	0	1
50.892941	-53.418346	43.923920	0	0	0	1
62.558533	-18.980705	51.631809	0	0	0	1
50.451153	-51.470615	45.086914	0	0	0	1
50.150085	-51.771687	45.340061	0	0	0	1
55.129410	-23.841438	48.763775	0	0	0	1
62.212315	-18.190033	52.723419	0	0	0	1
54.790379	-23.598232	49.233620	0	0	-0.82533563	0.56464246
62.062481	-17.847849	53.195843	0	0	0	1
71.158897	-13.384254	54.915142	0	0	0	1
49.105434	-40.032406	50.453083	0	0	0	1
61.959377	-17.612391	53.520920	0	0	0	1
48.807453	-53.114315	46.468998	0	0	0	1
50.601028	-31.768150	51.437626	0	0	0	1
47.779564	-45.247906	50.279495	0	0	0	1
61.648331	-16.902031	54.501652	0	0	0	1
49.959637	-31.700417	52.211830	0	0	0	1
47.909653	-40.352814	51.748505	0	0	0	1
49.989388	-30.910774	52.438526	0	0	0	1
47.615982	-42.665382	51.326679	0	0	0	1
46.694561	-47.299541	50.871609	0	0	0	1
48.870132	-31.585360	53.526932	0	0	0	1
46.807053	-41.441879	52.680096	0	0	0.73739371	0.67546319
46.436501	-43.225441	52.523617	0	0	-0.45359611	0.89120736
52.376350	-21.860502	52.638680	0	0	0	1
48.755898	-30.580261	53.993763	0	0	0	1
46.619896	-55.301872	48.308376	0	0	0	1
52.191483	-21.727427	52.899441	0	0	0	1
49.607189	-27.503614	54.015106	0	0	0	1
45.851463	-40.904305	53.978195	0	0	0.50484609	0.86320938
47.991360	-30.375404	54.957722	0	0	0	1
45.600945	-40.971428	54.249592	0	0	0.66627604	0.74570519
45.775440	-36.614288	55.488358	0	0	0	1
46.872215	-31.374371	55.938553	0	0	0	1
44.875763	-57.046009	49.774910	0	0	0	1
46.518688	-29.980804	56.814526	0	0	0	1
46.511597	-29.978903	56.823471	0	0	0	1
60.107269	-13.382638	59.360561	0	0	0	1
48.630726	-22.347733	56.867477	0	0	-0.82533563	0.56464246
49.708069	-19.939749	56.402378	0	0	-0.82533563	0.56464246
43.210514	-41.611942	56.839207	0	0	0	1
45.652241	-56.269527	56.526012	0	0	0.58850112	0.8084964
45.437290	-29.691044	58.178001	0	0	-0.070737201	0.99749499
59.601875	-12.228441	60.954056	0	0	0	1
59.384502	-11.732018	61.639427	0	0	0	1
90.970062	-3.045265	59.403660	0	0	0	1
48.865067	-18.327267	57.924576	0	0	0	1
41.726723	-42.009525	58.446640	0	0	0	1
48.443466	-19.029430	58.186134	0	0	0	1
44.087349	-29.329329	59.880062	0	0	0	1
43.689354	-29.655422	60.238529	0	0	0	1
48.161369	-17.706799	58.954895	0	0	0	1
46.692017	-19.915846	59.945362	0	0	0.22720209	0.97384763
47.418655	-18.291723	59.631664	0	0	0	1
40.033440	-42.463238	60.281021	0	0	-0.45359611	0.89120736
42.623447	-59.298321	58.697510	0	0	0.58850112	0.8084964
46.729271	-17.795471	60.604061	0	0	0	1
47.068081	-16.742819	60.555637	0	0	0	1
37.718918	-43.083412	62.788403	0	0	0.73739371	0.67546319
37.618366	-43.110355	62.897331	0	0	0	1
45.064285	-16.596937	62.952576	0	0	0	1
57.567558	-7.582577	67.368187	0	0	0	1
37.836136	-37.672642	64.443314	0	0	0	1
39.321342	-30.576963	65.052948	0	0	0	1
39.570320	-28.118994	65.575325	0	0	-0.69670669	0.71735611
44.241764	-16.004848	64.112770	0	0	0	1
40.783493	-23.734482	65.605736	0	0	0	1
38.161797	-32.024792	65.932449	0	0	0	1
38.483364	-30.488470	66.064445	0	0	0	1
38.711994	-27.889006	66.657532	0	0	0	1
38.672173	-27.878336	66.707741	0	0	0	1
42.157555	-14.504539	67.052612	0	0	0	1
42.791447	-12.971997	66.817284	0	0	0	1
33.523605	-44.207542	67.333298	0	0	0	1
33.981281	-32.779446	70.582382	0	0	0	1
34.547802	-30.072857	70.814926	0	0	0	1
73.106087	5.742597	77.171608	0	0	0	1
134.452484	0.178191	45.803730	0	0	0	1
26.985380	-45.959454	74.416336	0	0	0.66627604	0.74570519
35.357513	-9.609550	76.644287	0	0	-0.69670669	0.71735611
52.940334	2.984844	81.957680	0	0	0	1
51.507771	2.450680	81.890236	0	0	0	1
36.935974	-5.720537	77.906357	0	0	0	1
27.761162	-26.588264	79.923698	0	0	0	1
68.719887	-43.381874	110.534538	0	0	0.73739371	0.67546319
63.843395	-45.523769	110.717361	0	0	0.80114363	0.59847213
58.039833	-43.881935	113.081879	0	0	0.66627604	0.74570519
104.988792	-23.462160	111.427048	0	0	-0.95533648	0.29552023
54.496716	-38.587814	116.994514	0	0	0.22720209	0.97384763
27.226204	3.989233	93.506279	0	0	0	1
35.780994	-27.103647	119.581581	0	0	-0.62160997	0.7833269
118.698647	38.232677	97.976555	0	0	-0.95533648	0.29552023
113.076553	25.681293	114.056511	0	0	-0.92106097	0.38941839
49.635292	27.842823	113.229347	0	0	0	1
94.342079	41.624836	111.855522	0	0	0	1
87.049110	41.081142	114.132858	0	0	0	1
16.171814	15.043623	119.581581	0	0	-0.87758258	0.4794255
77.384483	47.768444	126.073898	0	0	0	1
62.319099	45.472244	129.365265	0	0	-0.92106097	0.38941839
46.239693	40.515358	129.859375	0	0	0	1
51.770298	-20.554859	246.450455	0	0	0	1
61.006283	-14.594300	247.735626	0	0	-0.54030229	0.84147099
32.392796	-49.912144	247.089615	0	0	0.58850112	0.8084964
72.455971	-13.381192	251.328522	0	0	-0.69670669	0.71735611
83.130554	-18.791216	256.351318	0	0	-0.87758258	0.4794255
120.347397	-20.943178	258.528900	0	0	0.99913515	0.041580682
42.900356	-115.287941	249.541489	0	0	0.94222235	0.33498812
160.314789	-60.472378	258.528900	0	0	0.99913515	0.041580682
100.184021	-141.524460	253.938110	0	0	0.99913515	0.041580682
146.065186	-114.849754	258.528900	0	0	0.99913515	0.041580682
145.626999	-115.287941	258.528900	0	0	0.99913515	0.041580682
