453.405487	-115.416687	-332.336609	0.000000	0.000000	0.000000
412.402985	-110.289902	-303.495392	0.000000	0.000000	0.000000
377.664673	-105.931511	-279.073730	0.000000	0.000000	0.000000
347.853607	-102.177376	-258.128448	0.000000	0.000000	0.000000
321.989502	-98.907265	-239.967941	0.000000	0.000000	0.000000
299.334839	-96.030602	-224.071960	0.000000	0.000000	0.000000
279.325439	-93.478165	-210.042526	0.000000	0.000000	0.000000
261.522369	-91.196083	-197.569931	0.000000	0.000000	0.000000
245.578140	-89.141693	-186.409073	0.000000	0.000000	2.858407
231.215271	-87.280983	-176.364166	0.000000	0.000000	2.858407
218.208420	-85.586266	-167.276260	0.000000	0.000000	2.858407
206.373383	-84.034950	-159.015396	0.000000	0.000000	2.858407
195.557724	-82.608330	-151.474045	0.000000	0.000000	2.858407
185.634460	-81.290810	-144.562607	0.000000	0.000000	2.858407
176.496857	-80.069298	-138.205795	0.000000	0.000000	2.858407
168.054550	-78.932716	-132.339859	0.000000	0.000000	0.000000
160.230515	-77.871597	-126.910461	0.000000	0.000000	0.000000
152.958740	-76.877853	-121.871017	0.000000	0.000000	0.000000
146.182327	-75.944504	-117.181389	0.000000	0.000000	0.000000
139.851837	-75.065483	-112.806717	0.000000	0.000000	0.000000
133.924347	-74.235527	-108.716682	0.000000	0.000000	0.000000
128.362106	-73.449997	-104.884674	0.000000	0.000000	0.000000
123.132126	-72.704857	-101.287422	0.000000	0.000000	0.000000
118.205139	-71.996506	-97.904266	0.000000	0.000000	2.658407
113.555344	-71.321800	-94.716995	0.000000	0.000000	2.658407
109.159607	-70.677879	-91.709305	0.000000	0.000000	2.658407
104.997566	-70.062271	-88.866814	0.000000	0.000000	2.658407
103.782333	-70.504875	-88.221161	0.000000	0.000000	2.658407
104.092209	-71.521538	-88.721046	0.000000	0.000000	2.658407
104.392479	-72.543274	-89.220459	0.000000	0.000000	2.658407
104.683090	-73.569977	-89.719368	0.000000	0.000000	2.658407
104.963959	-74.601547	-90.217766	0.000000	0.000000	2.658407
105.235023	-75.637886	-90.715607	0.000000	0.000000	2.658407
105.496223	-76.678886	-91.212906	0.000000	0.000000	2.658407
105.747475	-77.724442	-91.709618	0.000000	0.000000	2.658407
105.988724	-78.774445	-92.205727	0.000000	0.000000	2.658407
106.219910	-79.828804	-92.701233	0.000000	0.000000	2.658407
106.440964	-80.887390	-93.196083	0.000000	0.000000	2.658407
106.651825	-81.950111	-93.690292	0.000000	0.000000	2.658407
106.852432	-83.016853	-94.183815	0.000000	0.000000	2.658407
107.042725	-84.087509	-94.676643	0.000000	0.000000	2.658407
107.222656	-85.161964	-95.168755	0.000000	0.000000	2.658407
107.392159	-86.240112	-95.660133	0.000000	0.000000	2.658407
107.551178	-87.321831	-96.150757	0.000000	0.000000	2.658407
107.699669	-88.407021	-96.640610	0.000000	0.000000	2.658407
107.837570	-89.495560	-97.129669	0.000000	0.000000	2.658407
107.964836	-90.587349	-97.617912	0.000000	0.000000	2.458407
108.081413	-91.682251	-98.105324	0.000000	0.000000	2.458407
108.187256	-92.780159	-98.591888	0.000000	0.000000	2.458407
108.282310	-93.880966	-99.077583	0.000000	0.000000	2.458407
108.366539	-94.984543	-99.562378	0.000000	0.000000	2.458407
108.439888	-96.090782	-100.046280	0.000000	0.000000	2.458407
108.502327	-97.199554	-100.529243	0.000000	0.000000	2.458407
108.553802	-98.310753	-101.011269	0.000000	0.000000	2.458407
108.594276	-99.424248	-101.492317	0.000000	0.000000	2.458407
108.623718	-100.539932	-101.972389	0.000000	0.000000	2.458407
108.642075	-101.657677	-102.451454	0.000000	0.000000	2.458407
108.649330	-102.777359	-102.929504	0.000000	0.000000	2.458407
108.645432	-103.898857	-103.406502	0.000000	0.000000	2.458407
108.630348	-105.022057	-103.882446	0.000000	0.000000	2.458407
108.604057	-106.146835	-104.357315	0.000000	0.000000	2.458407
108.566528	-107.273064	-104.831078	0.000000	0.000000	2.458407
108.517715	-108.400612	-105.303726	0.000000	0.000000	2.458407
108.457611	-109.529381	-105.775246	0.000000	0.000000	2.458407
108.386177	-110.659218	-106.245605	0.000000	0.000000	2.458407
108.303391	-111.790024	-106.714790	0.000000	0.000000	2.458407
108.209229	-112.921654	-107.182793	0.000000	0.000000	2.458407
108.103668	-114.053978	-107.649574	0.000000	0.000000	2.458407
107.986694	-115.186905	-108.115143	0.000000	0.000000	2.458407
107.858284	-116.320282	-108.579453	0.000000	0.000000	2.458407
107.718414	-117.453979	-109.042503	0.000000	0.000000	2.458407
107.567078	-118.587875	-109.504265	0.000000	0.000000	2.458407
107.404259	-119.721863	-109.964737	0.000000	0.000000	2.458407
107.229942	-120.855789	-110.423889	0.000000	0.000000	2.458407
107.044113	-121.989540	-110.881699	0.000000	0.000000	2.458407
106.846771	-123.122978	-111.338150	0.000000	0.000000	2.458407
106.637894	-124.255981	-111.793228	0.000000	0.000000	2.458407
106.417488	-125.388420	-112.246925	0.000000	0.000000	2.458407
106.185539	-126.520180	-112.699203	0.000000	0.000000	2.258407
105.942039	-127.651123	-113.150055	0.000000	0.000000	2.258407
105.687004	-128.781097	-113.599472	0.000000	0.000000	2.258407
105.420410	-129.910019	-114.047417	0.000000	0.000000	2.258407
105.142273	-131.037720	-114.493874	0.000000	0.000000	2.258407
104.852592	-132.164093	-114.938843	0.000000	0.000000	2.258407
104.551361	-133.289017	-115.382301	0.000000	0.000000	2.258407
104.238602	-134.412338	-115.824219	0.000000	0.000000	2.258407
103.914307	-135.533951	-116.264595	0.000000	0.000000	2.258407
103.578491	-136.653702	-116.703392	0.000000	0.000000	2.258407
103.231163	-137.771500	-117.140610	0.000000	0.000000	2.258407
102.872330	-138.887177	-117.576225	0.000000	0.000000	2.258407
102.502007	-140.000626	-118.010223	0.000000	0.000000	2.258407
102.120209	-141.111710	-118.442574	0.000000	0.000000	2.258407
101.726944	-142.220291	-118.873283	0.000000	0.000000	2.258407
101.322243	-143.326279	-119.302315	0.000000	0.000000	2.258407
100.906120	-144.429504	-119.729660	0.000000	0.000000	2.258407
100.478592	-145.529846	-120.155296	0.000000	0.000000	2.258407
100.039673	-146.627197	-120.579224	0.000000	0.000000	2.258407
99.589401	-147.721420	-121.001404	0.000000	0.000000	2.258407
99.127792	-148.812378	-121.421829	0.000000	0.000000	2.258407
98.654877	-149.899948	-121.840485	0.000000	0.000000	2.258407
98.170677	-150.984024	-122.257355	0.000000	0.000000	2.258407
97.675232	-152.064438	-122.672417	0.000000	0.000000	2.258407
97.168556	-153.141113	-123.085663	0.000000	0.000000	2.258407
96.650696	-154.213867	-123.497063	0.000000	0.000000	2.258407
96.121674	-155.282623	-123.906616	0.000000	0.000000	2.258407
95.581543	-156.347229	-124.314301	0.000000	0.000000	2.258407
95.030327	-157.407562	-124.720093	0.000000	0.000000	2.258407
94.468056	-158.463516	-125.123993	0.000000	0.000000	2.258407
93.894791	-159.514938	-125.525970	0.000000	0.000000	2.258407
93.310555	-160.561722	-125.926010	0.000000	0.000000	2.258407
92.715393	-161.603745	-126.324104	0.000000	0.000000	2.058407
92.109360	-162.640869	-126.720238	0.000000	0.000000	2.058407
91.492485	-163.672989	-127.114388	0.000000	0.000000	2.058407
90.864830	-164.699982	-127.506538	0.000000	0.000000	2.058407
90.226440	-165.721710	-127.896675	0.000000	0.000000	2.058407
89.577362	-166.738052	-128.284790	0.000000	0.000000	2.058407
88.917641	-167.748917	-128.670868	0.000000	0.000000	2.058407
88.247337	-168.754150	-129.054871	0.000000	0.000000	2.058407
87.566505	-169.753662	-129.436829	0.000000	0.000000	2.058407
86.875198	-170.747299	-129.816681	0.000000	0.000000	2.058407
86.173485	-171.734970	-130.194427	0.000000	0.000000	2.058407
85.461395	-172.716553	-130.570068	0.000000	0.000000	2.058407
84.739014	-173.691925	-130.943558	0.000000	0.000000	2.058407
84.006393	-174.660965	-131.314911	0.000000	0.000000	2.058407
83.263603	-175.623566	-131.684113	0.000000	0.000000	2.058407
82.510689	-176.579605	-132.051132	0.000000	0.000000	2.058407
81.747734	-177.528976	-132.415955	0.000000	0.000000	2.058407
80.974800	-178.471573	-132.778564	0.000000	0.000000	2.058407
80.191963	-179.407242	-133.138962	0.000000	0.000000	2.058407
79.399269	-180.335922	-133.497131	0.000000	0.000000	2.058407
78.596802	-181.257477	-133.853043	0.000000	0.000000	2.058407
77.784645	-182.171799	-134.206711	0.000000	0.000000	2.058407
76.962860	-183.078766	-134.558075	0.000000	0.000000	2.058407
76.131516	-183.978287	-134.907166	0.000000	0.000000	2.058407
75.290695	-184.870255	-135.253952	0.000000	0.000000	2.058407
74.440475	-185.754547	-135.598419	0.000000	0.000000	2.058407
73.580948	-186.631073	-135.940552	0.000000	0.000000	2.058407
72.712166	-187.499710	-136.280350	0.000000	0.000000	2.058407
71.834229	-188.360352	-136.617783	0.000000	0.000000	2.058407
70.947205	-189.212921	-136.952850	0.000000	0.000000	2.058407
70.051193	-190.057297	-137.285522	0.000000	0.000000	2.058407
69.146271	-190.893372	-137.615799	0.000000	0.000000	2.058407
68.232529	-191.721054	-137.943680	0.000000	0.000000	1.858407
67.310043	-192.540237	-138.269119	0.000000	0.000000	1.858407
66.378906	-193.350830	-138.592133	0.000000	0.000000	1.858407
65.439217	-194.152725	-138.912689	0.000000	0.000000	1.858407
64.491051	-194.945831	-139.230789	0.000000	0.000000	1.858407
63.534519	-195.730057	-139.546417	0.000000	0.000000	1.858407
62.569695	-196.505295	-139.859543	0.000000	0.000000	1.858407
61.596680	-197.271454	-140.170181	0.000000	0.000000	1.858407
60.615570	-198.028442	-140.478317	0.000000	0.000000	1.858407
59.626465	-198.776184	-140.783905	0.000000	0.000000	1.858407
58.629456	-199.514557	-141.086990	0.000000	0.000000	1.858407
57.624645	-200.243500	-141.387497	0.000000	0.000000	1.858407
56.612125	-200.962906	-141.685455	0.000000	0.000000	1.858407
55.592010	-201.672699	-141.980850	0.000000	0.000000	1.858407
54.564388	-202.372787	-142.273651	0.000000	0.000000	1.858407
53.529366	-203.063095	-142.563858	0.000000	0.000000	1.858407
52.487049	-203.743530	-142.851456	0.000000	0.000000	1.858407
51.437546	-204.414001	-143.136444	0.000000	0.000000	1.858407
50.380951	-205.074432	-143.418808	0.000000	0.000000	1.858407
49.317383	-205.724747	-143.698517	0.000000	0.000000	1.858407
48.246941	-206.364868	-143.975586	0.000000	0.000000	1.858407
47.169731	-206.994720	-144.250000	0.000000	0.000000	1.858407
46.085876	-207.614212	-144.521729	0.000000	0.000000	1.858407
44.995468	-208.223282	-144.790787	0.000000	0.000000	1.858407
43.898636	-208.821854	-145.057129	0.000000	0.000000	1.858407
42.795483	-209.409851	-145.320786	0.000000	0.000000	1.858407
41.686123	-209.987198	-145.581726	0.000000	0.000000	1.858407
40.570663	-210.553818	-145.839935	0.000000	0.000000	1.858407
39.449230	-211.109665	-146.095413	0.000000	0.000000	1.858407
38.321934	-211.654663	-146.348145	0.000000	0.000000	1.858407
37.188881	-212.188736	-146.598114	0.000000	0.000000	1.858407
36.050205	-212.711838	-146.845322	0.000000	0.000000	1.858407
34.906017	-213.223877	-147.089752	0.000000	0.000000	1.658407
33.756432	-213.724808	-147.331406	0.000000	0.000000	1.658407
32.601578	-214.214569	-147.570251	0.000000	0.000000	1.658407
31.441561	-214.693100	-147.806320	0.000000	0.000000	1.658407
30.276510	-215.160339	-148.039551	0.000000	0.000000	1.658407
29.106554	-215.616226	-148.269974	0.000000	0.000000	1.658407
27.931805	-216.060730	-148.497559	0.000000	0.000000	1.658407
26.752382	-216.493759	-148.722290	0.000000	0.000000	1.658407
25.568417	-216.915298	-148.944183	0.000000	0.000000	1.658407
24.380033	-217.325256	-149.163223	0.000000	0.000000	1.658407
23.187349	-217.723618	-149.379395	0.000000	0.000000	1.658407
21.990496	-218.110321	-149.592697	0.000000	0.000000	1.658407
20.789593	-218.485321	-149.803101	0.000000	0.000000	1.658407
19.584776	-218.848572	-150.010635	0.000000	0.000000	1.658407
18.376165	-219.200027	-150.215256	0.000000	0.000000	1.658407
17.163887	-219.539642	-150.416962	0.000000	0.000000	1.658407
15.948071	-219.867386	-150.615753	0.000000	0.000000	1.658407
14.728848	-220.183212	-150.811630	0.000000	0.000000	1.658407
13.506344	-220.487076	-151.004562	0.000000	0.000000	1.658407
12.280686	-220.778946	-151.194565	0.000000	0.000000	1.658407
11.052008	-221.058807	-151.381622	0.000000	0.000000	1.658407
9.820439	-221.326584	-151.565720	0.000000	0.000000	1.658407
8.586104	-221.582275	-151.746872	0.000000	0.000000	1.658407
7.349143	-221.825851	-151.925034	0.000000	0.000000	1.658407
6.109681	-222.057266	-152.100235	0.000000	0.000000	1.658407
4.867849	-222.276520	-152.272430	0.000000	0.000000	1.658407
3.623785	-222.483536	-152.441666	0.000000	0.000000	1.658407
2.377615	-222.678345	-152.607895	0.000000	0.000000	1.658407
1.129471	-222.860886	-152.771118	0.000000	0.000000	1.658407
-0.120508	-223.031158	-152.931320	0.000000	0.000000	1.658407
-1.372198	-223.189148	-153.088531	0.000000	0.000000	1.658407
-2.625458	-223.334808	-153.242706	0.000000	0.000000	1.658407
-3.880162	-223.468140	-153.393860	0.000000	0.000000	0.000000
-5.136166	-223.589127	-153.541977	0.000000	0.000000	0.000000
-6.393348	-223.697739	-153.687057	0.000000	0.000000	0.000000
-7.651566	-223.794006	-153.829086	0.000000	0.000000	0.000000
-8.910688	-223.877869	-153.968063	0.000000	0.000000	0.000000
-10.170585	-223.949356	-154.103989	0.000000	0.000000	0.000000
-11.428228	-224.069580	-154.149429	0.000000	0.000000	0.000000
-12.685723	-224.212296	-154.141983	0.000000	0.000000	0.000000
-13.944793	-224.342651	-154.131439	0.000000	0.000000	0.000000
-15.205301	-224.460648	-154.117798	0.000000	0.000000	0.000000
-16.467117	-224.566254	-154.101044	0.000000	0.000000	0.000000
-17.730108	-224.659470	-154.081192	0.000000	0.000000	0.000000
-18.994135	-224.740280	-154.058243	0.000000	0.000000	0.000000
-20.259068	-224.808670	-154.032196	0.000000	0.000000	0.000000
-21.524771	-224.864639	-154.003052	0.000000	0.000000	0.000000
-22.791109	-224.908157	-153.970810	0.000000	0.000000	0.000000
-24.057949	-224.939224	-153.935455	0.000000	0.000000	0.000000
-25.325155	-224.957840	-153.897034	0.000000	0.000000	0.000000
-26.592596	-224.964005	-153.855499	0.000000	0.000000	0.000000
-27.796633	-224.959976	-153.810776	0.000000	0.000000	0.000000
-28.005835	-224.985947	-153.761505	0.000000	0.000000	0.000000
-28.215521	-225.012772	-153.709137	0.000000	0.000000	0.000000
-28.425722	-225.040405	-153.653702	0.000000	0.000000	0.000000
-28.636475	-225.068878	-153.595169	0.000000	0.000000	0.000000
-28.847805	-225.098145	-153.533554	0.000000	0.000000	0.000000
-29.059750	-225.128220	-153.468872	0.000000	0.000000	0.000000
-29.272339	-225.159088	-153.401093	0.000000	0.000000	0.000000
-29.485603	-225.190735	-153.330246	0.000000	0.000000	0.000000
-29.699575	-225.223160	-153.256332	0.000000	0.000000	0.000000
-29.914286	-225.256348	-153.179352	0.000000	0.000000	0.000000
-30.129765	-225.290268	-153.099319	0.000000	0.000000	0.000000
-30.346046	-225.324936	-153.016205	0.000000	0.000000	1.458407
-30.563160	-225.360336	-152.930054	0.000000	0.000000	1.658407
-30.781136	-225.396439	-152.840820	0.000000	0.000000	1.658407
-31.000004	-225.433228	-152.748550	0.000000	0.000000	1.658407
-31.219795	-225.470718	-152.653229	0.000000	0.000000	1.658407
-31.440538	-225.508865	-152.554871	0.000000	0.000000	1.658407
-31.662268	-225.547668	-152.453461	0.000000	0.000000	1.658407
-31.885010	-225.587112	-152.349014	0.000000	0.000000	1.658407
-32.108791	-225.627182	-152.241547	0.000000	0.000000	1.658407
-32.333649	-225.667847	-152.131042	0.000000	0.000000	1.658407
-32.559601	-225.709106	-152.017532	0.000000	0.000000	1.658407
-32.786686	-225.750931	-151.900986	0.000000	0.000000	1.658407
-33.014931	-225.793304	-151.781433	0.000000	0.000000	1.658407
-33.244358	-225.836212	-151.658875	0.000000	0.000000	1.658407
-33.474998	-225.879639	-151.533295	0.000000	0.000000	1.658407
-33.706886	-225.923553	-151.404709	0.000000	0.000000	1.658407
-33.940037	-225.967941	-151.273163	0.000000	0.000000	1.658407
-34.174488	-226.012787	-151.138596	0.000000	0.000000	1.658407
-34.410259	-226.058060	-151.001053	0.000000	0.000000	1.658407
-34.647381	-226.103745	-150.860535	0.000000	0.000000	1.658407
-34.885880	-226.149811	-150.717041	0.000000	0.000000	1.658407
-35.125778	-226.196243	-150.570587	0.000000	0.000000	1.658407
-35.367107	-226.243027	-150.421158	0.000000	0.000000	1.658407
-35.609886	-226.290115	-150.268799	0.000000	0.000000	1.658407
-35.854145	-226.337509	-150.113464	0.000000	0.000000	1.658407
-36.099903	-226.385178	-149.955185	0.000000	0.000000	1.658407
-36.347191	-226.433090	-149.793976	0.000000	0.000000	1.658407
-36.596027	-226.481216	-149.629837	0.000000	0.000000	1.658407
-36.846439	-226.529541	-149.462769	0.000000	0.000000	1.658407
-37.098446	-226.578033	-149.292786	0.000000	0.000000	1.658407
-37.352074	-226.626663	-149.119904	0.000000	0.000000	1.658407
-37.607346	-226.675415	-148.944092	0.000000	0.000000	1.658407
-37.864281	-226.724258	-148.765396	0.000000	0.000000	1.658407
-38.122902	-226.773148	-148.583801	0.000000	0.000000	1.658407
-38.383232	-226.822083	-148.399338	0.000000	0.000000	1.658407
-38.645290	-226.871017	-148.211990	0.000000	0.000000	1.658407
-38.909096	-226.919922	-148.021774	0.000000	0.000000	1.658407
-39.174671	-226.968781	-147.828690	0.000000	0.000000	1.658407
-39.442036	-227.017548	-147.632767	0.000000	0.000000	1.658407
-39.711208	-227.066208	-147.433975	0.000000	0.000000	1.658407
-39.982208	-227.114731	-147.232361	0.000000	0.000000	1.658407
-40.255051	-227.163055	-147.027924	0.000000	0.000000	1.658407
-40.529755	-227.211197	-146.820663	0.000000	0.000000	1.658407
-40.806343	-227.259079	-146.610565	0.000000	0.000000	1.658407
-41.084827	-227.306702	-146.397690	0.000000	0.000000	1.658407
-41.365231	-227.354034	-146.182007	0.000000	0.000000	1.658407
-41.647556	-227.401016	-145.963531	0.000000	0.000000	1.658407
-41.931835	-227.447632	-145.742279	0.000000	0.000000	1.658407
-42.218075	-227.493851	-145.518250	0.000000	0.000000	1.658407
-42.506283	-227.539627	-145.291473	0.000000	0.000000	1.658407
-42.796490	-227.584946	-145.061935	0.000000	0.000000	1.658407
-43.088696	-227.629761	-144.829651	0.000000	0.000000	1.658407
-43.382919	-227.674042	-144.594620	0.000000	0.000000	1.658407
-43.679176	-227.717758	-144.356873	0.000000	0.000000	1.658407
-43.977474	-227.760849	-144.116425	0.000000	0.000000	1.658407
-44.277824	-227.803314	-143.873245	0.000000	0.000000	1.658407
-44.580242	-227.845108	-143.627380	0.000000	0.000000	1.658407
-44.884735	-227.886169	-143.378830	0.000000	0.000000	1.658407
-45.191315	-227.926498	-143.127594	0.000000	0.000000	1.658407
-45.499992	-227.966034	-142.873703	0.000000	0.000000	1.658407
-45.810776	-228.004761	-142.617126	0.000000	0.000000	1.658407
-46.123669	-228.042618	-142.357941	0.000000	0.000000	1.658407
-46.438690	-228.079590	-142.096085	0.000000	0.000000	1.658407
-46.755840	-228.115631	-141.831604	0.000000	0.000000	1.658407
-47.075127	-228.150696	-141.564529	0.000000	0.000000	1.658407
-47.396553	-228.184753	-141.294830	0.000000	0.000000	1.658407
-47.720135	-228.217773	-141.022537	0.000000	0.000000	1.658407
-48.045872	-228.249710	-140.747665	0.000000	0.000000	1.658407
-48.373768	-228.280518	-140.470215	0.000000	0.000000	1.858407
-48.703831	-228.310165	-140.190201	0.000000	0.000000	1.858407
-49.036057	-228.338623	-139.907639	0.000000	0.000000	1.858407
-49.370461	-228.365845	-139.622528	0.000000	0.000000	1.858407
-49.707035	-228.391800	-139.334900	0.000000	0.000000	1.858407
-50.045788	-228.416428	-139.044739	0.000000	0.000000	1.858407
-50.386719	-228.439697	-138.752090	0.000000	0.000000	1.858407
-50.729832	-228.461594	-138.456924	0.000000	0.000000	1.858407
-51.075123	-228.482040	-138.159286	0.000000	0.000000	1.858407
-51.422592	-228.501038	-137.859177	0.000000	0.000000	1.858407
-51.772243	-228.518509	-137.556610	0.000000	0.000000	1.858407
-52.124073	-228.534424	-137.251587	0.000000	0.000000	1.858407
-52.478077	-228.548767	-136.944138	0.000000	0.000000	1.858407
-52.834255	-228.561462	-136.634247	0.000000	0.000000	1.858407
-53.192604	-228.572495	-136.321960	0.000000	0.000000	1.858407
-53.553123	-228.581818	-136.007263	0.000000	0.000000	1.858407
-53.915802	-228.589401	-135.690186	0.000000	0.000000	1.858407
-54.280640	-228.595184	-135.370743	0.000000	0.000000	1.858407
-54.647633	-228.599136	-135.048920	0.000000	0.000000	1.858407
-55.016769	-228.601227	-134.724762	0.000000	0.000000	1.858407
-55.388050	-228.601395	-134.398270	0.000000	0.000000	1.858407
-55.761463	-228.599609	-134.069443	0.000000	0.000000	1.858407
-56.137001	-228.595840	-133.738312	0.000000	0.000000	1.858407
-56.514660	-228.590042	-133.404877	0.000000	0.000000	1.858407
-56.894424	-228.582169	-133.069168	0.000000	0.000000	1.858407
-57.276287	-228.572189	-132.731186	0.000000	0.000000	1.858407
-57.660240	-228.560043	-132.390930	0.000000	0.000000	1.858407
-58.046276	-228.545715	-132.048447	0.000000	0.000000	1.858407
-58.434376	-228.529160	-131.703735	0.000000	0.000000	1.858407
-58.824532	-228.510315	-131.356796	0.000000	0.000000	1.858407
-59.216728	-228.489166	-131.007660	0.000000	0.000000	1.858407
-59.610958	-228.465668	-130.656326	0.000000	0.000000	1.858407
-60.007206	-228.439774	-130.302826	0.000000	0.000000	1.858407
-60.405453	-228.411438	-129.947159	0.000000	0.000000	1.858407
-60.805691	-228.380630	-129.589340	0.000000	0.000000	1.858407
-61.207897	-228.347321	-129.229401	0.000000	0.000000	1.858407
-61.612064	-228.311447	-128.867325	0.000000	0.000000	1.858407
-62.018169	-228.272995	-128.503159	0.000000	0.000000	1.858407
-62.426193	-228.231903	-128.136887	0.000000	0.000000	1.858407
-62.836124	-228.188141	-127.768555	0.000000	0.000000	1.858407
-63.247944	-228.141678	-127.398155	0.000000	0.000000	1.858407
-63.661629	-228.092453	-127.025711	0.000000	0.000000	1.858407
-64.077164	-228.040436	-126.651222	0.000000	0.000000	1.858407
-64.494522	-227.985611	-126.274734	0.000000	0.000000	1.858407
-64.913689	-227.927902	-125.896233	0.000000	0.000000	1.858407
-65.334648	-227.867310	-125.515747	0.000000	0.000000	1.858407
-65.757362	-227.803757	-125.133286	0.000000	0.000000	1.858407
-66.181824	-227.737228	-124.748863	0.000000	0.000000	1.858407
-66.608002	-227.667694	-124.362503	0.000000	0.000000	1.858407
-67.035873	-227.595093	-123.974213	0.000000	0.000000	1.858407
-67.465416	-227.519394	-123.584015	0.000000	0.000000	1.858407
-67.896614	-227.440582	-123.191917	0.000000	0.000000	1.858407
-68.329422	-227.358582	-122.797943	0.000000	0.000000	1.858407
-68.763824	-227.273392	-122.402100	0.000000	0.000000	1.858407
-69.199799	-227.184967	-122.004402	0.000000	0.000000	1.858407
-69.637314	-227.093246	-121.604881	0.000000	0.000000	1.858407
-70.076347	-226.998230	-121.203537	0.000000	0.000000	1.858407
-70.516861	-226.899857	-120.800385	0.000000	0.000000	1.858407
-70.958832	-226.798096	-120.395454	0.000000	0.000000	1.858407
-71.402237	-226.692932	-119.988747	0.000000	0.000000	1.858407
-71.847031	-226.584305	-119.580292	0.000000	0.000000	1.858407
-72.293198	-226.472183	-119.170090	0.000000	0.000000	1.858407
-72.740707	-226.356537	-118.758171	0.000000	0.000000	1.858407
-73.189514	-226.237335	-118.344543	0.000000	0.000000	1.858407
-73.639595	-226.114548	-117.929222	0.000000	0.000000	1.858407
-74.090919	-225.988129	-117.512238	0.000000	0.000000	1.858407
-74.543457	-225.858063	-117.093590	0.000000	0.000000	1.858407
-74.997154	-225.724304	-116.673309	0.000000	0.000000	1.858407
-75.452003	-225.586823	-116.251396	0.000000	0.000000	1.858407
-75.907959	-225.445572	-115.827873	0.000000	0.000000	1.858407
-76.364983	-225.300552	-115.402771	0.000000	0.000000	1.858407
-76.823044	-225.151718	-114.976089	0.000000	0.000000	1.858407
-77.282097	-224.999023	-114.547852	0.000000	0.000000	1.858407
-77.742119	-224.842453	-114.118080	0.000000	0.000000	1.858407
-78.203072	-224.681976	-113.686775	0.000000	0.000000	1.858407
-78.664902	-224.517548	-113.253967	0.000000	0.000000	1.858407
-79.127594	-224.349167	-112.819672	0.000000	0.000000	1.858407
-79.591087	-224.176788	-112.383904	0.000000	0.000000	1.858407
-80.055359	-224.000366	-111.946686	0.000000	0.000000	1.858407
-80.520355	-223.819901	-111.508026	0.000000	0.000000	1.858407
-80.986053	-223.635361	-111.067955	0.000000	0.000000	1.858407
-81.452400	-223.446701	-110.626472	0.000000	0.000000	1.858407
-81.919357	-223.253922	-110.183609	0.000000	0.000000	1.858407
-82.386887	-223.056961	-109.739372	0.000000	0.000000	1.858407
-82.854950	-222.855820	-109.293793	0.000000	0.000000	1.858407
-83.323494	-222.650467	-108.846878	0.000000	0.000000	1.858407
-83.792473	-222.440872	-108.398651	0.000000	0.000000	1.858407
-84.261871	-222.227020	-107.949120	0.000000	0.000000	1.858407
-84.731613	-222.008881	-107.498314	0.000000	0.000000	1.858407
-85.201675	-221.786423	-107.046249	0.000000	0.000000	1.858407
-85.671997	-221.559647	-106.592941	0.000000	0.000000	1.858407
-86.142548	-221.328491	-106.138405	0.000000	0.000000	1.858407
-86.613281	-221.092972	-105.682663	0.000000	0.000000	1.858407
-87.084145	-220.853058	-105.225723	0.000000	0.000000	1.858407
-87.555092	-220.608719	-104.767624	0.000000	0.000000	1.858407
-88.026085	-220.359940	-104.308357	0.000000	0.000000	1.858407
-88.497070	-220.106689	-103.847969	0.000000	0.000000	1.858407
-88.968002	-219.848969	-103.386459	0.000000	0.000000	1.858407
-89.438835	-219.586746	-102.923843	0.000000	0.000000	1.858407
-89.909515	-219.320007	-102.460152	0.000000	0.000000	1.858407
-90.380013	-219.048721	-101.995399	0.000000	0.000000	1.858407
-90.850250	-218.772903	-101.529594	0.000000	0.000000	1.858407
-91.320206	-218.492493	-101.062775	0.000000	0.000000	1.858407
-91.789810	-218.207504	-100.594940	0.000000	0.000000	1.858407
-92.259026	-217.917923	-100.126114	0.000000	0.000000	1.858407
-92.727798	-217.623718	-99.656326	0.000000	0.000000	1.858407
-93.196075	-217.324890	-99.185585	0.000000	0.000000	1.858407
-93.663811	-217.021408	-98.713905	0.000000	0.000000	1.858407
-94.130959	-216.713272	-98.241318	0.000000	0.000000	1.858407
-94.597458	-216.400467	-97.767822	0.000000	0.000000	1.858407
-95.063263	-216.082977	-97.293465	0.000000	0.000000	1.858407
-95.528313	-215.760788	-96.818237	0.000000	0.000000	1.858407
-95.992569	-215.433899	-96.342178	0.000000	0.000000	1.858407
-96.455978	-215.102295	-95.865288	0.000000	0.000000	1.858407
-96.918480	-214.765976	-95.387604	0.000000	0.000000	1.858407
-97.380020	-214.424911	-94.909134	0.000000	0.000000	1.858407
-97.840561	-214.079102	-94.429901	0.000000	0.000000	1.858407
-98.300034	-213.728546	-93.949921	0.000000	0.000000	1.858407
-98.758392	-213.373230	-93.469208	0.000000	0.000000	1.858407
-99.215576	-213.013168	-92.987793	0.000000	0.000000	1.858407
-99.671539	-212.648315	-92.505692	0.000000	0.000000	1.858407
-100.126228	-212.278702	-92.022919	0.000000	0.000000	1.858407
-100.579590	-211.904297	-91.539505	0.000000	0.000000	1.858407
-101.031563	-211.525116	-91.055450	0.000000	0.000000	1.858407
-101.482094	-211.141144	-90.570778	0.000000	0.000000	1.858407
-101.931129	-210.752380	-90.085526	0.000000	0.000000	1.858407
-102.378616	-210.358826	-89.599678	0.000000	0.000000	1.858407
-102.824493	-209.960495	-89.113297	0.000000	0.000000	1.858407
-103.268723	-209.557358	-88.626366	0.000000	0.000000	1.858407
-103.711227	-209.149414	-88.138931	0.000000	0.000000	1.858407
-104.151970	-208.736694	-87.650993	0.000000	0.000000	1.858407
-104.590874	-208.319183	-87.162575	0.000000	0.000000	1.858407
-105.027908	-207.896881	-86.673706	0.000000	0.000000	1.858407
-105.463005	-207.469788	-86.184395	0.000000	0.000000	1.858407
-105.896103	-207.037918	-85.694656	0.000000	0.000000	1.858407
-106.327156	-206.601257	-85.204521	0.000000	0.000000	1.858407
-106.756096	-206.159836	-84.714005	0.000000	0.000000	1.858407
-107.182884	-205.713638	-84.223122	0.000000	0.000000	1.858407
-107.607445	-205.262665	-83.731903	0.000000	0.000000	1.858407
-108.029739	-204.806961	-83.240356	0.000000	0.000000	1.858407
-108.449707	-204.346481	-82.748512	0.000000	0.000000	1.858407
-108.867287	-203.881271	-82.256378	0.000000	0.000000	1.858407
-109.282417	-203.411331	-81.763985	0.000000	0.000000	1.858407
-109.695053	-202.936676	-81.271339	0.000000	0.000000	1.858407
-110.105141	-202.457291	-80.778465	0.000000	0.000000	1.858407
-110.512611	-201.973206	-80.285393	0.000000	0.000000	1.658407
-110.917412	-201.484436	-79.792130	0.000000	0.000000	1.658407
-111.319489	-200.990997	-79.298698	0.000000	0.000000	1.658407
-111.718788	-200.492874	-78.805122	0.000000	0.000000	1.658407
-112.115250	-199.990112	-78.311409	0.000000	0.000000	1.658407
-112.508812	-199.482712	-77.817596	0.000000	0.000000	1.658407
-112.899437	-198.970688	-77.323692	0.000000	0.000000	1.658407
-113.287048	-198.454056	-76.829720	0.000000	0.000000	1.658407
-113.671600	-197.932831	-76.335693	0.000000	0.000000	1.658407
-114.053040	-197.407028	-75.841629	0.000000	0.000000	1.658407
-114.431297	-196.876678	-75.347565	0.000000	0.000000	1.658407
-114.806328	-196.341797	-74.853500	0.000000	0.000000	1.658407
-115.178078	-195.802383	-74.359467	0.000000	0.000000	1.658407
-115.546486	-195.258484	-73.865471	0.000000	0.000000	1.658407
-115.911491	-194.710098	-73.371552	0.000000	0.000000	1.658407
-116.273056	-194.157257	-72.877724	0.000000	0.000000	1.658407
-116.631104	-193.599991	-72.383987	0.000000	0.000000	1.658407
-116.985596	-193.038300	-71.890381	0.000000	0.000000	1.658407
-117.336472	-192.472229	-71.396919	0.000000	0.000000	1.658407
-117.683678	-191.901794	-70.903625	0.000000	0.000000	1.658407
-118.027153	-191.327011	-70.410507	0.000000	0.000000	1.658407
-118.366852	-190.747925	-69.917595	0.000000	0.000000	1.658407
-118.702713	-190.164551	-69.424904	0.000000	0.000000	1.658407
-119.034683	-189.576904	-68.932457	0.000000	0.000000	1.658407
-119.362717	-188.985031	-68.440269	0.000000	0.000000	1.658407
-119.686745	-188.388947	-67.948357	0.000000	0.000000	1.658407
-120.006729	-187.788696	-67.456757	0.000000	0.000000	1.658407
-120.322609	-187.184280	-66.965462	0.000000	0.000000	1.658407
-120.634338	-186.575760	-66.474518	0.000000	0.000000	1.658407
-120.941856	-185.963150	-65.983932	0.000000	0.000000	1.658407
-121.245110	-185.346481	-65.493713	0.000000	0.000000	1.658407
-121.544052	-184.725784	-65.003899	0.000000	0.000000	1.658407
-121.838631	-184.101105	-64.514496	0.000000	0.000000	1.658407
-122.128784	-183.472473	-64.025528	0.000000	0.000000	1.658407
-122.414474	-182.839905	-63.537018	0.000000	0.000000	1.658407
-122.695648	-182.203461	-63.048985	0.000000	0.000000	1.658407
-122.972252	-181.563156	-62.561443	0.000000	0.000000	1.658407
-123.244232	-180.919037	-62.074413	0.000000	0.000000	1.658407
-123.511543	-180.271149	-61.587917	0.000000	0.000000	1.658407
-123.774132	-179.619507	-61.101963	0.000000	0.000000	1.658407
-124.031952	-178.964157	-60.616592	0.000000	0.000000	1.658407
-124.284950	-178.305145	-60.131805	0.000000	0.000000	1.658407
-124.533089	-177.642502	-59.647625	0.000000	0.000000	1.658407
-124.776306	-176.976273	-59.164066	0.000000	0.000000	1.658407
-125.014557	-176.306503	-58.681160	0.000000	0.000000	1.658407
-125.247795	-175.633224	-58.198921	0.000000	0.000000	1.658407
-125.475975	-174.956482	-57.717365	0.000000	0.000000	1.658407
-125.699051	-174.276321	-57.236519	0.000000	0.000000	1.658407
-125.916977	-173.592789	-56.756397	0.000000	0.000000	1.658407
-126.129707	-172.905914	-56.277008	0.000000	0.000000	1.658407
-126.337189	-172.215744	-55.798382	0.000000	0.000000	1.658407
-126.539375	-171.522339	-55.320538	0.000000	0.000000	1.658407
-126.736229	-170.825714	-54.843483	0.000000	0.000000	1.658407
-126.927711	-170.125961	-54.367260	0.000000	0.000000	1.658407
-127.113762	-169.423080	-53.891857	0.000000	0.000000	1.658407
-127.294357	-168.717148	-53.417316	0.000000	0.000000	1.658407
-127.469437	-168.008194	-52.943653	0.000000	0.000000	1.658407
-127.638969	-167.296280	-52.470875	0.000000	0.000000	1.658407
-127.802910	-166.581467	-51.999020	0.000000	0.000000	1.658407
-127.961205	-165.863770	-51.528084	0.000000	0.000000	1.658407
-128.113831	-165.143250	-51.058102	0.000000	0.000000	1.658407
-128.260742	-164.419983	-50.589081	0.000000	0.000000	1.658407
-128.401886	-163.693985	-50.121044	0.000000	0.000000	1.658407
-128.537247	-162.965332	-49.654011	0.000000	0.000000	1.658407
-128.666763	-162.234070	-49.188007	0.000000	0.000000	1.658407
-128.790421	-161.500244	-48.723038	0.000000	0.000000	1.658407
-128.908157	-160.763916	-48.259132	0.000000	0.000000	1.658407
-129.019943	-160.025131	-47.796307	0.000000	0.000000	1.658407
-129.125732	-159.283951	-47.334564	0.000000	0.000000	1.658407
-129.225510	-158.540421	-46.873947	0.000000	0.000000	1.658407
-129.319229	-157.794617	-46.414452	0.000000	0.000000	1.658407
-129.406860	-157.046570	-45.956116	0.000000	0.000000	1.658407
-129.488358	-156.296356	-45.498943	0.000000	0.000000	1.658407
-129.563690	-155.544006	-45.042961	0.000000	0.000000	1.658407
-129.632828	-154.789612	-44.588173	0.000000	0.000000	1.658407
-129.695755	-154.033203	-44.134621	0.000000	0.000000	1.658407
-129.752396	-153.274841	-43.682293	0.000000	0.000000	1.658407
-129.802765	-152.514603	-43.231232	0.000000	0.000000	1.658407
-129.846802	-151.752533	-42.781448	0.000000	0.000000	1.658407
-129.884476	-150.988693	-42.332958	0.000000	0.000000	1.658407
-129.915771	-150.223145	-41.885773	0.000000	0.000000	1.658407
-129.940674	-149.455933	-41.439926	0.000000	0.000000	1.658407
-129.959106	-148.687149	-40.995415	0.000000	0.000000	1.658407
-129.971085	-147.916824	-40.552280	0.000000	0.000000	1.658407
-129.976562	-147.145020	-40.110512	0.000000	0.000000	1.658407
-129.975510	-146.371826	-39.670151	0.000000	0.000000	1.658407
-129.967926	-145.597290	-39.231213	0.000000	0.000000	1.658407
-129.953751	-144.821472	-38.793694	0.000000	0.000000	1.658407
-129.932983	-144.044434	-38.357635	0.000000	0.000000	1.658407
-129.905594	-143.266235	-37.923042	0.000000	0.000000	1.458407
-129.871552	-142.486954	-37.489929	0.000000	0.000000	1.458407
-129.830841	-141.706635	-37.058331	0.000000	0.000000	1.458407
-129.783447	-140.925369	-36.628242	0.000000	0.000000	1.458407
-129.729340	-140.143188	-36.199692	0.000000	0.000000	1.458407
-129.668488	-139.360184	-35.772697	0.000000	0.000000	1.458407
-129.600891	-138.576416	-35.347271	0.000000	0.000000	1.458407
-129.526520	-137.791931	-34.923431	0.000000	0.000000	1.458407
-129.445358	-137.006821	-34.501190	0.000000	0.000000	1.458407
-129.357391	-136.221130	-34.080582	0.000000	0.000000	1.458407
-129.262604	-135.434952	-33.661598	0.000000	0.000000	1.458407
-129.160965	-134.648315	-33.244270	0.000000	0.000000	1.458407
-129.052460	-133.861328	-32.828621	0.000000	0.000000	1.458407
-128.937103	-133.074020	-32.414650	0.000000	0.000000	1.458407
-128.814850	-132.286484	-32.002384	0.000000	0.000000	1.458407
-128.685684	-131.498779	-31.591839	0.000000	0.000000	1.458407
-128.549622	-130.710983	-31.183025	0.000000	0.000000	1.458407
-128.406631	-129.923141	-30.775963	0.000000	0.000000	1.458407
-128.256699	-129.135361	-30.370676	0.000000	0.000000	1.458407
-128.099823	-128.347656	-29.967163	0.000000	0.000000	1.458407
-127.935997	-127.560143	-29.565453	0.000000	0.000000	1.458407
-127.765198	-126.772865	-29.165558	0.000000	0.000000	1.458407
-127.587433	-125.985909	-28.767494	0.000000	0.000000	1.458407
-127.402679	-125.199333	-28.371275	0.000000	0.000000	1.458407
-127.210938	-124.413200	-27.976921	0.000000	0.000000	1.458407
-127.012207	-123.627602	-27.584444	0.000000	0.000000	1.458407
-126.806473	-122.842583	-27.193857	0.000000	0.000000	1.458407
-126.593742	-122.058228	-26.805183	0.000000	0.000000	1.458407
-126.374001	-121.274612	-26.418432	0.000000	0.000000	1.458407
-126.147247	-120.491791	-26.033623	0.000000	0.000000	1.458407
-125.913483	-119.709846	-25.650766	0.000000	0.000000	1.458407
-125.672699	-118.928833	-25.269878	0.000000	0.000000	1.458407
-125.424904	-118.148842	-24.890974	0.000000	0.000000	1.458407
-125.170105	-117.369926	-24.514074	0.000000	0.000000	1.458407
-124.908287	-116.592171	-24.139183	0.000000	0.000000	1.458407
-124.639450	-115.815643	-23.766323	0.000000	0.000000	1.458407
-124.363617	-115.040405	-23.395510	0.000000	0.000000	1.458407
-124.080772	-114.266541	-23.026754	0.000000	0.000000	1.458407
-123.790924	-113.494102	-22.660072	0.000000	0.000000	1.458407
-123.494080	-112.723190	-22.295477	0.000000	0.000000	1.458407
-123.190254	-111.953842	-21.932985	0.000000	0.000000	1.458407
-122.879433	-111.186150	-21.572613	0.000000	0.000000	1.458407
-122.561646	-110.420181	-21.214365	0.000000	0.000000	1.458407
-122.236877	-109.655998	-20.858263	0.000000	0.000000	1.458407
-121.905159	-108.893684	-20.504322	0.000000	0.000000	1.458407
-121.566483	-108.133301	-20.152554	0.000000	0.000000	1.458407
-121.220871	-107.374931	-19.802975	0.000000	0.000000	1.458407
-120.868324	-106.618622	-19.455593	0.000000	0.000000	1.458407
-120.508865	-105.864471	-19.110424	0.000000	0.000000	1.458407
-120.142502	-105.112534	-18.767487	0.000000	0.000000	1.458407
-119.769249	-104.362885	-18.426786	0.000000	0.000000	1.458407
-119.389114	-103.615601	-18.088345	0.000000	0.000000	1.458407
-119.002121	-102.870743	-17.752171	0.000000	0.000000	1.458407
-118.608284	-102.128372	-17.418278	0.000000	0.000000	1.458407
-118.207619	-101.388588	-17.086679	0.000000	0.000000	1.458407
-117.800140	-100.651436	-16.757387	0.000000	0.000000	1.458407
-117.385864	-99.916992	-16.430418	0.000000	0.000000	1.458407
-117.045959	-99.102135	-16.187157	0.000000	0.000000	1.458407
-116.949234	-98.028465	-16.199602	0.000000	0.000000	1.458407
-116.839043	-96.956085	-16.211973	0.000000	0.000000	1.458407
-116.715385	-95.885170	-16.224264	0.000000	0.000000	1.458407
-116.578293	-94.815880	-16.236479	0.000000	0.000000	1.458407
-116.427788	-93.748398	-16.248611	0.000000	0.000000	1.458407
-116.263878	-92.682877	-16.260664	0.000000	0.000000	1.458407
-116.086609	-91.619484	-16.272640	0.000000	0.000000	1.458407
-115.895996	-90.558403	-16.284538	0.000000	0.000000	1.458407
-115.692070	-89.499786	-16.296345	0.000000	0.000000	1.458407
-115.474869	-88.443810	-16.308075	0.000000	0.000000	1.458407
-115.244423	-87.390625	-16.319725	0.000000	0.000000	1.458407
-115.000771	-86.340424	-16.331291	0.000000	0.000000	1.458407
-114.743958	-85.293350	-16.342775	0.000000	0.000000	1.258407
-114.473999	-84.249580	-16.354177	0.000000	0.000000	1.258407
-114.190964	-83.209274	-16.365492	0.000000	0.000000	1.258407
-113.894882	-82.172592	-16.376722	0.000000	0.000000	1.258407
-113.585800	-81.139717	-16.387867	0.000000	0.000000	1.258407
-113.263771	-80.110779	-16.398930	0.000000	0.000000	1.258407
-112.928856	-79.085968	-16.409908	0.000000	0.000000	1.258407
-112.581093	-78.065437	-16.420795	0.000000	0.000000	1.258407
-112.220543	-77.049339	-16.431601	0.000000	0.000000	1.258407
-111.847252	-76.037857	-16.442318	0.000000	0.000000	1.258407
-111.461288	-75.031120	-16.452942	0.000000	0.000000	1.258407
-111.062714	-74.029312	-16.463486	0.000000	0.000000	1.258407
-110.651596	-73.032578	-16.473940	0.000000	0.000000	1.258407
-110.227989	-72.041084	-16.484306	0.000000	0.000000	1.258407
-109.791962	-71.054970	-16.494581	0.000000	0.000000	1.258407
-109.343582	-70.074409	-16.504765	0.000000	0.000000	1.258407
-108.882927	-69.099548	-16.514864	0.000000	0.000000	1.258407
-108.410065	-68.130547	-16.524864	0.000000	0.000000	1.258407
-107.925072	-67.167549	-16.534782	0.000000	0.000000	1.258407
-107.428017	-66.210716	-16.544607	0.000000	0.000000	1.258407
-106.918983	-65.260185	-16.554342	0.000000	0.000000	1.258407
-106.398064	-64.316124	-16.563984	0.000000	0.000000	1.258407
-105.865311	-63.378666	-16.573530	0.000000	0.000000	1.258407
-105.320847	-62.447968	-16.582989	0.000000	0.000000	1.258407
-104.764725	-61.524174	-16.592352	0.000000	0.000000	1.258407
-104.197044	-60.607433	-16.601624	0.000000	0.000000	1.258407
-103.617897	-59.697887	-16.610798	0.000000	0.000000	1.258407
-103.027374	-58.795677	-16.619883	0.000000	0.000000	1.258407
-102.425568	-57.900951	-16.628870	0.000000	0.000000	1.258407
-101.812569	-57.013844	-16.637764	0.000000	0.000000	1.258407
-101.188477	-56.134499	-16.646561	0.000000	0.000000	1.258407
-100.553391	-55.263054	-16.655266	0.000000	0.000000	1.258407
-99.907417	-54.399654	-16.663874	0.000000	0.000000	1.258407
-99.250641	-53.544422	-16.672384	0.000000	0.000000	1.058407
-98.583176	-52.697502	-16.680799	0.000000	0.000000	1.058407
-97.905128	-51.859020	-16.689117	0.000000	0.000000	1.058407
-97.216614	-51.029121	-16.697340	0.000000	0.000000	1.058407
-96.517715	-50.207924	-16.705465	0.000000	0.000000	1.058407
-95.808571	-49.395565	-16.713490	0.000000	0.000000	1.058407
-95.089272	-48.592171	-16.721418	0.000000	0.000000	1.058407
-94.359940	-47.797863	-16.729246	0.000000	0.000000	1.058407
-93.620689	-47.012772	-16.736975	0.000000	0.000000	1.058407
-92.871643	-46.237026	-16.744610	0.000000	0.000000	1.058407
-92.112907	-45.470734	-16.752140	0.000000	0.000000	1.058407
-91.344612	-44.714035	-16.759577	0.000000	0.000000	1.058407
-90.566864	-43.967037	-16.766909	0.000000	0.000000	1.058407
-89.779800	-43.229855	-16.774139	0.000000	0.000000	1.058407
-88.983543	-42.502613	-16.781271	0.000000	0.000000	1.058407
-88.178215	-41.785419	-16.788301	0.000000	0.000000	1.058407
-87.363937	-41.078392	-16.795235	0.000000	0.000000	1.058407
-86.540848	-40.381641	-16.802067	0.000000	0.000000	1.058407
-85.709076	-39.695278	-16.808792	0.000000	0.000000	1.058407
-84.868744	-39.019409	-16.815420	0.000000	0.000000	1.058407
-84.019997	-38.354141	-16.821941	0.000000	0.000000	1.058407
-83.162949	-37.699577	-16.828362	0.000000	0.000000	1.058407
-82.297760	-37.055828	-16.834682	0.000000	0.000000	1.058407
-81.424545	-36.422985	-16.840900	0.000000	0.000000	1.058407
-80.543457	-35.801155	-16.847013	0.000000	0.000000	1.058407
-79.654625	-35.190434	-16.853025	0.000000	0.000000	1.058407
-78.758194	-34.590919	-16.858929	0.000000	0.000000	1.058407
-77.854301	-34.002705	-16.864731	0.000000	0.000000	1.058407
-76.943100	-33.425880	-16.870430	0.000000	0.000000	1.058407
-76.024712	-32.860542	-16.876024	0.000000	0.000000	1.058407
-75.099312	-32.306774	-16.881514	0.000000	0.000000	1.058407
-74.167023	-31.764669	-16.886898	0.000000	0.000000	1.058407
-73.227997	-31.234310	-16.892178	0.000000	0.000000	1.058407
-72.282387	-30.715778	-16.897354	0.000000	0.000000	1.058407
-71.330338	-30.209160	-16.902422	0.000000	0.000000	1.058407
-70.372002	-29.714533	-16.907387	0.000000	0.000000	1.058407
-71.498337	-29.774149	-16.918119	0.000000	0.000000	0.000000
-70.482544	-29.117956	-17.031477	0.000000	0.000000	0.000000
-69.453766	-28.479563	-17.140507	0.000000	0.000000	0.000000
-68.412392	-27.859276	-17.245153	0.000000	0.000000	0.000000
-67.358772	-27.257364	-17.345371	0.000000	0.000000	0.000000
-66.293312	-26.674109	-17.441109	0.000000	0.000000	0.000000
-65.216385	-26.109760	-17.532322	0.000000	0.000000	0.000000
-64.128395	-25.564594	-17.618965	0.000000	0.000000	0.000000
-63.029758	-25.038845	-17.700996	0.000000	0.000000	0.000000
-61.920864	-24.532747	-17.778378	0.000000	0.000000	0.000000
-60.802151	-24.046534	-17.851070	0.000000	0.000000	0.000000
-59.674038	-23.580408	-17.919043	0.000000	0.000000	0.000000
-59.696007	-23.372334	-17.965607	0.000000	0.000000	0.000000
-60.682999	-23.352926	-18.000357	0.000000	0.000000	0.000000
-61.759827	-23.331753	-18.038267	0.000000	0.000000	0.000000
-62.939259	-23.308559	-18.079790	0.000000	0.000000	0.000000
-64.236603	-23.283051	-18.125465	0.000000	0.000000	0.000000
-65.670341	-23.254858	-18.175943	0.000000	0.000000	0.000000
-67.263054	-23.223539	-18.232016	0.000000	0.000000	0.000000
-69.042633	-23.188545	-18.294668	0.000000	0.000000	0.000000
-71.043732	-23.149197	-18.365120	0.000000	0.000000	0.000000
-73.310402	-23.104626	-18.444921	0.000000	0.000000	0.000000
-75.898918	-23.053726	-18.536055	0.000000	0.000000	0.000000
-78.883034	-22.995049	-18.641115	0.000000	0.000000	0.000000
-82.360390	-22.926670	-18.763540	0.000000	0.000000	0.000000
-86.464249	-22.845974	-18.908022	0.000000	0.000000	0.000000
-91.380066	-22.749311	-19.081091	0.000000	0.000000	0.000000
-97.374794	-22.631433	-19.292143	0.000000	0.000000	0.000000
-104.846863	-22.484505	-19.555208	0.000000	0.000000	0.000000
-114.418297	-22.296297	-19.892185	0.000000	0.000000	0.000000
-127.117302	-22.046589	-20.339272	0.000000	0.000000	0.000000
-144.774612	-21.699383	-20.960922	0.000000	0.000000	0.000000
-170.996353	-21.183767	-21.884098	0.000000	0.000000	0.000000
-214.004410	-20.338074	-23.398258	0.000000	0.000000	0.000000
-297.496521	-18.696318	-26.337719	0.000000	0.000000	0.000000
