46.241955	229.178909	74.039764	-0.941593	46.241955	229.178909	74.039764
46.241955	229.178909	74.039764	-0.941593	46.241955	229.178909	74.039764
46.241955	229.178909	74.039764	-0.941593	-57.554916	201.366623	74.039764
-57.554916	201.366623	74.039764	-0.341593	-100.087051	82.849899	74.039764
-100.087051	82.849899	74.039764	0.058407	144.390228	59.181126	67.185265
144.390228	59.181126	67.185265	3.058407	124.725349	183.866501	66.111122
124.725349	183.866501	66.111122	-1.141593	76.033760	-184.496033	255.758255
46.241955	229.178909	74.039764	-0.941593	46.241955	229.178909	74.039764
46.241955	229.178909	74.039764	-0.941593	46.241955	229.178909	74.039764
46.241955	229.178909	74.039764	-0.941593	-57.554916	201.366623	74.039764
-57.554916	201.366623	74.039764	-0.341593	-100.087051	82.849899	74.039764
-100.087051	82.849899	74.039764	0.058407	144.390228	59.181126	67.185265
144.390228	59.181126	67.185265	3.058407	124.725349	183.866501	66.111122
124.725349	183.866501	66.111122	-1.141593	76.033760	-184.496033	255.758255
46.241955	229.178909	74.039764	-0.941593	46.241955	229.178909	74.039764
46.241955	229.178909	74.039764	-0.941593	46.241955	229.178909	74.039764
46.241955	229.178909	74.039764	-0.941593	-57.554916	201.366623	74.039764
-57.554916	201.366623	74.039764	-0.341593	-100.087051	82.849899	74.039764
-100.087051	82.849899	74.039764	0.058407	144.390228	59.181126	67.185265
144.390228	59.181126	67.185265	3.058407	124.725349	183.866501	66.111122
124.725349	183.866501	66.111122	-1.141593	76.033760	-184.496033	255.758255
46.241955	229.178909	74.039764	-0.941593	46.241955	229.178909	74.039764
46.241955	229.178909	74.039764	-0.941593	46.241955	229.178909	74.039764
46.241955	229.178909	74.039764	-0.941593	-57.554916	201.366623	74.039764
-57.554916	201.366623	74.039764	-0.341593	-100.087051	82.849899	74.039764
-100.087051	82.849899	74.039764	0.058407	144.390228	59.181126	67.185265
144.390228	59.181126	67.185265	3.058407	124.725349	183.866501	66.111122
124.725349	183.866501	66.111122	-1.141593	76.033760	-184.496033	255.758255
46.241955	229.178909	74.039764	-0.941593	46.241955	229.178909	74.039764
46.241955	229.178909	74.039764	-0.941593	46.241955	229.178909	74.039764
46.241955	229.178909	74.039764	-0.941593	-57.554916	201.366623	74.039764
-57.554916	201.366623	74.039764	-0.341593	-100.087051	82.849899	74.039764
-100.087051	82.849899	74.039764	0.058407	144.390228	59.181126	67.185265
144.390228	59.181126	67.185265	3.058407	124.725349	183.866501	66.111122
124.725349	183.866501	66.111122	-1.141593	76.033760	-184.496033	255.758255
46.241955	229.178909	74.039764	-0.941593	46.241955	229.178909	74.039764
46.241955	229.178909	74.039764	-0.941593	46.241955	229.178909	74.039764
46.241955	229.178909	74.039764	-0.941593	-57.554916	201.366623	74.039764
-57.554916	201.366623	74.039764	-0.341593	-100.087051	82.849899	74.039764
-100.087051	82.849899	74.039764	0.058407	144.390228	59.181126	67.185265
144.390228	59.181126	67.185265	3.058407	124.725349	183.866501	66.111122
124.725349	183.866501	66.111122	-1.141593	76.033760	-184.496033	255.758255
46.241955	229.178909	74.039764	-0.941593	46.241955	229.178909	74.039764
46.241955	229.178909	74.039764	-0.941593	46.241955	229.178909	74.039764
46.241955	229.178909	74.039764	-0.941593	-57.554916	201.366623	74.039764
-57.554916	201.366623	74.039764	-0.341593	-100.087051	82.849899	74.039764
-100.087051	82.849899	74.039764	0.058407	144.390228	59.181126	67.185265
144.390228	59.181126	67.185265	3.058407	124.725349	183.866501	66.111122
124.725349	183.866501	66.111122	-1.141593	76.033760	-184.496033	255.758255
46.241955	229.178909	74.039764	-0.941593	46.241955	229.178909	74.039764
46.241955	229.178909	74.039764	-0.941593	46.241955	229.178909	74.039764
46.241955	229.178909	74.039764	-0.941593	-57.554916	201.366623	74.039764
-57.554916	201.366623	74.039764	-0.341593	-100.087051	82.849899	74.039764
-100.087051	82.849899	74.039764	0.058407	144.390228	59.181126	67.185265
144.390228	59.181126	67.185265	3.058407	124.725349	183.866501	66.111122
124.725349	183.866501	66.111122	-1.141593	76.033760	-184.496033	255.758255
46.241955	229.178909	74.039764	-0.941593	46.241955	229.178909	74.039764
46.241955	229.178909	74.039764	-0.941593	46.241955	229.178909	74.039764
46.241955	229.178909	74.039764	-0.941593	-57.554916	201.366623	74.039764
-57.554916	201.366623	74.039764	-0.341593	-100.087051	82.849899	74.039764
-100.087051	82.849899	74.039764	0.058407	144.390228	59.181126	67.185265
144.390228	59.181126	67.185265	3.058407	124.725349	183.866501	66.111122
124.725349	183.866501	66.111122	-1.141593	76.033760	-184.496033	255.758255
46.241955	229.178909	74.039764	-0.941593	46.241955	229.178909	74.039764
46.241955	229.178909	74.039764	-0.941593	46.241955	229.178909	74.039764
46.241955	229.178909	74.039764	-0.941593	-57.554916	201.366623	74.039764
-57.554916	201.366623	74.039764	-0.341593	-100.087051	82.849899	74.039764
-100.087051	82.849899	74.039764	0.058407	144.390228	59.181126	67.185265
144.390228	59.181126	67.185265	3.058407	124.725349	183.866501	66.111122
124.725349	183.866501	66.111122	-1.141593	76.033760	-184.496033	255.758255
46.241955	229.178909	74.039764	-0.941593	46.241955	229.178909	74.039764
46.241955	229.178909	74.039764	-0.941593	46.241955	229.178909	74.039764
46.241955	229.178909	74.039764	-0.941593	-57.554916	201.366623	74.039764
-57.554916	201.366623	74.039764	-0.341593	-100.087051	82.849899	74.039764
-100.087051	82.849899	74.039764	0.058407	144.390228	59.181126	67.185265
144.390228	59.181126	67.185265	3.058407	124.725349	183.866501	66.111122
124.725349	183.866501	66.111122	-1.141593	76.033760	-184.496033	255.758255
46.241955	229.178909	74.039764	-0.941593	46.241955	229.178909	74.039764
46.241955	229.178909	74.039764	-0.941593	46.241955	229.178909	74.039764
46.241955	229.178909	74.039764	-0.941593	-57.554916	201.366623	74.039764
-57.554916	201.366623	74.039764	-0.341593	-100.087051	82.849899	74.039764
-100.087051	82.849899	74.039764	0.058407	144.390228	59.181126	67.185265
144.390228	59.181126	67.185265	3.058407	124.725349	183.866501	66.111122
124.725349	183.866501	66.111122	-1.141593	76.033760	-184.496033	255.758255
46.241955	229.178909	74.039764	-0.941593	46.241955	229.178909	74.039764
46.241955	229.178909	74.039764	-0.941593	46.241955	229.178909	74.039764
46.241955	229.178909	74.039764	-0.941593	-57.554916	201.366623	74.039764
-57.554916	201.366623	74.039764	-0.341593	-100.087051	82.849899	74.039764
-100.087051	82.849899	74.039764	0.058407	144.390228	59.181126	67.185265
144.390228	59.181126	67.185265	3.058407	124.725349	183.866501	66.111122
124.725349	183.866501	66.111122	-1.141593	76.033760	-184.496033	255.758255
46.241955	229.178909	74.039764	-0.941593	46.241955	229.178909	74.039764
46.241955	229.178909	74.039764	-0.941593	46.241955	229.178909	74.039764
46.241955	229.178909	74.039764	-0.941593	-57.554916	201.366623	74.039764
-57.554916	201.366623	74.039764	-0.341593	-100.087051	82.849899	74.039764
-100.087051	82.849899	74.039764	0.058407	144.390228	59.181126	67.185265
144.390228	59.181126	67.185265	3.058407	124.725349	183.866501	66.111122
124.725349	183.866501	66.111122	-1.141593	76.033760	-184.496033	255.758255
46.241955	229.178909	74.039764	-0.941593	46.241955	229.178909	74.039764
46.241955	229.178909	74.039764	-0.941593	46.241955	229.178909	74.039764
46.241955	229.178909	74.039764	-0.941593	-57.554916	201.366623	74.039764
-57.554916	201.366623	74.039764	-0.341593	-100.087051	82.849899	74.039764
-100.087051	82.849899	74.039764	0.058407	144.390228	59.181126	67.185265
144.390228	59.181126	67.185265	3.058407	124.725349	183.866501	66.111122
124.725349	183.866501	66.111122	-1.141593	76.033760	-184.496033	255.758255
46.241955	229.178909	74.039764	-0.941593	46.241955	229.178909	74.039764
46.241955	229.178909	74.039764	-0.941593	46.241955	229.178909	74.039764
46.241955	229.178909	74.039764	-0.941593	-57.554916	201.366623	74.039764
-57.554916	201.366623	74.039764	-0.341593	-100.087051	82.849899	74.039764
-100.087051	82.849899	74.039764	0.058407	144.390228	59.181126	67.185265
144.390228	59.181126	67.185265	3.058407	124.725349	183.866501	66.111122
124.725349	183.866501	66.111122	-1.141593	76.033760	-184.496033	255.758255
46.241955	229.178909	74.039764	-0.941593	46.241955	229.178909	74.039764
46.241955	229.178909	74.039764	-0.941593	46.241955	229.178909	74.039764
46.241955	229.178909	74.039764	-0.941593	-57.554916	201.366623	74.039764
-57.554916	201.366623	74.039764	-0.341593	-100.087051	82.849899	74.039764
-100.087051	82.849899	74.039764	0.058407	144.390228	59.181126	67.185265
144.390228	59.181126	67.185265	3.058407	124.725349	183.866501	66.111122
124.725349	183.866501	66.111122	-1.141593	76.033760	-184.496033	255.758255
46.241955	229.178909	74.039764	-0.941593	46.241955	229.178909	74.039764
46.241955	229.178909	74.039764	-0.941593	46.241955	229.178909	74.039764
46.241955	229.178909	74.039764	-0.941593	-57.554916	201.366623	74.039764
-57.554916	201.366623	74.039764	-0.341593	-100.087051	82.849899	74.039764
-100.087051	82.849899	74.039764	0.058407	144.390228	59.181126	67.185265
144.390228	59.181126	67.185265	3.058407	124.725349	183.866501	66.111122
124.725349	183.866501	66.111122	-1.141593	76.033760	-184.496033	255.758255
46.241955	229.178909	74.039764	-0.941593	46.241955	229.178909	74.039764
46.241955	229.178909	74.039764	-0.941593	46.241955	229.178909	74.039764
46.241955	229.178909	74.039764	-0.941593	-57.554916	201.366623	74.039764
-57.554916	201.366623	74.039764	-0.341593	-100.087051	82.849899	74.039764
-100.087051	82.849899	74.039764	0.058407	144.390228	59.181126	67.185265
144.390228	59.181126	67.185265	3.058407	124.725349	183.866501	66.111122
124.725349	183.866501	66.111122	-1.141593	76.033760	-184.496033	255.758255
46.241955	229.178909	74.039764	-0.941593	46.241955	229.178909	74.039764
46.241955	229.178909	74.039764	-0.941593	46.241955	229.178909	74.039764
46.241955	229.178909	74.039764	-0.941593	-57.554916	201.366623	74.039764
-57.554916	201.366623	74.039764	-0.341593	-100.087051	82.849899	74.039764
-100.087051	82.849899	74.039764	0.058407	144.390228	59.181126	67.185265
144.390228	59.181126	67.185265	3.058407	124.725349	183.866501	66.111122
124.725349	183.866501	66.111122	-1.141593	76.033760	-184.496033	255.758255
