-30.718468	-3.450315	-19.382778	0	0	-0.36235775	0.93203909
-30.302992	-3.388212	-19.274977	0	0	0.32328956	0.94630009
-31.232050	-3.527083	-19.516033	0	0	-0.16996714	0.98544973
-31.576132	-3.578515	-19.605309	0	0	-0.16996714	0.98544973
-29.195314	-3.222642	-18.987577	0	0	-0.36235775	0.93203909
-32.360626	-3.695778	-19.808857	0	0	0.32328956	0.94630009
-32.739685	-3.752438	-19.907207	0	0	-0.36235775	0.93203909
-28.888235	-4.831722	-19.244112	0	0	-0.26749883	0.96355818
-32.979874	-3.788340	-19.969528	0	0	-0.36235775	0.93203909
-32.101330	-5.518670	-19.758068	0	0	0.41614682	0.90929743
-29.894773	-6.258008	-19.195021	0	0	0.41614682	0.90929743
-27.816658	-3.016567	-18.629868	0	0	0	1
-32.419617	-6.002525	-19.844517	0	0	-0.26749883	0.96355818
-33.881580	-3.923123	-20.203485	0	0	0	1
-30.245834	-6.772947	-19.290203	0	0	0	1
-32.374859	-8.041630	-19.851025	0	0	-0.26749883	0.96355818
-29.242832	-8.728858	-19.156176	0	0	0.41614682	0.90929743
-29.718285	-8.856255	-19.172476	0	0	0	1
-27.937706	-8.379150	-19.244112	0	0	-0.16996714	0.98544973
-28.116205	1.638432	-18.665958	0	0	0	1
-31.158442	-9.242144	-19.547653	0	0	0.41614682	0.90929743
-31.571247	-9.352755	-19.655195	0	0	-0.26749883	0.96355818
-26.810541	1.288580	-19.018318	0	0	0	1
-32.012882	-9.471090	-19.770247	0	0	-0.26749883	0.96355818
-27.443836	-8.810288	-18.584946	0	0	0	1
-36.895172	-4.373580	-20.985399	0	0	0	1
-26.261969	1.141590	-23.390146	0	0	-0.16996714	0.98544973
-24.306927	0.771028	-19.697884	0	0	0	1
-34.450474	-10.124241	-20.505444	0	0	-0.16996714	0.98544973
-25.805521	-10.630909	-18.991762	0	0	0	1
-37.612511	2.266128	-21.111759	0	0	0	1
-39.387436	-0.697705	-21.596188	0	0	0	1
-39.693897	-4.791920	-21.711563	0	0	0.32328956	0.94630009
-39.569221	-5.668384	-21.687143	0	0	0.41614682	0.90929743
-21.907894	-0.025081	-20.341391	0	0	0	1
-21.778761	-6.728866	-20.205776	0	0	0.32328956	0.94630009
-21.778761	-6.728866	-20.205776	0	0	0.029199523	0.9995736
-36.740593	-10.737876	-21.429546	0	0	0.41614682	0.90929743
-28.414700	6.277055	-18.701923	0	0	0	1
-40.681343	-4.227410	-21.961460	0	0	0	1
-41.068367	-4.997369	-22.068186	0	0	0	1
-38.166039	-11.119823	-21.466326	0	0	-0.26749883	0.96355818
-31.731848	7.484677	-19.547510	0	0	-0.36235775	0.93203909
-40.677074	-7.603274	-22.075018	0	0	0.41614682	0.90929743
-41.381496	-5.044175	-22.149433	0	0	-0.36235775	0.93203909
-41.409073	-5.048297	-22.156588	0	0	-0.16996714	0.98544973
-23.083670	-11.723478	-19.717022	0	0	0	1
-27.100012	-14.153345	-18.543520	0	0	0	1
-21.681816	-10.434184	-20.137894	0	0	0	1
-38.887070	-11.313024	-21.561052	0	0	0	1
-41.781563	-5.103975	-22.253233	0	0	0	1
-41.719101	-5.543089	-22.240999	0	0	0	1
-26.096869	7.227752	-19.367609	0	0	0	1
-26.095201	7.228436	-19.368088	0	0	0	1
-42.002514	-5.137002	-22.310562	0	0	0.41614682	0.90929743
-41.923473	-5.692655	-22.295082	0	0	0.41614682	0.90929743
-27.981018	-15.008084	-18.778513	0	0	0.1288445	0.99166481
-42.180088	-5.163545	-22.356636	0	0	-0.36235775	0.93203909
-42.063110	-5.985905	-22.333725	0	0	-0.36235775	0.93203909
-42.311890	-5.183245	-22.390833	0	0	0	1
-42.291904	-5.323740	-22.386919	0	0	-0.36235775	0.93203909
-39.629730	-11.512018	-22.075018	0	0	-0.26749883	0.96355818
-28.600700	-15.609292	-18.943802	0	0	-0.070737201	0.99749499
-42.747643	-5.248380	-22.503895	0	0	-0.36235775	0.93203909
-42.775734	-5.252579	-22.511185	0	0	-0.36235775	0.93203909
-42.690578	-5.851215	-22.494505	0	0	-0.36235775	0.93203909
-42.538181	-6.720904	-22.462868	0	0	0	1
-42.841076	-5.262346	-22.528139	0	0	0.41614682	0.90929743
-42.855408	-5.264488	-22.531857	0	0	0.41614682	0.90929743
-42.771877	-5.851725	-22.515495	0	0	0	1
-42.705791	-6.213408	-22.501640	0	0	0.41614682	0.90929743
-34.733364	8.577393	-20.312637	0	0	0	1
-40.095909	-11.636931	-22.203955	0	0	0.1288445	0.99166481
-43.008633	-5.287391	-22.571613	0	0	0.41614682	0.90929743
-43.015354	-5.288396	-22.573357	0	0	-0.36235775	0.93203909
-42.925468	-5.872043	-22.555323	0	0	0	1
-42.918045	-5.972469	-22.554296	0	0	-0.36235775	0.93203909
-43.051636	-5.293819	-22.582769	0	0	0	1
-42.849522	-6.622786	-22.596130	0	0	-0.26749883	0.96355818
-40.383743	-11.714056	-22.012184	0	0	-0.26749883	0.96355818
-35.152832	8.730103	-20.419567	0	0	-0.16996714	0.98544973
-43.330315	-5.335475	-22.655077	0	0	-0.36235775	0.93203909
-35.389061	8.816102	-20.479784	0	0	0	1
-40.598045	-11.771478	-22.006781	0	0	0	1
-40.655273	-11.786813	-22.021690	0	0	0.41614682	0.90929743
-43.007477	-6.774122	-23.070545	0	0	-0.26749883	0.96355818
-36.073326	9.065211	-20.654213	0	0	-0.16996714	0.98544973
-41.153702	-11.920366	-22.151537	0	0	0.32328956	0.94630009
-36.158512	9.096225	-20.675928	0	0	-0.16996714	0.98544973
-41.152954	-11.920166	-22.432495	0	0	0.50484609	0.86320938
-41.229954	-11.940798	-22.171402	0	0	-0.26749883	0.96355818
-41.218887	-11.937832	-22.321419	0	0	-0.26749883	0.96355818
-41.378605	-11.980628	-22.210127	0	0	-0.26749883	0.96355818
-41.390221	-11.983741	-22.236122	0	0	0.41614682	0.90929743
-41.411526	-11.989450	-22.596130	0	0	0.50484609	0.86320938
-36.684631	9.287761	-20.810043	0	0	-0.16996714	0.98544973
-36.821342	9.337530	-20.844893	0	0	-0.26749883	0.96355818
-36.857021	9.350520	-20.853987	0	0	0	1
-30.795071	-17.738237	-19.529110	0	0	0.41614682	0.90929743
-41.596737	-12.039076	-23.070545	0	0	-0.26749883	0.96355818
-30.896849	-17.836981	-19.556257	0	0	0.22720209	0.97384763
-37.057781	9.423607	-20.905163	0	0	0	1
-37.260708	9.497482	-20.956892	0	0	0	1
-37.360283	9.533734	-20.982275	0	0	0	1
-37.375965	9.539443	-20.986273	0	0	-0.070737201	0.99749499
-37.456169	9.568642	-21.006718	0	0	0	1
-37.528370	9.594928	-21.025124	0	0	-0.26749883	0.96355818
-37.562847	9.607478	-21.033913	0	0	0.029199523	0.9995736
-37.621983	9.629007	-21.048986	0	0	-0.070737201	0.99749499
-37.658932	9.642458	-21.058405	0	0	-0.26749883	0.96355818
-20.020277	-14.080658	-20.504467	0	0	0	1
-20.471771	-14.532150	-20.367990	0	0	0	1
-20.723942	-14.784323	-20.505444	0	0	0.32328956	0.94630009
-21.201214	-15.261594	-20.147495	0	0	0	1
-18.809952	-12.870332	-20.870321	0	0	0	1
-21.651810	-15.712191	-20.011292	0	0	0	1
-19.108824	6.380657	-21.279675	0	0	0	1
-21.972385	-16.032766	-19.914389	0	0	0.1288445	0.99166481
-22.255823	-16.316204	-19.828711	0	0	0	1
-22.330473	-16.390854	-19.806147	0	0	0	1
-31.934343	-18.843542	-19.832991	0	0	0.22720209	0.97384763
-32.083145	-18.987909	-19.872681	0	0	-0.070737201	0.99749499
-23.218666	-17.279045	-19.546824	0	0	0.66627604	0.74570519
-23.034626	-17.095007	-21.429546	0	0	0.58850112	0.8084964
-39.787891	-16.247328	-21.837296	0	0	0	1
-32.862110	-19.743649	-20.080456	0	0	0.41614682	0.90929743
-25.537710	-19.598089	-21.111086	0	0	0.41614682	0.90929743
-25.618092	-19.678471	-21.466326	0	0	0.22720209	0.97384763
-26.605850	-20.666229	-22.203955	0	0	0.50484609	0.86320938
-26.897936	-20.958317	-21.485746	0	0	0.50484609	0.86320938
-26.815641	-20.876020	-22.012184	0	0	0.32328956	0.94630009
-34.303905	-21.142458	-20.465029	0	0	0.58850112	0.8084964
-27.043819	-21.104198	-21.962921	0	0	0.50484609	0.86320938
-27.109983	-21.170364	-22.075018	0	0	0.22720209	0.97384763
-27.315514	-21.375895	-21.934143	0	0	0.50484609	0.86320938
-27.410730	14.682563	-19.194586	0	0	0	1
-27.347694	-21.408075	-22.020481	0	0	0.32328956	0.94630009
-27.435917	-21.496296	-22.050814	0	0	0.32328956	0.94630009
-27.457542	-21.517923	-22.236122	0	0	0.50484609	0.86320938
-27.453468	-21.513849	-22.321419	0	0	0.32328956	0.94630009
-27.603407	-21.663788	-22.432495	0	0	0.50484609	0.86320938
-27.705963	-21.766344	-22.596130	0	0	0.50484609	0.86320938
-27.860609	-21.920988	-23.070545	0	0	0.50484609	0.86320938
-28.467575	-22.961510	-18.974560	0	0	0	1
-29.061838	16.333670	-18.779898	0	0	0	1
-36.141315	-22.925085	-20.955124	0	0	0	1
-16.070259	-19.310837	-21.463825	0	0	0.73739371	0.67546319
-30.988558	-25.048937	-21.828775	0	0	0.41614682	0.90929743
-13.171082	-17.714857	-22.306871	0	0	0	1
-27.504578	19.307570	-19.286831	0	0	0	1
-27.104654	19.257040	-19.396206	0	0	0	1
-26.776491	19.215580	-19.485954	0	0	0	1
-28.808195	19.472275	-18.930307	0	0	0	1
-29.013706	19.498240	-18.874102	0	0	0	1
-29.204620	19.522360	-18.821890	0	0	0	1
-29.267540	19.530310	-18.804682	0	0	-0.26749883	0.96355818
-29.267540	19.530310	-18.804682	0	0	-0.070737201	0.99749499
-29.267540	19.530310	-18.804682	0	0	-0.16996714	0.98544973
-26.027044	19.120890	-19.690920	0	0	0	1
-25.987711	19.115921	-19.701677	0	0	0	1
-25.241129	19.021593	-19.905859	0	0	0	1
-23.779570	18.836933	-20.305578	0	0	0	1
-38.738716	-25.445045	-21.647934	0	0	0.58850112	0.8084964
-13.558114	12.370730	-22.968761	0	0	0	1
-38.464905	-25.745972	-21.579918	0	0	0	1
-19.749268	18.327724	-21.407820	0	0	0	1
-26.204655	-28.067322	-18.435640	0	0	0.50484609	0.86320938
-22.520491	-27.174223	-19.477942	0	0	0	1
-14.413438	15.562840	-22.813669	0	0	0	1
-17.503202	18.043945	-22.022093	0	0	0	1
-14.587355	-23.000458	-21.828775	0	0	0.58850112	0.8084964
-35.184170	-29.244549	-20.764025	0	0	0.50484609	0.86320938
-41.378307	-28.005939	-22.351997	0	0	0.66627604	0.74570519
-15.353196	-25.858618	-21.494886	0	0	0	1
-18.435722	-28.195051	-20.582178	0	0	0	1
-21.180883	-29.580273	-19.787136	0	0	0	1
-9.462272	-21.393528	-23.239140	0	0	0	1
-12.307526	17.387499	-23.443050	0	0	0	1
-42.413322	-29.010096	-22.628069	0	0	0.66627604	0.74570519
-21.163040	-30.262251	-19.774643	0	0	0.80114363	0.59847213
-42.636513	-29.226631	-22.687601	0	0	-0.070737201	0.99749499
-37.393612	24.665443	-20.856848	0	0	-0.54030229	0.84147099
-27.468283	-32.456955	-18.800713	0	0	0.1288445	0.99166481
-21.603519	-31.473457	-20.083071	0	0	0.80114363	0.59847213
-9.880660	17.080877	-24.106771	0	0	0	1
-16.240437	-29.169840	-22.552090	0	0	0	1
-16.396660	-29.752876	-22.738241	0	0	0	1
-22.066072	-32.745358	-20.406954	0	0	0.80114363	0.59847213
-19.881159	-33.116936	-22.068134	0	0	0.80114363	0.59847213
-22.664463	-34.390778	-20.825951	0	0	0	1
-40.530918	27.802750	-21.638916	0	0	0	1
-23.032726	-35.403404	-21.083811	0	0	0	1
-17.328936	-33.232174	-23.849108	0	0	0	1
-23.886387	-37.750744	-21.681551	0	0	0.22720209	0.97384763
-24.430222	-39.246151	-22.062347	0	0	0	1
-15.204460	-36.757156	-27.046829	0	0	0	1
-31.640961	-41.311008	-19.956266	0	0	0	1
-17.509682	-38.835201	-26.529730	0	0	0.32328956	0.94630009
-20.122604	-39.978729	-25.337410	0	0	0	1
-15.328011	-37.812077	-27.491081	0	0	0	1
-19.148455	-40.022713	-26.017185	0	0	0.32328956	0.94630009
-11.642874	-36.265167	-29.205614	0	0	0	1
-30.800714	-43.235710	-19.756416	0	0	0	1
-15.508597	-39.353992	-28.140419	0	0	0	1
-11.764231	-37.319782	-29.651196	0	0	0.66627604	0.74570519
-19.636566	-41.844368	-26.598801	0	0	0.32328956	0.94630009
-19.918293	-42.895790	-26.934498	0	0	0	1
-20.132420	36.906372	-26.130379	0	0	-0.62160997	0.7833269
-16.225302	-45.473480	-30.717482	0	0	0	1
-32.399303	42.614292	-19.408638	0	0	0	1
-28.623020	-50.775253	-24.998177	0	0	0.80114363	0.59847213
-9.683560	37.221603	-34.483559	0	0	-0.54030229	0.84147099
-7.241000	-42.840935	-35.467117	0	0	0.85688874	0.51550139
-22.390505	45.333660	-28.636955	0	0	-0.69670669	0.71735611
-17.202589	-53.817921	-34.231525	0	0	0	1
-13.601742	45.598808	-35.662998	0	0	-0.69670669	0.71735611
-13.632060	-53.324696	-36.395733	0	0	0.90407214	0.42737988
-55.893425	43.165257	-41.962666	0	0	-0.070737201	0.99749499
-6.295197	-51.973099	-40.673710	0	0	0.85688874	0.51550139
-32.085567	60.209400	-28.584877	0	0	-0.82533563	0.56464246
-37.324917	101.069641	-45.214821	0	0	-0.26749883	0.96355818
-5.050933	102.043312	-71.015762	0	0	-0.54030229	0.84147099
-12.769893	102.130989	-74.669418	0	0	-0.54030229	0.84147099
-77.320602	108.498131	-90.277893	0	0	-0.26749883	0.96355818
-43.174591	-129.689468	-100.712341	0	0	0.66627604	0.74570519
-130.676605	82.741196	-106.644814	0	0	-0.16996714	0.98544973
-115.941811	-110.002190	-113.777069	0	0	0.50484609	0.86320938
-162.725601	37.706913	-118.943008	0	0	-0.070737201	0.99749499
-164.900269	-45.078156	-120.420532	0	0	0.22720209	0.97384763
28.631844	-145.084335	-110.832184	0	0	0.73739371	0.67546319
28.631844	-145.084335	-110.832184	0	0	0.85688874	0.51550139
