48.861988	168.219650	-48.519894	-1.141593	12.646423	191.046494	-91.505898
12.646423	191.046494	-91.505898	-1.141593	-14.530967	189.627563	-121.402695
-14.530967	189.627563	-121.402695	-1.341593	-92.369934	175.006897	-121.955971
-92.369934	175.006897	-121.955971	-1.141593	-155.968689	96.308792	-96.939362
-155.968689	96.308792	-96.939362	-0.541593	51.866665	31.807671	11.584645
51.866665	31.807671	11.584645	3.058407	65.732384	114.743614	-3.962735
65.732384	114.743614	-3.962735	-1.341593	69.180466	-130.572006	-92.289764
48.861988	168.219650	-48.519894	-1.141593	12.646423	191.046494	-91.505898
12.646423	191.046494	-91.505898	-1.141593	-14.530967	189.627563	-121.402695
-14.530967	189.627563	-121.402695	-1.341593	-92.369934	175.006897	-121.955971
-92.369934	175.006897	-121.955971	-1.141593	-155.968689	96.308792	-96.939362
-155.968689	96.308792	-96.939362	-0.541593	51.866665	31.807671	11.584645
51.866665	31.807671	11.584645	3.058407	65.732384	114.743614	-3.962735
65.732384	114.743614	-3.962735	-1.341593	69.180466	-130.572006	-92.289764
48.861988	168.219650	-48.519894	-1.141593	12.646423	191.046494	-91.505898
12.646423	191.046494	-91.505898	-1.141593	-14.530967	189.627563	-121.402695
-14.530967	189.627563	-121.402695	-1.341593	-92.369934	175.006897	-121.955971
-92.369934	175.006897	-121.955971	-1.141593	-155.968689	96.308792	-96.939362
-155.968689	96.308792	-96.939362	-0.541593	51.866665	31.807671	11.584645
51.866665	31.807671	11.584645	3.058407	65.732384	114.743614	-3.962735
65.732384	114.743614	-3.962735	-1.341593	69.180466	-130.572006	-92.289764
48.861988	168.219650	-48.519894	-1.141593	12.646423	191.046494	-91.505898
12.646423	191.046494	-91.505898	-1.141593	-14.530967	189.627563	-121.402695
-14.530967	189.627563	-121.402695	-1.341593	-92.369934	175.006897	-121.955971
-92.369934	175.006897	-121.955971	-1.141593	-155.968689	96.308792	-96.939362
-155.968689	96.308792	-96.939362	-0.541593	51.866665	31.807671	11.584645
51.866665	31.807671	11.584645	3.058407	65.732384	114.743614	-3.962735
65.732384	114.743614	-3.962735	-1.341593	69.180466	-130.572006	-92.289764
48.861988	168.219650	-48.519894	-1.141593	12.646423	191.046494	-91.505898
12.646423	191.046494	-91.505898	-1.141593	-14.530967	189.627563	-121.402695
-14.530967	189.627563	-121.402695	-1.341593	-92.369934	175.006897	-121.955971
-92.369934	175.006897	-121.955971	-1.141593	-155.968689	96.308792	-96.939362
-155.968689	96.308792	-96.939362	-0.541593	51.866665	31.807671	11.584645
51.866665	31.807671	11.584645	3.058407	65.732384	114.743614	-3.962735
65.732384	114.743614	-3.962735	-1.341593	69.180466	-130.572006	-92.289764
48.861988	168.219650	-48.519894	-1.141593	12.646423	191.046494	-91.505898
12.646423	191.046494	-91.505898	-1.141593	-14.530967	189.627563	-121.402695
-14.530967	189.627563	-121.402695	-1.341593	-92.369934	175.006897	-121.955971
-92.369934	175.006897	-121.955971	-1.141593	-155.968689	96.308792	-96.939362
-155.968689	96.308792	-96.939362	-0.541593	51.866665	31.807671	11.584645
51.866665	31.807671	11.584645	3.058407	65.732384	114.743614	-3.962735
65.732384	114.743614	-3.962735	-1.341593	69.180466	-130.572006	-92.289764
48.861988	168.219650	-48.519894	-1.141593	12.646423	191.046494	-91.505898
12.646423	191.046494	-91.505898	-1.141593	-14.530967	189.627563	-121.402695
-14.530967	189.627563	-121.402695	-1.341593	-92.369934	175.006897	-121.955971
-92.369934	175.006897	-121.955971	-1.141593	-155.968689	96.308792	-96.939362
-155.968689	96.308792	-96.939362	-0.541593	51.866665	31.807671	11.584645
51.866665	31.807671	11.584645	3.058407	65.732384	114.743614	-3.962735
65.732384	114.743614	-3.962735	-1.341593	69.180466	-130.572006	-92.289764
48.861988	168.219650	-48.519894	-1.141593	12.646423	191.046494	-91.505898
12.646423	191.046494	-91.505898	-1.141593	-14.530967	189.627563	-121.402695
-14.530967	189.627563	-121.402695	-1.341593	-92.369934	175.006897	-121.955971
-92.369934	175.006897	-121.955971	-1.141593	-155.968689	96.308792	-96.939362
-155.968689	96.308792	-96.939362	-0.541593	51.866665	31.807671	11.584645
51.866665	31.807671	11.584645	3.058407	65.732384	114.743614	-3.962735
65.732384	114.743614	-3.962735	-1.341593	69.180466	-130.572006	-92.289764
48.861988	168.219650	-48.519894	-1.141593	12.646423	191.046494	-91.505898
12.646423	191.046494	-91.505898	-1.141593	-14.530967	189.627563	-121.402695
-14.530967	189.627563	-121.402695	-1.341593	-92.369934	175.006897	-121.955971
-92.369934	175.006897	-121.955971	-1.141593	-155.968689	96.308792	-96.939362
-155.968689	96.308792	-96.939362	-0.541593	51.866665	31.807671	11.584645
51.866665	31.807671	11.584645	3.058407	65.732384	114.743614	-3.962735
65.732384	114.743614	-3.962735	-1.341593	69.180466	-130.572006	-92.289764
48.861988	168.219650	-48.519894	-1.141593	12.646423	191.046494	-91.505898
12.646423	191.046494	-91.505898	-1.141593	-14.530967	189.627563	-121.402695
-14.530967	189.627563	-121.402695	-1.341593	-92.369934	175.006897	-121.955971
-92.369934	175.006897	-121.955971	-1.141593	-155.968689	96.308792	-96.939362
-155.968689	96.308792	-96.939362	-0.541593	51.866665	31.807671	11.584645
51.866665	31.807671	11.584645	3.058407	65.732384	114.743614	-3.962735
65.732384	114.743614	-3.962735	-1.341593	69.180466	-130.572006	-92.289764
48.861988	168.219650	-48.519894	-1.141593	12.646423	191.046494	-91.505898
12.646423	191.046494	-91.505898	-1.141593	-14.530967	189.627563	-121.402695
-14.530967	189.627563	-121.402695	-1.341593	-92.369934	175.006897	-121.955971
-92.369934	175.006897	-121.955971	-1.141593	-155.968689	96.308792	-96.939362
-155.968689	96.308792	-96.939362	-0.541593	51.866665	31.807671	11.584645
51.866665	31.807671	11.584645	3.058407	65.732384	114.743614	-3.962735
65.732384	114.743614	-3.962735	-1.341593	69.180466	-130.572006	-92.289764
48.861988	168.219650	-48.519894	-1.141593	12.646423	191.046494	-91.505898
12.646423	191.046494	-91.505898	-1.141593	-14.530967	189.627563	-121.402695
-14.530967	189.627563	-121.402695	-1.341593	-92.369934	175.006897	-121.955971
-92.369934	175.006897	-121.955971	-1.141593	-155.968689	96.308792	-96.939362
-155.968689	96.308792	-96.939362	-0.541593	51.866665	31.807671	11.584645
51.866665	31.807671	11.584645	3.058407	65.732384	114.743614	-3.962735
65.732384	114.743614	-3.962735	-1.341593	69.180466	-130.572006	-92.289764
48.861988	168.219650	-48.519894	-1.141593	12.646423	191.046494	-91.505898
12.646423	191.046494	-91.505898	-1.141593	-14.530967	189.627563	-121.402695
-14.530967	189.627563	-121.402695	-1.341593	-92.369934	175.006897	-121.955971
-92.369934	175.006897	-121.955971	-1.141593	-155.968689	96.308792	-96.939362
-155.968689	96.308792	-96.939362	-0.541593	51.866665	31.807671	11.584645
51.866665	31.807671	11.584645	3.058407	65.732384	114.743614	-3.962735
65.732384	114.743614	-3.962735	-1.341593	69.180466	-130.572006	-92.289764
48.861988	168.219650	-48.519894	-1.141593	12.646423	191.046494	-91.505898
12.646423	191.046494	-91.505898	-1.141593	-14.530967	189.627563	-121.402695
-14.530967	189.627563	-121.402695	-1.341593	-92.369934	175.006897	-121.955971
-92.369934	175.006897	-121.955971	-1.141593	-155.968689	96.308792	-96.939362
-155.968689	96.308792	-96.939362	-0.541593	51.866665	31.807671	11.584645
51.866665	31.807671	11.584645	3.058407	65.732384	114.743614	-3.962735
65.732384	114.743614	-3.962735	-1.341593	69.180466	-130.572006	-92.289764
48.861988	168.219650	-48.519894	-1.141593	12.646423	191.046494	-91.505898
12.646423	191.046494	-91.505898	-1.141593	-14.530967	189.627563	-121.402695
-14.530967	189.627563	-121.402695	-1.341593	-92.369934	175.006897	-121.955971
-92.369934	175.006897	-121.955971	-1.141593	-155.968689	96.308792	-96.939362
-155.968689	96.308792	-96.939362	-0.541593	51.866665	31.807671	11.584645
51.866665	31.807671	11.584645	3.058407	65.732384	114.743614	-3.962735
65.732384	114.743614	-3.962735	-1.341593	69.180466	-130.572006	-92.289764
48.861988	168.219650	-48.519894	-1.141593	12.646423	191.046494	-91.505898
12.646423	191.046494	-91.505898	-1.141593	-14.530967	189.627563	-121.402695
-14.530967	189.627563	-121.402695	-1.341593	-92.369934	175.006897	-121.955971
-92.369934	175.006897	-121.955971	-1.141593	-155.968689	96.308792	-96.939362
-155.968689	96.308792	-96.939362	-0.541593	51.866665	31.807671	11.584645
51.866665	31.807671	11.584645	3.058407	65.732384	114.743614	-3.962735
65.732384	114.743614	-3.962735	-1.341593	69.180466	-130.572006	-92.289764
48.861988	168.219650	-48.519894	-1.141593	12.646423	191.046494	-91.505898
12.646423	191.046494	-91.505898	-1.141593	-14.530967	189.627563	-121.402695
-14.530967	189.627563	-121.402695	-1.341593	-92.369934	175.006897	-121.955971
-92.369934	175.006897	-121.955971	-1.141593	-155.968689	96.308792	-96.939362
-155.968689	96.308792	-96.939362	-0.541593	51.866665	31.807671	11.584645
51.866665	31.807671	11.584645	3.058407	65.732384	114.743614	-3.962735
65.732384	114.743614	-3.962735	-1.341593	69.180466	-130.572006	-92.289764
48.861988	168.219650	-48.519894	-1.141593	12.646423	191.046494	-91.505898
12.646423	191.046494	-91.505898	-1.141593	-14.530967	189.627563	-121.402695
-14.530967	189.627563	-121.402695	-1.341593	-92.369934	175.006897	-121.955971
-92.369934	175.006897	-121.955971	-1.141593	-155.968689	96.308792	-96.939362
-155.968689	96.308792	-96.939362	-0.541593	51.866665	31.807671	11.584645
51.866665	31.807671	11.584645	3.058407	65.732384	114.743614	-3.962735
65.732384	114.743614	-3.962735	-1.341593	69.180466	-130.572006	-92.289764
48.861988	168.219650	-48.519894	-1.141593	12.646423	191.046494	-91.505898
12.646423	191.046494	-91.505898	-1.141593	-14.530967	189.627563	-121.402695
-14.530967	189.627563	-121.402695	-1.341593	-92.369934	175.006897	-121.955971
-92.369934	175.006897	-121.955971	-1.141593	-155.968689	96.308792	-96.939362
-155.968689	96.308792	-96.939362	-0.541593	51.866665	31.807671	11.584645
51.866665	31.807671	11.584645	3.058407	65.732384	114.743614	-3.962735
65.732384	114.743614	-3.962735	-1.341593	69.180466	-130.572006	-92.289764
48.861988	168.219650	-48.519894	-1.141593	12.646423	191.046494	-91.505898
12.646423	191.046494	-91.505898	-1.141593	-14.530967	189.627563	-121.402695
-14.530967	189.627563	-121.402695	-1.341593	-92.369934	175.006897	-121.955971
-92.369934	175.006897	-121.955971	-1.141593	-155.968689	96.308792	-96.939362
-155.968689	96.308792	-96.939362	-0.541593	51.866665	31.807671	11.584645
51.866665	31.807671	11.584645	3.058407	65.732384	114.743614	-3.962735
65.732384	114.743614	-3.962735	-1.341593	69.180466	-130.572006	-92.289764
