61.012482	181.333878	100.069550	0.000000	0.000000	3.058407
81.962784	67.486526	91.436279	0.000000	0.000000	3.058407
9.975254	-8.799033	73.111122	0.000000	0.000000	3.058407
-142.032654	84.238182	106.855202	0.000000	0.000000	0.458407
-108.122681	192.792374	106.855202	0.000000	0.000000	-0.141593
-6.156765	220.114059	106.855202	0.000000	0.000000	-0.741593
-6.156765	220.114059	106.855202	0.000000	0.000000	-0.741593
-6.156765	220.114059	106.855202	0.000000	0.000000	-0.741593
61.012482	181.333878	100.069550	0.000000	0.000000	3.058407
81.962784	67.486526	91.436279	0.000000	0.000000	3.058407
9.975254	-8.799033	73.111122	0.000000	0.000000	3.058407
-142.032654	84.238182	106.855202	0.000000	0.000000	0.458407
-108.122681	192.792374	106.855202	0.000000	0.000000	-0.141593
-6.156765	220.114059	106.855202	0.000000	0.000000	-0.741593
-6.156765	220.114059	106.855202	0.000000	0.000000	-0.741593
-6.156765	220.114059	106.855202	0.000000	0.000000	-0.741593
61.012482	181.333878	100.069550	0.000000	0.000000	3.058407
81.962784	67.486526	91.436279	0.000000	0.000000	3.058407
9.975254	-8.799033	73.111122	0.000000	0.000000	3.058407
-142.032654	84.238182	106.855202	0.000000	0.000000	0.458407
-108.122681	192.792374	106.855202	0.000000	0.000000	-0.141593
-6.156765	220.114059	106.855202	0.000000	0.000000	-0.741593
-6.156765	220.114059	106.855202	0.000000	0.000000	-0.741593
-6.156765	220.114059	106.855202	0.000000	0.000000	-0.741593
61.012482	181.333878	100.069550	0.000000	0.000000	3.058407
81.962784	67.486526	91.436279	0.000000	0.000000	3.058407
9.975254	-8.799033	73.111122	0.000000	0.000000	3.058407
-142.032654	84.238182	106.855202	0.000000	0.000000	0.458407
-108.122681	192.792374	106.855202	0.000000	0.000000	-0.141593
-6.156765	220.114059	106.855202	0.000000	0.000000	-0.741593
-6.156765	220.114059	106.855202	0.000000	0.000000	-0.741593
-6.156765	220.114059	106.855202	0.000000	0.000000	-0.741593
61.012482	181.333878	100.069550	0.000000	0.000000	3.058407
81.962784	67.486526	91.436279	0.000000	0.000000	3.058407
9.975254	-8.799033	73.111122	0.000000	0.000000	3.058407
-142.032654	84.238182	106.855202	0.000000	0.000000	0.458407
-108.122681	192.792374	106.855202	0.000000	0.000000	-0.141593
-6.156765	220.114059	106.855202	0.000000	0.000000	-0.741593
-6.156765	220.114059	106.855202	0.000000	0.000000	-0.741593
-6.156765	220.114059	106.855202	0.000000	0.000000	-0.741593
61.012482	181.333878	100.069550	0.000000	0.000000	3.058407
81.962784	67.486526	91.436279	0.000000	0.000000	3.058407
9.975254	-8.799033	73.111122	0.000000	0.000000	3.058407
-142.032654	84.238182	106.855202	0.000000	0.000000	0.458407
-108.122681	192.792374	106.855202	0.000000	0.000000	-0.141593
-6.156765	220.114059	106.855202	0.000000	0.000000	-0.741593
-6.156765	220.114059	106.855202	0.000000	0.000000	-0.741593
-6.156765	220.114059	106.855202	0.000000	0.000000	-0.741593
61.012482	181.333878	100.069550	0.000000	0.000000	3.058407
81.962784	67.486526	91.436279	0.000000	0.000000	3.058407
9.975254	-8.799033	73.111122	0.000000	0.000000	3.058407
-142.032654	84.238182	106.855202	0.000000	0.000000	0.458407
-108.122681	192.792374	106.855202	0.000000	0.000000	-0.141593
-6.156765	220.114059	106.855202	0.000000	0.000000	-0.741593
-6.156765	220.114059	106.855202	0.000000	0.000000	-0.741593
-6.156765	220.114059	106.855202	0.000000	0.000000	-0.741593
61.012482	181.333878	100.069550	0.000000	0.000000	3.058407
81.962784	67.486526	91.436279	0.000000	0.000000	3.058407
9.975254	-8.799033	73.111122	0.000000	0.000000	3.058407
-142.032654	84.238182	106.855202	0.000000	0.000000	0.458407
-108.122681	192.792374	106.855202	0.000000	0.000000	-0.141593
-6.156765	220.114059	106.855202	0.000000	0.000000	-0.741593
-6.156765	220.114059	106.855202	0.000000	0.000000	-0.741593
-6.156765	220.114059	106.855202	0.000000	0.000000	-0.741593
61.012482	181.333878	100.069550	0.000000	0.000000	3.058407
81.962784	67.486526	91.436279	0.000000	0.000000	3.058407
9.975254	-8.799033	73.111122	0.000000	0.000000	3.058407
-142.032654	84.238182	106.855202	0.000000	0.000000	0.458407
-108.122681	192.792374	106.855202	0.000000	0.000000	-0.141593
-6.156765	220.114059	106.855202	0.000000	0.000000	-0.741593
-6.156765	220.114059	106.855202	0.000000	0.000000	-0.741593
-6.156765	220.114059	106.855202	0.000000	0.000000	-0.741593
61.012482	181.333878	100.069550	0.000000	0.000000	3.058407
81.962784	67.486526	91.436279	0.000000	0.000000	3.058407
9.975254	-8.799033	73.111122	0.000000	0.000000	3.058407
-142.032654	84.238182	106.855202	0.000000	0.000000	0.458407
-108.122681	192.792374	106.855202	0.000000	0.000000	-0.141593
-6.156765	220.114059	106.855202	0.000000	0.000000	-0.741593
-6.156765	220.114059	106.855202	0.000000	0.000000	-0.741593
-6.156765	220.114059	106.855202	0.000000	0.000000	-0.741593
61.012482	181.333878	100.069550	0.000000	0.000000	3.058407
81.962784	67.486526	91.436279	0.000000	0.000000	3.058407
9.975254	-8.799033	73.111122	0.000000	0.000000	3.058407
-142.032654	84.238182	106.855202	0.000000	0.000000	0.458407
-108.122681	192.792374	106.855202	0.000000	0.000000	-0.141593
-6.156765	220.114059	106.855202	0.000000	0.000000	-0.741593
-6.156765	220.114059	106.855202	0.000000	0.000000	-0.741593
-6.156765	220.114059	106.855202	0.000000	0.000000	-0.741593
61.012482	181.333878	100.069550	0.000000	0.000000	3.058407
81.962784	67.486526	91.436279	0.000000	0.000000	3.058407
9.975254	-8.799033	73.111122	0.000000	0.000000	3.058407
-142.032654	84.238182	106.855202	0.000000	0.000000	0.458407
-108.122681	192.792374	106.855202	0.000000	0.000000	-0.141593
-6.156765	220.114059	106.855202	0.000000	0.000000	-0.741593
-6.156765	220.114059	106.855202	0.000000	0.000000	-0.741593
-6.156765	220.114059	106.855202	0.000000	0.000000	-0.741593
61.012482	181.333878	100.069550	0.000000	0.000000	3.058407
81.962784	67.486526	91.436279	0.000000	0.000000	3.058407
9.975254	-8.799033	73.111122	0.000000	0.000000	3.058407
-142.032654	84.238182	106.855202	0.000000	0.000000	0.458407
-108.122681	192.792374	106.855202	0.000000	0.000000	-0.141593
-6.156765	220.114059	106.855202	0.000000	0.000000	-0.741593
-6.156765	220.114059	106.855202	0.000000	0.000000	-0.741593
-6.156765	220.114059	106.855202	0.000000	0.000000	-0.741593
61.012482	181.333878	100.069550	0.000000	0.000000	3.058407
81.962784	67.486526	91.436279	0.000000	0.000000	3.058407
9.975254	-8.799033	73.111122	0.000000	0.000000	3.058407
-142.032654	84.238182	106.855202	0.000000	0.000000	0.458407
-108.122681	192.792374	106.855202	0.000000	0.000000	-0.141593
-6.156765	220.114059	106.855202	0.000000	0.000000	-0.741593
-6.156765	220.114059	106.855202	0.000000	0.000000	-0.741593
-6.156765	220.114059	106.855202	0.000000	0.000000	-0.741593
61.012482	181.333878	100.069550	0.000000	0.000000	3.058407
81.962784	67.486526	91.436279	0.000000	0.000000	3.058407
9.975254	-8.799033	73.111122	0.000000	0.000000	3.058407
-142.032654	84.238182	106.855202	0.000000	0.000000	0.458407
-108.122681	192.792374	106.855202	0.000000	0.000000	-0.141593
-6.156765	220.114059	106.855202	0.000000	0.000000	-0.741593
-6.156765	220.114059	106.855202	0.000000	0.000000	-0.741593
-6.156765	220.114059	106.855202	0.000000	0.000000	-0.741593
61.012482	181.333878	100.069550	0.000000	0.000000	3.058407
81.962784	67.486526	91.436279	0.000000	0.000000	3.058407
9.975254	-8.799033	73.111122	0.000000	0.000000	3.058407
-142.032654	84.238182	106.855202	0.000000	0.000000	0.458407
-108.122681	192.792374	106.855202	0.000000	0.000000	-0.141593
-6.156765	220.114059	106.855202	0.000000	0.000000	-0.741593
-6.156765	220.114059	106.855202	0.000000	0.000000	-0.741593
-6.156765	220.114059	106.855202	0.000000	0.000000	-0.741593
61.012482	181.333878	100.069550	0.000000	0.000000	3.058407
81.962784	67.486526	91.436279	0.000000	0.000000	3.058407
9.975254	-8.799033	73.111122	0.000000	0.000000	3.058407
-142.032654	84.238182	106.855202	0.000000	0.000000	0.458407
-108.122681	192.792374	106.855202	0.000000	0.000000	-0.141593
-6.156765	220.114059	106.855202	0.000000	0.000000	-0.741593
-6.156765	220.114059	106.855202	0.000000	0.000000	-0.741593
-6.156765	220.114059	106.855202	0.000000	0.000000	-0.741593
61.012482	181.333878	100.069550	0.000000	0.000000	3.058407
81.962784	67.486526	91.436279	0.000000	0.000000	3.058407
9.975254	-8.799033	73.111122	0.000000	0.000000	3.058407
-142.032654	84.238182	106.855202	0.000000	0.000000	0.458407
-108.122681	192.792374	106.855202	0.000000	0.000000	-0.141593
-6.156765	220.114059	106.855202	0.000000	0.000000	-0.741593
-6.156765	220.114059	106.855202	0.000000	0.000000	-0.741593
-6.156765	220.114059	106.855202	0.000000	0.000000	-0.741593
61.012482	181.333878	100.069550	0.000000	0.000000	3.058407
81.962784	67.486526	91.436279	0.000000	0.000000	3.058407
9.975254	-8.799033	73.111122	0.000000	0.000000	3.058407
-142.032654	84.238182	106.855202	0.000000	0.000000	0.458407
-108.122681	192.792374	106.855202	0.000000	0.000000	-0.141593
-6.156765	220.114059	106.855202	0.000000	0.000000	-0.741593
-6.156765	220.114059	106.855202	0.000000	0.000000	-0.741593
-6.156765	220.114059	106.855202	0.000000	0.000000	-0.741593
61.012482	181.333878	100.069550	0.000000	0.000000	3.058407
81.962784	67.486526	91.436279	0.000000	0.000000	3.058407
9.975254	-8.799033	73.111122	0.000000	0.000000	3.058407
-142.032654	84.238182	106.855202	0.000000	0.000000	0.458407
-108.122681	192.792374	106.855202	0.000000	0.000000	-0.141593
-6.156765	220.114059	106.855202	0.000000	0.000000	-0.741593
-6.156765	220.114059	106.855202	0.000000	0.000000	-0.741593
-6.156765	220.114059	106.855202	0.000000	0.000000	-0.741593
