-55.639938	-29.205374	0.102995	0	0	0.73739371	0.67546319
-55.685028	-29.253262	0.083473	0	0	0.41614682	0.90929743
-55.594543	-29.157459	0.122727	0	0	0.41614682	0.90929743
-55.729580	-29.301079	0.064183	0	0	0.73739371	0.67546319
-55.549118	-29.109566	0.142652	0	0	0.73739371	0.67546319
-55.503994	-29.061758	0.162761	0	0	0.73739371	0.67546319
-55.459518	-29.014118	0.183053	0	0	0.41614682	0.90929743
-55.416050	-28.966759	0.203529	0	0	0.73739371	0.67546319
-55.373924	-28.919827	0.224170	0	0	0.73739371	0.67546319
-55.333385	-28.873528	0.244914	0	0	0.73739371	0.67546319
-55.294510	-28.828144	0.265564	0	0	0.41614682	0.90929743
-55.257111	-28.784071	0.285775	0	0	0.41614682	0.90929743
-55.220535	-28.741779	0.304570	0	0	0.73739371	0.67546319
-55.032303	-28.947233	0.043095	0	0	0.41614682	0.90929743
-55.184414	-28.701815	0.321391	0	0	0.41614682	0.90929743
-55.148586	-28.664824	0.335951	0	0	0.80114363	0.59847213
-55.112907	-28.631527	0.347854	0	0	0.41614682	0.90929743
-55.077248	-28.602791	0.356572	0	0	0.80114363	0.59847213
-55.041595	-28.579550	0.361345	0	0	0.41614682	0.90929743
-55.006191	-28.563135	0.361057	0	0	0.80114363	0.59847213
-54.970787	-28.554514	0.354716	0	0	0.80114363	0.59847213
-54.894627	-28.607035	0.264009	0	0	0.41614682	0.90929743
-54.874046	-28.599253	0.205035	0	0	0.41614682	0.90929743
-54.937885	-28.557165	0.339181	0	0	0.80114363	0.59847213
-54.905060	-28.566809	0.314458	0	0	0.80114363	0.59847213
-54.681889	-29.050726	0.497743	0	0	0.90407214	0.42737988
-56.627811	-27.531631	1.255233	0	0	0.85688874	0.51550139
-53.772717	-29.944464	1.400138	0	0	0.85688874	0.51550139
-53.379688	-29.183535	1.994393	0	0	0.94222235	0.33498812
-58.370342	-29.205374	2.130871	0	0	0.73739371	0.67546319
-58.370342	-29.183535	2.130871	0	0	0.58850112	0.8084964
-58.370342	-29.253262	2.130871	0	0	0.58850112	0.8084964
-58.370342	-29.157459	2.130871	0	0	0.66627604	0.74570519
-58.370342	-29.301079	2.130871	0	0	0.73739371	0.67546319
-58.370342	-29.109566	2.130871	0	0	0.73739371	0.67546319
-58.370342	-29.061758	2.130871	0	0	0.73739371	0.67546319
-58.370342	-29.050726	2.130871	0	0	0.50484609	0.86320938
-58.370342	-29.014118	2.130871	0	0	0.66627604	0.74570519
-58.370342	-28.966759	2.130871	0	0	0.73739371	0.67546319
-58.370342	-28.947233	2.130871	0	0	0.32328956	0.94630009
-58.370342	-28.919827	2.130871	0	0	0.73739371	0.67546319
-58.370342	-28.873528	2.130871	0	0	0.73739371	0.67546319
-58.370342	-28.828144	2.130871	0	0	0.66627604	0.74570519
-58.370342	-28.784071	2.130871	0	0	0.66627604	0.74570519
-58.370342	-28.741779	2.130871	0	0	0.73739371	0.67546319
-58.370342	-28.701815	2.130871	0	0	0.66627604	0.74570519
-58.370342	-28.664824	2.130871	0	0	0.73739371	0.67546319
-58.370342	-28.631527	2.130871	0	0	0.66627604	0.74570519
-58.370342	-28.607035	2.130871	0	0	0.66627604	0.74570519
-58.370342	-28.602791	2.130871	0	0	0.73739371	0.67546319
-58.370342	-28.599253	2.130871	0	0	0.73739371	0.67546319
-58.370342	-28.579550	2.130871	0	0	0.66627604	0.74570519
-58.370342	-28.566809	2.130871	0	0	0.73739371	0.67546319
-58.370342	-28.563135	2.130871	0	0	0.73739371	0.67546319
-58.370342	-28.557165	2.130871	0	0	0.73739371	0.67546319
-58.370342	-28.554514	2.130871	0	0	0.73739371	0.67546319
-58.370342	-29.944464	2.130871	0	0	0.66627604	0.74570519
-52.186905	-28.669407	0.378305	0	0	0	1
-52.187836	-28.665947	0.383198	0	0	0.73739371	0.67546319
-52.181374	-28.690056	0.349110	0	0	0.73739371	0.67546319
-52.192459	-28.648682	0.407610	0	0	0.73739371	0.67546319
-52.175865	-28.710619	0.320033	0	0	0.73739371	0.67546319
-52.198036	-28.627876	0.437028	0	0	0.73739371	0.67546319
-52.203632	-28.606987	0.466563	0	0	0.73739371	0.67546319
-52.209251	-28.586012	0.496220	0	0	0.73739371	0.67546319
-52.214893	-28.564955	0.525993	0	0	0.73739371	0.67546319
-52.220551	-28.543846	0.555841	0	0	0.73739371	0.67546319
-52.226200	-28.522757	0.585661	0	0	0.73739371	0.67546319
-52.226700	-28.520893	0.588293	0	0	0	1
-52.231800	-28.501862	0.615203	0	0	0	1
-52.234474	-28.491884	0.629312	0	0	0.73739371	0.67546319
-52.237267	-28.481468	0.644038	0	0	0.73739371	0.67546319
-52.241550	-28.465469	0.666661	0	0	0	1
-52.242420	-28.462234	0.671234	0	0	0.73739371	0.67546319
-52.247135	-28.444630	0.696128	0	0	0.73739371	0.67546319
-52.251324	-28.429007	0.718217	0	0	0.73739371	0.67546319
-52.251530	-28.428232	0.719310	0	0	0.66627604	0.74570519
-52.254860	-28.415796	0.736896	0	0	0.73739371	0.67546319
-52.256187	-28.410847	0.743894	0	0	0.66627604	0.74570519
-52.257610	-28.405537	0.751402	0	0	0.73739371	0.67546319
-52.259106	-28.399960	0.759287	0	0	0.66627604	0.74570519
-52.259396	-28.398882	0.760811	0	0	0.73739371	0.67546319
-52.259964	-28.396759	0.763813	0	0	0.66627604	0.74570519
-58.370342	-27.531631	2.130871	0	0	0.85688874	0.51550139
-51.974373	-29.462599	1.400138	0	0	0.85688874	0.51550139
-58.370342	-27.144924	2.130871	0	0	0.85688874	0.51550139
-52.138275	-28.850901	1.994393	0	0	0.94222235	0.33498812
-52.498184	-27.507696	2.020892	0	0	0	1
-53.968933	-26.224474	2.894694	0	0	0.94222235	0.33498812
-52.752331	-26.559214	3.361989	0	0	0.94222235	0.33498812
-58.370342	-25.144167	2.130871	0	0	0.32328956	0.94630009
-58.370342	-33.506092	2.130871	0	0	0.85688874	0.51550139
-58.449268	-33.614037	3.032983	0	0	0.80114363	0.59847213
-49.798374	-28.769293	2.208374	0	0	0.97095818	0.23924928
-58.370342	-34.876049	2.130871	0	0	0.73739371	0.67546319
-58.806915	-26.452271	7.120916	0	0	0.85688874	0.51550139
-52.682755	-26.818880	7.402041	0	0	0.97095818	0.23924928
-50.885342	-26.854351	6.552377	0	0	0.97095818	0.23924928
-60.429180	-29.312279	7.402041	0	0	0.22720209	0.97384763
-58.912983	-30.001217	8.333285	0	0	0.22720209	0.97384763
-61.208710	-29.103403	7.402041	0	0	0.22720209	0.97384763
-50.064480	-28.501040	7.837751	0	0	0.98999249	0.14112005
-59.004230	-29.098858	9.376265	0	0	0.85688874	0.51550139
-50.563057	-27.753283	8.499589	0	0	0.97095818	0.23924928
-58.715836	-21.859951	6.079881	0	0	0.80114363	0.59847213
-59.107224	-27.734802	10.553458	0	0	0.58850112	0.8084964
-49.171535	-30.282343	9.178962	0	0	0.50484609	0.86320938
-65.159241	-23.709404	2.239263	0	0	0.50484609	0.86320938
-65.191246	-23.764843	2.239263	0	0	0.50484609	0.86320938
-65.127144	-23.653811	2.239263	0	0	0.50484609	0.86320938
-65.223091	-23.819998	2.239263	0	0	0.50484609	0.86320938
-65.095047	-23.598219	2.239263	0	0	0.50484609	0.86320938
-65.063065	-23.542826	2.239263	0	0	0.50484609	0.86320938
-65.031319	-23.487837	2.239263	0	0	0.50484609	0.86320938
-65.012466	-23.455191	2.239263	0	0	0.41614682	0.90929743
-64.999947	-23.433495	2.239263	0	0	0.50484609	0.86320938
-64.969086	-23.380056	2.239263	0	0	0.50484609	0.86320938
-64.938904	-23.327778	2.239263	0	0	0.50484609	0.86320938
-64.909538	-23.276907	2.239263	0	0	0.50484609	0.86320938
-64.895554	-23.252684	2.239263	0	0	0.58850112	0.8084964
-64.881104	-23.227657	2.239263	0	0	0.50484609	0.86320938
-64.853645	-23.180099	2.239263	0	0	0.50484609	0.86320938
-64.852760	-23.178570	2.239263	0	0	0.50484609	0.86320938
-64.827309	-23.134485	2.239263	0	0	0.50484609	0.86320938
-64.802338	-23.091228	2.239263	0	0	0.50484609	0.86320938
-64.778999	-23.050808	2.239263	0	0	0.50484609	0.86320938
-64.757637	-23.013813	2.239263	0	0	0.50484609	0.86320938
-64.738663	-22.980946	2.239263	0	0	0.50484609	0.86320938
-64.722702	-22.953304	2.239263	0	0	0.50484609	0.86320938
-64.713821	-22.937920	2.239263	0	0	0.50484609	0.86320938
-64.710121	-22.931507	2.239263	0	0	0.50484609	0.86320938
-64.705307	-22.923172	2.239263	0	0	0.50484609	0.86320938
-64.703041	-22.919250	2.239263	0	0	0.50484609	0.86320938
-64.699013	-22.912268	2.239263	0	0	0.50484609	0.86320938
-64.681458	-22.881857	2.239263	0	0	0.1288445	0.99166481
-64.584717	-22.714306	2.239263	0	0	0.41614682	0.90929743
-63.915417	-21.555038	2.239263	0	0	0.66627604	0.74570519
-48.684612	-30.001217	9.228152	0	0	0.50484609	0.86320938
-63.885559	-21.476446	2.392887	0	0	0.029199523	0.9995736
-63.725399	-21.054848	3.216970	0	0	0.66627604	0.74570519
-67.279800	-27.382330	2.239263	0	0	0.58850112	0.8084964
-58.895901	-20.511366	8.138016	0	0	0.80114363	0.59847213
-59.192394	-32.138950	11.526957	0	0	0.66627604	0.74570519
-46.620037	-26.656576	8.321000	0	0	0.99913515	0.041580682
-63.514648	-20.500061	4.301392	0	0	0.50484609	0.86320938
-59.157597	-34.040680	11.129245	0	0	0.66627604	0.74570519
-66.855225	-25.843384	6.831612	0	0	0.029199523	0.9995736
-46.310547	-25.831417	9.930594	0	0	0	1
-64.175972	-21.057276	7.663165	0	0	-0.070737201	0.99749499
-47.905659	-32.865845	11.413183	0	0	0.73739371	0.67546319
-62.893490	-18.864933	7.497522	0	0	0.66627604	0.74570519
-46.187492	-35.654694	10.343899	0	0	0.94222235	0.33498812
-62.511307	-17.858885	9.464012	0	0	0.66627604	0.74570519
-43.468754	-39.290493	4.210537	0	0	0.94222235	0.33498812
-63.267811	-19.002417	10.417113	0	0	-0.16996714	0.98544973
-45.532047	-25.315708	12.852778	0	0	0	1
-62.263645	-17.206945	10.738335	0	0	0.66627604	0.74570519
-46.364620	-23.467846	13.756018	0	0	0	1
-62.194080	-17.023817	11.096289	0	0	0.32328956	0.94630009
-62.158318	-16.929676	11.280305	0	0	0.41614682	0.90929743
-69.765884	-18.307175	2.674711	0	0	0.41614682	0.90929743
-69.786064	-18.323175	2.631661	0	0	0.41614682	0.90929743
-69.745575	-18.291073	2.718030	0	0	0.41614682	0.90929743
-69.806076	-18.339039	2.588986	0	0	0.41614682	0.90929743
-69.725197	-18.274918	2.761495	0	0	0.41614682	0.90929743
-69.704819	-18.258759	2.804968	0	0	0.41614682	0.90929743
-69.684494	-18.242649	2.848306	0	0	0	1
-69.664314	-18.226648	2.891354	0	0	0.41614682	0.90929743
-69.655083	-18.219332	2.911040	0	0	0.50484609	0.86320938
-69.644348	-18.210819	2.933944	0	0	0.41614682	0.90929743
-69.624687	-18.195227	2.975889	0	0	0.41614682	0.90929743
-69.605438	-18.179970	3.016938	0	0	0.50484609	0.86320938
-69.586754	-18.165154	3.056797	0	0	0.50484609	0.86320938
-69.568916	-18.151012	3.094843	0	0	0.41614682	0.90929743
-69.552132	-18.137707	3.130639	0	0	0.50484609	0.86320938
-69.536560	-18.125360	3.163855	0	0	0.41614682	0.90929743
-69.528908	-18.119293	3.180179	0	0	0.50484609	0.86320938
-69.522408	-18.114138	3.194052	0	0	0.50484609	0.86320938
-69.512878	-18.106585	3.214372	0	0	0.50484609	0.86320938
-69.509933	-18.104250	3.220649	0	0	0.41614682	0.90929743
-69.499535	-18.096004	3.242834	0	0	0.50484609	0.86320938
-69.491989	-18.090021	3.258931	0	0	0.41614682	0.90929743
-69.491798	-18.089870	3.259338	0	0	0.41614682	0.90929743
-69.487526	-18.086485	3.268444	0	0	0.41614682	0.90929743
-69.487152	-18.086185	3.269252	0	0	0.41614682	0.90929743
-69.454689	-18.060448	3.338494	0	0	0.41614682	0.90929743
-69.313194	-17.948267	3.640303	0	0	0.22720209	0.97384763
-45.745750	-24.086714	14.351681	0	0	0	1
-69.110680	-17.787704	4.072270	0	0	0.32328956	0.94630009
-68.744255	-17.497192	4.853852	0	0	0.41614682	0.90929743
-47.917480	-21.914986	15.002836	0	0	-0.98006658	0.19866933
-45.173710	-37.808975	12.620513	0	0	0.85688874	0.51550139
-68.149086	-17.025322	6.123355	0	0	-0.26749883	0.96355818
-68.176369	-17.035063	6.182859	0	0	-0.26749883	0.96355818
-68.037560	-16.936903	6.361233	0	0	0.50484609	0.86320938
-44.791672	-38.411739	12.283632	0	0	0.98999249	0.14112005
-42.366859	-29.863104	13.578657	0	0	0	1
-61.912540	-16.282700	12.544929	0	0	0.66627604	0.74570519
-67.015259	-16.126390	8.541802	0	0	0.50484609	0.86320938
-39.787094	-37.523216	7.532172	0	0	0	1
-59.845551	-26.383356	18.992571	0	0	0.50484609	0.86320938
-58.430607	-48.552048	2.819702	0	0	0.32328956	0.94630009
-66.419586	-15.654119	9.812380	0	0	0.50484609	0.86320938
-55.180305	-17.497889	16.174150	0	0	0.50484609	0.86320938
-40.526470	-32.718044	13.646680	0	0	0	1
-65.591858	-14.997869	11.577930	0	0	0.22720209	0.97384763
-65.141678	-14.640950	12.538170	0	0	-0.45359611	0.89120736
-58.321972	-15.710614	16.478710	0	0	0.32328956	0.94630009
-42.871502	-26.960964	17.118156	0	0	0	1
-65.009270	-14.535972	12.820599	0	0	0.029199523	0.9995736
-47.432892	-35.164921	19.872675	0	0	0.50484609	0.86320938
-56.776237	-15.679317	17.820143	0	0	0.50484609	0.86320938
-38.960217	-35.146290	13.706991	0	0	0	1
-59.693108	-14.540658	17.250170	0	0	0.22720209	0.97384763
-64.059250	-13.782767	14.846989	0	0	0.58850112	0.8084964
-38.942673	-34.420631	14.971652	0	0	0	1
-41.361080	-28.471386	18.571941	0	0	0	1
-39.339039	-45.999104	1.671580	0	0	0.94222235	0.33498812
-41.244659	-28.587805	18.683994	0	0	0	1
-50.931293	-17.331793	19.992674	0	0	0	1
-60.165829	-21.576702	22.653391	0	0	0.029199523	0.9995736
-40.333855	-29.498611	19.560648	0	0	0	1
-62.935791	-12.892051	17.243336	0	0	-0.45359611	0.89120736
-37.453800	-46.061527	-0.639775	0	0	0	1
-62.672157	-12.683031	17.805674	0	0	0.41614682	0.90929743
-62.592022	-12.619499	17.976597	0	0	0.50484609	0.86320938
-39.859844	-29.972622	20.016886	0	0	0	1
-62.452759	-12.509087	18.273647	0	0	0.50484609	0.86320938
-39.685867	-30.146599	20.184338	0	0	0	1
-62.325294	-12.408029	18.545528	0	0	0.41614682	0.90929743
-62.194656	-12.304452	18.824186	0	0	0.1288445	0.99166481
-60.496704	-12.555676	19.830015	0	0	0.22720209	0.97384763
-46.154202	-38.013313	23.493933	0	0	0.50484609	0.86320938
-61.646458	-11.869823	19.993494	0	0	0	1
-61.743587	-11.843503	20.809134	0	0	0	1
-70.981773	-10.633912	14.225486	0	0	0	1
-70.946655	-10.630919	14.259700	0	0	0.32328956	0.94630009
-71.016632	-10.636883	14.191530	0	0	0.32328956	0.94630009
-71.051094	-10.639820	14.157955	0	0	0.32328956	0.94630009
-70.911430	-10.627916	14.294020	0	0	0.32328956	0.94630009
-70.876274	-10.624919	14.328276	0	0	0.32328956	0.94630009
-70.841354	-10.621943	14.362290	0	0	0.32328956	0.94630009
-70.840004	-10.621828	14.363605	0	0	-0.62160997	0.7833269
-70.806877	-10.619004	14.395880	0	0	0.32328956	0.94630009
-70.773026	-10.616118	14.428863	0	0	0.32328956	0.94630009
-70.739952	-10.613300	14.461081	0	0	0.32328956	0.94630009
-70.707825	-10.610561	14.492383	0	0	0.32328956	0.94630009
-70.689774	-10.609023	14.509970	0	0	0.32328956	0.94630009
-70.676727	-10.607910	14.522683	0	0	0.32328956	0.94630009
-70.646828	-10.605362	14.551811	0	0	0.32328956	0.94630009
-70.618248	-10.602926	14.579656	0	0	0.32328956	0.94630009
-70.591072	-10.600610	14.606130	0	0	0.32328956	0.94630009
-70.565460	-10.598427	14.631084	0	0	0.32328956	0.94630009
-70.541641	-10.596396	14.654292	0	0	0.32328956	0.94630009
-70.520027	-10.594554	14.675348	0	0	0.32328956	0.94630009
-70.513084	-10.593962	14.682113	0	0	0.32328956	0.94630009
-70.501358	-10.592963	14.693536	0	0	0.32328956	0.94630009
-70.494576	-10.592384	14.700145	0	0	0.32328956	0.94630009
-70.486046	-10.591658	14.708456	0	0	0.32328956	0.94630009
-70.477081	-10.590894	14.717190	0	0	0.32328956	0.94630009
-70.473030	-10.590549	14.721132	0	0	0.32328956	0.94630009
-70.288773	-10.574842	14.900648	0	0	0.32328956	0.94630009
-70.188988	-10.566338	14.997863	0	0	-0.62160997	0.7833269
-69.413635	-10.500249	15.753255	0	0	0.32328956	0.94630009
-68.883667	-10.455077	16.269575	0	0	0.32328956	0.94630009
-68.607605	-10.431547	16.538528	0	0	-0.69670669	0.71735611
-60.674812	-12.430877	22.306290	0	0	0	1
-66.928528	-10.288429	18.174374	0	0	-0.69670669	0.71735611
-65.061066	-10.129253	19.993757	0	0	0	1
-38.292156	-30.241131	23.707016	0	0	0	1
-36.280025	-51.824036	4.680923	0	0	0.50484609	0.86320938
-35.229904	-53.116337	1.671580	0	0	0.85688874	0.51550139
-32.569016	-49.795456	5.994045	0	0	0	1
-35.206829	-34.625637	24.495426	0	0	0	1
-30.270269	-51.804615	8.692788	0	0	0	1
-78.684418	-7.591744	16.735037	0	0	0.1288445	0.99166481
-32.847130	-36.985332	26.766644	0	0	0	1
-33.910583	-31.889788	32.512642	0	0	0	1
-57.262192	-17.492924	38.549755	0	0	0.50484609	0.86320938
-59.728588	-17.117231	38.441273	0	0	0.50484609	0.86320938
-61.625492	-15.058438	39.337402	0	0	0.029199523	0.9995736
-47.592564	-19.612333	40.342384	0	0	0	1
-49.531292	-18.641623	40.959362	0	0	0	1
-62.340824	-12.103730	40.667320	0	0	0	1
-64.047478	-11.219221	40.155510	0	0	0	1
-69.039352	-8.598769	37.487274	0	0	0	1
-88.223846	1.677791	19.995529	0	0	0	1
-47.388561	-22.443903	90.842804	0	0	0.90407214	0.42737988
-53.412239	-24.096399	91.595474	0	0	0.66627604	0.74570519
-58.532475	-22.233681	92.736839	0	0	0.50484609	0.86320938
-63.268517	-20.657158	93.712753	0	0	0.50484609	0.86320938
-72.977196	-18.100119	93.930702	0	0	0.58850112	0.8084964
-77.941368	-7.790844	93.930702	0	0	-0.62160997	0.7833269
-77.869514	-5.700974	93.873299	0	0	0	1
-81.629234	-3.755328	92.848061	0	0	-0.69670669	0.71735611
-7.297619	-62.534847	122.612396	0	0	0.99913515	0.041580682
-157.940262	-2.761863	104.203415	0	0	0.58850112	0.8084964
-13.144017	-174.379456	122.612396	0	0	0.99913515	0.041580682
-225.011200	-97.007210	110.876503	0	0	0.73739371	0.67546319
-112.927483	-225.238632	122.612396	0	0	0.94222235	0.33498812
-179.353043	-200.814819	120.449211	0	0	0.85688874	0.51550139
-157.940262	-213.177490	122.612396	0	0	0.90407214	0.42737988
