205.699066	-73.179123	-124.683212	0.000000	0.000000	3.058407
187.069183	-158.617798	-144.519409	0.000000	0.000000	2.458407
110.952515	-212.037872	-152.118286	0.000000	0.000000	1.858407
57.521572	-214.127975	-139.358932	0.000000	0.000000	1.858407
13.580317	-193.902130	-114.565018	0.000000	0.000000	1.858407
-19.191408	-145.734970	-86.194328	0.000000	0.000000	1.658407
-18.173347	-79.234818	-62.200577	0.000000	0.000000	1.258407
23.202726	-29.910236	-46.095688	0.000000	0.000000	0.000000
167.856628	-7.135505	-97.924782	0.000000	0.000000	-2.741593
205.699066	-73.179123	-124.683212	0.000000	0.000000	3.058407
187.069183	-158.617798	-144.519409	0.000000	0.000000	2.458407
110.952515	-212.037872	-152.118286	0.000000	0.000000	1.858407
57.521572	-214.127975	-139.358932	0.000000	0.000000	1.858407
13.580317	-193.902130	-114.565018	0.000000	0.000000	1.858407
-19.191408	-145.734970	-86.194328	0.000000	0.000000	1.658407
-18.173347	-79.234818	-62.200577	0.000000	0.000000	1.258407
23.202726	-29.910236	-46.095688	0.000000	0.000000	0.000000
167.856628	-7.135505	-97.924782	0.000000	0.000000	-2.741593
205.699066	-73.179123	-124.683212	0.000000	0.000000	3.058407
187.069183	-158.617798	-144.519409	0.000000	0.000000	2.458407
110.952515	-212.037872	-152.118286	0.000000	0.000000	1.858407
57.521572	-214.127975	-139.358932	0.000000	0.000000	1.858407
13.580317	-193.902130	-114.565018	0.000000	0.000000	1.858407
-19.191408	-145.734970	-86.194328	0.000000	0.000000	1.658407
-18.173347	-79.234818	-62.200577	0.000000	0.000000	1.258407
23.202726	-29.910236	-46.095688	0.000000	0.000000	0.000000
167.856628	-7.135505	-97.924782	0.000000	0.000000	-2.741593
205.699066	-73.179123	-124.683212	0.000000	0.000000	3.058407
187.069183	-158.617798	-144.519409	0.000000	0.000000	2.458407
110.952515	-212.037872	-152.118286	0.000000	0.000000	1.858407
57.521572	-214.127975	-139.358932	0.000000	0.000000	1.858407
13.580317	-193.902130	-114.565018	0.000000	0.000000	1.858407
-19.191408	-145.734970	-86.194328	0.000000	0.000000	1.658407
-18.173347	-79.234818	-62.200577	0.000000	0.000000	1.258407
23.202726	-29.910236	-46.095688	0.000000	0.000000	0.000000
167.856628	-7.135505	-97.924782	0.000000	0.000000	-2.741593
205.699066	-73.179123	-124.683212	0.000000	0.000000	3.058407
187.069183	-158.617798	-144.519409	0.000000	0.000000	2.458407
110.952515	-212.037872	-152.118286	0.000000	0.000000	1.858407
57.521572	-214.127975	-139.358932	0.000000	0.000000	1.858407
13.580317	-193.902130	-114.565018	0.000000	0.000000	1.858407
-19.191408	-145.734970	-86.194328	0.000000	0.000000	1.658407
-18.173347	-79.234818	-62.200577	0.000000	0.000000	1.258407
23.202726	-29.910236	-46.095688	0.000000	0.000000	0.000000
167.856628	-7.135505	-97.924782	0.000000	0.000000	-2.741593
205.699066	-73.179123	-124.683212	0.000000	0.000000	3.058407
187.069183	-158.617798	-144.519409	0.000000	0.000000	2.458407
110.952515	-212.037872	-152.118286	0.000000	0.000000	1.858407
57.521572	-214.127975	-139.358932	0.000000	0.000000	1.858407
13.580317	-193.902130	-114.565018	0.000000	0.000000	1.858407
-19.191408	-145.734970	-86.194328	0.000000	0.000000	1.658407
-18.173347	-79.234818	-62.200577	0.000000	0.000000	1.258407
23.202726	-29.910236	-46.095688	0.000000	0.000000	0.000000
167.856628	-7.135505	-97.924782	0.000000	0.000000	-2.741593
205.699066	-73.179123	-124.683212	0.000000	0.000000	3.058407
187.069183	-158.617798	-144.519409	0.000000	0.000000	2.458407
110.952515	-212.037872	-152.118286	0.000000	0.000000	1.858407
57.521572	-214.127975	-139.358932	0.000000	0.000000	1.858407
13.580317	-193.902130	-114.565018	0.000000	0.000000	1.858407
-19.191408	-145.734970	-86.194328	0.000000	0.000000	1.658407
-18.173347	-79.234818	-62.200577	0.000000	0.000000	1.258407
23.202726	-29.910236	-46.095688	0.000000	0.000000	0.000000
167.856628	-7.135505	-97.924782	0.000000	0.000000	-2.741593
205.699066	-73.179123	-124.683212	0.000000	0.000000	3.058407
187.069183	-158.617798	-144.519409	0.000000	0.000000	2.458407
110.952515	-212.037872	-152.118286	0.000000	0.000000	1.858407
57.521572	-214.127975	-139.358932	0.000000	0.000000	1.858407
13.580317	-193.902130	-114.565018	0.000000	0.000000	1.858407
-19.191408	-145.734970	-86.194328	0.000000	0.000000	1.658407
-18.173347	-79.234818	-62.200577	0.000000	0.000000	1.258407
23.202726	-29.910236	-46.095688	0.000000	0.000000	0.000000
167.856628	-7.135505	-97.924782	0.000000	0.000000	-2.741593
205.699066	-73.179123	-124.683212	0.000000	0.000000	3.058407
187.069183	-158.617798	-144.519409	0.000000	0.000000	2.458407
110.952515	-212.037872	-152.118286	0.000000	0.000000	1.858407
57.521572	-214.127975	-139.358932	0.000000	0.000000	1.858407
13.580317	-193.902130	-114.565018	0.000000	0.000000	1.858407
-19.191408	-145.734970	-86.194328	0.000000	0.000000	1.658407
-18.173347	-79.234818	-62.200577	0.000000	0.000000	1.258407
23.202726	-29.910236	-46.095688	0.000000	0.000000	0.000000
167.856628	-7.135505	-97.924782	0.000000	0.000000	-2.741593
205.699066	-73.179123	-124.683212	0.000000	0.000000	3.058407
187.069183	-158.617798	-144.519409	0.000000	0.000000	2.458407
110.952515	-212.037872	-152.118286	0.000000	0.000000	1.858407
57.521572	-214.127975	-139.358932	0.000000	0.000000	1.858407
13.580317	-193.902130	-114.565018	0.000000	0.000000	1.858407
-19.191408	-145.734970	-86.194328	0.000000	0.000000	1.658407
-18.173347	-79.234818	-62.200577	0.000000	0.000000	1.258407
23.202726	-29.910236	-46.095688	0.000000	0.000000	0.000000
167.856628	-7.135505	-97.924782	0.000000	0.000000	-2.741593
205.699066	-73.179123	-124.683212	0.000000	0.000000	3.058407
187.069183	-158.617798	-144.519409	0.000000	0.000000	2.458407
110.952515	-212.037872	-152.118286	0.000000	0.000000	1.858407
57.521572	-214.127975	-139.358932	0.000000	0.000000	1.858407
13.580317	-193.902130	-114.565018	0.000000	0.000000	1.858407
-19.191408	-145.734970	-86.194328	0.000000	0.000000	1.658407
-18.173347	-79.234818	-62.200577	0.000000	0.000000	1.258407
23.202726	-29.910236	-46.095688	0.000000	0.000000	0.000000
167.856628	-7.135505	-97.924782	0.000000	0.000000	-2.741593
205.699066	-73.179123	-124.683212	0.000000	0.000000	3.058407
187.069183	-158.617798	-144.519409	0.000000	0.000000	2.458407
110.952515	-212.037872	-152.118286	0.000000	0.000000	1.858407
57.521572	-214.127975	-139.358932	0.000000	0.000000	1.858407
13.580317	-193.902130	-114.565018	0.000000	0.000000	1.858407
-19.191408	-145.734970	-86.194328	0.000000	0.000000	1.658407
-18.173347	-79.234818	-62.200577	0.000000	0.000000	1.258407
23.202726	-29.910236	-46.095688	0.000000	0.000000	0.000000
167.856628	-7.135505	-97.924782	0.000000	0.000000	-2.741593
205.699066	-73.179123	-124.683212	0.000000	0.000000	3.058407
187.069183	-158.617798	-144.519409	0.000000	0.000000	2.458407
110.952515	-212.037872	-152.118286	0.000000	0.000000	1.858407
57.521572	-214.127975	-139.358932	0.000000	0.000000	1.858407
13.580317	-193.902130	-114.565018	0.000000	0.000000	1.858407
-19.191408	-145.734970	-86.194328	0.000000	0.000000	1.658407
-18.173347	-79.234818	-62.200577	0.000000	0.000000	1.258407
23.202726	-29.910236	-46.095688	0.000000	0.000000	0.000000
167.856628	-7.135505	-97.924782	0.000000	0.000000	-2.741593
205.699066	-73.179123	-124.683212	0.000000	0.000000	3.058407
187.069183	-158.617798	-144.519409	0.000000	0.000000	2.458407
110.952515	-212.037872	-152.118286	0.000000	0.000000	1.858407
57.521572	-214.127975	-139.358932	0.000000	0.000000	1.858407
13.580317	-193.902130	-114.565018	0.000000	0.000000	1.858407
-19.191408	-145.734970	-86.194328	0.000000	0.000000	1.658407
-18.173347	-79.234818	-62.200577	0.000000	0.000000	1.258407
23.202726	-29.910236	-46.095688	0.000000	0.000000	0.000000
167.856628	-7.135505	-97.924782	0.000000	0.000000	-2.741593
205.699066	-73.179123	-124.683212	0.000000	0.000000	3.058407
187.069183	-158.617798	-144.519409	0.000000	0.000000	2.458407
110.952515	-212.037872	-152.118286	0.000000	0.000000	1.858407
57.521572	-214.127975	-139.358932	0.000000	0.000000	1.858407
13.580317	-193.902130	-114.565018	0.000000	0.000000	1.858407
-19.191408	-145.734970	-86.194328	0.000000	0.000000	1.658407
-18.173347	-79.234818	-62.200577	0.000000	0.000000	1.258407
23.202726	-29.910236	-46.095688	0.000000	0.000000	0.000000
167.856628	-7.135505	-97.924782	0.000000	0.000000	-2.741593
205.699066	-73.179123	-124.683212	0.000000	0.000000	3.058407
187.069183	-158.617798	-144.519409	0.000000	0.000000	2.458407
110.952515	-212.037872	-152.118286	0.000000	0.000000	1.858407
57.521572	-214.127975	-139.358932	0.000000	0.000000	1.858407
13.580317	-193.902130	-114.565018	0.000000	0.000000	1.858407
-19.191408	-145.734970	-86.194328	0.000000	0.000000	1.658407
-18.173347	-79.234818	-62.200577	0.000000	0.000000	1.258407
23.202726	-29.910236	-46.095688	0.000000	0.000000	0.000000
167.856628	-7.135505	-97.924782	0.000000	0.000000	-2.741593
205.699066	-73.179123	-124.683212	0.000000	0.000000	3.058407
187.069183	-158.617798	-144.519409	0.000000	0.000000	2.458407
110.952515	-212.037872	-152.118286	0.000000	0.000000	1.858407
57.521572	-214.127975	-139.358932	0.000000	0.000000	1.858407
13.580317	-193.902130	-114.565018	0.000000	0.000000	1.858407
-19.191408	-145.734970	-86.194328	0.000000	0.000000	1.658407
-18.173347	-79.234818	-62.200577	0.000000	0.000000	1.258407
23.202726	-29.910236	-46.095688	0.000000	0.000000	0.000000
167.856628	-7.135505	-97.924782	0.000000	0.000000	-2.741593
205.699066	-73.179123	-124.683212	0.000000	0.000000	3.058407
187.069183	-158.617798	-144.519409	0.000000	0.000000	2.458407
110.952515	-212.037872	-152.118286	0.000000	0.000000	1.858407
57.521572	-214.127975	-139.358932	0.000000	0.000000	1.858407
13.580317	-193.902130	-114.565018	0.000000	0.000000	1.858407
-19.191408	-145.734970	-86.194328	0.000000	0.000000	1.658407
-18.173347	-79.234818	-62.200577	0.000000	0.000000	1.258407
23.202726	-29.910236	-46.095688	0.000000	0.000000	0.000000
167.856628	-7.135505	-97.924782	0.000000	0.000000	-2.741593
205.699066	-73.179123	-124.683212	0.000000	0.000000	3.058407
187.069183	-158.617798	-144.519409	0.000000	0.000000	2.458407
110.952515	-212.037872	-152.118286	0.000000	0.000000	1.858407
57.521572	-214.127975	-139.358932	0.000000	0.000000	1.858407
13.580317	-193.902130	-114.565018	0.000000	0.000000	1.858407
-19.191408	-145.734970	-86.194328	0.000000	0.000000	1.658407
-18.173347	-79.234818	-62.200577	0.000000	0.000000	1.258407
23.202726	-29.910236	-46.095688	0.000000	0.000000	0.000000
167.856628	-7.135505	-97.924782	0.000000	0.000000	-2.741593
205.699066	-73.179123	-124.683212	0.000000	0.000000	3.058407
187.069183	-158.617798	-144.519409	0.000000	0.000000	2.458407
110.952515	-212.037872	-152.118286	0.000000	0.000000	1.858407
57.521572	-214.127975	-139.358932	0.000000	0.000000	1.858407
13.580317	-193.902130	-114.565018	0.000000	0.000000	1.858407
-19.191408	-145.734970	-86.194328	0.000000	0.000000	1.658407
-18.173347	-79.234818	-62.200577	0.000000	0.000000	1.258407
23.202726	-29.910236	-46.095688	0.000000	0.000000	0.000000
167.856628	-7.135505	-97.924782	0.000000	0.000000	-2.741593
