62.021057	-47.864117	-37.685181	0	0	0.58850112	0.8084964
61.974342	-48.038448	-37.620331	0	0	0.50484609	0.86320938
62.084023	-47.629124	-37.791878	0	0	0.50484609	0.86320938
62.099915	-47.569809	-38.228447	0	0	0.50484609	0.86320938
62.110985	-47.528500	-38.250317	0	0	0	1
62.107933	-47.539890	-38.258293	0	0	0	1
62.105473	-47.549072	-38.264721	0	0	0	1
62.068714	-47.686253	-38.360775	0	0	0	1
62.188221	-47.240250	-38.048481	0	0	0	1
62.196106	-47.210819	-38.027874	0	0	0	1
62.207485	-47.168354	-37.998142	0	0	0	1
62.223671	-47.107948	-37.955845	0	0	0	1
62.223824	-47.107384	-37.955448	0	0	0	1
62.229851	-47.084877	-37.891430	0	0	0.50484609	0.86320938
61.989223	-47.982914	-38.568501	0	0	0	1
61.974411	-48.038189	-38.586781	0	0	0.50484609	0.86320938
61.830097	-48.576782	-38.487816	0	0	0.50484609	0.86320938
62.309177	-46.788826	-37.732395	0	0	0	1
62.329746	-46.712070	-37.678646	0	0	0	1
62.347118	-46.647236	-37.633247	0	0	0	1
62.350224	-46.635643	-37.625134	0	0	0	1
62.367729	-46.570312	-37.579388	0	0	0	1
61.448200	-50.002037	-37.039280	0	0	0.73739371	0.67546319
64.528381	-46.930809	-37.041538	0	0	0	1
65.425903	-47.080559	-36.818119	0	0	0	1
59.143028	-50.141609	-37.205799	0	0	0	1
58.372780	-49.651119	-37.501152	0	0	0	1
58.265648	-49.582897	-37.542233	0	0	0	1
58.171753	-49.523106	-37.578236	0	0	0	1
58.049179	-49.445049	-37.625237	0	0	0	1
57.914253	-49.359131	-37.676975	0	0	0	1
57.900444	-49.350338	-37.682270	0	0	0	1
57.565441	-49.137009	-37.810730	0	0	0	1
57.362289	-49.007641	-37.888626	0	0	0	1
57.140709	-48.866539	-37.973591	0	0	0	1
56.615494	-48.532085	-38.174988	0	0	0	1
55.766476	-47.991436	-38.500546	0	0	0	1
55.461292	-47.797096	-38.617569	0	0	0	1
55.197033	-47.628819	-38.718899	0	0	0	1
68.927559	-46.573467	-36.258854	0	0	0	1
69.086586	-47.166981	-36.674438	0	0	0	1
54.743969	-47.340305	-38.892632	0	0	0	1
54.452267	-47.154552	-39.004482	0	0	0	1
54.323200	-47.216705	-39.104511	0	0	0.32328956	0.94630009
54.227329	-47.262875	-39.178810	0	0	0.58850112	0.8084964
53.955544	-47.393757	-39.389442	0	0	0.58850112	0.8084964
69.985153	-46.357792	-36.107838	0	0	0	1
53.620518	-47.555096	-39.649086	0	0	0.58850112	0.8084964
53.295231	-47.711742	-39.901180	0	0	0.58850112	0.8084964
71.206650	-46.108696	-35.933418	0	0	0	1
52.715157	-47.991089	-40.350739	0	0	0.32328956	0.94630009
71.693726	-48.126324	-35.257881	0	0	0	1
52.026760	-48.322598	-40.884243	0	0	0.32328956	0.94630009
51.311050	-48.667263	-41.438915	0	0	0.32328956	0.94630009
51.311050	-48.667263	-41.438915	0	0	0.41614682	0.90929743
73.034286	-45.735989	-35.672447	0	0	0	1
59.009396	-59.103783	-38.128166	0	0	0	1
74.717392	-48.630814	-34.505203	0	0	0	1
75.191505	-43.875370	-35.771091	0	0	0	1
76.764786	-44.975231	-35.139755	0	0	0	1
77.028526	-42.740887	-35.726288	0	0	0	1
47.651016	-52.327301	-43.829277	0	0	0.41614682	0.90929743
78.540802	-44.613049	-34.886154	0	0	0	1
78.991798	-41.528435	-35.678410	0	0	0	1
80.281769	-40.731792	-35.646950	0	0	0	1
81.878883	-49.825684	-32.722507	0	0	0	1
80.234924	-38.239853	-36.369701	0	0	0	1
81.493317	-36.642899	-36.573685	0	0	0	1
84.294090	-43.439785	-34.064629	0	0	0	1
82.208778	-35.734940	-36.689663	0	0	0	1
82.332947	-35.577370	-36.709789	0	0	0	1
83.188957	-34.491055	-36.848549	0	0	0	1
83.658798	-33.894806	-36.924709	0	0	0	1
85.810539	-37.317406	-35.512119	0	0	0	1
82.703888	-29.760771	-38.300186	0	0	0	1
88.763779	-42.528286	-33.426388	0	0	0	1
83.798203	-26.314915	-39.066433	0	0	0	1
37.731831	-62.246483	-50.307468	0	0	0.58850112	0.8084964
84.418602	-24.361347	-39.500843	0	0	0	1
88.643341	-27.569199	-37.732704	0	0	0	1
92.322021	-33.296127	-35.353321	0	0	0	1
86.681915	-22.677246	-41.085629	0	0	0	1
90.101303	-25.718981	-37.969040	0	0	0	1
87.907974	-21.764944	-41.944130	0	0	0	1
88.927467	-21.006355	-42.657982	0	0	0	1
97.647675	-30.007179	-35.223442	0	0	0	1
98.086693	-29.736055	-35.212738	0	0	0	1
100.549477	-28.215120	-35.152676	0	0	0	1
104.637848	-39.291103	-31.159691	0	0	0	1
105.501244	-39.115032	-31.036404	0	0	0	1
100.943039	-20.525700	-42.725262	0	0	0	1
105.422485	-27.040506	-36.146454	0	0	0	1
31.519047	-84.103889	-50.686485	0	0	0	1
110.039139	-38.189625	-30.388426	0	0	0	1
106.882866	-26.688492	-36.444275	0	0	0	1
97.578667	-14.569094	-48.715618	0	0	0	1
107.556740	-17.357685	-45.626656	0	0	0	1
112.246300	-15.111350	-47.683941	0	0	0	1
112.889992	-14.803015	-47.966328	0	0	0	1
110.772346	-4.751821	-57.953934	0	0	0	1
110.843712	-4.698719	-58.003906	0	0	0	1
116.272438	-0.659265	-61.805138	0	0	0	1
-9.179781	-116.648445	-79.184113	0	0	0.66627604	0.74570519
13.141593	-161.499756	-104.087860	0	0	0.73739371	0.67546319
194.273041	0.134094	-116.421753	0	0	-0.98006658	0.19866933
63.162838	-191.399109	-125.124840	0	0	0.80114363	0.59847213
218.000443	-75.154007	-132.834152	0	0	0.99913515	0.041580682
114.067062	-194.658691	-139.949249	0	0	0.85688874	0.51550139
185.922943	-154.606812	-141.685852	0	0	0.94222235	0.33498812
