3.120486	-14.759510	2.960554	0	0	-0.87758258	0.4794255
3.220036	-14.709943	3.006513	0	0	0.90407214	0.42737988
3.162158	-14.776586	3.116381	0	0	0.94222235	0.33498812
2.980952	-14.842964	2.889043	0	0	0.90407214	0.42737988
3.285382	-14.692131	3.023351	0	0	-0.87758258	0.4794255
3.072155	-14.741510	3.319710	0	0	-0.87758258	0.4794255
2.974147	-14.715415	3.448374	0	0	-0.87758258	0.4794255
2.830216	-14.799254	3.488306	0	0	-0.87758258	0.4794255
2.844347	-14.455077	3.409757	0	0	-0.87758258	0.4794255
2.775920	-14.813848	3.523386	0	0	0.94222235	0.33498812
3.691241	-14.327962	2.750851	0	0	0.90407214	0.42737988
3.067575	-13.901288	3.253120	0	0	-0.87758258	0.4794255
2.988402	-13.811201	3.318147	0	0	0.90407214	0.42737988
2.237467	-15.186551	2.550162	0	0	-0.92106097	0.38941839
3.784711	-13.990828	2.622709	0	0	0.90407214	0.42737988
2.898657	-13.693498	3.398769	0	0	-0.87758258	0.4794255
3.664593	-13.870387	2.397279	0	0	-0.87758258	0.4794255
2.798694	-13.539567	3.497986	0	0	0.90407214	0.42737988
3.120486	-16.329828	2.823169	0	0	-0.92106097	0.38941839
3.220036	-16.333443	2.864475	0	0	0.99913515	0.041580682
2.980952	-16.324253	2.759447	0	0	0.97095818	0.23924928
3.162158	-16.343487	2.979295	0	0	0.98999249	0.14112005
3.285382	-16.334768	2.879639	0	0	0.90407214	0.42737988
3.067575	-16.348711	3.038999	0	0	0.90407214	0.42737988
2.988402	-16.353672	3.095709	0	0	-0.99500417	0.099833397
3.072155	-16.360874	3.178034	0	0	-0.92106097	0.38941839
3.297677	-16.360590	3.174775	0	0	0.90407214	0.42737988
2.898657	-16.359777	3.165499	0	0	0.90407214	0.42737988
2.844347	-16.366518	3.242528	0	0	0.90407214	0.42737988
2.974147	-16.371847	3.303455	0	0	0.90407214	0.42737988
2.798694	-16.367224	3.250598	0	0	-0.98006658	0.19866933
2.830216	-16.375952	3.350363	0	0	-0.92106097	0.38941839
3.691241	-16.308342	2.577590	0	0	0.99913515	0.041580682
2.775920	-16.379108	3.386443	0	0	0.99913515	0.041580682
2.734974	-16.379482	3.390711	0	0	0.90407214	0.42737988
2.734974	-13.235024	3.665815	0	0	-0.87758258	0.4794255
2.652190	-16.377419	3.367119	0	0	0.90407214	0.42737988
2.652190	-13.232866	3.642232	0	0	-0.87758258	0.4794255
2.552682	-16.374350	3.332045	0	0	0.90407214	0.42737988
3.784711	-16.294657	2.421150	0	-0	-1	-4.371139e-08
2.552682	-13.222435	3.607802	0	0	-0.87758258	0.4794255
2.428166	-16.369703	3.278946	0	0	0.90407214	0.42737988
3.664593	-16.274168	2.186975	0	0	0.94222235	0.33498812
2.428166	-13.200148	3.556247	0	0	-0.87758258	0.4794255
2.273982	-16.362440	3.195926	0	0	-0.99500417	0.099833397
2.237467	-16.297440	2.452972	0	0	-0.92106097	0.38941839
2.273982	-13.158351	3.476248	0	0	0.90407214	0.42737988
2.054121	-16.350641	3.061060	0	0	-0.99500417	0.099833397
2.054121	-13.093459	3.346027	0	0	0.90407214	0.42737988
1.777828	-16.325060	2.768664	0	0	-0.99500417	0.099833397
1.777828	-12.954049	3.063589	0	0	0.90407214	0.42737988
1.432431	-16.254107	1.957661	0	0	-0.92106097	0.38941839
1.432431	-13.014751	2.241067	0	0	-0.87758258	0.4794255
1.312799	-16.237804	1.771324	0	0	0.98999249	0.14112005
1.122738	-16.235508	1.745094	0	0	0.90407214	0.42737988
0.904511	-16.189989	1.224811	0	0	0.90407214	0.42737988
1.312799	-12.170249	2.127189	0	0	-0.95533648	0.29552023
3.297677	-11.401462	3.608643	0	0	0.90407214	0.42737988
1.122738	-12.102471	2.106688	0	0	-0.87758258	0.4794255
0.904511	-9.747386	1.384136	0	0	0.90407214	0.42737988
9.094405	-16.189989	1.224811	0	0	-0.92106097	0.38941839
-3.235323	-16.189989	1.224811	0	0	0.90407214	0.42737988
11.452476	-16.189989	1.224811	0	0	-0.92106097	0.38941839
11.452476	-11.116218	-2.527084	0	0	-0.87758258	0.4794255
-3.235323	-10.234573	-5.878731	0	0	0.94222235	0.33498812
8.179704	-17.320921	14.151416	0	0	0.99913515	0.041580682
-0.447191	-1.444757	2.960554	0	-0	-1	-4.371139e-08
-0.341918	-1.416550	3.006513	0	0	-0.98006658	0.19866933
-0.412580	-1.435484	3.116381	0	0	-0.98006658	0.19866933
-0.598242	-1.485232	2.889043	0	0	-0.95533648	0.29552023
-0.276496	-1.399020	3.023351	0	-0	-1	-4.371139e-08
-0.282003	-1.400496	3.253120	0	-0	-1	-4.371139e-08
-0.487785	-1.455635	3.319710	0	-0	-1	-4.371139e-08
-0.333350	-1.414254	3.318147	0	0	-0.95533648	0.29552023
-0.387657	-1.428806	3.398769	0	-0	-1	-4.371139e-08
-0.628724	-1.493399	3.409757	0	-0	-1	-4.371139e-08
-0.572704	-1.478389	3.448374	0	-0	-1	-4.371139e-08
-0.442442	-1.443485	3.497986	0	0	-0.98006658	0.19866933
-0.727953	-1.519987	3.488306	0	-0	-1	-4.371139e-08
-0.703294	-1.513380	3.556247	0	-0	-1	-4.371139e-08
-0.836701	-1.549126	3.476248	0	0	-0.98006658	0.19866933
-0.782260	-1.534539	3.523386	0	0	-0.98006658	0.19866933
-0.592691	-1.483744	3.607802	0	-0	-1	-4.371139e-08
-0.502456	-1.459566	3.642232	0	-0	-1	-4.371139e-08
0.193217	-1.273161	2.750851	0	0	-0.98006658	0.19866933
-0.425757	-1.439014	3.665815	0	-0	-1	-4.371139e-08
-1.025611	-1.599745	3.346027	0	0	-0.98006658	0.19866933
-1.248542	-1.659479	3.063589	0	0	-0.98006658	0.19866933
0.364710	-1.227209	2.622709	0	0	-0.98006658	0.19866933
0.282748	-1.249171	2.397279	0	0	-0.99500417	0.099833397
9.094405	-2.942554	-0.995398	0	0	0.94222235	0.33498812
-1.377819	-1.694119	2.550162	0	-0	-1	-4.371139e-08
0.557642	-1.175513	3.608643	0	0	-0.82533563	0.56464246
-1.486471	-1.723232	2.127189	0	0	-0.99500417	0.099833397
-1.585979	-1.749895	2.241067	0	0	0.99913515	0.041580682
-1.646856	-1.766207	2.106688	0	0	0.98999249	0.14112005
-1.261693	-1.663003	1.384136	0	0	-0.82533563	0.56464246
8.080791	0.840308	-0.995398	0	0	0.94222235	0.33498812
-5.246008	-2.730597	-5.878731	0	0	0.97095818	0.23924928
8.237484	0.882294	-2.527084	0	0	-0.82533563	0.56464246
20.055416	-16.947191	9.879655	0	-0	-1	-4.371139e-08
10.821960	-17.861740	20.332994	0	0	-0.98006658	0.19866933
20.055416	-6.107802	10.827978	0	0	-0.98006658	0.19866933
23.629957	-16.189989	1.224811	0	0	0.99913515	0.041580682
23.064930	-18.764046	-0.577563	0	0	-0.99500417	0.099833397
17.221037	-17.647720	17.886751	0	0	-0.98006658	0.19866933
-3.601524	-2.289958	19.725275	0	0	-0.99500417	0.099833397
4.134951	-30.158903	19.725275	0	0	0.80114363	0.59847213
4.000444	-30.660889	19.725275	0	0	0.80114363	0.59847213
-4.046027	-18.285975	25.182034	0	0	0.85688874	0.51550139
17.516241	3.368529	10.827978	0	0	-0.92106097	0.38941839
17.922806	-18.063023	22.633677	0	0	-0.92106097	0.38941839
10.821960	0.974583	21.980959	0	0	-0.87758258	0.4794255
10.671906	1.534595	21.980959	0	0	-0.87758258	0.4794255
23.064930	-9.454858	-13.872460	0	0	-0.95533648	0.29552023
23.629957	-4.004070	-10.372808	0	0	-0.95533648	0.29552023
10.142737	-18.763142	30.636061	0	0	-0.98006658	0.19866933
10.142737	-14.780706	30.984478	0	0	-0.98006658	0.19866933
-11.345743	-39.815754	1.063139	0	0	0.97095818	0.23924928
-11.322665	-39.829079	1.063139	0	0	0.97095818	0.23924928
-11.307096	-39.838066	1.063139	0	0	0.97095818	0.23924928
-11.389785	-39.790325	1.063139	0	0	0.97095818	0.23924928
-11.292543	-39.846466	1.063139	0	0	0.97095818	0.23924928
-11.414257	-39.776196	1.063139	0	0	0.97095818	0.23924928
-11.251246	-39.870312	1.063139	0	0	0.97095818	0.23924928
-11.474591	-39.741364	1.063139	0	0	0.97095818	0.23924928
-11.180424	-39.911201	1.063139	0	0	0.97095818	0.23924928
-11.546236	-39.699997	1.063139	0	0	0.97095818	0.23924928
-11.580639	-39.680138	1.063139	0	0	0.97095818	0.23924928
-11.104543	-39.955009	1.063139	0	0	0.97095818	0.23924928
-11.684670	-39.620071	1.063139	0	0	0.97095818	0.23924928
-11.757048	-39.578285	1.063139	0	0	0.94222235	0.33498812
-11.823093	-39.540154	1.063139	0	0	0.94222235	0.33498812
-11.855435	-39.521481	1.063139	0	0	0.97095818	0.23924928
-11.973712	-39.453194	1.063139	0	0	0.94222235	0.33498812
-11.982196	-39.448296	1.063139	0	0	0.98999249	0.14112005
-10.659028	-40.212227	1.063139	0	0	0.99913515	0.041580682
-12.115338	-39.371426	1.063139	0	0	0.97095818	0.23924928
-12.294998	-39.267700	1.063139	0	0	0.97095818	0.23924928
-12.358022	-39.231316	1.063139	0	0	0.97095818	0.23924928
-12.437169	-39.185619	1.063139	0	0	0.97095818	0.23924928
-12.540207	-39.126129	1.063139	0	0	0.97095818	0.23924928
-12.666927	-39.052967	1.063139	0	0	-0.99500417	0.099833397
-12.673944	-39.048916	1.063139	0	0	0.97095818	0.23924928
-12.866939	-38.937492	1.063139	0	0	0.97095818	0.23924928
-13.134524	-38.783001	1.063139	0	0	0.97095818	0.23924928
-13.367287	-38.648613	1.063139	0	0	0.94222235	0.33498812
-13.822691	-38.385685	1.063139	0	0	0.94222235	0.33498812
-13.994585	-38.286442	1.063139	0	0	0.94222235	0.33498812
-15.178038	-37.603176	1.063139	0	0	0.99913515	0.041580682
-6.674343	-42.512787	1.063139	0	0	0.73739371	0.67546319
21.377266	4.403088	-10.372808	0	0	-0.98006658	0.19866933
19.487392	3.896698	-13.872460	0	0	-0.95533648	0.29552023
-18.071955	-35.932373	1.063139	0	0	0.94222235	0.33498812
21.778616	-18.431499	26.845383	0	0	0.99913515	0.041580682
-20.295019	-35.130192	5.827438	0	0	0.98999249	0.14112005
-2.644252	-45.424778	6.856051	0	0	0.85688874	0.51550139
-0.620882	-46.007755	1.063139	0	0	0.97095818	0.23924928
6.099359	0.309385	30.984478	0	0	-0.98006658	0.19866933
33.109577	-17.326868	14.219384	0	0	0.85688874	0.51550139
33.109577	-13.505299	14.553728	0	0	0.99913515	0.041580682
1.315609	-47.125790	1.063139	0	0	0.94222235	0.33498812
-1.488485	7.827319	26.351955	0	0	0.94222235	0.33498812
-21.960478	-34.783829	11.917048	0	0	0.97095818	0.23924928
3.636855	-48.465961	1.063139	0	0	0.94222235	0.33498812
-13.114519	-40.484615	17.792618	0	0	0.94222235	0.33498812
27.846563	6.136531	14.553728	0	-0	-1	-4.371139e-08
-23.153770	-34.453804	15.469922	0	0	0.98999249	0.14112005
-4.551181	-45.472740	18.228935	0	0	0.66627604	0.74570519
8.326451	17.166323	17.165218	0	-0	-1	-4.371139e-08
8.179704	17.420496	17.190897	0	-0	-1	-4.371139e-08
-19.163919	-37.223869	20.087914	0	0	0.99913515	0.041580682
-23.410494	-35.199551	24.319021	0	0	0.97095818	0.23924928
10.188293	-53.206123	10.543023	0	0	0.97095818	0.23924928
-7.245670	-44.898312	27.941900	0	0	0.85688874	0.51550139
-29.138468	-31.800812	23.411407	0	0	0.58850112	0.8084964
47.766842	-16.872013	9.020363	0	0	-0.99500417	0.099833397
20.577280	23.033686	25.072229	0	0	-0.87758258	0.4794255
23.116081	25.266893	21.503098	0	0	-0.76484218	0.64421769
-39.082153	-39.125217	1.181159	0	0	0.85688874	0.51550139
-39.080902	-39.127388	1.181159	0	0	0.85688874	0.51550139
-39.078732	-39.131149	1.181159	0	0	0.85688874	0.51550139
-39.070107	-39.146084	1.181159	0	0	0.85688874	0.51550139
-39.064342	-39.156067	1.181159	0	0	0.85688874	0.51550139
-39.102032	-39.090790	1.181159	0	0	0.85688874	0.51550139
-39.117996	-39.063137	1.181159	0	0	0.85688874	0.51550139
-39.126331	-39.048698	1.181159	0	0	0.85688874	0.51550139
-39.137512	-39.029335	1.181159	0	0	0.85688874	0.51550139
-39.137833	-39.028778	1.181159	0	0	0.85688874	0.51550139
-39.144768	-39.016769	1.181159	0	0	0.85688874	0.51550139
-39.248947	-38.836323	1.181159	0	0	0.85688874	0.51550139
-39.283012	-38.777321	1.181159	0	0	0.85688874	0.51550139
-39.331131	-38.693977	1.181159	0	0	0.85688874	0.51550139
-39.467003	-38.458637	1.181159	0	0	0.85688874	0.51550139
-39.525806	-38.356792	1.181159	0	0	0.85688874	0.51550139
-38.612030	-39.939499	1.181159	0	0	0.85688874	0.51550139
-38.576748	-40.000607	1.181159	0	0	0.80114363	0.59847213
-39.599209	-38.229652	1.181159	0	0	0.85688874	0.51550139
-39.690853	-38.070919	1.181159	0	0	0.85688874	0.51550139
-39.838654	-37.814922	1.181159	0	0	0.85688874	0.51550139
-39.860283	-37.777454	1.181159	0	0	0.85688874	0.51550139
-39.889679	-37.726543	1.181159	0	0	0.85688874	0.51550139
-39.930458	-37.655910	1.181159	0	0	0.85688874	0.51550139
-39.987103	-37.557800	1.181159	0	0	0.85688874	0.51550139
-40.070168	-37.413929	1.181159	0	0	0.85688874	0.51550139
-40.199608	-37.189732	1.181159	0	0	0.85688874	0.51550139
-40.259670	-37.085697	1.181159	0	0	0.85688874	0.51550139
-40.491936	-36.683407	1.181159	0	0	0.90407214	0.42737988
-40.655258	-36.400520	1.181159	0	0	0.85688874	0.51550139
-40.732124	-36.267387	1.181159	0	0	0.85688874	0.51550139
22.985865	26.837070	19.266085	0	0	-0.76484218	0.64421769
-36.393024	-43.782925	1.181159	0	0	0.80114363	0.59847213
-41.806461	-34.406578	1.181159	0	0	0.94222235	0.33498812
-38.874569	-40.131046	4.874682	0	0	0.73739371	0.67546319
-42.630463	-32.979370	1.181159	0	0	0.90407214	0.42737988
-42.705566	-32.849281	1.181159	0	0	0.90407214	0.42737988
-46.570759	-26.154575	1.181159	0	0	0	1
-46.612946	-26.274008	2.281307	0	0	0	1
-32.637928	-51.464638	7.911704	0	0	0.85688874	0.51550139
-46.918163	-27.138090	10.240835	0	0	0	1
-45.117619	-31.322149	16.329763	0	0	0.73739371	0.67546319
-47.033089	-27.463446	13.237856	0	0	0	1
-33.097744	-52.079540	15.977497	0	0	0.94222235	0.33498812
-47.219841	-27.992149	18.108017	0	0	0	1
-47.361141	-28.392181	21.792933	0	-0	-1	-4.371139e-08
-47.362049	-28.394749	21.816587	0	0	0.90407214	0.42737988
-39.197868	-43.267517	25.999931	0	0	0.73739371	0.67546319
59.921406	-16.189989	1.224811	0	0	-0.95533648	0.29552023
30.995777	29.255581	27.000195	0	0	-0.98006658	0.19866933
16.769650	-21.696350	64.162788	0	0	-0.99500417	0.099833397
-48.313976	-31.089684	46.641045	0	0	0	1
-39.340694	-29.406689	58.018635	0	0	0.98999249	0.14112005
80.846115	-16.212666	1.483985	0	0	0.98999249	0.14112005
56.771900	37.046539	51.867287	0	0	-0.92106097	0.38941839
66.192055	50.843006	14.512726	0	0	-0.95533648	0.29552023
64.068993	58.322701	8.493812	0	0	-0.95533648	0.29552023
74.432457	56.902782	1.622847	0	0	0.97095818	0.23924928
70.226265	66.591713	-2.505504	0	0	0.98999249	0.14112005
-52.401752	-109.308746	1.547242	0	0	0.94222235	0.33498812
-52.401752	-109.308746	1.547242	0	0	0.32328956	0.94630009
-52.401752	-109.308746	1.547242	0	0	0.90407214	0.42737988
91.821915	66.253746	8.441561	0	0	0.99913515	0.041580682
87.758476	74.904121	6.442941	0	0	0.99913515	0.041580682
120.573418	30.982616	-5.679050	0	0	0.99913515	0.041580682
-52.401752	-144.938141	1.547242	0	0	0.94222235	0.33498812
185.448517	-78.741730	-5.679050	0	0	0.99913515	0.041580682
58.434540	-208.029083	1.181158	0	0	0.99913515	0.041580682
167.711243	-144.938141	-5.679050	0	0	0.99913515	0.041580682
166.375763	-147.251266	-1.864518	0	0	0.99913515	0.041580682
