137.714783	-44.111168	-85.880783	0.000000	0.000000	3.058407
100.109123	-112.021652	-86.399582	0.000000	0.000000	2.458407
38.590595	-141.346893	-79.539314	0.000000	0.000000	2.058407
-18.643229	-134.597733	-67.276367	0.000000	0.000000	1.858407
-68.116104	-97.072998	-54.784874	0.000000	0.000000	1.258407
-79.743362	-60.649151	-36.894882	0.000000	0.000000	1.258407
-28.742792	77.809219	-43.213009	0.000000	0.000000	-1.141593
20.051582	93.314705	-53.929756	0.000000	0.000000	-1.741593
79.376999	80.310364	-67.070503	0.000000	0.000000	-2.141593
127.147278	30.300453	-79.114197	0.000000	0.000000	-2.741593
137.714783	-44.111168	-85.880783	0.000000	0.000000	3.058407
100.109123	-112.021652	-86.399582	0.000000	0.000000	2.458407
38.590595	-141.346893	-79.539314	0.000000	0.000000	2.058407
-18.643229	-134.597733	-67.276367	0.000000	0.000000	1.858407
-68.116104	-97.072998	-54.784874	0.000000	0.000000	1.258407
-79.743362	-60.649151	-36.894882	0.000000	0.000000	1.258407
-28.742792	77.809219	-43.213009	0.000000	0.000000	-1.141593
20.051582	93.314705	-53.929756	0.000000	0.000000	-1.741593
79.376999	80.310364	-67.070503	0.000000	0.000000	-2.141593
127.147278	30.300453	-79.114197	0.000000	0.000000	-2.741593
137.714783	-44.111168	-85.880783	0.000000	0.000000	3.058407
100.109123	-112.021652	-86.399582	0.000000	0.000000	2.458407
38.590595	-141.346893	-79.539314	0.000000	0.000000	2.058407
-18.643229	-134.597733	-67.276367	0.000000	0.000000	1.858407
-68.116104	-97.072998	-54.784874	0.000000	0.000000	1.258407
-79.743362	-60.649151	-36.894882	0.000000	0.000000	1.258407
-28.742792	77.809219	-43.213009	0.000000	0.000000	-1.141593
20.051582	93.314705	-53.929756	0.000000	0.000000	-1.741593
79.376999	80.310364	-67.070503	0.000000	0.000000	-2.141593
127.147278	30.300453	-79.114197	0.000000	0.000000	-2.741593
137.714783	-44.111168	-85.880783	0.000000	0.000000	3.058407
100.109123	-112.021652	-86.399582	0.000000	0.000000	2.458407
38.590595	-141.346893	-79.539314	0.000000	0.000000	2.058407
-18.643229	-134.597733	-67.276367	0.000000	0.000000	1.858407
-68.116104	-97.072998	-54.784874	0.000000	0.000000	1.258407
-79.743362	-60.649151	-36.894882	0.000000	0.000000	1.258407
-28.742792	77.809219	-43.213009	0.000000	0.000000	-1.141593
20.051582	93.314705	-53.929756	0.000000	0.000000	-1.741593
79.376999	80.310364	-67.070503	0.000000	0.000000	-2.141593
127.147278	30.300453	-79.114197	0.000000	0.000000	-2.741593
137.714783	-44.111168	-85.880783	0.000000	0.000000	3.058407
100.109123	-112.021652	-86.399582	0.000000	0.000000	2.458407
38.590595	-141.346893	-79.539314	0.000000	0.000000	2.058407
-18.643229	-134.597733	-67.276367	0.000000	0.000000	1.858407
-68.116104	-97.072998	-54.784874	0.000000	0.000000	1.258407
-79.743362	-60.649151	-36.894882	0.000000	0.000000	1.258407
-28.742792	77.809219	-43.213009	0.000000	0.000000	-1.141593
20.051582	93.314705	-53.929756	0.000000	0.000000	-1.741593
79.376999	80.310364	-67.070503	0.000000	0.000000	-2.141593
127.147278	30.300453	-79.114197	0.000000	0.000000	-2.741593
137.714783	-44.111168	-85.880783	0.000000	0.000000	3.058407
100.109123	-112.021652	-86.399582	0.000000	0.000000	2.458407
38.590595	-141.346893	-79.539314	0.000000	0.000000	2.058407
-18.643229	-134.597733	-67.276367	0.000000	0.000000	1.858407
-68.116104	-97.072998	-54.784874	0.000000	0.000000	1.258407
-79.743362	-60.649151	-36.894882	0.000000	0.000000	1.258407
-28.742792	77.809219	-43.213009	0.000000	0.000000	-1.141593
20.051582	93.314705	-53.929756	0.000000	0.000000	-1.741593
79.376999	80.310364	-67.070503	0.000000	0.000000	-2.141593
127.147278	30.300453	-79.114197	0.000000	0.000000	-2.741593
137.714783	-44.111168	-85.880783	0.000000	0.000000	3.058407
100.109123	-112.021652	-86.399582	0.000000	0.000000	2.458407
38.590595	-141.346893	-79.539314	0.000000	0.000000	2.058407
-18.643229	-134.597733	-67.276367	0.000000	0.000000	1.858407
-68.116104	-97.072998	-54.784874	0.000000	0.000000	1.258407
-79.743362	-60.649151	-36.894882	0.000000	0.000000	1.258407
-28.742792	77.809219	-43.213009	0.000000	0.000000	-1.141593
20.051582	93.314705	-53.929756	0.000000	0.000000	-1.741593
79.376999	80.310364	-67.070503	0.000000	0.000000	-2.141593
127.147278	30.300453	-79.114197	0.000000	0.000000	-2.741593
137.714783	-44.111168	-85.880783	0.000000	0.000000	3.058407
100.109123	-112.021652	-86.399582	0.000000	0.000000	2.458407
38.590595	-141.346893	-79.539314	0.000000	0.000000	2.058407
-18.643229	-134.597733	-67.276367	0.000000	0.000000	1.858407
-68.116104	-97.072998	-54.784874	0.000000	0.000000	1.258407
-79.743362	-60.649151	-36.894882	0.000000	0.000000	1.258407
-28.742792	77.809219	-43.213009	0.000000	0.000000	-1.141593
20.051582	93.314705	-53.929756	0.000000	0.000000	-1.741593
79.376999	80.310364	-67.070503	0.000000	0.000000	-2.141593
127.147278	30.300453	-79.114197	0.000000	0.000000	-2.741593
137.714783	-44.111168	-85.880783	0.000000	0.000000	3.058407
100.109123	-112.021652	-86.399582	0.000000	0.000000	2.458407
38.590595	-141.346893	-79.539314	0.000000	0.000000	2.058407
-18.643229	-134.597733	-67.276367	0.000000	0.000000	1.858407
-68.116104	-97.072998	-54.784874	0.000000	0.000000	1.258407
-79.743362	-60.649151	-36.894882	0.000000	0.000000	1.258407
-28.742792	77.809219	-43.213009	0.000000	0.000000	-1.141593
20.051582	93.314705	-53.929756	0.000000	0.000000	-1.741593
79.376999	80.310364	-67.070503	0.000000	0.000000	-2.141593
127.147278	30.300453	-79.114197	0.000000	0.000000	-2.741593
137.714783	-44.111168	-85.880783	0.000000	0.000000	3.058407
100.109123	-112.021652	-86.399582	0.000000	0.000000	2.458407
38.590595	-141.346893	-79.539314	0.000000	0.000000	2.058407
-18.643229	-134.597733	-67.276367	0.000000	0.000000	1.858407
-68.116104	-97.072998	-54.784874	0.000000	0.000000	1.258407
-79.743362	-60.649151	-36.894882	0.000000	0.000000	1.258407
-28.742792	77.809219	-43.213009	0.000000	0.000000	-1.141593
20.051582	93.314705	-53.929756	0.000000	0.000000	-1.741593
79.376999	80.310364	-67.070503	0.000000	0.000000	-2.141593
127.147278	30.300453	-79.114197	0.000000	0.000000	-2.741593
137.714783	-44.111168	-85.880783	0.000000	0.000000	3.058407
100.109123	-112.021652	-86.399582	0.000000	0.000000	2.458407
38.590595	-141.346893	-79.539314	0.000000	0.000000	2.058407
-18.643229	-134.597733	-67.276367	0.000000	0.000000	1.858407
-68.116104	-97.072998	-54.784874	0.000000	0.000000	1.258407
-79.743362	-60.649151	-36.894882	0.000000	0.000000	1.258407
-28.742792	77.809219	-43.213009	0.000000	0.000000	-1.141593
20.051582	93.314705	-53.929756	0.000000	0.000000	-1.741593
79.376999	80.310364	-67.070503	0.000000	0.000000	-2.141593
127.147278	30.300453	-79.114197	0.000000	0.000000	-2.741593
137.714783	-44.111168	-85.880783	0.000000	0.000000	3.058407
100.109123	-112.021652	-86.399582	0.000000	0.000000	2.458407
38.590595	-141.346893	-79.539314	0.000000	0.000000	2.058407
-18.643229	-134.597733	-67.276367	0.000000	0.000000	1.858407
-68.116104	-97.072998	-54.784874	0.000000	0.000000	1.258407
-79.743362	-60.649151	-36.894882	0.000000	0.000000	1.258407
-28.742792	77.809219	-43.213009	0.000000	0.000000	-1.141593
20.051582	93.314705	-53.929756	0.000000	0.000000	-1.741593
79.376999	80.310364	-67.070503	0.000000	0.000000	-2.141593
127.147278	30.300453	-79.114197	0.000000	0.000000	-2.741593
137.714783	-44.111168	-85.880783	0.000000	0.000000	3.058407
100.109123	-112.021652	-86.399582	0.000000	0.000000	2.458407
38.590595	-141.346893	-79.539314	0.000000	0.000000	2.058407
-18.643229	-134.597733	-67.276367	0.000000	0.000000	1.858407
-68.116104	-97.072998	-54.784874	0.000000	0.000000	1.258407
-79.743362	-60.649151	-36.894882	0.000000	0.000000	1.258407
-28.742792	77.809219	-43.213009	0.000000	0.000000	-1.141593
20.051582	93.314705	-53.929756	0.000000	0.000000	-1.741593
79.376999	80.310364	-67.070503	0.000000	0.000000	-2.141593
127.147278	30.300453	-79.114197	0.000000	0.000000	-2.741593
137.714783	-44.111168	-85.880783	0.000000	0.000000	3.058407
100.109123	-112.021652	-86.399582	0.000000	0.000000	2.458407
38.590595	-141.346893	-79.539314	0.000000	0.000000	2.058407
-18.643229	-134.597733	-67.276367	0.000000	0.000000	1.858407
-68.116104	-97.072998	-54.784874	0.000000	0.000000	1.258407
-79.743362	-60.649151	-36.894882	0.000000	0.000000	1.258407
-28.742792	77.809219	-43.213009	0.000000	0.000000	-1.141593
20.051582	93.314705	-53.929756	0.000000	0.000000	-1.741593
79.376999	80.310364	-67.070503	0.000000	0.000000	-2.141593
127.147278	30.300453	-79.114197	0.000000	0.000000	-2.741593
137.714783	-44.111168	-85.880783	0.000000	0.000000	3.058407
100.109123	-112.021652	-86.399582	0.000000	0.000000	2.458407
38.590595	-141.346893	-79.539314	0.000000	0.000000	2.058407
-18.643229	-134.597733	-67.276367	0.000000	0.000000	1.858407
-68.116104	-97.072998	-54.784874	0.000000	0.000000	1.258407
-79.743362	-60.649151	-36.894882	0.000000	0.000000	1.258407
-28.742792	77.809219	-43.213009	0.000000	0.000000	-1.141593
20.051582	93.314705	-53.929756	0.000000	0.000000	-1.741593
79.376999	80.310364	-67.070503	0.000000	0.000000	-2.141593
127.147278	30.300453	-79.114197	0.000000	0.000000	-2.741593
137.714783	-44.111168	-85.880783	0.000000	0.000000	3.058407
100.109123	-112.021652	-86.399582	0.000000	0.000000	2.458407
38.590595	-141.346893	-79.539314	0.000000	0.000000	2.058407
-18.643229	-134.597733	-67.276367	0.000000	0.000000	1.858407
-68.116104	-97.072998	-54.784874	0.000000	0.000000	1.258407
-79.743362	-60.649151	-36.894882	0.000000	0.000000	1.258407
-28.742792	77.809219	-43.213009	0.000000	0.000000	-1.141593
20.051582	93.314705	-53.929756	0.000000	0.000000	-1.741593
79.376999	80.310364	-67.070503	0.000000	0.000000	-2.141593
127.147278	30.300453	-79.114197	0.000000	0.000000	-2.741593
137.714783	-44.111168	-85.880783	0.000000	0.000000	3.058407
100.109123	-112.021652	-86.399582	0.000000	0.000000	2.458407
38.590595	-141.346893	-79.539314	0.000000	0.000000	2.058407
-18.643229	-134.597733	-67.276367	0.000000	0.000000	1.858407
-68.116104	-97.072998	-54.784874	0.000000	0.000000	1.258407
-79.743362	-60.649151	-36.894882	0.000000	0.000000	1.258407
-28.742792	77.809219	-43.213009	0.000000	0.000000	-1.141593
20.051582	93.314705	-53.929756	0.000000	0.000000	-1.741593
79.376999	80.310364	-67.070503	0.000000	0.000000	-2.141593
127.147278	30.300453	-79.114197	0.000000	0.000000	-2.741593
137.714783	-44.111168	-85.880783	0.000000	0.000000	3.058407
100.109123	-112.021652	-86.399582	0.000000	0.000000	2.458407
38.590595	-141.346893	-79.539314	0.000000	0.000000	2.058407
-18.643229	-134.597733	-67.276367	0.000000	0.000000	1.858407
-68.116104	-97.072998	-54.784874	0.000000	0.000000	1.258407
-79.743362	-60.649151	-36.894882	0.000000	0.000000	1.258407
-28.742792	77.809219	-43.213009	0.000000	0.000000	-1.141593
20.051582	93.314705	-53.929756	0.000000	0.000000	-1.741593
79.376999	80.310364	-67.070503	0.000000	0.000000	-2.141593
127.147278	30.300453	-79.114197	0.000000	0.000000	-2.741593
137.714783	-44.111168	-85.880783	0.000000	0.000000	3.058407
100.109123	-112.021652	-86.399582	0.000000	0.000000	2.458407
38.590595	-141.346893	-79.539314	0.000000	0.000000	2.058407
-18.643229	-134.597733	-67.276367	0.000000	0.000000	1.858407
-68.116104	-97.072998	-54.784874	0.000000	0.000000	1.258407
-79.743362	-60.649151	-36.894882	0.000000	0.000000	1.258407
-28.742792	77.809219	-43.213009	0.000000	0.000000	-1.141593
20.051582	93.314705	-53.929756	0.000000	0.000000	-1.741593
79.376999	80.310364	-67.070503	0.000000	0.000000	-2.141593
127.147278	30.300453	-79.114197	0.000000	0.000000	-2.741593
137.714783	-44.111168	-85.880783	0.000000	0.000000	3.058407
100.109123	-112.021652	-86.399582	0.000000	0.000000	2.458407
38.590595	-141.346893	-79.539314	0.000000	0.000000	2.058407
-18.643229	-134.597733	-67.276367	0.000000	0.000000	1.858407
-68.116104	-97.072998	-54.784874	0.000000	0.000000	1.258407
-79.743362	-60.649151	-36.894882	0.000000	0.000000	1.258407
-28.742792	77.809219	-43.213009	0.000000	0.000000	-1.141593
20.051582	93.314705	-53.929756	0.000000	0.000000	-1.741593
79.376999	80.310364	-67.070503	0.000000	0.000000	-2.141593
127.147278	30.300453	-79.114197	0.000000	0.000000	-2.741593
