14.886509	-29.370436	74.203377	0	0	-0.95533648	0.29552023
14.679687	-29.358335	74.146011	0	0	0.66627604	0.74570519
14.443585	-29.157181	74.199455	0	0	-0.95533648	0.29552023
14.224374	-29.091373	74.168922	0	0	-0.95533648	0.29552023
14.126534	-29.434689	74.038193	0	0	-0.95533648	0.29552023
14.107135	-29.516361	74.188507	0	0	-0.95533648	0.29552023
13.979215	-29.006517	74.164963	0	0	-0.95533648	0.29552023
13.777808	-29.060804	74.375618	0	0	-0.95533648	0.29552023
13.716182	-28.909538	74.218468	0	0	0.66627604	0.74570519
13.345515	-28.790272	74.342712	0	0	0.66627604	0.74570519
13.536652	-28.402819	74.288094	0	0	-0.95533648	0.29552023
13.502434	-28.453314	73.987328	0	0	-0.95533648	0.29552023
13.411329	-28.525122	74.376793	0	0	-0.95533648	0.29552023
13.606274	-28.303392	74.589249	0	0	0.85688874	0.51550139
13.485399	-28.479000	73.656448	0	0	-0.95533648	0.29552023
13.640243	-28.219069	74.865852	0	0	-0.95533648	0.29552023
13.472711	-28.519117	73.304695	0	0	-0.95533648	0.29552023
13.670270	-28.128376	75.128128	0	0	0.85688874	0.51550139
12.725304	-29.714338	74.169151	0	0	0.58850112	0.8084964
13.622336	-28.375422	72.685028	0	0	0.80114363	0.59847213
12.337982	-30.254429	74.187057	0	0	0.58850112	0.8084964
13.829550	-28.309156	71.944183	0	0	0.80114363	0.59847213
14.699454	-27.990435	71.600426	0	0	-0.95533648	0.29552023
11.809239	-28.654430	75.177910	0	0	0.58850112	0.8084964
11.570335	-28.528353	75.588348	0	0	-0.98006658	0.19866933
13.695278	-27.046621	71.262520	0	0	0.73739371	0.67546319
18.345219	-27.010338	71.803108	0	0	0.85688874	0.51550139
11.933752	-34.484760	73.686714	0	0	0.50484609	0.86320938
11.775534	-34.388477	73.637848	0	0	0.98999249	0.14112005
11.509248	-34.239601	73.686012	0	0	0.50484609	0.86320938
11.411095	-34.186039	73.716766	0	0	0.50484609	0.86320938
11.397110	-34.162189	73.560600	0	0	0.50484609	0.86320938
11.317470	-34.126278	73.660278	0	0	0.50484609	0.86320938
11.096841	-33.998932	73.660614	0	0	0.50484609	0.86320938
10.959588	-33.942104	73.882492	0	0	0.50484609	0.86320938
10.855071	-33.865128	73.717834	0	0	0.98999249	0.14112005
10.519722	-33.684689	73.848259	0	0	0.98999249	0.14112005
10.499310	-33.663647	73.756630	0	0	0.50484609	0.86320938
10.508338	-33.639240	73.463432	0	0	0.50484609	0.86320938
10.495860	-33.690788	74.044998	0	0	0.97095818	0.23924928
10.458014	-33.641403	73.772430	0	0	0.50484609	0.86320938
10.453786	-33.647736	73.859291	0	0	0.50484609	0.86320938
10.520931	-33.613609	73.137733	0	0	0.50484609	0.86320938
10.473157	-33.704620	74.311684	0	0	0.50484609	0.86320938
10.398098	-33.614407	73.847618	0	0	0.50484609	0.86320938
10.543900	-33.591965	72.792221	0	0	0.50484609	0.86320938
10.445375	-33.714058	74.563843	0	0	0.97095818	0.23924928
10.621555	-33.572926	72.159966	0	0	0.97095818	0.23924928
10.781045	-33.589321	71.410767	0	0	0.97095818	0.23924928
11.313087	-33.855797	71.007889	0	0	0.50484609	0.86320938
9.269965	-33.052582	74.733597	0	0	0.73739371	0.67546319
13.624364	-35.187099	70.977066	0	0	0.97095818	0.23924928
9.018337	-32.948544	75.141808	0	0	-0.98006658	0.19866933
10.167137	-33.157539	70.645172	0	0	0.99913515	0.041580682
17.567814	-19.363667	74.203377	0	0	0.90407214	0.42737988
17.371822	-19.311150	74.146011	0	0	-0.99500417	0.099833397
17.101248	-19.238649	74.199455	0	0	0.90407214	0.42737988
16.880268	-19.179438	74.168922	0	0	0.90407214	0.42737988
16.877131	-19.178598	74.188507	0	0	0.90407214	0.42737988
16.874811	-19.177977	74.038193	0	0	0.90407214	0.42737988
16.630318	-19.112465	74.164963	0	0	0.90407214	0.42737988
16.455975	-19.065750	74.375618	0	0	0.90407214	0.42737988
16.360661	-19.040209	74.218468	0	0	-0.98006658	0.19866933
16.066477	-18.961384	74.288094	0	0	0.90407214	0.42737988
16.106579	-18.972128	74.589249	0	-0	-1	-4.371139e-08
16.047174	-18.956211	73.987328	0	0	0.90407214	0.42737988
16.117191	-18.974972	74.865852	0	0	0.90407214	0.42737988
15.985007	-18.939554	74.342712	0	0	-0.98006658	0.19866933
15.980124	-18.938246	74.376793	0	0	0.90407214	0.42737988
16.037703	-18.953674	73.656448	0	0	0.90407214	0.42737988
16.122534	-18.976404	75.128128	0	-0	-1	-4.371139e-08
16.035892	-18.953188	73.304695	0	0	0.85688874	0.51550139
15.637359	-18.846401	74.169151	0	0	-0.92106097	0.38941839
16.139572	-18.980968	72.685028	0	0	-0.99500417	0.099833397
15.411005	-18.785749	74.187057	0	0	-0.95533648	0.29552023
16.316339	-19.028334	71.944183	0	0	-0.99500417	0.099833397
17.048290	-19.224459	71.600426	0	0	0.85688874	0.51550139
14.517682	-18.546385	75.177910	0	0	-0.92106097	0.38941839
15.875427	-18.910192	71.262520	0	-0	-1	-4.371139e-08
20.474937	-25.828575	65.498016	0	0	0.85688874	0.51550139
20.204811	-20.070248	71.803108	0	0	0.94222235	0.33498812
14.263262	-18.478214	75.588348	0	0	0.85688874	0.51550139
14.991583	-35.326023	64.538551	0	0	0.90407214	0.42737988
21.896423	-20.523514	65.498016	0	0	0.85688874	0.51550139
15.226325	-22.997002	60.586250	0	0	-0.92106097	0.38941839
10.041593	-31.977221	59.679039	0	0	0.50484609	0.86320938
16.291510	-19.021681	60.586250	0	0	-0.92106097	0.38941839
15.106688	-34.700653	57.690372	0	0	-0.98006658	0.19866933
22.278366	-22.278944	58.945255	0	0	-0.92106097	0.38941839
22.691639	-20.736589	58.945255	0	0	-0.92106097	0.38941839
-1.897415	-39.060638	72.507812	0	0	0.80114363	0.59847213
-1.951184	-38.960175	72.465904	0	0	0.90407214	0.42737988
-2.032873	-38.834801	72.557991	0	0	0.80114363	0.59847213
-2.051706	-38.775200	72.403816	0	0	0.80114363	0.59847213
-2.102015	-38.709789	72.527962	0	0	0.80114363	0.59847213
-2.167966	-38.629440	72.721619	0	0	0.94222235	0.33498812
-2.184049	-38.564781	72.511292	0	0	0.80114363	0.59847213
-2.282903	-38.395454	72.522110	0	0	0.80114363	0.59847213
-2.299672	-38.389011	72.651283	0	0	0.94222235	0.33498812
-2.326913	-38.358868	72.748665	0	0	0.73739371	0.67546319
-2.395857	-38.211830	72.590775	0	0	0.90407214	0.42737988
-2.551229	-37.968262	72.736771	0	0	0.90407214	0.42737988
-2.650905	-37.798656	72.754135	0	0	0.80114363	0.59847213
-2.629182	-37.766907	72.357666	0	0	0.85688874	0.51550139
-2.664747	-37.756702	72.651382	0	0	0.85688874	0.51550139
-2.597621	-37.764534	72.031685	0	0	0.85688874	0.51550139
-2.712315	-37.724934	72.940697	0	0	0.85688874	0.51550139
-2.557176	-37.773979	71.685303	0	0	0.80114363	0.59847213
-2.760663	-37.688137	73.208977	0	0	0.85688874	0.51550139
-2.811680	-37.644234	73.463066	0	0	0.85688874	0.51550139
-2.534074	-37.703331	71.052856	0	0	0.90407214	0.42737988
-3.065225	-37.242207	73.675247	0	0	0.94222235	0.33498812
-2.453859	-37.710388	70.299179	0	0	0.85688874	0.51550139
-1.846741	-38.668171	69.763252	0	0	0.90407214	0.42737988
-3.211352	-37.062565	74.095055	0	0	0.73739371	0.67546319
-2.342543	-37.829636	69.878792	0	0	0.85688874	0.51550139
-2.979478	-36.673798	69.577980	0	0	0.90407214	0.42737988
-1.335918	-38.421078	63.294609	0	0	0.85688874	0.51550139
13.993996	-33.588478	53.040306	0	0	0.50484609	0.86320938
20.693684	-21.984278	54.212601	0	0	-0.92106097	0.38941839
9.013773	-7.453089	74.203377	0	-0	-1	-4.371139e-08
8.823831	-7.503984	74.146011	0	0	-0.95533648	0.29552023
8.653833	-7.549535	74.199455	0	-0	-1	-4.371139e-08
8.465758	-7.599929	74.168922	0	-0	-1	-4.371139e-08
8.288644	-7.647387	74.038193	0	-0	-1	-4.371139e-08
8.258236	-7.655535	74.164963	0	-0	-1	-4.371139e-08
8.250127	-7.657708	74.188507	0	-0	-1	-4.371139e-08
8.056749	-7.709523	74.375618	0	-0	-1	-4.371139e-08
8.037067	-7.714797	74.218468	0	0	-0.95533648	0.29552023
8.086059	-7.701669	74.589249	0	0	-0.95533648	0.29552023
7.996244	-7.725735	74.288094	0	0	0.99913515	0.041580682
7.951694	-7.737672	73.987328	0	0	0.99913515	0.041580682
8.138833	-7.687529	74.865852	0	0	0.99913515	0.041580682
7.848741	-7.765259	74.376793	0	-0	-1	-4.371139e-08
7.929379	-7.743651	73.656448	0	0	0.99913515	0.041580682
8.189522	-7.673946	75.128128	0	0	-0.95533648	0.29552023
7.721048	-7.799474	74.342712	0	0	-0.95533648	0.29552023
7.907511	-7.749511	73.304695	0	0	0.99913515	0.041580682
8.083037	-7.702479	72.685028	0	0	-0.95533648	0.29552023
6.911366	-8.016427	74.169151	0	0	-0.92106097	0.38941839
8.292937	-7.646236	71.944183	0	0	-0.95533648	0.29552023
21.139442	-20.320681	54.212601	0	0	-0.92106097	0.38941839
9.184250	-7.407410	71.600426	0	0	0.98999249	0.14112005
6.414967	-8.149437	74.187057	0	0	-0.95533648	0.29552023
6.321643	-8.174443	75.177910	0	0	-0.92106097	0.38941839
8.483294	-7.595231	71.262520	0	0	-0.95533648	0.29552023
6.130262	-8.225723	75.588348	0	0	0.99913515	0.041580682
12.830819	-6.430315	71.803108	0	0	-0.98006658	0.19866933
21.720886	-30.498909	51.808689	0	0	0.66627604	0.74570519
18.529644	-36.026302	51.250294	0	0	0.66627604	0.74570519
-3.525442	-33.823341	58.691887	0	0	0.32328956	0.94630009
15.113313	-5.818722	65.498016	0	0	-0.99500417	0.099833397
-1.907432	-36.242622	56.501930	0	0	0.66627604	0.74570519
24.226494	-21.147854	51.808689	0	0	0.73739371	0.67546319
10.924185	-6.941196	60.586250	0	0	-0.82533563	0.56464246
4.305488	-20.556307	51.377903	0	0	0.90407214	0.42737988
1.181155	-25.967810	50.831215	0	0	0.85688874	0.51550139
-2.868360	-18.328636	56.140892	0	0	0.90407214	0.42737988
5.492056	-16.127975	51.377903	0	0	0.94222235	0.33498812
-1.367984	-14.289834	56.196354	0	0	0.97095818	0.23924928
-2.083399	-35.134632	51.911587	0	0	0.32328956	0.94630009
17.683342	-5.130085	58.945255	0	0	-0.95533648	0.29552023
-3.460991	-6.788700	73.932190	0	0	-0.98006658	0.19866933
-3.462175	-6.789884	73.913712	0	0	-0.98006658	0.19866933
-3.462919	-6.790628	73.902092	0	0	-0.98006658	0.19866933
-3.464739	-6.792448	73.873680	0	0	-0.98006658	0.19866933
-3.457165	-6.784873	73.991936	0	0	-0.98006658	0.19866933
-3.465428	-6.793137	73.862923	0	0	-0.98006658	0.19866933
-3.465642	-6.793351	73.859573	0	0	-0.98006658	0.19866933
-3.465700	-6.793409	73.858665	0	0	-0.98006658	0.19866933
-3.456049	-6.783758	74.009354	0	0	-0.98006658	0.19866933
-3.453301	-6.781010	74.052269	0	0	-0.98006658	0.19866933
-3.452538	-6.780246	74.064186	0	0	-0.98006658	0.19866933
-3.473357	-6.801066	73.739105	0	0	-0.98006658	0.19866933
-3.474838	-6.802547	73.715988	0	0	-0.98006658	0.19866933
-3.475993	-6.803702	73.697952	0	0	-0.98006658	0.19866933
-3.476615	-6.804324	73.688240	0	0	-0.98006658	0.19866933
-3.437346	-6.765055	74.301384	0	0	-0.98006658	0.19866933
-3.497809	-6.825518	73.357330	0	0	-0.98006658	0.19866933
-3.419294	-6.747003	74.583244	0	0	-0.98006658	0.19866933
-3.408691	-6.736400	74.748795	0	0	-0.98006658	0.19866933
-3.402142	-6.729850	74.851051	0	0	-0.98006658	0.19866933
-3.520369	-6.848077	73.005089	0	0	-0.98006658	0.19866933
-3.383077	-6.710785	75.148727	0	0	-0.98006658	0.19866933
-3.558539	-6.886248	72.409103	0	0	-0.98006658	0.19866933
-3.604489	-6.932198	71.691658	0	0	-0.98006658	0.19866933
-3.621490	-6.949199	71.426201	0	0	-0.99500417	0.099833397
-3.643201	-6.970910	71.087212	0	0	-0.98006658	0.19866933
-2.668705	-5.996414	71.803108	0	0	-0.95533648	0.29552023
-6.807400	-19.921259	56.147381	0	0	0	1
2.018945	-41.873829	49.818333	0	0	0.80114363	0.59847213
-15.352398	-29.370436	71.557816	0	0	0.66627604	0.74570519
-15.348989	-29.358335	71.518837	0	0	0.73739371	0.67546319
-15.343829	-29.434689	71.459869	0	0	0.66627604	0.74570519
-15.357028	-29.516361	71.610733	0	0	0.66627604	0.74570519
-15.355422	-29.157181	71.592377	0	0	0.66627604	0.74570519
-15.354436	-29.091373	71.581108	0	0	0.66627604	0.74570519
-15.355955	-29.006517	71.598465	0	0	0.66627604	0.74570519
-15.365844	-29.714338	71.711494	0	0	0.73739371	0.67546319
-15.375774	-29.060804	71.825012	0	0	0.66627604	0.74570519
-15.362598	-28.909538	71.674400	0	0	0.73739371	0.67546319
-15.376202	-28.790272	71.829887	0	0	0.73739371	0.67546319
-15.378661	-28.525122	71.857994	0	0	0.73739371	0.67546319
-15.370340	-30.254429	71.762894	0	0	0.73739371	0.67546319
-15.344153	-28.453314	71.463577	0	0	0.73739371	0.67546319
-15.315555	-28.479000	71.136688	0	0	0.73739371	0.67546319
-15.370008	-28.402819	71.759094	0	0	0.73739371	0.67546319
-15.285110	-28.519117	70.788712	0	0	0.73739371	0.67546319
-15.395626	-28.303392	72.051910	0	0	0.66627604	0.74570519
-15.419384	-28.219069	72.323463	0	0	0.73739371	0.67546319
-15.460386	-28.654430	72.792130	0	0	0.73739371	0.67546319
-15.441927	-28.128376	72.581139	0	0	0.66627604	0.74570519
-15.230172	-28.375422	70.160767	0	0	0.66627604	0.74570519
-15.497837	-28.528353	73.220192	0	0	0.66627604	0.74570519
-15.164274	-28.309156	69.407555	0	0	0.66627604	0.74570519
-15.127821	-27.990435	68.990883	0	0	0.80114363	0.59847213
-15.117724	-27.010338	68.875481	0	0	0.73739371	0.67546319
-15.106110	-27.046621	68.742722	0	0	0.73739371	0.67546319
-1.012965	-4.340673	65.498016	0	0	-0.87758258	0.4794255
16.278481	-5.506516	54.212601	0	0	-0.82533563	0.56464246
-3.191620	-18.005377	51.093590	0	0	-0.99500417	0.099833397
-3.242769	-10.737220	56.300644	0	0	-0.99500417	0.099833397
-14.554112	-25.828575	62.433369	0	0	0.66627604	0.74570519
-6.674299	-26.895491	50.268688	0	0	0.80114363	0.59847213
-2.221484	-5.549193	60.586250	0	0	-0.92106097	0.38941839
-1.822779	-14.167972	50.998028	0	0	-0.98006658	0.19866933
-10.313677	-19.860554	56.070496	0	0	0.50484609	0.86320938
15.108216	-5.820088	51.808689	0	0	-0.82533563	0.56464246
1.345079	-9.507910	51.377903	0	0	-0.92106097	0.38941839
-6.994826	-19.487890	51.193962	0	0	0	1
-3.818028	-23.918095	101.831429	0	0	0.90407214	0.42737988
-14.167522	-22.997002	58.014622	0	0	0.029199523	0.9995736
-4.598772	-7.926480	56.167187	0	0	-0.99500417	0.099833397
-8.659153	-20.311926	51.082851	0	0	0.80114363	0.59847213
1.663565	-1.664144	58.945255	0	0	-0.92106097	0.38941839
-13.971477	-22.278944	55.773804	0	0	0.66627604	0.74570519
-3.712380	-10.863051	50.932964	0	0	-0.98006658	0.19866933
-5.922276	-1.020045	72.215202	0	0	-0.95533648	0.29552023
-5.922378	-1.020423	72.210884	0	0	-0.95533648	0.29552023
-5.922972	-1.022641	72.185532	0	0	-0.95533648	0.29552023
-5.923025	-1.022839	72.183266	0	0	-0.95533648	0.29552023
-5.921727	-1.017995	72.238632	0	0	-0.92106097	0.38941839
-5.923445	-1.024406	72.165352	0	0	-0.95533648	0.29552023
-5.923800	-1.025730	72.150223	0	0	-0.92106097	0.38941839
-5.925051	-1.030400	72.096848	0	0	-0.92106097	0.38941839
-5.919175	-1.008471	72.347496	0	0	-0.98006658	0.19866933
-5.925945	-1.033735	72.058731	0	0	-0.95533648	0.29552023
-5.918798	-1.007062	72.363602	0	0	-0.92106097	0.38941839
-5.926290	-1.035023	72.043999	0	0	-0.98006658	0.19866933
-5.918347	-1.005381	72.382812	0	0	-0.95533648	0.29552023
-5.926764	-1.036791	72.023796	0	0	-0.95533648	0.29552023
-5.917430	-1.001957	72.421944	0	0	-0.98006658	0.19866933
-5.911933	-0.981441	72.656448	0	0	-0.92106097	0.38941839
-5.934045	-1.063966	71.713181	0	0	-0.98006658	0.19866933
-5.905311	-0.956729	72.938904	0	0	-0.98006658	0.19866933
-5.942313	-1.094820	71.360512	0	0	-0.98006658	0.19866933
-5.899939	-0.936680	73.168068	0	0	-0.92106097	0.38941839
-5.899012	-0.933220	73.207611	0	0	-0.92106097	0.38941839
-5.890269	-0.900592	73.580559	0	0	-0.98006658	0.19866933
-5.956347	-1.147197	70.761841	0	0	-0.92106097	0.38941839
-12.823523	-17.260916	56.076248	0	0	0.1288445	0.99166481
-5.971502	-1.203756	70.115372	0	0	-0.92106097	0.38941839
-5.973325	-1.210561	70.037590	0	0	-0.92106097	0.38941839
-5.980196	-1.236202	69.744522	0	0	-0.98006658	0.19866933
-5.986680	-1.260401	69.467911	0	0	-0.92106097	0.38941839
22.348307	-8.460245	102.570412	0	0	-0.82533563	0.56464246
-10.907248	-19.688066	50.978825	0	0	0.32328956	0.94630009
-6.114542	-1.737588	64.013649	0	0	-0.87758258	0.4794255
1.018557	-2.309151	54.212601	0	0	-0.76484218	0.64421769
-2.725157	-6.052866	51.808689	0	0	-0.92106097	0.38941839
-4.918168	-8.245877	51.180206	0	0	-0.98006658	0.19866933
-4.951664	-8.279373	50.657200	0	0	-0.98006658	0.19866933
-13.572605	-21.984278	51.214687	0	0	0.029199523	0.9995736
-13.996085	-13.787505	56.055088	0	0	0.1288445	0.99166481
-6.225850	-2.152994	59.265530	0	0	-0.87758258	0.4794255
-13.356085	-30.498907	48.739849	0	0	0.66627604	0.74570519
-6.258701	-2.275598	57.864170	0	0	-0.92106097	0.38941839
-13.450972	-20.556307	49.824413	0	0	0.58850112	0.8084964
-13.536478	-17.429228	50.801750	0	0	0.029199523	0.9995736
-11.951662	-23.522017	101.675407	0	0	0.50484609	0.86320938
-6.309859	-2.466522	55.681896	0	0	-0.87758258	0.4794255
-19.471220	-9.533991	70.732452	0	0	0.22720209	0.97384763
-19.492538	-9.564151	70.771118	0	0	0.22720209	0.97384763
-19.518015	-9.610196	70.760155	0	0	0.22720209	0.97384763
-19.514589	-9.616261	70.691597	0	0	0.22720209	0.97384763
-19.417585	-9.453458	70.661797	0	0	0.22720209	0.97384763
-19.543940	-9.651915	70.778343	0	0	0.22720209	0.97384763
-19.573545	-9.689705	70.855431	0	0	0.22720209	0.97384763
-19.443527	-9.446507	70.958321	0	0	0.22720209	0.97384763
-19.498207	-9.524791	71.052170	0	0	0.22720209	0.97384763
-19.626413	-9.753920	71.011780	0	0	0.22720209	0.97384763
-19.634605	-9.770137	71.000191	0	0	0.22720209	0.97384763
-19.405283	-9.489554	70.333725	0	0	0.22720209	0.97384763
-19.680733	-9.916053	70.622871	0	0	0.22720209	0.97384763
-19.732092	-9.979273	70.769958	0	0	0.22720209	0.97384763
-19.469336	-9.439591	71.253296	0	0	0.22720209	0.97384763
-19.399319	-9.540442	69.983856	0	0	0.22720209	0.97384763
-19.493252	-9.433183	71.526657	0	0	0.22720209	0.97384763
-19.515966	-9.427096	71.786301	0	0	0.22720209	0.97384763
-19.303823	-9.483940	69.361504	0	0	0.22720209	0.97384763
-20.169043	-10.722778	70.846062	0	0	0.32328956	0.94630009
-20.023661	-10.275697	71.962051	0	0	0.22720209	0.97384763
-20.061432	-10.265743	72.392807	0	0	0.22720209	0.97384763
-20.501516	-11.294535	70.869507	0	0	0.32328956	0.94630009
-19.238098	-9.501551	68.610245	0	0	0.22720209	0.97384763
-19.202312	-9.511140	68.201210	0	0	0.22720209	0.97384763
-19.194216	-9.513309	68.108658	0	0	0.22720209	0.97384763
-19.182533	-9.516439	67.975136	0	0	0.22720209	0.97384763
-6.369008	-2.687268	53.158749	0	0	-0.95533648	0.29552023
-18.633314	-9.663602	61.697536	0	0	0.22720209	0.97384763
-12.486708	0.994128	70.905121	0	0	-0.69670669	0.71735611
-12.486835	0.994604	70.910561	0	0	-0.69670669	0.71735611
-12.486490	0.993316	70.895836	0	0	-0.69670669	0.71735611
-12.486390	0.992944	70.891586	0	0	-0.69670669	0.71735611
-12.487049	0.995403	70.919701	0	0	-0.69670669	0.71735611
-12.487292	0.996308	70.930038	0	0	-0.69670669	0.71735611
-12.485919	0.991185	70.871483	0	0	-0.69670669	0.71735611
-12.485511	0.989663	70.854080	0	0	-0.69670669	0.71735611
-12.488634	1.001318	70.987297	0	0	-0.69670669	0.71735611
-12.484304	0.985159	70.802605	0	0	-0.69670669	0.71735611
-12.483150	0.980852	70.753380	0	0	-0.69670669	0.71735611
-12.491382	1.011572	71.104507	0	0	-0.69670669	0.71735611
-12.491947	1.013681	71.128609	0	0	-0.69670669	0.71735611
-12.491968	1.013759	71.129501	0	0	-0.69670669	0.71735611
-12.493264	1.018595	71.184784	0	0	-0.69670669	0.71735611
-12.476568	0.956285	70.472580	0	0	-0.69670669	0.71735611
-12.498549	1.038319	71.410225	0	0	-0.69670669	0.71735611
-12.468314	0.925483	70.120499	0	0	-0.69670669	0.71735611
-12.505133	1.062892	71.691093	0	0	-0.69670669	0.71735611
-12.511399	1.086279	71.958412	0	0	-0.69670669	0.71735611
-12.512502	1.090391	72.005409	0	0	-0.69670669	0.71735611
-12.454117	0.872497	69.514870	0	0	-0.69670669	0.71735611
-12.522431	1.127451	72.429008	0	0	-0.69670669	0.71735611
-12.436913	0.808290	68.780983	0	0	-0.69670669	0.71735611
-12.433813	0.796723	68.648773	0	0	-0.69670669	0.71735611
-12.429094	0.779110	68.447456	0	0	-0.69670669	0.71735611
-12.423704	0.758996	68.217552	0	0	-0.69670669	0.71735611
-6.440835	-2.955331	50.094780	0	0	-0.87758258	0.4794255
-6.440948	-2.955751	50.089977	0	0	-0.87758258	0.4794255
-6.441664	-2.958426	50.059410	0	0	-0.87758258	0.4794255
-12.288452	0.254226	62.448006	0	0	-0.69670669	0.71735611
-18.252695	-9.765589	57.347038	0	0	-0.16996714	0.98544973
-18.100086	-9.806480	55.602707	0	0	0.22720209	0.97384763
-18.058216	-9.817699	55.124138	0	0	-0.16996714	0.98544973
-18.437399	-2.759597	70.364784	0	0	0.1288445	0.99166481
-18.439039	-2.757957	70.390404	0	0	0.1288445	0.99166481
-18.439032	-2.757964	70.390282	0	0	0.1288445	0.99166481
-18.439819	-2.757177	70.402580	0	0	0.1288445	0.99166481
-18.440130	-2.756866	70.407440	0	0	0.1288445	0.99166481
-18.434645	-2.762351	70.321793	0	0	0.1288445	0.99166481
-18.433037	-2.763959	70.296684	0	0	0.1288445	0.99166481
-18.442619	-2.754378	70.446289	0	0	0.1288445	0.99166481
-18.443134	-2.753862	70.454338	0	0	0.1288445	0.99166481
-18.444994	-2.752002	70.483376	0	0	0.1288445	0.99166481
-18.429737	-2.767260	70.245140	0	0	0.1288445	0.99166481
-18.452209	-2.744787	70.596031	0	0	0.1288445	0.99166481
-18.454111	-2.742885	70.625725	0	0	0.1288445	0.99166481
-18.454880	-2.742116	70.637733	0	0	0.1288445	0.99166481
-18.457857	-2.739140	70.684204	0	0	0.1288445	0.99166481
-18.411983	-2.785014	69.967941	0	0	0.1288445	0.99166481
-18.471462	-2.725535	70.896629	0	0	0.1288445	0.99166481
-18.389526	-2.807471	69.617310	0	0	0.1288445	0.99166481
-18.489237	-2.707759	71.174179	0	0	0.1288445	0.99166481
-18.506145	-2.690851	71.438171	0	0	0.1288445	0.99166481
-18.514740	-2.682257	71.572357	0	0	0.1288445	0.99166481
-18.350138	-2.846859	69.002312	0	0	0.1288445	0.99166481
-18.542297	-2.654699	72.002647	0	0	0.1288445	0.99166481
-18.302502	-2.894494	68.258537	0	0	0.1288445	0.99166481
-18.280453	-2.916544	67.914261	0	0	0.1288445	0.99166481
-18.278423	-2.918574	67.882568	0	0	0.1288445	0.99166481
-18.264883	-2.932114	67.671150	0	0	0.1288445	0.99166481
-12.182866	-0.139826	57.943966	0	0	-0.69670669	0.71735611
-16.218460	-19.546169	102.742050	0	0	0.22720209	0.97384763
-12.142326	-0.291121	56.214661	0	0	-0.69670669	0.71735611
-17.876064	-3.320932	61.600250	0	0	0.1288445	0.99166481
-12.122876	-0.363709	55.384979	0	0	-0.45359611	0.89120736
2.172292	-13.253221	34.708252	0	0	0.90407214	0.42737988
-17.660162	-9.924357	50.574360	0	0	-0.16996714	0.98544973
-17.596920	-3.600077	57.241749	0	0	-0.45359611	0.89120736
-18.218218	-10.949400	50.240246	0	0	-0.16996714	0.98544973
0.381470	-14.232285	34.165142	0	0	-0.95533648	0.29552023
-17.541500	-9.956153	49.218044	0	0	0.22720209	0.97384763
-12.033747	-0.696344	51.582935	0	0	-0.69670669	0.71735611
-17.476143	-3.720853	55.355995	0	0	0.1288445	0.99166481
-17.466906	-3.730092	55.211742	0	0	-0.45359611	0.89120736
-17.426439	-9.986983	47.902889	0	0	0.22720209	0.97384763
-4.277051	-16.919945	34.145947	0	0	-0.99500417	0.099833397
-11.992105	-0.851755	49.806580	0	0	-0.69670669	0.71735611
-7.373283	-18.089432	35.209503	0	0	0	1
-11.979673	-0.898151	49.276272	0	0	-0.69670669	0.71735611
-10.431512	-17.848738	36.829533	0	0	0.41614682	0.90929743
-3.304934	-13.770829	34.056915	0	0	-0.98006658	0.19866933
-11.959970	-0.971681	48.435825	0	0	-0.36235775	0.93203909
-7.389574	-18.028637	34.514614	0	0	0	1
6.582785	-26.767525	27.876907	0	0	0	1
6.404100	-27.601097	27.861006	0	0	0	1
-17.173910	-4.023087	50.636982	0	0	-0.45359611	0.89120736
10.058959	-17.520836	28.710423	0	0	0.85688874	0.51550139
5.218966	-28.791109	27.906256	0	0	0	1
-18.249882	-14.758364	104.676208	0	0	0.029199523	0.9995736
-7.401186	-17.985296	34.019241	0	0	0	1
-17.124775	-4.072221	49.869820	0	0	-0.45359611	0.89120736
-17.066320	-4.130676	48.957123	0	0	0.1288445	0.99166481
8.673308	-17.462830	28.047407	0	0	0	1
8.416803	-16.911659	28.085295	0	0	0	1
-10.377992	-17.649000	34.546524	0	0	0.32328956	0.94630009
-16.982380	-4.214617	47.646484	0	0	0.1288445	0.99166481
-10.375579	-17.639996	34.443596	0	0	0.41614682	0.90929743
-1.178328	-32.560745	28.242714	0	0	0	1
-12.328958	-13.171857	36.999733	0	0	0.029199523	0.9995736
2.010005	-17.505293	28.532782	0	0	0	1
3.900567	-1.516664	35.349247	0	0	-0.76484218	0.64421769
-11.916789	-15.244498	35.576881	0	0	0.029199523	0.9995736
11.649413	-7.347805	30.414213	0	0	0.94222235	0.33498812
11.093351	-7.639042	30.119188	0	0	-0.99500417	0.099833397
-11.885924	-15.213633	35.094963	0	0	0.1288445	0.99166481
-18.077213	-21.404922	37.935799	0	0	0.58850112	0.8084964
-12.232505	-13.146012	35.897274	0	0	0.1288445	0.99166481
-3.737411	-20.905903	28.834578	0	0	0	1
9.685888	-8.376203	29.372438	0	0	0.98999249	0.14112005
0.647652	-13.539292	28.826641	0	0	-0.98006658	0.19866933
1.984820	-12.754451	28.699665	0	0	0	1
-1.409598	-14.732333	28.878965	0	0	0	1
-2.154626	-15.166451	28.918320	0	0	0	1
-3.161138	-15.752932	28.971485	0	0	0	1
-4.674501	-17.547894	29.019701	0	0	0	1
-4.603576	-16.593420	29.047678	0	0	0	1
-6.730096	-20.489838	29.067690	0	0	0	1
-6.181268	-17.557497	29.129459	0	0	0	1
-3.739774	-13.654314	29.086668	0	0	0	1
10.034521	-3.805789	29.961407	0	0	0.97095818	0.23924928
0.199695	-9.814815	28.932217	0	0	0	1
-2.730480	-11.903902	29.073732	0	0	0	1
6.316915	2.751945	34.872772	0	0	-0.87758258	0.4794255
-7.513540	-17.565987	29.226505	0	0	0	1
-2.094083	-10.800202	29.065577	0	0	0	1
-8.693695	-19.717896	29.237976	0	0	0	1
-1.227119	-9.296633	29.054466	0	0	0	1
-8.816304	-18.021215	29.305878	0	0	0	1
-11.924139	-13.063386	32.372635	0	0	0.1288445	0.99166481
-11.640867	-28.885635	29.134827	0	0	0	1
-4.700419	-10.766672	29.257174	0	0	0	1
-5.604819	-11.370130	29.302288	0	0	0	1
-12.037270	-23.841507	29.339020	0	0	0	1
-16.416052	-10.257716	36.354103	0	0	0.1288445	0.99166481
-10.258275	-17.202211	29.439686	0	0	0	1
-11.599908	-14.927617	30.629175	0	0	0.22720209	0.97384763
-6.312205	-9.639914	29.414080	0	0	0	1
-6.066864	-9.394573	29.404678	0	0	0	1
-22.559605	-8.611556	106.575241	0	0	-0.16996714	0.98544973
-11.534905	-14.862614	29.614239	0	0	0	1
-5.592806	-7.392272	29.439600	0	0	0	1
-5.589847	-6.412366	29.473425	0	0	0	1
-11.689458	-13.000504	29.690220	0	0	0	1
-15.589116	-22.894226	29.631443	0	0	0	1
-6.223867	-6.412051	29.519760	0	0	0	1
8.097951	1.344808	29.501545	0	0	0	1
-7.693283	-7.215422	29.599215	0	0	0	1
6.124885	2.797176	30.535744	0	0	0	1
4.922590	1.594881	29.860020	0	0	0	1
4.204295	0.123031	28.984859	0	0	0	1
7.344264	5.056486	31.871698	0	0	0	1
7.484872	5.277407	32.000973	0	0	-0.95533648	0.29552023
-5.139330	3.524398	34.622849	0	0	-0.69670669	0.71735611
-6.920615	-4.745894	29.628550	0	0	0	1
-4.992603	5.848345	36.299950	0	0	-0.36235775	0.93203909
2.080148	7.365576	33.651279	0	0	0	1
-17.950672	-3.246324	36.637955	0	0	0.1288445	0.99166481
-8.856003	5.848345	36.637955	0	0	-0.26749883	0.96355818
-15.867635	-10.404664	30.085674	0	0	0	1
-18.545195	-15.036255	30.120409	0	0	0	1
-5.070271	2.159681	30.849138	0	0	-0.54030229	0.84147099
-5.574116	0.279310	29.704742	0	0	0	1
-5.497437	1.605623	30.529669	0	0	-0.45359611	0.89120736
-23.896654	-8.253295	37.258129	0	0	-0.45359611	0.89120736
-3.430233	8.280387	34.574203	0	0	0	1
-21.207850	-19.642067	30.154951	0	0	0	1
-11.528737	-2.581068	30.040445	0	0	0	1
-13.457051	4.615498	36.637955	0	0	-0.070737201	0.99749499
-11.838382	-1.425459	30.103214	0	0	0	1
-15.868979	-5.328018	30.262135	0	0	0	1
23.817554	20.905764	104.357086	0	0	-0.76484218	0.64421769
-16.593439	-4.603558	30.340235	0	0	0	1
-20.060873	-9.281090	30.431084	0	0	0	1
-15.407903	-2.556195	30.324738	0	0	0	1
-4.779932	14.786791	38.730789	0	0	-0.87758258	0.4794255
-12.889462	2.081858	31.297909	0	0	0	1
-13.286956	3.980696	32.511200	0	0	0	1
-13.877059	1.695196	31.118826	0	0	0	1
-4.657481	17.036312	40.130409	0	0	0	1
-23.187883	-9.514258	30.651457	0	0	0	1
-36.258327	-19.583712	38.748688	0	0	0.50484609	0.86320938
-28.211418	-7.097157	32.481934	0	0	-0.45359611	0.89120736
-21.734583	0.537587	30.894470	0	0	0	1
-17.146023	14.918977	39.600227	0	0	0	1
-19.281321	14.593767	39.532612	0	0	-0.62160997	0.7833269
-27.438166	6.241169	37.258129	0	0	-0.76484218	0.64421769
-19.688618	17.196985	41.187222	0	0	-0.92106097	0.38941839
-30.938099	9.741103	107.148926	0	0	-0.76484218	0.64421769
-30.505131	9.308133	36.939732	0	0	-0.76484218	0.64421769
-43.139053	-3.097310	40.659969	0	0	-0.54030229	0.84147099
-42.277691	3.697294	39.068291	0	0	-0.62160997	0.7833269
-36.187328	13.170491	39.717712	0	0	-0.54030229	0.84147099
1.167717	36.861176	106.712730	0	0	-0.76484218	0.64421769
-3.818028	36.861176	107.148926	0	0	-0.76484218	0.64421769
-20.872778	32.291367	107.148926	0	0	-0.76484218	0.64421769
9.636115	-38.814747	272.100922	0	0	0.97095818	0.23924928
14.788792	-30.016808	272.749847	0	0	0.99913515	0.041580682
-4.229855	-45.108673	271.225220	0	0	0.90407214	0.42737988
17.599447	-19.372141	272.995087	0	0	0.99913515	0.041580682
-21.794189	-39.238407	270.476257	0	0	0.66627604	0.74570519
15.694942	-5.662875	272.759674	0	0	-0.98006658	0.19866933
9.221268	5.893559	271.949707	0	0	-0.98006658	0.19866933
-32.709179	-21.092110	269.946716	0	0	0.22720209	0.97384763
-1.270880	16.339205	270.632324	0	0	0	1
-36.788120	-4.799037	269.207916	0	0	0.1288445	0.99166481
-17.143930	18.375116	269.570740	0	0	-0.54030229	0.84147099
-31.162380	9.965384	269.049347	0	0	-0.070737201	0.99749499
