47.836040	232.754669	18.945654	-0.741593	47.836040	232.754669	18.945654
47.836040	232.754669	18.945654	-0.741593	47.836040	232.754669	18.945654
47.836040	232.754669	18.945654	-0.741593	-39.546623	209.340561	18.945654
-39.546623	209.340561	18.945654	-0.541593	-90.889122	94.029503	18.945654
-90.889122	94.029503	18.945654	0.058407	151.899551	52.511379	13.693622
151.899551	52.511379	13.693622	3.058407	142.000397	178.388855	13.693624
142.000397	178.388855	13.693624	-1.341593	18.443401	-106.812851	254.411987
47.836040	232.754669	18.945654	-0.741593	47.836040	232.754669	18.945654
47.836040	232.754669	18.945654	-0.741593	47.836040	232.754669	18.945654
47.836040	232.754669	18.945654	-0.741593	-39.546623	209.340561	18.945654
-39.546623	209.340561	18.945654	-0.541593	-90.889122	94.029503	18.945654
-90.889122	94.029503	18.945654	0.058407	151.899551	52.511379	13.693622
151.899551	52.511379	13.693622	3.058407	142.000397	178.388855	13.693624
142.000397	178.388855	13.693624	-1.341593	18.443401	-106.812851	254.411987
47.836040	232.754669	18.945654	-0.741593	47.836040	232.754669	18.945654
47.836040	232.754669	18.945654	-0.741593	47.836040	232.754669	18.945654
47.836040	232.754669	18.945654	-0.741593	-39.546623	209.340561	18.945654
-39.546623	209.340561	18.945654	-0.541593	-90.889122	94.029503	18.945654
-90.889122	94.029503	18.945654	0.058407	151.899551	52.511379	13.693622
151.899551	52.511379	13.693622	3.058407	142.000397	178.388855	13.693624
142.000397	178.388855	13.693624	-1.341593	18.443401	-106.812851	254.411987
47.836040	232.754669	18.945654	-0.741593	47.836040	232.754669	18.945654
47.836040	232.754669	18.945654	-0.741593	47.836040	232.754669	18.945654
47.836040	232.754669	18.945654	-0.741593	-39.546623	209.340561	18.945654
-39.546623	209.340561	18.945654	-0.541593	-90.889122	94.029503	18.945654
-90.889122	94.029503	18.945654	0.058407	151.899551	52.511379	13.693622
151.899551	52.511379	13.693622	3.058407	142.000397	178.388855	13.693624
142.000397	178.388855	13.693624	-1.341593	18.443401	-106.812851	254.411987
47.836040	232.754669	18.945654	-0.741593	47.836040	232.754669	18.945654
47.836040	232.754669	18.945654	-0.741593	47.836040	232.754669	18.945654
47.836040	232.754669	18.945654	-0.741593	-39.546623	209.340561	18.945654
-39.546623	209.340561	18.945654	-0.541593	-90.889122	94.029503	18.945654
-90.889122	94.029503	18.945654	0.058407	151.899551	52.511379	13.693622
151.899551	52.511379	13.693622	3.058407	142.000397	178.388855	13.693624
142.000397	178.388855	13.693624	-1.341593	18.443401	-106.812851	254.411987
47.836040	232.754669	18.945654	-0.741593	47.836040	232.754669	18.945654
47.836040	232.754669	18.945654	-0.741593	47.836040	232.754669	18.945654
47.836040	232.754669	18.945654	-0.741593	-39.546623	209.340561	18.945654
-39.546623	209.340561	18.945654	-0.541593	-90.889122	94.029503	18.945654
-90.889122	94.029503	18.945654	0.058407	151.899551	52.511379	13.693622
151.899551	52.511379	13.693622	3.058407	142.000397	178.388855	13.693624
142.000397	178.388855	13.693624	-1.341593	18.443401	-106.812851	254.411987
47.836040	232.754669	18.945654	-0.741593	47.836040	232.754669	18.945654
47.836040	232.754669	18.945654	-0.741593	47.836040	232.754669	18.945654
47.836040	232.754669	18.945654	-0.741593	-39.546623	209.340561	18.945654
-39.546623	209.340561	18.945654	-0.541593	-90.889122	94.029503	18.945654
-90.889122	94.029503	18.945654	0.058407	151.899551	52.511379	13.693622
151.899551	52.511379	13.693622	3.058407	142.000397	178.388855	13.693624
142.000397	178.388855	13.693624	-1.341593	18.443401	-106.812851	254.411987
47.836040	232.754669	18.945654	-0.741593	47.836040	232.754669	18.945654
47.836040	232.754669	18.945654	-0.741593	47.836040	232.754669	18.945654
47.836040	232.754669	18.945654	-0.741593	-39.546623	209.340561	18.945654
-39.546623	209.340561	18.945654	-0.541593	-90.889122	94.029503	18.945654
-90.889122	94.029503	18.945654	0.058407	151.899551	52.511379	13.693622
151.899551	52.511379	13.693622	3.058407	142.000397	178.388855	13.693624
142.000397	178.388855	13.693624	-1.341593	18.443401	-106.812851	254.411987
47.836040	232.754669	18.945654	-0.741593	47.836040	232.754669	18.945654
47.836040	232.754669	18.945654	-0.741593	47.836040	232.754669	18.945654
47.836040	232.754669	18.945654	-0.741593	-39.546623	209.340561	18.945654
-39.546623	209.340561	18.945654	-0.541593	-90.889122	94.029503	18.945654
-90.889122	94.029503	18.945654	0.058407	151.899551	52.511379	13.693622
151.899551	52.511379	13.693622	3.058407	142.000397	178.388855	13.693624
142.000397	178.388855	13.693624	-1.341593	18.443401	-106.812851	254.411987
47.836040	232.754669	18.945654	-0.741593	47.836040	232.754669	18.945654
47.836040	232.754669	18.945654	-0.741593	47.836040	232.754669	18.945654
47.836040	232.754669	18.945654	-0.741593	-39.546623	209.340561	18.945654
-39.546623	209.340561	18.945654	-0.541593	-90.889122	94.029503	18.945654
-90.889122	94.029503	18.945654	0.058407	151.899551	52.511379	13.693622
151.899551	52.511379	13.693622	3.058407	142.000397	178.388855	13.693624
142.000397	178.388855	13.693624	-1.341593	18.443401	-106.812851	254.411987
47.836040	232.754669	18.945654	-0.741593	47.836040	232.754669	18.945654
47.836040	232.754669	18.945654	-0.741593	47.836040	232.754669	18.945654
47.836040	232.754669	18.945654	-0.741593	-39.546623	209.340561	18.945654
-39.546623	209.340561	18.945654	-0.541593	-90.889122	94.029503	18.945654
-90.889122	94.029503	18.945654	0.058407	151.899551	52.511379	13.693622
151.899551	52.511379	13.693622	3.058407	142.000397	178.388855	13.693624
142.000397	178.388855	13.693624	-1.341593	18.443401	-106.812851	254.411987
47.836040	232.754669	18.945654	-0.741593	47.836040	232.754669	18.945654
47.836040	232.754669	18.945654	-0.741593	47.836040	232.754669	18.945654
47.836040	232.754669	18.945654	-0.741593	-39.546623	209.340561	18.945654
-39.546623	209.340561	18.945654	-0.541593	-90.889122	94.029503	18.945654
-90.889122	94.029503	18.945654	0.058407	151.899551	52.511379	13.693622
151.899551	52.511379	13.693622	3.058407	142.000397	178.388855	13.693624
142.000397	178.388855	13.693624	-1.341593	18.443401	-106.812851	254.411987
47.836040	232.754669	18.945654	-0.741593	47.836040	232.754669	18.945654
47.836040	232.754669	18.945654	-0.741593	47.836040	232.754669	18.945654
47.836040	232.754669	18.945654	-0.741593	-39.546623	209.340561	18.945654
-39.546623	209.340561	18.945654	-0.541593	-90.889122	94.029503	18.945654
-90.889122	94.029503	18.945654	0.058407	151.899551	52.511379	13.693622
151.899551	52.511379	13.693622	3.058407	142.000397	178.388855	13.693624
142.000397	178.388855	13.693624	-1.341593	18.443401	-106.812851	254.411987
47.836040	232.754669	18.945654	-0.741593	47.836040	232.754669	18.945654
47.836040	232.754669	18.945654	-0.741593	47.836040	232.754669	18.945654
47.836040	232.754669	18.945654	-0.741593	-39.546623	209.340561	18.945654
-39.546623	209.340561	18.945654	-0.541593	-90.889122	94.029503	18.945654
-90.889122	94.029503	18.945654	0.058407	151.899551	52.511379	13.693622
151.899551	52.511379	13.693622	3.058407	142.000397	178.388855	13.693624
142.000397	178.388855	13.693624	-1.341593	18.443401	-106.812851	254.411987
47.836040	232.754669	18.945654	-0.741593	47.836040	232.754669	18.945654
47.836040	232.754669	18.945654	-0.741593	47.836040	232.754669	18.945654
47.836040	232.754669	18.945654	-0.741593	-39.546623	209.340561	18.945654
-39.546623	209.340561	18.945654	-0.541593	-90.889122	94.029503	18.945654
-90.889122	94.029503	18.945654	0.058407	151.899551	52.511379	13.693622
151.899551	52.511379	13.693622	3.058407	142.000397	178.388855	13.693624
142.000397	178.388855	13.693624	-1.341593	18.443401	-106.812851	254.411987
47.836040	232.754669	18.945654	-0.741593	47.836040	232.754669	18.945654
47.836040	232.754669	18.945654	-0.741593	47.836040	232.754669	18.945654
47.836040	232.754669	18.945654	-0.741593	-39.546623	209.340561	18.945654
-39.546623	209.340561	18.945654	-0.541593	-90.889122	94.029503	18.945654
-90.889122	94.029503	18.945654	0.058407	151.899551	52.511379	13.693622
151.899551	52.511379	13.693622	3.058407	142.000397	178.388855	13.693624
142.000397	178.388855	13.693624	-1.341593	18.443401	-106.812851	254.411987
47.836040	232.754669	18.945654	-0.741593	47.836040	232.754669	18.945654
47.836040	232.754669	18.945654	-0.741593	47.836040	232.754669	18.945654
47.836040	232.754669	18.945654	-0.741593	-39.546623	209.340561	18.945654
-39.546623	209.340561	18.945654	-0.541593	-90.889122	94.029503	18.945654
-90.889122	94.029503	18.945654	0.058407	151.899551	52.511379	13.693622
151.899551	52.511379	13.693622	3.058407	142.000397	178.388855	13.693624
142.000397	178.388855	13.693624	-1.341593	18.443401	-106.812851	254.411987
47.836040	232.754669	18.945654	-0.741593	47.836040	232.754669	18.945654
47.836040	232.754669	18.945654	-0.741593	47.836040	232.754669	18.945654
47.836040	232.754669	18.945654	-0.741593	-39.546623	209.340561	18.945654
-39.546623	209.340561	18.945654	-0.541593	-90.889122	94.029503	18.945654
-90.889122	94.029503	18.945654	0.058407	151.899551	52.511379	13.693622
151.899551	52.511379	13.693622	3.058407	142.000397	178.388855	13.693624
142.000397	178.388855	13.693624	-1.341593	18.443401	-106.812851	254.411987
47.836040	232.754669	18.945654	-0.741593	47.836040	232.754669	18.945654
47.836040	232.754669	18.945654	-0.741593	47.836040	232.754669	18.945654
47.836040	232.754669	18.945654	-0.741593	-39.546623	209.340561	18.945654
-39.546623	209.340561	18.945654	-0.541593	-90.889122	94.029503	18.945654
-90.889122	94.029503	18.945654	0.058407	151.899551	52.511379	13.693622
151.899551	52.511379	13.693622	3.058407	142.000397	178.388855	13.693624
142.000397	178.388855	13.693624	-1.341593	18.443401	-106.812851	254.411987
47.836040	232.754669	18.945654	-0.741593	47.836040	232.754669	18.945654
47.836040	232.754669	18.945654	-0.741593	47.836040	232.754669	18.945654
47.836040	232.754669	18.945654	-0.741593	-39.546623	209.340561	18.945654
-39.546623	209.340561	18.945654	-0.541593	-90.889122	94.029503	18.945654
-90.889122	94.029503	18.945654	0.058407	151.899551	52.511379	13.693622
151.899551	52.511379	13.693622	3.058407	142.000397	178.388855	13.693624
142.000397	178.388855	13.693624	-1.341593	18.443401	-106.812851	254.411987
