19.390598	13.287336	152.238571	0	0	-0.62160997	0.7833269
19.421658	13.269069	152.211121	0	0	-0.99500417	0.099833397
19.346937	13.305364	152.263336	0	0	-0.62160997	0.7833269
19.445477	13.251434	152.182480	0	0	-0.99500417	0.099833397
19.281406	13.318664	152.284973	0	0	-0.99500417	0.099833397
19.464500	13.234780	152.153320	0	0	-0.99500417	0.099833397
19.147333	13.329109	152.299011	0	0	-0.99500417	0.099833397
18.981148	13.315077	152.309921	0	0	-0.99500417	0.099833397
18.748363	13.246700	152.317795	0	0	-0.99500417	0.099833397
18.621847	13.123623	152.360947	0	0	-0.62160997	0.7833269
17.682287	12.728239	152.923798	0	0	-0.99500417	0.099833397
22.070898	13.287336	152.004074	0	0	-0.76484218	0.64421769
22.072716	13.305364	152.024872	0	0	-0.76484218	0.64421769
22.068748	13.269069	151.979523	0	0	-0.62160997	0.7833269
22.073982	13.315077	152.039337	0	0	-0.62160997	0.7833269
22.072897	13.246700	152.026932	0	0	-0.62160997	0.7833269
22.074097	13.318664	152.040649	0	0	-0.62160997	0.7833269
22.074297	13.329109	152.042938	0	0	-0.62160997	0.7833269
22.066444	13.251434	151.953171	0	0	-0.62160997	0.7833269
22.064056	13.234780	151.925888	0	0	-0.62160997	0.7833269
22.075682	13.123623	152.058777	0	0	-0.82533563	0.56464246
18.616484	15.510006	153.638641	0	0	-0.54030229	0.84147099
22.117414	12.728239	152.535767	0	0	-0.99500417	0.099833397
19.070713	16.263729	154.435898	0	0	-0.99500417	0.099833397
22.186577	15.510006	153.326294	0	0	-0.54030229	0.84147099
22.259249	16.263729	154.156937	0	0	-0.99500417	0.099833397
18.353067	15.482585	156.167862	0	0	-0.99500417	0.099833397
22.404173	15.482584	155.813446	0	0	-0.99500417	0.099833397
22.612110	14.597963	158.190170	0	0	-0.62160997	0.7833269
15.936811	14.597963	158.774185	0	0	-0.62160997	0.7833269
20.115261	17.731764	165.753098	0	0	-0.54030229	0.84147099
23.249788	17.731764	165.478851	0	0	-0.87758258	0.4794255
4.466136	17.286333	152.238571	0	0	-0.82533563	0.56464246
4.467719	17.292238	152.263336	0	0	-0.82533563	0.56464246
4.463650	17.277056	152.211121	0	0	-0.76484218	0.64421769
4.466653	17.288265	152.284973	0	0	-0.76484218	0.64421769
4.460837	17.266556	152.182480	0	0	-0.76484218	0.64421769
4.460284	17.264492	152.299011	0	0	-0.76484218	0.64421769
4.457948	17.255774	152.153320	0	0	-0.76484218	0.64421769
4.445643	17.209854	152.309921	0	0	-0.76484218	0.64421769
4.412956	17.087862	152.317795	0	0	-0.76484218	0.64421769
4.373711	16.941399	152.360947	0	0	-0.82533563	0.56464246
4.211926	16.337610	152.923798	0	0	-0.69670669	0.71735611
4.969948	19.166584	153.638641	0	0	-0.82533563	0.56464246
5.188806	19.983374	154.435898	0	0	-0.62160997	0.7833269
4.945447	19.075146	156.167862	0	0	-0.45359611	0.89120736
4.562433	17.645720	158.774185	0	0	-0.92106097	0.38941839
35.865788	3.775380	150.574188	0	0	-0.87758258	0.4794255
35.864235	3.769098	150.594711	0	0	-0.87758258	0.4794255
35.863815	3.776184	150.550079	0	0	-0.82533563	0.56464246
35.854820	3.749999	150.610672	0	0	-0.82533563	0.56464246
35.860176	3.774403	150.524216	0	0	-0.82533563	0.56464246
35.855690	3.771322	150.497421	0	0	-0.82533563	0.56464246
35.826080	3.699629	150.614075	0	0	-0.82533563	0.56464246
35.778381	3.617191	150.613007	0	0	-0.82533563	0.56464246
35.690067	3.465404	150.606293	0	0	-0.82533563	0.56464246
35.608070	3.316622	150.644943	0	0	-0.87758258	0.4794255
35.240246	2.591147	151.150024	0	0	-0.76484218	0.64421769
36.728256	5.053168	151.808929	0	0	-0.92106097	0.38941839
37.228241	5.780474	152.601562	0	0	-0.76484218	0.64421769
36.839294	4.809555	154.300323	0	0	-0.69670669	0.71735611
36.037296	2.992942	156.743576	0	0	-0.82533563	0.56464246
5.625787	21.614208	165.753098	0	0	-0.69670669	0.71735611
23.884092	6.401514	172.728989	0	0	-0.62160997	0.7833269
15.919486	6.401514	173.425797	0	0	-0.62160997	0.7833269
38.977142	6.841854	163.847610	0	0	-0.95533648	0.29552023
2.512160	9.993997	173.425797	0	0	-0.76484218	0.64421769
33.612343	-3.813462	171.638412	0	0	0.97095818	0.23924928
-12.408469	4.766801	152.238571	0	0	-0.62160997	0.7833269
-12.401822	4.741993	152.211121	0	0	-0.62160997	0.7833269
-12.415901	4.794537	152.263336	0	0	-0.62160997	0.7833269
-12.395818	4.719585	152.182480	0	0	-0.62160997	0.7833269
-12.423615	4.823328	152.284973	0	0	-0.62160997	0.7833269
-12.390380	4.699291	152.153320	0	0	-0.62160997	0.7833269
-12.435208	4.866592	152.299011	0	0	-0.62160997	0.7833269
-12.419038	4.806243	152.360947	0	0	-0.62160997	0.7833269
-12.441332	4.889447	152.317795	0	0	-0.62160997	0.7833269
-12.442832	4.895047	152.309921	0	0	-0.62160997	0.7833269
-12.383130	4.672235	152.923798	0	0	-0.62160997	0.7833269
-13.015992	7.034110	153.638641	0	0	-0.62160997	0.7833269
-13.173995	7.623785	154.435898	0	0	-0.62160997	0.7833269
-13.026783	7.074379	156.167862	0	0	-0.54030229	0.84147099
36.089088	-15.635296	149.316711	0	0	-0.98006658	0.19866933
36.103401	-15.624555	149.292191	0	0	-0.95533648	0.29552023
36.065083	-15.651311	149.338043	0	0	-0.98006658	0.19866933
36.112488	-15.616675	149.266129	0	0	-0.95533648	0.29552023
36.118370	-15.610566	149.239273	0	0	-0.95533648	0.29552023
36.022465	-15.677696	149.355667	0	0	-0.95533648	0.29552023
35.926754	-15.733695	149.362991	0	0	-0.95533648	0.29552023
35.796242	-15.809517	149.367661	0	0	-0.95533648	0.29552023
35.592171	-15.927627	149.370514	0	0	-0.95533648	0.29552023
35.446026	-16.016708	149.417099	0	0	-0.98006658	0.19866933
36.522945	-15.504894	150.505417	0	0	-0.99500417	0.099833397
34.594101	-16.563879	149.964615	0	0	-0.92106097	0.38941839
37.222980	-15.176924	151.259659	0	0	-0.92106097	0.38941839
-12.967485	6.853080	158.774185	0	0	-0.62160997	0.7833269
36.422897	-15.815279	153.006058	0	0	-0.87758258	0.4794255
34.339119	-17.275770	155.554199	0	0	-0.98006658	0.19866933
-13.471033	8.732344	165.753098	0	0	-0.54030229	0.84147099
39.130531	-15.203645	162.425858	0	0	-0.99500417	0.099833397
-10.919534	-0.789980	173.425797	0	0	-0.69670669	0.71735611
31.439943	-20.480705	170.710068	0	0	0.90407214	0.42737988
25.865858	17.259781	195.380661	0	0	-0.99500417	0.099833397
-21.513119	-4.597222	150.764282	0	0	-0.54030229	0.84147099
-21.511173	-4.599167	150.733917	0	0	-0.54030229	0.84147099
-21.514944	-4.595398	150.792770	0	0	-0.54030229	0.84147099
-21.516638	-4.593703	150.819229	0	0	-0.54030229	0.84147099
-21.509186	-4.601155	150.702881	0	0	-0.54030229	0.84147099
-21.518118	-4.592223	150.842331	0	0	-0.54030229	0.84147099
-21.507189	-4.603153	150.671692	0	0	-0.54030229	0.84147099
-21.519430	-4.590911	150.862823	0	0	-0.54030229	0.84147099
-21.520599	-4.589742	150.881073	0	0	-0.54030229	0.84147099
-21.523354	-4.586987	150.924088	0	0	-0.54030229	0.84147099
-21.561323	-4.549018	151.516937	0	0	-0.62160997	0.7833269
-21.614250	-4.496091	152.343323	0	0	-0.54030229	0.84147099
-21.666115	-4.444226	153.153122	0	0	-0.54030229	0.84147099
-21.775881	-4.334461	154.866974	0	0	-0.54030229	0.84147099
-21.947678	-4.162663	157.549377	0	0	-0.54030229	0.84147099
-22.386763	-3.723578	164.405136	0	0	-0.54030229	0.84147099
6.939415	19.999313	196.972290	0	0	-0.95533648	0.29552023
36.575481	-2.590142	193.978363	0	0	0.97095818	0.23924928
2.194408	17.259781	197.451645	0	0	-0.54030229	0.84147099
-22.845144	-3.265196	171.562195	0	0	-0.69670669	0.71735611
19.390598	-36.978436	147.840881	0	0	0.98999249	0.14112005
19.421658	-36.976189	147.815231	0	0	0.98999249	0.14112005
19.346937	-36.980450	147.863907	0	0	0.98999249	0.14112005
19.445477	-36.973839	147.788345	0	0	0.98999249	0.14112005
19.464500	-36.971432	147.760834	0	0	0.98999249	0.14112005
19.281406	-36.982227	147.884216	0	0	0.98999249	0.14112005
19.147333	-36.983364	147.897247	0	0	0.98999249	0.14112005
18.981148	-36.984421	147.909286	0	0	0.98999249	0.14112005
18.748363	-36.985622	147.923035	0	0	0.98999249	0.14112005
18.621847	-36.990303	147.976547	0	0	0.98999249	0.14112005
18.616484	-37.083111	149.037338	0	0	0.98999249	0.14112005
17.682287	-37.042175	148.569443	0	0	0.98999249	0.14112005
19.070713	-37.146606	149.763092	0	0	0.98999249	0.14112005
18.353067	-37.302917	151.549728	0	0	0.98999249	0.14112005
15.936811	-37.535927	154.213058	0	0	0.97095818	0.23924928
20.115261	-38.118061	160.866867	0	0	0.98999249	0.14112005
15.919486	-38.870304	169.465027	0	0	0.97095818	0.23924928
-14.553507	12.772191	197.451645	0	0	-0.45359611	0.89120736
26.829134	-25.408815	193.141129	0	0	0.90407214	0.42737988
-32.734825	-13.204106	148.299210	0	0	0	1
-32.737343	-13.203432	148.327988	0	0	0	1
-32.732170	-13.204818	148.268860	0	0	0	1
-32.739742	-13.202788	148.355438	0	0	0	1
-32.729469	-13.205543	148.237976	0	0	0	1
-32.742001	-13.202184	148.381241	0	0	0	1
-32.726757	-13.206268	148.207016	0	0	0	1
-32.744183	-13.201600	148.406158	0	0	0	1
-32.746494	-13.200980	148.432571	0	0	0	1
-32.750946	-13.199787	148.483490	0	0	0	1
-32.806118	-13.185003	149.114105	0	0	0	1
-32.866714	-13.168766	149.806747	0	0	0	1
-32.933983	-13.150742	150.575623	0	0	0	1
-33.088139	-13.109436	152.337616	0	0	0	1
-33.330853	-13.044402	155.111832	0	0	0	1
-33.911110	-12.888922	161.744217	0	0	0	1
-10.542067	-38.725040	146.986374	0	0	0.73739371	0.67546319
-10.542629	-38.727142	147.010406	0	0	0.73739371	0.67546319
-10.541448	-38.722733	146.960007	0	0	0.73739371	0.67546319
-10.543141	-38.729050	147.032227	0	0	0.73739371	0.67546319
-10.540805	-38.720333	146.932587	0	0	0.73739371	0.67546319
-10.543519	-38.730461	147.048355	0	0	0.73739371	0.67546319
-10.543892	-38.731853	147.064270	0	0	0.73739371	0.67546319
-10.532821	-38.722103	146.904465	0	0	0.73739371	0.67546319
-10.544341	-38.733528	147.083420	0	0	0.73739371	0.67546319
-10.545664	-38.738464	147.139832	0	0	0.73739371	0.67546319
-10.560067	-38.792221	147.754257	0	0	0.73739371	0.67546319
-10.570520	-38.831234	148.200180	0	0	0.73739371	0.67546319
-10.587277	-38.893768	148.914978	0	0	0.73739371	0.67546319
-10.629529	-39.051456	150.717331	0	0	0.73739371	0.67546319
-10.693247	-39.289253	153.435394	0	0	0.73739371	0.67546319
-10.846867	-39.862572	159.988403	0	0	0.73739371	0.67546319
-34.585728	-12.708158	169.455139	0	0	0	1
-11.050607	-40.622936	168.679443	0	0	0.73739371	0.67546319
-24.471405	-1.638936	196.954193	0	0	-0.69670669	0.71735611
-33.996521	-28.057713	146.598572	0	0	0.029199523	0.9995736
-33.998966	-28.058367	146.626511	0	0	0.029199523	0.9995736
-33.993942	-28.057020	146.569061	0	0	0.58850112	0.8084964
-34.001312	-28.058996	146.653336	0	0	0.58850112	0.8084964
-33.991310	-28.056316	146.539001	0	0	0.58850112	0.8084964
-34.003529	-28.059589	146.678665	0	0	0.58850112	0.8084964
-33.988670	-28.055609	146.508820	0	0	0.58850112	0.8084964
-34.005764	-28.060188	146.704224	0	0	0.58850112	0.8084964
-34.008354	-28.060883	146.733826	0	0	0.58850112	0.8084964
-34.013309	-28.062210	146.790466	0	0	0.029199523	0.9995736
-34.070091	-28.077425	147.439453	0	0	0.58850112	0.8084964
-34.119370	-28.090630	148.002731	0	0	0.029199523	0.9995736
-34.183571	-28.107832	148.736572	0	0	0.58850112	0.8084964
-34.340904	-28.149990	150.534882	0	0	0.50484609	0.86320938
-34.587215	-28.215988	153.350235	0	0	0.029199523	0.9995736
-24.036516	-38.849926	146.118042	0	0	0.73739371	0.67546319
-24.038193	-38.851601	146.144241	0	0	0.73739371	0.67546319
-24.034719	-38.848129	146.089996	0	0	0.73739371	0.67546319
-24.039780	-38.853188	146.169006	0	0	0.73739371	0.67546319
-24.032875	-38.846283	146.061203	0	0	0.73739371	0.67546319
-24.041174	-38.854584	146.190796	0	0	0.73739371	0.67546319
-24.031013	-38.844421	146.032120	0	0	0.73739371	0.67546319
-24.042601	-38.856010	146.213058	0	0	0.73739371	0.67546319
-24.044327	-38.857735	146.240005	0	0	0.73739371	0.67546319
-24.048082	-38.861492	146.298645	0	0	0.73739371	0.67546319
-24.089270	-38.902679	146.941727	0	0	0.73739371	0.67546319
-24.119560	-38.932972	147.414688	0	0	0.73739371	0.67546319
-24.165293	-38.978703	148.128723	0	0	0.73739371	0.67546319
-24.281414	-39.094822	149.941818	0	0	0.73739371	0.67546319
-24.460409	-39.273819	152.736618	0	0	0.73739371	0.67546319
-35.154724	-28.368052	159.836899	0	0	0.029199523	0.9995736
-24.873995	-39.687405	159.194229	0	0	0.66627604	0.74570519
2.194408	-40.873844	192.365616	0	0	0.85688874	0.51550139
-35.875443	-28.561167	168.074722	0	0	0.50484609	0.86320938
-25.424572	-40.237980	167.790787	0	0	0.66627604	0.74570519
-36.796902	-12.115676	194.728989	0	0	0	1
-11.594643	-42.653309	191.886688	0	0	0.73739371	0.67546319
-26.962477	-41.775887	191.803253	0	0	0.66627604	0.74570519
-38.042439	-29.141811	192.843613	0	0	0.50484609	0.86320938
29.419096	10.825228	235.994370	0	0	-0.99500417	0.099833397
11.193332	19.701889	237.380829	0	0	-0.95533648	0.29552023
35.299240	-11.968987	234.945572	0	0	0.97095818	0.23924928
-3.035053	12.810925	238.733429	0	0	-0.54030229	0.84147099
-13.371973	8.362647	238.934036	0	0	-0.54030229	0.84147099
21.070854	-32.913128	234.515442	0	0	0	1
-27.106335	0.995994	238.095306	0	0	-0.54030229	0.84147099
0.796352	-44.514259	233.975769	0	0	0.73739371	0.67546319
2.759060	10.915440	253.084076	0	0	-0.62160997	0.7833269
20.818813	6.005405	254.384964	0	0	-0.69670669	0.71735611
-12.575746	-46.314835	233.738144	0	0	0.50484609	0.86320938
-40.431927	-11.141674	236.277496	0	0	-0.16996714	0.98544973
-12.037807	3.383470	253.364136	0	0	-0.69670669	0.71735611
31.249697	-10.575040	256.918243	0	0	-0.95533648	0.29552023
-29.649765	-44.463177	233.761887	0	0	0.32328956	0.94630009
-41.703640	-30.122829	234.691345	0	0	0.029199523	0.9995736
27.759272	-29.413450	260.005127	0	0	0.94222235	0.33498812
-39.643738	-4.693959	253.423676	0	0	-0.16996714	0.98544973
28.325975	-54.436317	260.962677	0	0	0.98999249	0.14112005
-60.367657	-42.479969	254.516434	0	0	0.66627604	0.74570519
9.675108	-77.650230	260.962677	0	0	0.97095818	0.23924928
3.441872	-79.320419	260.962677	0	0	0.97095818	0.23924928
-8.254632	-86.073402	259.781067	0	0	0.94222235	0.33498812
-43.641693	-79.320419	256.843384	0	0	0.85688874	0.51550139
