84.687881	94.270554	251.570633	0.000000	0.000000	3.058407
71.065910	3.546059	246.632523	0.000000	0.000000	3.058407
-1.578362	-34.541691	245.003235	0.000000	0.000000	1.458407
-11.895751	-40.006546	244.880402	0.000000	0.000000	1.858407
-26.795195	-38.811897	248.588638	0.000000	0.000000	1.658407
-37.529915	-26.468710	255.370758	0.000000	0.000000	1.058407
-56.120991	-4.593044	261.572205	0.000000	0.000000	0.658407
-94.885544	70.859032	261.572205	0.000000	0.000000	0.458407
-48.924408	142.156158	261.572205	0.000000	0.000000	0.058407
-14.314801	151.429779	261.572205	0.000000	0.000000	-0.341593
-14.314801	151.429779	261.572205	0.000000	0.000000	-0.341593
18.807755	151.429779	258.674347	0.000000	0.000000	-0.541593
84.687881	94.270554	251.570633	0.000000	0.000000	3.058407
71.065910	3.546059	246.632523	0.000000	0.000000	3.058407
-1.578362	-34.541691	245.003235	0.000000	0.000000	1.458407
-11.895751	-40.006546	244.880402	0.000000	0.000000	1.858407
-26.795195	-38.811897	248.588638	0.000000	0.000000	1.658407
-37.529915	-26.468710	255.370758	0.000000	0.000000	1.058407
-56.120991	-4.593044	261.572205	0.000000	0.000000	0.658407
-94.885544	70.859032	261.572205	0.000000	0.000000	0.458407
-48.924408	142.156158	261.572205	0.000000	0.000000	0.058407
-14.314801	151.429779	261.572205	0.000000	0.000000	-0.341593
-14.314801	151.429779	261.572205	0.000000	0.000000	-0.341593
18.807755	151.429779	258.674347	0.000000	0.000000	-0.541593
84.687881	94.270554	251.570633	0.000000	0.000000	3.058407
71.065910	3.546059	246.632523	0.000000	0.000000	3.058407
-1.578362	-34.541691	245.003235	0.000000	0.000000	1.458407
-11.895751	-40.006546	244.880402	0.000000	0.000000	1.858407
-26.795195	-38.811897	248.588638	0.000000	0.000000	1.658407
-37.529915	-26.468710	255.370758	0.000000	0.000000	1.058407
-56.120991	-4.593044	261.572205	0.000000	0.000000	0.658407
-94.885544	70.859032	261.572205	0.000000	0.000000	0.458407
-48.924408	142.156158	261.572205	0.000000	0.000000	0.058407
-14.314801	151.429779	261.572205	0.000000	0.000000	-0.341593
-14.314801	151.429779	261.572205	0.000000	0.000000	-0.341593
18.807755	151.429779	258.674347	0.000000	0.000000	-0.541593
84.687881	94.270554	251.570633	0.000000	0.000000	3.058407
71.065910	3.546059	246.632523	0.000000	0.000000	3.058407
-1.578362	-34.541691	245.003235	0.000000	0.000000	1.458407
-11.895751	-40.006546	244.880402	0.000000	0.000000	1.858407
-26.795195	-38.811897	248.588638	0.000000	0.000000	1.658407
-37.529915	-26.468710	255.370758	0.000000	0.000000	1.058407
-56.120991	-4.593044	261.572205	0.000000	0.000000	0.658407
-94.885544	70.859032	261.572205	0.000000	0.000000	0.458407
-48.924408	142.156158	261.572205	0.000000	0.000000	0.058407
-14.314801	151.429779	261.572205	0.000000	0.000000	-0.341593
-14.314801	151.429779	261.572205	0.000000	0.000000	-0.341593
18.807755	151.429779	258.674347	0.000000	0.000000	-0.541593
84.687881	94.270554	251.570633	0.000000	0.000000	3.058407
71.065910	3.546059	246.632523	0.000000	0.000000	3.058407
-1.578362	-34.541691	245.003235	0.000000	0.000000	1.458407
-11.895751	-40.006546	244.880402	0.000000	0.000000	1.858407
-26.795195	-38.811897	248.588638	0.000000	0.000000	1.658407
-37.529915	-26.468710	255.370758	0.000000	0.000000	1.058407
-56.120991	-4.593044	261.572205	0.000000	0.000000	0.658407
-94.885544	70.859032	261.572205	0.000000	0.000000	0.458407
-48.924408	142.156158	261.572205	0.000000	0.000000	0.058407
-14.314801	151.429779	261.572205	0.000000	0.000000	-0.341593
-14.314801	151.429779	261.572205	0.000000	0.000000	-0.341593
18.807755	151.429779	258.674347	0.000000	0.000000	-0.541593
84.687881	94.270554	251.570633	0.000000	0.000000	3.058407
71.065910	3.546059	246.632523	0.000000	0.000000	3.058407
-1.578362	-34.541691	245.003235	0.000000	0.000000	1.458407
-11.895751	-40.006546	244.880402	0.000000	0.000000	1.858407
-26.795195	-38.811897	248.588638	0.000000	0.000000	1.658407
-37.529915	-26.468710	255.370758	0.000000	0.000000	1.058407
-56.120991	-4.593044	261.572205	0.000000	0.000000	0.658407
-94.885544	70.859032	261.572205	0.000000	0.000000	0.458407
-48.924408	142.156158	261.572205	0.000000	0.000000	0.058407
-14.314801	151.429779	261.572205	0.000000	0.000000	-0.341593
-14.314801	151.429779	261.572205	0.000000	0.000000	-0.341593
18.807755	151.429779	258.674347	0.000000	0.000000	-0.541593
84.687881	94.270554	251.570633	0.000000	0.000000	3.058407
71.065910	3.546059	246.632523	0.000000	0.000000	3.058407
-1.578362	-34.541691	245.003235	0.000000	0.000000	1.458407
-11.895751	-40.006546	244.880402	0.000000	0.000000	1.858407
-26.795195	-38.811897	248.588638	0.000000	0.000000	1.658407
-37.529915	-26.468710	255.370758	0.000000	0.000000	1.058407
-56.120991	-4.593044	261.572205	0.000000	0.000000	0.658407
-94.885544	70.859032	261.572205	0.000000	0.000000	0.458407
-48.924408	142.156158	261.572205	0.000000	0.000000	0.058407
-14.314801	151.429779	261.572205	0.000000	0.000000	-0.341593
-14.314801	151.429779	261.572205	0.000000	0.000000	-0.341593
18.807755	151.429779	258.674347	0.000000	0.000000	-0.541593
84.687881	94.270554	251.570633	0.000000	0.000000	3.058407
71.065910	3.546059	246.632523	0.000000	0.000000	3.058407
-1.578362	-34.541691	245.003235	0.000000	0.000000	1.458407
-11.895751	-40.006546	244.880402	0.000000	0.000000	1.858407
-26.795195	-38.811897	248.588638	0.000000	0.000000	1.658407
-37.529915	-26.468710	255.370758	0.000000	0.000000	1.058407
-56.120991	-4.593044	261.572205	0.000000	0.000000	0.658407
-94.885544	70.859032	261.572205	0.000000	0.000000	0.458407
-48.924408	142.156158	261.572205	0.000000	0.000000	0.058407
-14.314801	151.429779	261.572205	0.000000	0.000000	-0.341593
-14.314801	151.429779	261.572205	0.000000	0.000000	-0.341593
18.807755	151.429779	258.674347	0.000000	0.000000	-0.541593
84.687881	94.270554	251.570633	0.000000	0.000000	3.058407
71.065910	3.546059	246.632523	0.000000	0.000000	3.058407
-1.578362	-34.541691	245.003235	0.000000	0.000000	1.458407
-11.895751	-40.006546	244.880402	0.000000	0.000000	1.858407
-26.795195	-38.811897	248.588638	0.000000	0.000000	1.658407
-37.529915	-26.468710	255.370758	0.000000	0.000000	1.058407
-56.120991	-4.593044	261.572205	0.000000	0.000000	0.658407
-94.885544	70.859032	261.572205	0.000000	0.000000	0.458407
-48.924408	142.156158	261.572205	0.000000	0.000000	0.058407
-14.314801	151.429779	261.572205	0.000000	0.000000	-0.341593
-14.314801	151.429779	261.572205	0.000000	0.000000	-0.341593
18.807755	151.429779	258.674347	0.000000	0.000000	-0.541593
84.687881	94.270554	251.570633	0.000000	0.000000	3.058407
71.065910	3.546059	246.632523	0.000000	0.000000	3.058407
-1.578362	-34.541691	245.003235	0.000000	0.000000	1.458407
-11.895751	-40.006546	244.880402	0.000000	0.000000	1.858407
-26.795195	-38.811897	248.588638	0.000000	0.000000	1.658407
-37.529915	-26.468710	255.370758	0.000000	0.000000	1.058407
-56.120991	-4.593044	261.572205	0.000000	0.000000	0.658407
-94.885544	70.859032	261.572205	0.000000	0.000000	0.458407
-48.924408	142.156158	261.572205	0.000000	0.000000	0.058407
-14.314801	151.429779	261.572205	0.000000	0.000000	-0.341593
-14.314801	151.429779	261.572205	0.000000	0.000000	-0.341593
18.807755	151.429779	258.674347	0.000000	0.000000	-0.541593
84.687881	94.270554	251.570633	0.000000	0.000000	3.058407
71.065910	3.546059	246.632523	0.000000	0.000000	3.058407
-1.578362	-34.541691	245.003235	0.000000	0.000000	1.458407
-11.895751	-40.006546	244.880402	0.000000	0.000000	1.858407
-26.795195	-38.811897	248.588638	0.000000	0.000000	1.658407
-37.529915	-26.468710	255.370758	0.000000	0.000000	1.058407
-56.120991	-4.593044	261.572205	0.000000	0.000000	0.658407
-94.885544	70.859032	261.572205	0.000000	0.000000	0.458407
-48.924408	142.156158	261.572205	0.000000	0.000000	0.058407
-14.314801	151.429779	261.572205	0.000000	0.000000	-0.341593
-14.314801	151.429779	261.572205	0.000000	0.000000	-0.341593
18.807755	151.429779	258.674347	0.000000	0.000000	-0.541593
84.687881	94.270554	251.570633	0.000000	0.000000	3.058407
71.065910	3.546059	246.632523	0.000000	0.000000	3.058407
-1.578362	-34.541691	245.003235	0.000000	0.000000	1.458407
-11.895751	-40.006546	244.880402	0.000000	0.000000	1.858407
-26.795195	-38.811897	248.588638	0.000000	0.000000	1.658407
-37.529915	-26.468710	255.370758	0.000000	0.000000	1.058407
-56.120991	-4.593044	261.572205	0.000000	0.000000	0.658407
-94.885544	70.859032	261.572205	0.000000	0.000000	0.458407
-48.924408	142.156158	261.572205	0.000000	0.000000	0.058407
-14.314801	151.429779	261.572205	0.000000	0.000000	-0.341593
-14.314801	151.429779	261.572205	0.000000	0.000000	-0.341593
18.807755	151.429779	258.674347	0.000000	0.000000	-0.541593
84.687881	94.270554	251.570633	0.000000	0.000000	3.058407
71.065910	3.546059	246.632523	0.000000	0.000000	3.058407
-1.578362	-34.541691	245.003235	0.000000	0.000000	1.458407
-11.895751	-40.006546	244.880402	0.000000	0.000000	1.858407
-26.795195	-38.811897	248.588638	0.000000	0.000000	1.658407
-37.529915	-26.468710	255.370758	0.000000	0.000000	1.058407
-56.120991	-4.593044	261.572205	0.000000	0.000000	0.658407
-94.885544	70.859032	261.572205	0.000000	0.000000	0.458407
-48.924408	142.156158	261.572205	0.000000	0.000000	0.058407
-14.314801	151.429779	261.572205	0.000000	0.000000	-0.341593
-14.314801	151.429779	261.572205	0.000000	0.000000	-0.341593
18.807755	151.429779	258.674347	0.000000	0.000000	-0.541593
84.687881	94.270554	251.570633	0.000000	0.000000	3.058407
71.065910	3.546059	246.632523	0.000000	0.000000	3.058407
-1.578362	-34.541691	245.003235	0.000000	0.000000	1.458407
-11.895751	-40.006546	244.880402	0.000000	0.000000	1.858407
-26.795195	-38.811897	248.588638	0.000000	0.000000	1.658407
-37.529915	-26.468710	255.370758	0.000000	0.000000	1.058407
-56.120991	-4.593044	261.572205	0.000000	0.000000	0.658407
-94.885544	70.859032	261.572205	0.000000	0.000000	0.458407
-48.924408	142.156158	261.572205	0.000000	0.000000	0.058407
-14.314801	151.429779	261.572205	0.000000	0.000000	-0.341593
-14.314801	151.429779	261.572205	0.000000	0.000000	-0.341593
18.807755	151.429779	258.674347	0.000000	0.000000	-0.541593
84.687881	94.270554	251.570633	0.000000	0.000000	3.058407
71.065910	3.546059	246.632523	0.000000	0.000000	3.058407
-1.578362	-34.541691	245.003235	0.000000	0.000000	1.458407
-11.895751	-40.006546	244.880402	0.000000	0.000000	1.858407
-26.795195	-38.811897	248.588638	0.000000	0.000000	1.658407
-37.529915	-26.468710	255.370758	0.000000	0.000000	1.058407
-56.120991	-4.593044	261.572205	0.000000	0.000000	0.658407
-94.885544	70.859032	261.572205	0.000000	0.000000	0.458407
-48.924408	142.156158	261.572205	0.000000	0.000000	0.058407
-14.314801	151.429779	261.572205	0.000000	0.000000	-0.341593
-14.314801	151.429779	261.572205	0.000000	0.000000	-0.341593
18.807755	151.429779	258.674347	0.000000	0.000000	-0.541593
84.687881	94.270554	251.570633	0.000000	0.000000	3.058407
71.065910	3.546059	246.632523	0.000000	0.000000	3.058407
-1.578362	-34.541691	245.003235	0.000000	0.000000	1.458407
-11.895751	-40.006546	244.880402	0.000000	0.000000	1.858407
-26.795195	-38.811897	248.588638	0.000000	0.000000	1.658407
-37.529915	-26.468710	255.370758	0.000000	0.000000	1.058407
-56.120991	-4.593044	261.572205	0.000000	0.000000	0.658407
-94.885544	70.859032	261.572205	0.000000	0.000000	0.458407
-48.924408	142.156158	261.572205	0.000000	0.000000	0.058407
-14.314801	151.429779	261.572205	0.000000	0.000000	-0.341593
-14.314801	151.429779	261.572205	0.000000	0.000000	-0.341593
18.807755	151.429779	258.674347	0.000000	0.000000	-0.541593
84.687881	94.270554	251.570633	0.000000	0.000000	3.058407
71.065910	3.546059	246.632523	0.000000	0.000000	3.058407
-1.578362	-34.541691	245.003235	0.000000	0.000000	1.458407
-11.895751	-40.006546	244.880402	0.000000	0.000000	1.858407
-26.795195	-38.811897	248.588638	0.000000	0.000000	1.658407
-37.529915	-26.468710	255.370758	0.000000	0.000000	1.058407
-56.120991	-4.593044	261.572205	0.000000	0.000000	0.658407
-94.885544	70.859032	261.572205	0.000000	0.000000	0.458407
-48.924408	142.156158	261.572205	0.000000	0.000000	0.058407
-14.314801	151.429779	261.572205	0.000000	0.000000	-0.341593
-14.314801	151.429779	261.572205	0.000000	0.000000	-0.341593
18.807755	151.429779	258.674347	0.000000	0.000000	-0.541593
84.687881	94.270554	251.570633	0.000000	0.000000	3.058407
71.065910	3.546059	246.632523	0.000000	0.000000	3.058407
-1.578362	-34.541691	245.003235	0.000000	0.000000	1.458407
-11.895751	-40.006546	244.880402	0.000000	0.000000	1.858407
-26.795195	-38.811897	248.588638	0.000000	0.000000	1.658407
-37.529915	-26.468710	255.370758	0.000000	0.000000	1.058407
-56.120991	-4.593044	261.572205	0.000000	0.000000	0.658407
-94.885544	70.859032	261.572205	0.000000	0.000000	0.458407
-48.924408	142.156158	261.572205	0.000000	0.000000	0.058407
-14.314801	151.429779	261.572205	0.000000	0.000000	-0.341593
-14.314801	151.429779	261.572205	0.000000	0.000000	-0.341593
18.807755	151.429779	258.674347	0.000000	0.000000	-0.541593
84.687881	94.270554	251.570633	0.000000	0.000000	3.058407
71.065910	3.546059	246.632523	0.000000	0.000000	3.058407
-1.578362	-34.541691	245.003235	0.000000	0.000000	1.458407
-11.895751	-40.006546	244.880402	0.000000	0.000000	1.858407
-26.795195	-38.811897	248.588638	0.000000	0.000000	1.658407
-37.529915	-26.468710	255.370758	0.000000	0.000000	1.058407
-56.120991	-4.593044	261.572205	0.000000	0.000000	0.658407
-94.885544	70.859032	261.572205	0.000000	0.000000	0.458407
-48.924408	142.156158	261.572205	0.000000	0.000000	0.058407
-14.314801	151.429779	261.572205	0.000000	0.000000	-0.341593
-14.314801	151.429779	261.572205	0.000000	0.000000	-0.341593
18.807755	151.429779	258.674347	0.000000	0.000000	-0.541593
84.687881	94.270554	251.570633	0.000000	0.000000	3.058407
71.065910	3.546059	246.632523	0.000000	0.000000	3.058407
-1.578362	-34.541691	245.003235	0.000000	0.000000	1.458407
-11.895751	-40.006546	244.880402	0.000000	0.000000	1.858407
-26.795195	-38.811897	248.588638	0.000000	0.000000	1.658407
-37.529915	-26.468710	255.370758	0.000000	0.000000	1.058407
-56.120991	-4.593044	261.572205	0.000000	0.000000	0.658407
-94.885544	70.859032	261.572205	0.000000	0.000000	0.458407
-48.924408	142.156158	261.572205	0.000000	0.000000	0.058407
-14.314801	151.429779	261.572205	0.000000	0.000000	-0.341593
-14.314801	151.429779	261.572205	0.000000	0.000000	-0.341593
18.807755	151.429779	258.674347	0.000000	0.000000	-0.541593
