67.837265	127.327171	-17.864862	0.000000	0.000000	-1.141593
-44.630360	-11.490378	-6.733452	0.000000	0.000000	1.258407
-157.573029	37.897179	-0.240480	0.000000	0.000000	0.658407
-172.771881	161.900574	-0.240480	0.000000	0.000000	0.058407
-106.621475	228.050980	-0.240480	0.000000	0.000000	-0.341593
-106.621475	228.050980	-0.240480	0.000000	0.000000	-0.341593
-106.621475	228.050980	-0.240480	0.000000	0.000000	-0.341593
-5.323108	228.050980	-9.102939	0.000000	0.000000	-0.741593
67.837265	127.327171	-17.864862	0.000000	0.000000	-1.141593
-44.630360	-11.490378	-6.733452	0.000000	0.000000	1.258407
-157.573029	37.897179	-0.240480	0.000000	0.000000	0.658407
-172.771881	161.900574	-0.240480	0.000000	0.000000	0.058407
-106.621475	228.050980	-0.240480	0.000000	0.000000	-0.341593
-106.621475	228.050980	-0.240480	0.000000	0.000000	-0.341593
-106.621475	228.050980	-0.240480	0.000000	0.000000	-0.341593
-5.323108	228.050980	-9.102939	0.000000	0.000000	-0.741593
67.837265	127.327171	-17.864862	0.000000	0.000000	-1.141593
-44.630360	-11.490378	-6.733452	0.000000	0.000000	1.258407
-157.573029	37.897179	-0.240480	0.000000	0.000000	0.658407
-172.771881	161.900574	-0.240480	0.000000	0.000000	0.058407
-106.621475	228.050980	-0.240480	0.000000	0.000000	-0.341593
-106.621475	228.050980	-0.240480	0.000000	0.000000	-0.341593
-106.621475	228.050980	-0.240480	0.000000	0.000000	-0.341593
-5.323108	228.050980	-9.102939	0.000000	0.000000	-0.741593
67.837265	127.327171	-17.864862	0.000000	0.000000	-1.141593
-44.630360	-11.490378	-6.733452	0.000000	0.000000	1.258407
-157.573029	37.897179	-0.240480	0.000000	0.000000	0.658407
-172.771881	161.900574	-0.240480	0.000000	0.000000	0.058407
-106.621475	228.050980	-0.240480	0.000000	0.000000	-0.341593
-106.621475	228.050980	-0.240480	0.000000	0.000000	-0.341593
-106.621475	228.050980	-0.240480	0.000000	0.000000	-0.341593
-5.323108	228.050980	-9.102939	0.000000	0.000000	-0.741593
67.837265	127.327171	-17.864862	0.000000	0.000000	-1.141593
-44.630360	-11.490378	-6.733452	0.000000	0.000000	1.258407
-157.573029	37.897179	-0.240480	0.000000	0.000000	0.658407
-172.771881	161.900574	-0.240480	0.000000	0.000000	0.058407
-106.621475	228.050980	-0.240480	0.000000	0.000000	-0.341593
-106.621475	228.050980	-0.240480	0.000000	0.000000	-0.341593
-106.621475	228.050980	-0.240480	0.000000	0.000000	-0.341593
-5.323108	228.050980	-9.102939	0.000000	0.000000	-0.741593
67.837265	127.327171	-17.864862	0.000000	0.000000	-1.141593
-44.630360	-11.490378	-6.733452	0.000000	0.000000	1.258407
-157.573029	37.897179	-0.240480	0.000000	0.000000	0.658407
-172.771881	161.900574	-0.240480	0.000000	0.000000	0.058407
-106.621475	228.050980	-0.240480	0.000000	0.000000	-0.341593
-106.621475	228.050980	-0.240480	0.000000	0.000000	-0.341593
-106.621475	228.050980	-0.240480	0.000000	0.000000	-0.341593
-5.323108	228.050980	-9.102939	0.000000	0.000000	-0.741593
67.837265	127.327171	-17.864862	0.000000	0.000000	-1.141593
-44.630360	-11.490378	-6.733452	0.000000	0.000000	1.258407
-157.573029	37.897179	-0.240480	0.000000	0.000000	0.658407
-172.771881	161.900574	-0.240480	0.000000	0.000000	0.058407
-106.621475	228.050980	-0.240480	0.000000	0.000000	-0.341593
-106.621475	228.050980	-0.240480	0.000000	0.000000	-0.341593
-106.621475	228.050980	-0.240480	0.000000	0.000000	-0.341593
-5.323108	228.050980	-9.102939	0.000000	0.000000	-0.741593
67.837265	127.327171	-17.864862	0.000000	0.000000	-1.141593
-44.630360	-11.490378	-6.733452	0.000000	0.000000	1.258407
-157.573029	37.897179	-0.240480	0.000000	0.000000	0.658407
-172.771881	161.900574	-0.240480	0.000000	0.000000	0.058407
-106.621475	228.050980	-0.240480	0.000000	0.000000	-0.341593
-106.621475	228.050980	-0.240480	0.000000	0.000000	-0.341593
-106.621475	228.050980	-0.240480	0.000000	0.000000	-0.341593
-5.323108	228.050980	-9.102939	0.000000	0.000000	-0.741593
67.837265	127.327171	-17.864862	0.000000	0.000000	-1.141593
-44.630360	-11.490378	-6.733452	0.000000	0.000000	1.258407
-157.573029	37.897179	-0.240480	0.000000	0.000000	0.658407
-172.771881	161.900574	-0.240480	0.000000	0.000000	0.058407
-106.621475	228.050980	-0.240480	0.000000	0.000000	-0.341593
-106.621475	228.050980	-0.240480	0.000000	0.000000	-0.341593
-106.621475	228.050980	-0.240480	0.000000	0.000000	-0.341593
-5.323108	228.050980	-9.102939	0.000000	0.000000	-0.741593
67.837265	127.327171	-17.864862	0.000000	0.000000	-1.141593
-44.630360	-11.490378	-6.733452	0.000000	0.000000	1.258407
-157.573029	37.897179	-0.240480	0.000000	0.000000	0.658407
-172.771881	161.900574	-0.240480	0.000000	0.000000	0.058407
-106.621475	228.050980	-0.240480	0.000000	0.000000	-0.341593
-106.621475	228.050980	-0.240480	0.000000	0.000000	-0.341593
-106.621475	228.050980	-0.240480	0.000000	0.000000	-0.341593
-5.323108	228.050980	-9.102939	0.000000	0.000000	-0.741593
67.837265	127.327171	-17.864862	0.000000	0.000000	-1.141593
-44.630360	-11.490378	-6.733452	0.000000	0.000000	1.258407
-157.573029	37.897179	-0.240480	0.000000	0.000000	0.658407
-172.771881	161.900574	-0.240480	0.000000	0.000000	0.058407
-106.621475	228.050980	-0.240480	0.000000	0.000000	-0.341593
-106.621475	228.050980	-0.240480	0.000000	0.000000	-0.341593
-106.621475	228.050980	-0.240480	0.000000	0.000000	-0.341593
-5.323108	228.050980	-9.102939	0.000000	0.000000	-0.741593
67.837265	127.327171	-17.864862	0.000000	0.000000	-1.141593
-44.630360	-11.490378	-6.733452	0.000000	0.000000	1.258407
-157.573029	37.897179	-0.240480	0.000000	0.000000	0.658407
-172.771881	161.900574	-0.240480	0.000000	0.000000	0.058407
-106.621475	228.050980	-0.240480	0.000000	0.000000	-0.341593
-106.621475	228.050980	-0.240480	0.000000	0.000000	-0.341593
-106.621475	228.050980	-0.240480	0.000000	0.000000	-0.341593
-5.323108	228.050980	-9.102939	0.000000	0.000000	-0.741593
67.837265	127.327171	-17.864862	0.000000	0.000000	-1.141593
-44.630360	-11.490378	-6.733452	0.000000	0.000000	1.258407
-157.573029	37.897179	-0.240480	0.000000	0.000000	0.658407
-172.771881	161.900574	-0.240480	0.000000	0.000000	0.058407
-106.621475	228.050980	-0.240480	0.000000	0.000000	-0.341593
-106.621475	228.050980	-0.240480	0.000000	0.000000	-0.341593
-106.621475	228.050980	-0.240480	0.000000	0.000000	-0.341593
-5.323108	228.050980	-9.102939	0.000000	0.000000	-0.741593
67.837265	127.327171	-17.864862	0.000000	0.000000	-1.141593
-44.630360	-11.490378	-6.733452	0.000000	0.000000	1.258407
-157.573029	37.897179	-0.240480	0.000000	0.000000	0.658407
-172.771881	161.900574	-0.240480	0.000000	0.000000	0.058407
-106.621475	228.050980	-0.240480	0.000000	0.000000	-0.341593
-106.621475	228.050980	-0.240480	0.000000	0.000000	-0.341593
-106.621475	228.050980	-0.240480	0.000000	0.000000	-0.341593
-5.323108	228.050980	-9.102939	0.000000	0.000000	-0.741593
67.837265	127.327171	-17.864862	0.000000	0.000000	-1.141593
-44.630360	-11.490378	-6.733452	0.000000	0.000000	1.258407
-157.573029	37.897179	-0.240480	0.000000	0.000000	0.658407
-172.771881	161.900574	-0.240480	0.000000	0.000000	0.058407
-106.621475	228.050980	-0.240480	0.000000	0.000000	-0.341593
-106.621475	228.050980	-0.240480	0.000000	0.000000	-0.341593
-106.621475	228.050980	-0.240480	0.000000	0.000000	-0.341593
-5.323108	228.050980	-9.102939	0.000000	0.000000	-0.741593
67.837265	127.327171	-17.864862	0.000000	0.000000	-1.141593
-44.630360	-11.490378	-6.733452	0.000000	0.000000	1.258407
-157.573029	37.897179	-0.240480	0.000000	0.000000	0.658407
-172.771881	161.900574	-0.240480	0.000000	0.000000	0.058407
-106.621475	228.050980	-0.240480	0.000000	0.000000	-0.341593
-106.621475	228.050980	-0.240480	0.000000	0.000000	-0.341593
-106.621475	228.050980	-0.240480	0.000000	0.000000	-0.341593
-5.323108	228.050980	-9.102939	0.000000	0.000000	-0.741593
67.837265	127.327171	-17.864862	0.000000	0.000000	-1.141593
-44.630360	-11.490378	-6.733452	0.000000	0.000000	1.258407
-157.573029	37.897179	-0.240480	0.000000	0.000000	0.658407
-172.771881	161.900574	-0.240480	0.000000	0.000000	0.058407
-106.621475	228.050980	-0.240480	0.000000	0.000000	-0.341593
-106.621475	228.050980	-0.240480	0.000000	0.000000	-0.341593
-106.621475	228.050980	-0.240480	0.000000	0.000000	-0.341593
-5.323108	228.050980	-9.102939	0.000000	0.000000	-0.741593
67.837265	127.327171	-17.864862	0.000000	0.000000	-1.141593
-44.630360	-11.490378	-6.733452	0.000000	0.000000	1.258407
-157.573029	37.897179	-0.240480	0.000000	0.000000	0.658407
-172.771881	161.900574	-0.240480	0.000000	0.000000	0.058407
-106.621475	228.050980	-0.240480	0.000000	0.000000	-0.341593
-106.621475	228.050980	-0.240480	0.000000	0.000000	-0.341593
-106.621475	228.050980	-0.240480	0.000000	0.000000	-0.341593
-5.323108	228.050980	-9.102939	0.000000	0.000000	-0.741593
67.837265	127.327171	-17.864862	0.000000	0.000000	-1.141593
-44.630360	-11.490378	-6.733452	0.000000	0.000000	1.258407
-157.573029	37.897179	-0.240480	0.000000	0.000000	0.658407
-172.771881	161.900574	-0.240480	0.000000	0.000000	0.058407
-106.621475	228.050980	-0.240480	0.000000	0.000000	-0.341593
-106.621475	228.050980	-0.240480	0.000000	0.000000	-0.341593
-106.621475	228.050980	-0.240480	0.000000	0.000000	-0.341593
-5.323108	228.050980	-9.102939	0.000000	0.000000	-0.741593
67.837265	127.327171	-17.864862	0.000000	0.000000	-1.141593
-44.630360	-11.490378	-6.733452	0.000000	0.000000	1.258407
-157.573029	37.897179	-0.240480	0.000000	0.000000	0.658407
-172.771881	161.900574	-0.240480	0.000000	0.000000	0.058407
-106.621475	228.050980	-0.240480	0.000000	0.000000	-0.341593
-106.621475	228.050980	-0.240480	0.000000	0.000000	-0.341593
-106.621475	228.050980	-0.240480	0.000000	0.000000	-0.341593
-5.323108	228.050980	-9.102939	0.000000	0.000000	-0.741593
