13.163822	235.047470	38.979343	-0.741593	12.591516	235.047470	38.162006
12.591516	235.047470	38.162006	-0.741593	12.591516	235.047470	38.162006
12.591516	235.047470	38.162006	-0.741593	-65.931969	214.007172	38.162006
-65.931969	214.007172	38.162006	-0.541593	-121.625084	100.830872	38.162006
-121.625084	100.830872	38.162006	0.058407	122.380219	44.887867	43.371201
122.380219	44.887867	43.371201	3.058407	121.868858	171.956161	40.736542
121.868858	171.956161	40.736542	-1.341593	-41.256584	-67.859215	264.243622
13.163822	235.047470	38.979343	-0.741593	12.591516	235.047470	38.162006
12.591516	235.047470	38.162006	-0.741593	12.591516	235.047470	38.162006
12.591516	235.047470	38.162006	-0.741593	-65.931969	214.007172	38.162006
-65.931969	214.007172	38.162006	-0.541593	-121.625084	100.830872	38.162006
-121.625084	100.830872	38.162006	0.058407	122.380219	44.887867	43.371201
122.380219	44.887867	43.371201	3.058407	121.868858	171.956161	40.736542
121.868858	171.956161	40.736542	-1.341593	-41.256584	-67.859215	264.243622
13.163822	235.047470	38.979343	-0.741593	12.591516	235.047470	38.162006
12.591516	235.047470	38.162006	-0.741593	12.591516	235.047470	38.162006
12.591516	235.047470	38.162006	-0.741593	-65.931969	214.007172	38.162006
-65.931969	214.007172	38.162006	-0.541593	-121.625084	100.830872	38.162006
-121.625084	100.830872	38.162006	0.058407	122.380219	44.887867	43.371201
122.380219	44.887867	43.371201	3.058407	121.868858	171.956161	40.736542
121.868858	171.956161	40.736542	-1.341593	-41.256584	-67.859215	264.243622
13.163822	235.047470	38.979343	-0.741593	12.591516	235.047470	38.162006
12.591516	235.047470	38.162006	-0.741593	12.591516	235.047470	38.162006
12.591516	235.047470	38.162006	-0.741593	-65.931969	214.007172	38.162006
-65.931969	214.007172	38.162006	-0.541593	-121.625084	100.830872	38.162006
-121.625084	100.830872	38.162006	0.058407	122.380219	44.887867	43.371201
122.380219	44.887867	43.371201	3.058407	121.868858	171.956161	40.736542
121.868858	171.956161	40.736542	-1.341593	-41.256584	-67.859215	264.243622
13.163822	235.047470	38.979343	-0.741593	12.591516	235.047470	38.162006
12.591516	235.047470	38.162006	-0.741593	12.591516	235.047470	38.162006
12.591516	235.047470	38.162006	-0.741593	-65.931969	214.007172	38.162006
-65.931969	214.007172	38.162006	-0.541593	-121.625084	100.830872	38.162006
-121.625084	100.830872	38.162006	0.058407	122.380219	44.887867	43.371201
122.380219	44.887867	43.371201	3.058407	121.868858	171.956161	40.736542
121.868858	171.956161	40.736542	-1.341593	-41.256584	-67.859215	264.243622
13.163822	235.047470	38.979343	-0.741593	12.591516	235.047470	38.162006
12.591516	235.047470	38.162006	-0.741593	12.591516	235.047470	38.162006
12.591516	235.047470	38.162006	-0.741593	-65.931969	214.007172	38.162006
-65.931969	214.007172	38.162006	-0.541593	-121.625084	100.830872	38.162006
-121.625084	100.830872	38.162006	0.058407	122.380219	44.887867	43.371201
122.380219	44.887867	43.371201	3.058407	121.868858	171.956161	40.736542
121.868858	171.956161	40.736542	-1.341593	-41.256584	-67.859215	264.243622
13.163822	235.047470	38.979343	-0.741593	12.591516	235.047470	38.162006
12.591516	235.047470	38.162006	-0.741593	12.591516	235.047470	38.162006
12.591516	235.047470	38.162006	-0.741593	-65.931969	214.007172	38.162006
-65.931969	214.007172	38.162006	-0.541593	-121.625084	100.830872	38.162006
-121.625084	100.830872	38.162006	0.058407	122.380219	44.887867	43.371201
122.380219	44.887867	43.371201	3.058407	121.868858	171.956161	40.736542
121.868858	171.956161	40.736542	-1.341593	-41.256584	-67.859215	264.243622
13.163822	235.047470	38.979343	-0.741593	12.591516	235.047470	38.162006
12.591516	235.047470	38.162006	-0.741593	12.591516	235.047470	38.162006
12.591516	235.047470	38.162006	-0.741593	-65.931969	214.007172	38.162006
-65.931969	214.007172	38.162006	-0.541593	-121.625084	100.830872	38.162006
-121.625084	100.830872	38.162006	0.058407	122.380219	44.887867	43.371201
122.380219	44.887867	43.371201	3.058407	121.868858	171.956161	40.736542
121.868858	171.956161	40.736542	-1.341593	-41.256584	-67.859215	264.243622
13.163822	235.047470	38.979343	-0.741593	12.591516	235.047470	38.162006
12.591516	235.047470	38.162006	-0.741593	12.591516	235.047470	38.162006
12.591516	235.047470	38.162006	-0.741593	-65.931969	214.007172	38.162006
-65.931969	214.007172	38.162006	-0.541593	-121.625084	100.830872	38.162006
-121.625084	100.830872	38.162006	0.058407	122.380219	44.887867	43.371201
122.380219	44.887867	43.371201	3.058407	121.868858	171.956161	40.736542
121.868858	171.956161	40.736542	-1.341593	-41.256584	-67.859215	264.243622
13.163822	235.047470	38.979343	-0.741593	12.591516	235.047470	38.162006
12.591516	235.047470	38.162006	-0.741593	12.591516	235.047470	38.162006
12.591516	235.047470	38.162006	-0.741593	-65.931969	214.007172	38.162006
-65.931969	214.007172	38.162006	-0.541593	-121.625084	100.830872	38.162006
-121.625084	100.830872	38.162006	0.058407	122.380219	44.887867	43.371201
122.380219	44.887867	43.371201	3.058407	121.868858	171.956161	40.736542
121.868858	171.956161	40.736542	-1.341593	-41.256584	-67.859215	264.243622
13.163822	235.047470	38.979343	-0.741593	12.591516	235.047470	38.162006
12.591516	235.047470	38.162006	-0.741593	12.591516	235.047470	38.162006
12.591516	235.047470	38.162006	-0.741593	-65.931969	214.007172	38.162006
-65.931969	214.007172	38.162006	-0.541593	-121.625084	100.830872	38.162006
-121.625084	100.830872	38.162006	0.058407	122.380219	44.887867	43.371201
122.380219	44.887867	43.371201	3.058407	121.868858	171.956161	40.736542
121.868858	171.956161	40.736542	-1.341593	-41.256584	-67.859215	264.243622
13.163822	235.047470	38.979343	-0.741593	12.591516	235.047470	38.162006
12.591516	235.047470	38.162006	-0.741593	12.591516	235.047470	38.162006
12.591516	235.047470	38.162006	-0.741593	-65.931969	214.007172	38.162006
-65.931969	214.007172	38.162006	-0.541593	-121.625084	100.830872	38.162006
-121.625084	100.830872	38.162006	0.058407	122.380219	44.887867	43.371201
122.380219	44.887867	43.371201	3.058407	121.868858	171.956161	40.736542
121.868858	171.956161	40.736542	-1.341593	-41.256584	-67.859215	264.243622
13.163822	235.047470	38.979343	-0.741593	12.591516	235.047470	38.162006
12.591516	235.047470	38.162006	-0.741593	12.591516	235.047470	38.162006
12.591516	235.047470	38.162006	-0.741593	-65.931969	214.007172	38.162006
-65.931969	214.007172	38.162006	-0.541593	-121.625084	100.830872	38.162006
-121.625084	100.830872	38.162006	0.058407	122.380219	44.887867	43.371201
122.380219	44.887867	43.371201	3.058407	121.868858	171.956161	40.736542
121.868858	171.956161	40.736542	-1.341593	-41.256584	-67.859215	264.243622
13.163822	235.047470	38.979343	-0.741593	12.591516	235.047470	38.162006
12.591516	235.047470	38.162006	-0.741593	12.591516	235.047470	38.162006
12.591516	235.047470	38.162006	-0.741593	-65.931969	214.007172	38.162006
-65.931969	214.007172	38.162006	-0.541593	-121.625084	100.830872	38.162006
-121.625084	100.830872	38.162006	0.058407	122.380219	44.887867	43.371201
122.380219	44.887867	43.371201	3.058407	121.868858	171.956161	40.736542
121.868858	171.956161	40.736542	-1.341593	-41.256584	-67.859215	264.243622
13.163822	235.047470	38.979343	-0.741593	12.591516	235.047470	38.162006
12.591516	235.047470	38.162006	-0.741593	12.591516	235.047470	38.162006
12.591516	235.047470	38.162006	-0.741593	-65.931969	214.007172	38.162006
-65.931969	214.007172	38.162006	-0.541593	-121.625084	100.830872	38.162006
-121.625084	100.830872	38.162006	0.058407	122.380219	44.887867	43.371201
122.380219	44.887867	43.371201	3.058407	121.868858	171.956161	40.736542
121.868858	171.956161	40.736542	-1.341593	-41.256584	-67.859215	264.243622
13.163822	235.047470	38.979343	-0.741593	12.591516	235.047470	38.162006
12.591516	235.047470	38.162006	-0.741593	12.591516	235.047470	38.162006
12.591516	235.047470	38.162006	-0.741593	-65.931969	214.007172	38.162006
-65.931969	214.007172	38.162006	-0.541593	-121.625084	100.830872	38.162006
-121.625084	100.830872	38.162006	0.058407	122.380219	44.887867	43.371201
122.380219	44.887867	43.371201	3.058407	121.868858	171.956161	40.736542
121.868858	171.956161	40.736542	-1.341593	-41.256584	-67.859215	264.243622
13.163822	235.047470	38.979343	-0.741593	12.591516	235.047470	38.162006
12.591516	235.047470	38.162006	-0.741593	12.591516	235.047470	38.162006
12.591516	235.047470	38.162006	-0.741593	-65.931969	214.007172	38.162006
-65.931969	214.007172	38.162006	-0.541593	-121.625084	100.830872	38.162006
-121.625084	100.830872	38.162006	0.058407	122.380219	44.887867	43.371201
122.380219	44.887867	43.371201	3.058407	121.868858	171.956161	40.736542
121.868858	171.956161	40.736542	-1.341593	-41.256584	-67.859215	264.243622
13.163822	235.047470	38.979343	-0.741593	12.591516	235.047470	38.162006
12.591516	235.047470	38.162006	-0.741593	12.591516	235.047470	38.162006
12.591516	235.047470	38.162006	-0.741593	-65.931969	214.007172	38.162006
-65.931969	214.007172	38.162006	-0.541593	-121.625084	100.830872	38.162006
-121.625084	100.830872	38.162006	0.058407	122.380219	44.887867	43.371201
122.380219	44.887867	43.371201	3.058407	121.868858	171.956161	40.736542
121.868858	171.956161	40.736542	-1.341593	-41.256584	-67.859215	264.243622
13.163822	235.047470	38.979343	-0.741593	12.591516	235.047470	38.162006
12.591516	235.047470	38.162006	-0.741593	12.591516	235.047470	38.162006
12.591516	235.047470	38.162006	-0.741593	-65.931969	214.007172	38.162006
-65.931969	214.007172	38.162006	-0.541593	-121.625084	100.830872	38.162006
-121.625084	100.830872	38.162006	0.058407	122.380219	44.887867	43.371201
122.380219	44.887867	43.371201	3.058407	121.868858	171.956161	40.736542
121.868858	171.956161	40.736542	-1.341593	-41.256584	-67.859215	264.243622
13.163822	235.047470	38.979343	-0.741593	12.591516	235.047470	38.162006
12.591516	235.047470	38.162006	-0.741593	12.591516	235.047470	38.162006
12.591516	235.047470	38.162006	-0.741593	-65.931969	214.007172	38.162006
-65.931969	214.007172	38.162006	-0.541593	-121.625084	100.830872	38.162006
-121.625084	100.830872	38.162006	0.058407	122.380219	44.887867	43.371201
122.380219	44.887867	43.371201	3.058407	121.868858	171.956161	40.736542
121.868858	171.956161	40.736542	-1.341593	-41.256584	-67.859215	264.243622
