75.427589	218.789108	24.823788	-0.741593	64.983681	218.789108	9.908341
64.983681	218.789108	9.908341	-0.741593	64.983681	218.789108	9.908341
64.983681	218.789108	9.908341	-0.741593	1.801101	201.859390	9.908341
1.801101	201.859390	9.908341	-0.541593	-61.297123	92.508308	9.908341
-61.297123	92.508308	9.908341	0.058407	181.450104	151.547180	26.005339
181.450104	151.547180	26.005339	-1.341593	182.189484	153.842743	20.204985
75.427589	218.789108	24.823788	-0.741593	64.983681	218.789108	9.908341
64.983681	218.789108	9.908341	-0.741593	64.983681	218.789108	9.908341
64.983681	218.789108	9.908341	-0.741593	1.801101	201.859390	9.908341
1.801101	201.859390	9.908341	-0.541593	-61.297123	92.508308	9.908341
-61.297123	92.508308	9.908341	0.058407	181.450104	151.547180	26.005339
181.450104	151.547180	26.005339	-1.341593	182.189484	153.842743	20.204985
75.427589	218.789108	24.823788	-0.741593	64.983681	218.789108	9.908341
64.983681	218.789108	9.908341	-0.741593	64.983681	218.789108	9.908341
64.983681	218.789108	9.908341	-0.741593	1.801101	201.859390	9.908341
1.801101	201.859390	9.908341	-0.541593	-61.297123	92.508308	9.908341
-61.297123	92.508308	9.908341	0.058407	181.450104	151.547180	26.005339
181.450104	151.547180	26.005339	-1.341593	182.189484	153.842743	20.204985
75.427589	218.789108	24.823788	-0.741593	64.983681	218.789108	9.908341
64.983681	218.789108	9.908341	-0.741593	64.983681	218.789108	9.908341
64.983681	218.789108	9.908341	-0.741593	1.801101	201.859390	9.908341
1.801101	201.859390	9.908341	-0.541593	-61.297123	92.508308	9.908341
-61.297123	92.508308	9.908341	0.058407	181.450104	151.547180	26.005339
181.450104	151.547180	26.005339	-1.341593	182.189484	153.842743	20.204985
75.427589	218.789108	24.823788	-0.741593	64.983681	218.789108	9.908341
64.983681	218.789108	9.908341	-0.741593	64.983681	218.789108	9.908341
64.983681	218.789108	9.908341	-0.741593	1.801101	201.859390	9.908341
1.801101	201.859390	9.908341	-0.541593	-61.297123	92.508308	9.908341
-61.297123	92.508308	9.908341	0.058407	181.450104	151.547180	26.005339
181.450104	151.547180	26.005339	-1.341593	182.189484	153.842743	20.204985
75.427589	218.789108	24.823788	-0.741593	64.983681	218.789108	9.908341
64.983681	218.789108	9.908341	-0.741593	64.983681	218.789108	9.908341
64.983681	218.789108	9.908341	-0.741593	1.801101	201.859390	9.908341
1.801101	201.859390	9.908341	-0.541593	-61.297123	92.508308	9.908341
-61.297123	92.508308	9.908341	0.058407	181.450104	151.547180	26.005339
181.450104	151.547180	26.005339	-1.341593	182.189484	153.842743	20.204985
75.427589	218.789108	24.823788	-0.741593	64.983681	218.789108	9.908341
64.983681	218.789108	9.908341	-0.741593	64.983681	218.789108	9.908341
64.983681	218.789108	9.908341	-0.741593	1.801101	201.859390	9.908341
1.801101	201.859390	9.908341	-0.541593	-61.297123	92.508308	9.908341
-61.297123	92.508308	9.908341	0.058407	181.450104	151.547180	26.005339
181.450104	151.547180	26.005339	-1.341593	182.189484	153.842743	20.204985
75.427589	218.789108	24.823788	-0.741593	64.983681	218.789108	9.908341
64.983681	218.789108	9.908341	-0.741593	64.983681	218.789108	9.908341
64.983681	218.789108	9.908341	-0.741593	1.801101	201.859390	9.908341
1.801101	201.859390	9.908341	-0.541593	-61.297123	92.508308	9.908341
-61.297123	92.508308	9.908341	0.058407	181.450104	151.547180	26.005339
181.450104	151.547180	26.005339	-1.341593	182.189484	153.842743	20.204985
75.427589	218.789108	24.823788	-0.741593	64.983681	218.789108	9.908341
64.983681	218.789108	9.908341	-0.741593	64.983681	218.789108	9.908341
64.983681	218.789108	9.908341	-0.741593	1.801101	201.859390	9.908341
1.801101	201.859390	9.908341	-0.541593	-61.297123	92.508308	9.908341
-61.297123	92.508308	9.908341	0.058407	181.450104	151.547180	26.005339
181.450104	151.547180	26.005339	-1.341593	182.189484	153.842743	20.204985
75.427589	218.789108	24.823788	-0.741593	64.983681	218.789108	9.908341
64.983681	218.789108	9.908341	-0.741593	64.983681	218.789108	9.908341
64.983681	218.789108	9.908341	-0.741593	1.801101	201.859390	9.908341
1.801101	201.859390	9.908341	-0.541593	-61.297123	92.508308	9.908341
-61.297123	92.508308	9.908341	0.058407	181.450104	151.547180	26.005339
181.450104	151.547180	26.005339	-1.341593	182.189484	153.842743	20.204985
75.427589	218.789108	24.823788	-0.741593	64.983681	218.789108	9.908341
64.983681	218.789108	9.908341	-0.741593	64.983681	218.789108	9.908341
64.983681	218.789108	9.908341	-0.741593	1.801101	201.859390	9.908341
1.801101	201.859390	9.908341	-0.541593	-61.297123	92.508308	9.908341
-61.297123	92.508308	9.908341	0.058407	181.450104	151.547180	26.005339
181.450104	151.547180	26.005339	-1.341593	182.189484	153.842743	20.204985
75.427589	218.789108	24.823788	-0.741593	64.983681	218.789108	9.908341
64.983681	218.789108	9.908341	-0.741593	64.983681	218.789108	9.908341
64.983681	218.789108	9.908341	-0.741593	1.801101	201.859390	9.908341
1.801101	201.859390	9.908341	-0.541593	-61.297123	92.508308	9.908341
-61.297123	92.508308	9.908341	0.058407	181.450104	151.547180	26.005339
181.450104	151.547180	26.005339	-1.341593	182.189484	153.842743	20.204985
75.427589	218.789108	24.823788	-0.741593	64.983681	218.789108	9.908341
64.983681	218.789108	9.908341	-0.741593	64.983681	218.789108	9.908341
64.983681	218.789108	9.908341	-0.741593	1.801101	201.859390	9.908341
1.801101	201.859390	9.908341	-0.541593	-61.297123	92.508308	9.908341
-61.297123	92.508308	9.908341	0.058407	181.450104	151.547180	26.005339
181.450104	151.547180	26.005339	-1.341593	182.189484	153.842743	20.204985
75.427589	218.789108	24.823788	-0.741593	64.983681	218.789108	9.908341
64.983681	218.789108	9.908341	-0.741593	64.983681	218.789108	9.908341
64.983681	218.789108	9.908341	-0.741593	1.801101	201.859390	9.908341
1.801101	201.859390	9.908341	-0.541593	-61.297123	92.508308	9.908341
-61.297123	92.508308	9.908341	0.058407	181.450104	151.547180	26.005339
181.450104	151.547180	26.005339	-1.341593	182.189484	153.842743	20.204985
75.427589	218.789108	24.823788	-0.741593	64.983681	218.789108	9.908341
64.983681	218.789108	9.908341	-0.741593	64.983681	218.789108	9.908341
64.983681	218.789108	9.908341	-0.741593	1.801101	201.859390	9.908341
1.801101	201.859390	9.908341	-0.541593	-61.297123	92.508308	9.908341
-61.297123	92.508308	9.908341	0.058407	181.450104	151.547180	26.005339
181.450104	151.547180	26.005339	-1.341593	182.189484	153.842743	20.204985
75.427589	218.789108	24.823788	-0.741593	64.983681	218.789108	9.908341
64.983681	218.789108	9.908341	-0.741593	64.983681	218.789108	9.908341
64.983681	218.789108	9.908341	-0.741593	1.801101	201.859390	9.908341
1.801101	201.859390	9.908341	-0.541593	-61.297123	92.508308	9.908341
-61.297123	92.508308	9.908341	0.058407	181.450104	151.547180	26.005339
181.450104	151.547180	26.005339	-1.341593	182.189484	153.842743	20.204985
75.427589	218.789108	24.823788	-0.741593	64.983681	218.789108	9.908341
64.983681	218.789108	9.908341	-0.741593	64.983681	218.789108	9.908341
64.983681	218.789108	9.908341	-0.741593	1.801101	201.859390	9.908341
1.801101	201.859390	9.908341	-0.541593	-61.297123	92.508308	9.908341
-61.297123	92.508308	9.908341	0.058407	181.450104	151.547180	26.005339
181.450104	151.547180	26.005339	-1.341593	182.189484	153.842743	20.204985
75.427589	218.789108	24.823788	-0.741593	64.983681	218.789108	9.908341
64.983681	218.789108	9.908341	-0.741593	64.983681	218.789108	9.908341
64.983681	218.789108	9.908341	-0.741593	1.801101	201.859390	9.908341
1.801101	201.859390	9.908341	-0.541593	-61.297123	92.508308	9.908341
-61.297123	92.508308	9.908341	0.058407	181.450104	151.547180	26.005339
181.450104	151.547180	26.005339	-1.341593	182.189484	153.842743	20.204985
75.427589	218.789108	24.823788	-0.741593	64.983681	218.789108	9.908341
64.983681	218.789108	9.908341	-0.741593	64.983681	218.789108	9.908341
64.983681	218.789108	9.908341	-0.741593	1.801101	201.859390	9.908341
1.801101	201.859390	9.908341	-0.541593	-61.297123	92.508308	9.908341
-61.297123	92.508308	9.908341	0.058407	181.450104	151.547180	26.005339
181.450104	151.547180	26.005339	-1.341593	182.189484	153.842743	20.204985
75.427589	218.789108	24.823788	-0.741593	64.983681	218.789108	9.908341
64.983681	218.789108	9.908341	-0.741593	64.983681	218.789108	9.908341
64.983681	218.789108	9.908341	-0.741593	1.801101	201.859390	9.908341
1.801101	201.859390	9.908341	-0.541593	-61.297123	92.508308	9.908341
-61.297123	92.508308	9.908341	0.058407	181.450104	151.547180	26.005339
181.450104	151.547180	26.005339	-1.341593	182.189484	153.842743	20.204985
