250.935242	38.271347	45.139885	3.058407	139.350128	90.042931	45.139885
139.350128	90.042931	45.139885	3.058407	94.897331	-146.164078	27.164705
94.897331	-146.164078	27.164705	3.058407	218.276505	-137.922333	35.594517
218.276505	-137.922333	35.594517	3.058407	272.828522	-43.435463	45.139885
272.828522	-43.435463	45.139885	3.058407	272.828522	-43.435463	45.139885
272.828522	-43.435463	45.139885	3.058407	272.828522	-43.435463	45.139885
272.828522	-43.435463	45.139885	3.058407	32.722652	81.082031	-16.483002
250.935242	38.271347	45.139885	3.058407	139.350128	90.042931	45.139885
139.350128	90.042931	45.139885	3.058407	94.897331	-146.164078	27.164705
94.897331	-146.164078	27.164705	3.058407	218.276505	-137.922333	35.594517
218.276505	-137.922333	35.594517	3.058407	272.828522	-43.435463	45.139885
272.828522	-43.435463	45.139885	3.058407	272.828522	-43.435463	45.139885
272.828522	-43.435463	45.139885	3.058407	272.828522	-43.435463	45.139885
272.828522	-43.435463	45.139885	3.058407	32.722652	81.082031	-16.483002
250.935242	38.271347	45.139885	3.058407	139.350128	90.042931	45.139885
139.350128	90.042931	45.139885	3.058407	94.897331	-146.164078	27.164705
94.897331	-146.164078	27.164705	3.058407	218.276505	-137.922333	35.594517
218.276505	-137.922333	35.594517	3.058407	272.828522	-43.435463	45.139885
272.828522	-43.435463	45.139885	3.058407	272.828522	-43.435463	45.139885
272.828522	-43.435463	45.139885	3.058407	272.828522	-43.435463	45.139885
272.828522	-43.435463	45.139885	3.058407	32.722652	81.082031	-16.483002
250.935242	38.271347	45.139885	3.058407	139.350128	90.042931	45.139885
139.350128	90.042931	45.139885	3.058407	94.897331	-146.164078	27.164705
94.897331	-146.164078	27.164705	3.058407	218.276505	-137.922333	35.594517
218.276505	-137.922333	35.594517	3.058407	272.828522	-43.435463	45.139885
272.828522	-43.435463	45.139885	3.058407	272.828522	-43.435463	45.139885
272.828522	-43.435463	45.139885	3.058407	272.828522	-43.435463	45.139885
272.828522	-43.435463	45.139885	3.058407	32.722652	81.082031	-16.483002
250.935242	38.271347	45.139885	3.058407	139.350128	90.042931	45.139885
139.350128	90.042931	45.139885	3.058407	94.897331	-146.164078	27.164705
94.897331	-146.164078	27.164705	3.058407	218.276505	-137.922333	35.594517
218.276505	-137.922333	35.594517	3.058407	272.828522	-43.435463	45.139885
272.828522	-43.435463	45.139885	3.058407	272.828522	-43.435463	45.139885
272.828522	-43.435463	45.139885	3.058407	272.828522	-43.435463	45.139885
272.828522	-43.435463	45.139885	3.058407	32.722652	81.082031	-16.483002
250.935242	38.271347	45.139885	3.058407	139.350128	90.042931	45.139885
139.350128	90.042931	45.139885	3.058407	94.897331	-146.164078	27.164705
94.897331	-146.164078	27.164705	3.058407	218.276505	-137.922333	35.594517
218.276505	-137.922333	35.594517	3.058407	272.828522	-43.435463	45.139885
272.828522	-43.435463	45.139885	3.058407	272.828522	-43.435463	45.139885
272.828522	-43.435463	45.139885	3.058407	272.828522	-43.435463	45.139885
272.828522	-43.435463	45.139885	3.058407	32.722652	81.082031	-16.483002
250.935242	38.271347	45.139885	3.058407	139.350128	90.042931	45.139885
139.350128	90.042931	45.139885	3.058407	94.897331	-146.164078	27.164705
94.897331	-146.164078	27.164705	3.058407	218.276505	-137.922333	35.594517
218.276505	-137.922333	35.594517	3.058407	272.828522	-43.435463	45.139885
272.828522	-43.435463	45.139885	3.058407	272.828522	-43.435463	45.139885
272.828522	-43.435463	45.139885	3.058407	272.828522	-43.435463	45.139885
272.828522	-43.435463	45.139885	3.058407	32.722652	81.082031	-16.483002
250.935242	38.271347	45.139885	3.058407	139.350128	90.042931	45.139885
139.350128	90.042931	45.139885	3.058407	94.897331	-146.164078	27.164705
94.897331	-146.164078	27.164705	3.058407	218.276505	-137.922333	35.594517
218.276505	-137.922333	35.594517	3.058407	272.828522	-43.435463	45.139885
272.828522	-43.435463	45.139885	3.058407	272.828522	-43.435463	45.139885
272.828522	-43.435463	45.139885	3.058407	272.828522	-43.435463	45.139885
272.828522	-43.435463	45.139885	3.058407	32.722652	81.082031	-16.483002
250.935242	38.271347	45.139885	3.058407	139.350128	90.042931	45.139885
139.350128	90.042931	45.139885	3.058407	94.897331	-146.164078	27.164705
94.897331	-146.164078	27.164705	3.058407	218.276505	-137.922333	35.594517
218.276505	-137.922333	35.594517	3.058407	272.828522	-43.435463	45.139885
272.828522	-43.435463	45.139885	3.058407	272.828522	-43.435463	45.139885
272.828522	-43.435463	45.139885	3.058407	272.828522	-43.435463	45.139885
272.828522	-43.435463	45.139885	3.058407	32.722652	81.082031	-16.483002
250.935242	38.271347	45.139885	3.058407	139.350128	90.042931	45.139885
139.350128	90.042931	45.139885	3.058407	94.897331	-146.164078	27.164705
94.897331	-146.164078	27.164705	3.058407	218.276505	-137.922333	35.594517
218.276505	-137.922333	35.594517	3.058407	272.828522	-43.435463	45.139885
272.828522	-43.435463	45.139885	3.058407	272.828522	-43.435463	45.139885
272.828522	-43.435463	45.139885	3.058407	272.828522	-43.435463	45.139885
272.828522	-43.435463	45.139885	3.058407	32.722652	81.082031	-16.483002
250.935242	38.271347	45.139885	3.058407	139.350128	90.042931	45.139885
139.350128	90.042931	45.139885	3.058407	94.897331	-146.164078	27.164705
94.897331	-146.164078	27.164705	3.058407	218.276505	-137.922333	35.594517
218.276505	-137.922333	35.594517	3.058407	272.828522	-43.435463	45.139885
272.828522	-43.435463	45.139885	3.058407	272.828522	-43.435463	45.139885
272.828522	-43.435463	45.139885	3.058407	272.828522	-43.435463	45.139885
272.828522	-43.435463	45.139885	3.058407	32.722652	81.082031	-16.483002
250.935242	38.271347	45.139885	3.058407	139.350128	90.042931	45.139885
139.350128	90.042931	45.139885	3.058407	94.897331	-146.164078	27.164705
94.897331	-146.164078	27.164705	3.058407	218.276505	-137.922333	35.594517
218.276505	-137.922333	35.594517	3.058407	272.828522	-43.435463	45.139885
272.828522	-43.435463	45.139885	3.058407	272.828522	-43.435463	45.139885
272.828522	-43.435463	45.139885	3.058407	272.828522	-43.435463	45.139885
272.828522	-43.435463	45.139885	3.058407	32.722652	81.082031	-16.483002
250.935242	38.271347	45.139885	3.058407	139.350128	90.042931	45.139885
139.350128	90.042931	45.139885	3.058407	94.897331	-146.164078	27.164705
94.897331	-146.164078	27.164705	3.058407	218.276505	-137.922333	35.594517
218.276505	-137.922333	35.594517	3.058407	272.828522	-43.435463	45.139885
272.828522	-43.435463	45.139885	3.058407	272.828522	-43.435463	45.139885
272.828522	-43.435463	45.139885	3.058407	272.828522	-43.435463	45.139885
272.828522	-43.435463	45.139885	3.058407	32.722652	81.082031	-16.483002
250.935242	38.271347	45.139885	3.058407	139.350128	90.042931	45.139885
139.350128	90.042931	45.139885	3.058407	94.897331	-146.164078	27.164705
94.897331	-146.164078	27.164705	3.058407	218.276505	-137.922333	35.594517
218.276505	-137.922333	35.594517	3.058407	272.828522	-43.435463	45.139885
272.828522	-43.435463	45.139885	3.058407	272.828522	-43.435463	45.139885
272.828522	-43.435463	45.139885	3.058407	272.828522	-43.435463	45.139885
272.828522	-43.435463	45.139885	3.058407	32.722652	81.082031	-16.483002
250.935242	38.271347	45.139885	3.058407	139.350128	90.042931	45.139885
139.350128	90.042931	45.139885	3.058407	94.897331	-146.164078	27.164705
94.897331	-146.164078	27.164705	3.058407	218.276505	-137.922333	35.594517
218.276505	-137.922333	35.594517	3.058407	272.828522	-43.435463	45.139885
272.828522	-43.435463	45.139885	3.058407	272.828522	-43.435463	45.139885
272.828522	-43.435463	45.139885	3.058407	272.828522	-43.435463	45.139885
272.828522	-43.435463	45.139885	3.058407	32.722652	81.082031	-16.483002
250.935242	38.271347	45.139885	3.058407	139.350128	90.042931	45.139885
139.350128	90.042931	45.139885	3.058407	94.897331	-146.164078	27.164705
94.897331	-146.164078	27.164705	3.058407	218.276505	-137.922333	35.594517
218.276505	-137.922333	35.594517	3.058407	272.828522	-43.435463	45.139885
272.828522	-43.435463	45.139885	3.058407	272.828522	-43.435463	45.139885
272.828522	-43.435463	45.139885	3.058407	272.828522	-43.435463	45.139885
272.828522	-43.435463	45.139885	3.058407	32.722652	81.082031	-16.483002
250.935242	38.271347	45.139885	3.058407	139.350128	90.042931	45.139885
139.350128	90.042931	45.139885	3.058407	94.897331	-146.164078	27.164705
94.897331	-146.164078	27.164705	3.058407	218.276505	-137.922333	35.594517
218.276505	-137.922333	35.594517	3.058407	272.828522	-43.435463	45.139885
272.828522	-43.435463	45.139885	3.058407	272.828522	-43.435463	45.139885
272.828522	-43.435463	45.139885	3.058407	272.828522	-43.435463	45.139885
272.828522	-43.435463	45.139885	3.058407	32.722652	81.082031	-16.483002
250.935242	38.271347	45.139885	3.058407	139.350128	90.042931	45.139885
139.350128	90.042931	45.139885	3.058407	94.897331	-146.164078	27.164705
94.897331	-146.164078	27.164705	3.058407	218.276505	-137.922333	35.594517
218.276505	-137.922333	35.594517	3.058407	272.828522	-43.435463	45.139885
272.828522	-43.435463	45.139885	3.058407	272.828522	-43.435463	45.139885
272.828522	-43.435463	45.139885	3.058407	272.828522	-43.435463	45.139885
272.828522	-43.435463	45.139885	3.058407	32.722652	81.082031	-16.483002
250.935242	38.271347	45.139885	3.058407	139.350128	90.042931	45.139885
139.350128	90.042931	45.139885	3.058407	94.897331	-146.164078	27.164705
94.897331	-146.164078	27.164705	3.058407	218.276505	-137.922333	35.594517
218.276505	-137.922333	35.594517	3.058407	272.828522	-43.435463	45.139885
272.828522	-43.435463	45.139885	3.058407	272.828522	-43.435463	45.139885
272.828522	-43.435463	45.139885	3.058407	272.828522	-43.435463	45.139885
272.828522	-43.435463	45.139885	3.058407	32.722652	81.082031	-16.483002
250.935242	38.271347	45.139885	3.058407	139.350128	90.042931	45.139885
139.350128	90.042931	45.139885	3.058407	94.897331	-146.164078	27.164705
94.897331	-146.164078	27.164705	3.058407	218.276505	-137.922333	35.594517
218.276505	-137.922333	35.594517	3.058407	272.828522	-43.435463	45.139885
272.828522	-43.435463	45.139885	3.058407	272.828522	-43.435463	45.139885
272.828522	-43.435463	45.139885	3.058407	272.828522	-43.435463	45.139885
272.828522	-43.435463	45.139885	3.058407	32.722652	81.082031	-16.483002
