193.503998	-62.449154	-85.622833	0.000000	0.000000	2.858407
185.176514	-155.001694	-118.881027	0.000000	0.000000	2.258407
107.522240	-218.930298	-134.885376	0.000000	0.000000	1.858407
57.180611	-228.200256	-120.553642	0.000000	0.000000	2.058407
17.754435	-220.249405	-87.646927	0.000000	0.000000	2.058407
-20.366968	-182.129898	-47.791157	0.000000	0.000000	1.858407
-27.154568	-118.082169	-13.588236	0.000000	0.000000	1.658407
4.825348	-40.937763	-8.265586	0.000000	0.000000	0.000000
193.503998	-62.449154	-85.622833	0.000000	0.000000	2.858407
185.176514	-155.001694	-118.881027	0.000000	0.000000	2.258407
107.522240	-218.930298	-134.885376	0.000000	0.000000	1.858407
57.180611	-228.200256	-120.553642	0.000000	0.000000	2.058407
17.754435	-220.249405	-87.646927	0.000000	0.000000	2.058407
-20.366968	-182.129898	-47.791157	0.000000	0.000000	1.858407
-27.154568	-118.082169	-13.588236	0.000000	0.000000	1.658407
4.825348	-40.937763	-8.265586	0.000000	0.000000	0.000000
193.503998	-62.449154	-85.622833	0.000000	0.000000	2.858407
185.176514	-155.001694	-118.881027	0.000000	0.000000	2.258407
107.522240	-218.930298	-134.885376	0.000000	0.000000	1.858407
57.180611	-228.200256	-120.553642	0.000000	0.000000	2.058407
17.754435	-220.249405	-87.646927	0.000000	0.000000	2.058407
-20.366968	-182.129898	-47.791157	0.000000	0.000000	1.858407
-27.154568	-118.082169	-13.588236	0.000000	0.000000	1.658407
4.825348	-40.937763	-8.265586	0.000000	0.000000	0.000000
193.503998	-62.449154	-85.622833	0.000000	0.000000	2.858407
185.176514	-155.001694	-118.881027	0.000000	0.000000	2.258407
107.522240	-218.930298	-134.885376	0.000000	0.000000	1.858407
57.180611	-228.200256	-120.553642	0.000000	0.000000	2.058407
17.754435	-220.249405	-87.646927	0.000000	0.000000	2.058407
-20.366968	-182.129898	-47.791157	0.000000	0.000000	1.858407
-27.154568	-118.082169	-13.588236	0.000000	0.000000	1.658407
4.825348	-40.937763	-8.265586	0.000000	0.000000	0.000000
193.503998	-62.449154	-85.622833	0.000000	0.000000	2.858407
185.176514	-155.001694	-118.881027	0.000000	0.000000	2.258407
107.522240	-218.930298	-134.885376	0.000000	0.000000	1.858407
57.180611	-228.200256	-120.553642	0.000000	0.000000	2.058407
17.754435	-220.249405	-87.646927	0.000000	0.000000	2.058407
-20.366968	-182.129898	-47.791157	0.000000	0.000000	1.858407
-27.154568	-118.082169	-13.588236	0.000000	0.000000	1.658407
4.825348	-40.937763	-8.265586	0.000000	0.000000	0.000000
193.503998	-62.449154	-85.622833	0.000000	0.000000	2.858407
185.176514	-155.001694	-118.881027	0.000000	0.000000	2.258407
107.522240	-218.930298	-134.885376	0.000000	0.000000	1.858407
57.180611	-228.200256	-120.553642	0.000000	0.000000	2.058407
17.754435	-220.249405	-87.646927	0.000000	0.000000	2.058407
-20.366968	-182.129898	-47.791157	0.000000	0.000000	1.858407
-27.154568	-118.082169	-13.588236	0.000000	0.000000	1.658407
4.825348	-40.937763	-8.265586	0.000000	0.000000	0.000000
193.503998	-62.449154	-85.622833	0.000000	0.000000	2.858407
185.176514	-155.001694	-118.881027	0.000000	0.000000	2.258407
107.522240	-218.930298	-134.885376	0.000000	0.000000	1.858407
57.180611	-228.200256	-120.553642	0.000000	0.000000	2.058407
17.754435	-220.249405	-87.646927	0.000000	0.000000	2.058407
-20.366968	-182.129898	-47.791157	0.000000	0.000000	1.858407
-27.154568	-118.082169	-13.588236	0.000000	0.000000	1.658407
4.825348	-40.937763	-8.265586	0.000000	0.000000	0.000000
193.503998	-62.449154	-85.622833	0.000000	0.000000	2.858407
185.176514	-155.001694	-118.881027	0.000000	0.000000	2.258407
107.522240	-218.930298	-134.885376	0.000000	0.000000	1.858407
57.180611	-228.200256	-120.553642	0.000000	0.000000	2.058407
17.754435	-220.249405	-87.646927	0.000000	0.000000	2.058407
-20.366968	-182.129898	-47.791157	0.000000	0.000000	1.858407
-27.154568	-118.082169	-13.588236	0.000000	0.000000	1.658407
4.825348	-40.937763	-8.265586	0.000000	0.000000	0.000000
193.503998	-62.449154	-85.622833	0.000000	0.000000	2.858407
185.176514	-155.001694	-118.881027	0.000000	0.000000	2.258407
107.522240	-218.930298	-134.885376	0.000000	0.000000	1.858407
57.180611	-228.200256	-120.553642	0.000000	0.000000	2.058407
17.754435	-220.249405	-87.646927	0.000000	0.000000	2.058407
-20.366968	-182.129898	-47.791157	0.000000	0.000000	1.858407
-27.154568	-118.082169	-13.588236	0.000000	0.000000	1.658407
4.825348	-40.937763	-8.265586	0.000000	0.000000	0.000000
193.503998	-62.449154	-85.622833	0.000000	0.000000	2.858407
185.176514	-155.001694	-118.881027	0.000000	0.000000	2.258407
107.522240	-218.930298	-134.885376	0.000000	0.000000	1.858407
57.180611	-228.200256	-120.553642	0.000000	0.000000	2.058407
17.754435	-220.249405	-87.646927	0.000000	0.000000	2.058407
-20.366968	-182.129898	-47.791157	0.000000	0.000000	1.858407
-27.154568	-118.082169	-13.588236	0.000000	0.000000	1.658407
4.825348	-40.937763	-8.265586	0.000000	0.000000	0.000000
193.503998	-62.449154	-85.622833	0.000000	0.000000	2.858407
185.176514	-155.001694	-118.881027	0.000000	0.000000	2.258407
107.522240	-218.930298	-134.885376	0.000000	0.000000	1.858407
57.180611	-228.200256	-120.553642	0.000000	0.000000	2.058407
17.754435	-220.249405	-87.646927	0.000000	0.000000	2.058407
-20.366968	-182.129898	-47.791157	0.000000	0.000000	1.858407
-27.154568	-118.082169	-13.588236	0.000000	0.000000	1.658407
4.825348	-40.937763	-8.265586	0.000000	0.000000	0.000000
193.503998	-62.449154	-85.622833	0.000000	0.000000	2.858407
185.176514	-155.001694	-118.881027	0.000000	0.000000	2.258407
107.522240	-218.930298	-134.885376	0.000000	0.000000	1.858407
57.180611	-228.200256	-120.553642	0.000000	0.000000	2.058407
17.754435	-220.249405	-87.646927	0.000000	0.000000	2.058407
-20.366968	-182.129898	-47.791157	0.000000	0.000000	1.858407
-27.154568	-118.082169	-13.588236	0.000000	0.000000	1.658407
4.825348	-40.937763	-8.265586	0.000000	0.000000	0.000000
193.503998	-62.449154	-85.622833	0.000000	0.000000	2.858407
185.176514	-155.001694	-118.881027	0.000000	0.000000	2.258407
107.522240	-218.930298	-134.885376	0.000000	0.000000	1.858407
57.180611	-228.200256	-120.553642	0.000000	0.000000	2.058407
17.754435	-220.249405	-87.646927	0.000000	0.000000	2.058407
-20.366968	-182.129898	-47.791157	0.000000	0.000000	1.858407
-27.154568	-118.082169	-13.588236	0.000000	0.000000	1.658407
4.825348	-40.937763	-8.265586	0.000000	0.000000	0.000000
193.503998	-62.449154	-85.622833	0.000000	0.000000	2.858407
185.176514	-155.001694	-118.881027	0.000000	0.000000	2.258407
107.522240	-218.930298	-134.885376	0.000000	0.000000	1.858407
57.180611	-228.200256	-120.553642	0.000000	0.000000	2.058407
17.754435	-220.249405	-87.646927	0.000000	0.000000	2.058407
-20.366968	-182.129898	-47.791157	0.000000	0.000000	1.858407
-27.154568	-118.082169	-13.588236	0.000000	0.000000	1.658407
4.825348	-40.937763	-8.265586	0.000000	0.000000	0.000000
193.503998	-62.449154	-85.622833	0.000000	0.000000	2.858407
185.176514	-155.001694	-118.881027	0.000000	0.000000	2.258407
107.522240	-218.930298	-134.885376	0.000000	0.000000	1.858407
57.180611	-228.200256	-120.553642	0.000000	0.000000	2.058407
17.754435	-220.249405	-87.646927	0.000000	0.000000	2.058407
-20.366968	-182.129898	-47.791157	0.000000	0.000000	1.858407
-27.154568	-118.082169	-13.588236	0.000000	0.000000	1.658407
4.825348	-40.937763	-8.265586	0.000000	0.000000	0.000000
193.503998	-62.449154	-85.622833	0.000000	0.000000	2.858407
185.176514	-155.001694	-118.881027	0.000000	0.000000	2.258407
107.522240	-218.930298	-134.885376	0.000000	0.000000	1.858407
57.180611	-228.200256	-120.553642	0.000000	0.000000	2.058407
17.754435	-220.249405	-87.646927	0.000000	0.000000	2.058407
-20.366968	-182.129898	-47.791157	0.000000	0.000000	1.858407
-27.154568	-118.082169	-13.588236	0.000000	0.000000	1.658407
4.825348	-40.937763	-8.265586	0.000000	0.000000	0.000000
193.503998	-62.449154	-85.622833	0.000000	0.000000	2.858407
185.176514	-155.001694	-118.881027	0.000000	0.000000	2.258407
107.522240	-218.930298	-134.885376	0.000000	0.000000	1.858407
57.180611	-228.200256	-120.553642	0.000000	0.000000	2.058407
17.754435	-220.249405	-87.646927	0.000000	0.000000	2.058407
-20.366968	-182.129898	-47.791157	0.000000	0.000000	1.858407
-27.154568	-118.082169	-13.588236	0.000000	0.000000	1.658407
4.825348	-40.937763	-8.265586	0.000000	0.000000	0.000000
193.503998	-62.449154	-85.622833	0.000000	0.000000	2.858407
185.176514	-155.001694	-118.881027	0.000000	0.000000	2.258407
107.522240	-218.930298	-134.885376	0.000000	0.000000	1.858407
57.180611	-228.200256	-120.553642	0.000000	0.000000	2.058407
17.754435	-220.249405	-87.646927	0.000000	0.000000	2.058407
-20.366968	-182.129898	-47.791157	0.000000	0.000000	1.858407
-27.154568	-118.082169	-13.588236	0.000000	0.000000	1.658407
4.825348	-40.937763	-8.265586	0.000000	0.000000	0.000000
193.503998	-62.449154	-85.622833	0.000000	0.000000	2.858407
185.176514	-155.001694	-118.881027	0.000000	0.000000	2.258407
107.522240	-218.930298	-134.885376	0.000000	0.000000	1.858407
57.180611	-228.200256	-120.553642	0.000000	0.000000	2.058407
17.754435	-220.249405	-87.646927	0.000000	0.000000	2.058407
-20.366968	-182.129898	-47.791157	0.000000	0.000000	1.858407
-27.154568	-118.082169	-13.588236	0.000000	0.000000	1.658407
4.825348	-40.937763	-8.265586	0.000000	0.000000	0.000000
193.503998	-62.449154	-85.622833	0.000000	0.000000	2.858407
185.176514	-155.001694	-118.881027	0.000000	0.000000	2.258407
107.522240	-218.930298	-134.885376	0.000000	0.000000	1.858407
57.180611	-228.200256	-120.553642	0.000000	0.000000	2.058407
17.754435	-220.249405	-87.646927	0.000000	0.000000	2.058407
-20.366968	-182.129898	-47.791157	0.000000	0.000000	1.858407
-27.154568	-118.082169	-13.588236	0.000000	0.000000	1.658407
4.825348	-40.937763	-8.265586	0.000000	0.000000	0.000000
