12.162076	-2.949475	-8.849122	0	0	-0.99500417	0.099833397
12.160143	-3.013561	-8.839273	0	0	-0.95533648	0.29552023
12.170757	-2.801413	-8.869676	0	0	-0.87758258	0.4794255
12.463140	-2.286344	-8.804234	0	0	0	1
11.539186	-2.640744	-9.226770	0	0	-0.95533648	0.29552023
12.193858	-2.158127	-8.966606	0	0	0.90407214	0.42737988
12.314382	-2.123601	-8.909506	0	0	0	1
11.756413	-1.734487	-9.283388	0	0	0.90407214	0.42737988
11.811483	-1.597111	-9.261378	0	0	-0.87758258	0.4794255
12.178226	-1.287317	-9.122318	0	0	0	1
12.057928	-0.738653	-9.278113	0	0	-0.82533563	0.56464246
12.262409	-0.026366	-9.292000	0	0	0.90407214	0.42737988
14.141283	-0.513796	-8.228069	0	0	-0.82533563	0.56464246
11.546825	-6.376151	-9.206772	0	0	-0.98006658	0.19866933
11.400442	-6.382374	-9.135646	0	0	-0.98006658	0.19866933
11.789495	-6.442192	-8.451928	0	0	-0.99500417	0.099833397
11.794374	-6.442418	-8.449342	0	-0	-1	-4.371139e-08
11.782417	-6.441863	-8.455681	0	0	-0.98006658	0.19866933
11.737121	-6.439762	-8.479695	0	0	-0.98006658	0.19866933
11.853385	-6.445155	-8.418056	0	0	0	1
11.629129	-6.434753	-8.536948	0	0	-0.98006658	0.19866933
12.018687	-6.452822	-8.330420	0	-0	-1	-4.371139e-08
11.312090	-6.385852	-9.095893	0	0	0.97095818	0.23924928
11.503557	-6.428929	-8.603521	0	0	-0.95533648	0.29552023
11.258942	-6.386817	-9.084867	0	0	0.97095818	0.23924928
12.434624	0.573521	-9.303695	0	0	-0.82533563	0.56464246
11.189463	-6.388013	-9.071187	0	0	-0.98006658	0.19866933
11.154709	-6.412748	-8.788468	0	0	-0.92106097	0.38941839
11.136901	-6.411922	-8.797909	0	0	0	1
11.084677	-6.394737	-8.994337	0	0	0.97095818	0.23924928
11.128282	-6.349558	-9.510736	0	0	0.98999249	0.14112005
10.907628	-6.378974	-9.174504	0	0	-0.98006658	0.19866933
10.438557	-6.379530	-9.168145	0	0	0	1
13.500414	-6.521549	-7.544863	0	0	-0.98006658	0.19866933
10.187482	-1.266608	-11.982371	0	0	0	1
12.602809	1.159373	-9.315116	0	0	-0.82533563	0.56464246
14.377394	-6.562226	-7.079922	0	0	0.85688874	0.51550139
10.392957	-6.163588	-11.636382	0	0	-0.95533648	0.29552023
10.250300	-6.168516	-11.580055	0	0	-0.95533648	0.29552023
12.747236	1.662470	-9.324924	0	0	0	1
10.603988	-6.136496	-11.946040	0	0	0.94222235	0.33498812
10.362212	-6.139869	-11.907495	0	0	-0.98006658	0.19866933
9.057180	-3.872792	-12.535034	0	0	0	1
11.151822	-7.771874	-9.170870	0	0	-0.92106097	0.38941839
10.947047	-6.091299	-12.462650	0	0	-0.98006658	0.19866933
10.782879	-6.092689	-12.446764	0	0	0.99913515	0.041580682
10.118343	-7.494954	-9.146400	0	0	-0.92106097	0.38941839
12.481278	1.935426	-9.874009	0	0	0	1
12.372956	1.906401	-10.031353	0	0	0	1
12.570851	1.959427	-9.743900	0	0	0	1
11.120010	1.095372	-11.626567	0	0	-0.82533563	0.56464246
12.214029	1.863817	-10.262203	0	0	0.99913515	0.041580682
12.664666	1.984565	-9.607631	0	0	-0.82533563	0.56464246
12.753268	2.008306	-9.478931	0	0	-0.82533563	0.56464246
12.827249	2.028128	-9.371471	0	0	0.94222235	0.33498812
12.854289	2.035374	-9.332193	0	0	0.98999249	0.14112005
12.854289	2.035374	-9.332193	0	0	0.94222235	0.33498812
12.854289	2.035374	-9.332193	0	-0	-1	-4.371139e-08
12.854289	2.035374	-9.332193	0	0	-0.82533563	0.56464246
11.934785	-7.981668	-8.115199	0	0	0	1
10.702784	-6.079336	-12.599381	0	0	-0.98006658	0.19866933
10.184112	-6.096527	-12.402889	0	0	0.85688874	0.51550139
11.096348	1.195646	-11.711351	0	0	0	1
10.588368	-6.076653	-12.630053	0	0	0.98999249	0.14112005
12.915864	2.249862	-9.336374	0	0	0	1
10.987556	1.285229	-11.925522	0	0	-0.82533563	0.56464246
13.724422	2.268525	-8.917224	0	0	0.94222235	0.33498812
11.182590	1.587443	-11.760421	0	0	0	1
15.238362	1.508828	-7.997767	0	0	0.94222235	0.33498812
11.379485	1.779501	-11.540289	0	0	0	1
11.144891	1.577342	-11.815181	0	0	0.94222235	0.33498812
11.020466	1.544003	-11.995914	0	0	-0.82533563	0.56464246
11.405613	1.934684	-11.572409	0	0	0.94222235	0.33498812
15.847792	-6.630428	-6.300372	0	0	0	1
10.778705	1.479223	-12.347084	0	0	0	1
12.854201	2.914241	-9.747916	0	0	0	1
8.486791	-6.098224	-12.383499	0	0	0	1
10.528147	1.412086	-12.711033	0	0	-0.82533563	0.56464246
14.708559	2.532224	-8.447886	0	0	-0.99500417	0.099833397
15.070501	2.629206	-8.275274	0	0	0.94222235	0.33498812
11.136791	2.407790	-12.220661	0	0	-0.82533563	0.56464246
13.276634	3.506559	-9.360873	0	0	-0.76484218	0.64421769
9.947385	1.256471	-13.554619	0	0	-0.82533563	0.56464246
11.452547	2.950163	-11.978470	0	0	0	1
14.990349	-8.800404	-6.380544	0	0	-0.92106097	0.38941839
9.701105	1.190481	-13.912353	0	0	0.97095818	0.23924928
11.388879	3.212238	-12.202944	0	0	0	1
18.379871	-6.240103	-10.761808	0	0	-0.92106097	0.38941839
13.552484	4.467447	-9.379606	0	0	0	1
16.411888	-8.836577	-5.631940	0	0	0.97095818	0.23924928
16.774071	-9.278351	-5.367918	0	0	-0.92106097	0.38941839
16.989571	-9.336094	-5.245577	0	0	0	1
17.997477	3.413487	-6.879391	0	0	0	1
13.941786	-12.533802	-6.295638	0	0	-0.95533648	0.29552023
10.388462	-13.487337	-7.989987	0	0	0.73739371	0.67546319
8.585734	3.587059	-16.807062	0	0	-0.92106097	0.38941839
14.336416	2.432509	-18.165464	0	0	-0.87758258	0.4794255
7.503998	1.718924	-17.632023	0	0	0	1
5.145059	-5.616581	-17.888695	0	0	0	1
6.888916	-14.683475	-10.847297	0	0	0.99913515	0.041580682
6.824419	-14.633564	-10.972754	0	0	0.98999249	0.14112005
7.090544	-14.839507	-10.455093	0	0	0.98999249	0.14112005
7.144436	-14.881212	-10.350263	0	0	0.98999249	0.14112005
7.237885	-14.953528	-10.168488	0	0	-0.99500417	0.099833397
7.260742	-14.971216	-10.124027	0	0	0.98999249	0.14112005
7.266011	-14.975294	-10.113777	0	0	0	1
6.496706	-14.379961	-11.610216	0	0	0.98999249	0.14112005
6.478930	-14.366203	-11.644795	0	0	0.97095818	0.23924928
7.360281	-15.048246	-9.930404	0	0	0.98999249	0.14112005
6.387314	-14.295306	-11.823005	0	0	0.99913515	0.041580682
6.324537	-14.246726	-11.945117	0	0	0.97095818	0.23924928
7.483956	-15.143952	-9.689835	0	0	0.98999249	0.14112005
6.260868	-14.197454	-12.068966	0	0	0	1
6.204543	-14.153868	-12.178527	0	0	0	1
6.139262	-14.103349	-12.305511	0	0	0	1
7.712463	-15.320786	-9.245345	0	0	-0.99500417	0.099833397
6.745119	2.856264	-19.368294	0	0	0.98999249	0.14112005
5.980031	-13.980126	-12.615245	0	0	0	1
7.842772	-15.421626	-8.991870	0	0	0	1
5.864435	-13.890672	-12.840100	0	0	0.97095818	0.23924928
8.913909	-16.108320	-8.316061	0	0	0.66627604	0.74570519
5.162588	-13.347541	-14.205321	0	0	0.99913515	0.041580682
5.127565	-13.320438	-14.273446	0	0	-0.99500417	0.099833397
5.124836	-13.318326	-14.278756	0	0	0.94222235	0.33498812
5.105864	-13.303645	-14.315660	0	0	0.99913515	0.041580682
5.076800	-13.281153	-14.372195	0	0	0.99913515	0.041580682
5.075384	-13.280057	-14.374950	0	0	0.99913515	0.041580682
4.964895	-13.194554	-14.589871	0	0	0	1
15.145154	-15.903126	-5.096227	0	0	-0.98006658	0.19866933
4.792779	-13.061361	-14.924667	0	0	0.99913515	0.041580682
4.724571	-13.008577	-15.057345	0	0	0	1
4.662151	-12.960274	-15.178763	0	0	0.98999249	0.14112005
4.084075	-12.512924	-16.303226	0	0	0	1
7.437943	-16.831799	-8.964379	0	0	0	1
11.131097	-17.529734	-6.917176	0	0	-0.98006658	0.19866933
8.575364	-17.387348	-9.170870	0	0	-0.99500417	0.099833397
11.417764	-17.713512	-6.736310	0	0	0	1
22.156239	-10.720498	-18.165464	0	0	0.85688874	0.51550139
2.974114	-11.653971	-18.462305	0	0	0	1
25.017452	-5.616581	-17.888695	0	0	0.90407214	0.42737988
6.971940	-18.455063	-8.932734	0	0	0	1
13.408597	-18.989813	-5.480239	0	0	0	1
11.222476	-16.416164	-18.462305	0	0	0.73739371	0.67546319
21.940292	10.202559	-5.970362	0	0	-0.99500417	0.099833397
26.909540	5.801467	-7.821087	0	0	-0.98006658	0.19866933
13.800129	-19.867046	-5.127105	0	0	-0.98006658	0.19866933
9.051171	10.608469	-19.392187	0	0	0	1
29.928980	-5.467236	-7.821087	0	0	0.85688874	0.51550139
29.928980	-6.489558	-7.910529	0	0	0.85688874	0.51550139
9.170340	12.371519	-20.037674	0	-0	-1	-4.371139e-08
9.163979	12.365158	-20.044710	0	0	0.99913515	0.041580682
9.158646	12.359825	-20.050611	0	0	-0.95533648	0.29552023
9.287738	12.488918	-19.907785	0	0	0	1
9.079192	12.280373	-20.138517	0	0	0	1
9.372376	12.573557	-19.814140	0	0	0	1
9.486258	12.687438	-19.688145	0	0	-0.98006658	0.19866933
9.509405	12.710586	-19.662535	0	-0	-1	-4.371139e-08
9.531471	12.732652	-19.638121	0	0	-0.98006658	0.19866933
8.808049	12.009230	-20.438507	0	0	0	1
9.601416	12.802596	-19.560734	0	0	0	1
8.733455	11.934635	-20.521038	0	0	0	1
9.706156	12.907336	-19.444851	0	0	-0.92106097	0.38941839
9.721648	12.922829	-19.427710	0	0	0	1
9.729095	12.930275	-19.419472	0	0	0	1
9.750840	12.952021	-19.395412	0	0	0	1
9.757648	12.958828	-19.387882	0	0	0.99913515	0.041580682
9.812197	13.013377	-19.327528	0	0	0	1
9.924102	13.125282	-19.203718	0	0	0	1
9.967439	13.168619	-19.155771	0	0	0	1
10.015630	13.216809	-19.102453	0	0	-0.98006658	0.19866933
8.329152	11.530333	-20.968355	0	0	0	1
10.078312	13.279492	-19.033100	0	0	0	1
8.267485	11.468665	-21.036583	0	0	0	1
10.246907	13.448088	-18.846569	0	0	0	1
8.020041	11.221221	-21.310352	0	0	0	1
10.470475	13.671656	-18.599215	0	0	0	1
10.483405	13.684585	-18.584909	0	0	0	1
10.660857	13.862038	-18.388578	0	0	-0.99500417	0.099833397
7.655499	10.856679	-21.713678	0	0	-0.69670669	0.71735611
10.883606	14.084786	-18.142132	0	0	-0.99500417	0.099833397
10.910692	14.111873	-18.112164	0	0	0.99913515	0.041580682
28.823347	-7.232276	0.578780	0	0	-0.92106097	0.38941839
6.671464	9.872644	-22.802404	0	0	0	1
11.848820	15.049999	-17.074228	0	0	0.99913515	0.041580682
20.008495	-18.735979	-18.165464	0	0	0.80114363	0.59847213
5.992131	9.193312	-23.554012	0	0	0	1
5.696538	8.897718	-23.881054	0	0	-0.99500417	0.099833397
12.855104	16.056284	-15.960885	0	0	-0.69670669	0.71735611
13.496650	16.697830	-15.251085	0	0	0	1
26.118073	5.571108	-21.812925	0	0	0.97095818	0.23924928
20.120909	-22.455313	-9.537277	0	0	0.80114363	0.59847213
4.255297	7.456477	-25.475630	0	0	-0.87758258	0.4794255
4.255297	7.456477	-25.475630	0	0	-0.95533648	0.29552023
14.268258	17.469439	-14.397385	0	0	0	1
18.812668	-20.807215	-18.374706	0	0	0.73739371	0.67546319
28.430988	-12.401813	1.249759	0	0	-0.92106097	0.38941839
14.495538	17.696718	-14.145926	0	0	-0.69670669	0.71735611
26.510515	13.172902	-9.253993	0	0	0.97095818	0.23924928
19.352999	-22.800701	-1.729754	0	0	0.66627604	0.74570519
0.579419	-19.696848	-18.440954	0	0	0	1
0.611305	-19.766663	-18.357584	0	0	0	1
0.635672	-19.820015	-18.293875	0	0	0	1
0.653066	-19.858101	-18.248396	0	0	0	1
0.767736	-20.109177	-17.948578	0	0	0	1
0.769443	-20.112915	-17.944113	0	0	0	1
0.790518	-20.159060	-17.889011	0	0	0.97095818	0.23924928
0.832338	-20.250626	-17.779669	0	0	0	1
0.908339	-20.417034	-17.580956	0	0	0.97095818	0.23924928
1.071975	-20.775324	-17.153111	0	0	0.97095818	0.23924928
1.271345	-21.211853	-16.631836	0	0	0	1
18.593489	19.108799	-9.227453	0	0	-0.99500417	0.099833397
25.017452	7.477436	-24.956619	0	0	0.97095818	0.23924928
2.260142	-23.376873	-14.046514	0	0	0	1
2.634788	-24.197178	-13.066961	0	0	0.85688874	0.51550139
2.731135	-24.408133	-12.815052	0	0	0	1
3.010900	-25.020693	-12.083574	0	0	0	1
3.423670	-25.924473	-11.004340	0	0	0	1
3.546695	-26.193842	-10.682677	0	0	0	1
3.605510	-26.322620	-10.528900	0	0	0	1
18.499866	21.701048	-9.715574	0	0	-0.98006658	0.19866933
4.285756	-27.812054	-8.750319	0	0	0	1
14.646854	17.848034	-24.956619	0	-0	-1	-4.371139e-08
5.020620	-27.389235	-18.440954	0	0	0.58850112	0.8084964
19.953653	26.765131	-9.814298	0	0	0.99913515	0.041580682
23.172264	-31.125448	1.675580	0	0	0	1
10.753484	-39.965912	-3.312894	0	0	0	1
45.207481	-7.992225	9.265035	0	0	0.85688874	0.51550139
44.884155	24.550709	-16.873821	0	0	0.97095818	0.23924928
51.070827	25.750145	6.610286	0	0	0.97095818	0.23924928
51.634983	26.345551	3.940707	0	0	-0.82533563	0.56464246
49.307468	30.442646	4.894197	0	0	0.97095818	0.23924928
39.542084	42.743263	-2.290474	0	0	0.98999249	0.14112005
43.549828	57.036114	-2.618948	0	0	-0.76484218	0.64421769
51.221813	72.181602	-23.939808	0	-0	-1	-4.371139e-08
48.624779	72.525520	-39.297016	0	0	-0.99500417	0.099833397
70.966965	-141.611649	-18.440954	0	0	0.99913515	0.041580682
88.115501	91.316681	-105.688019	0	0	-0.87758258	0.4794255
162.907822	-134.320511	-36.853588	0	0	0.99913515	0.041580682
177.120316	46.050323	-143.722092	0	0	-0.98006658	0.19866933
202.563950	-108.018837	-89.591522	0	0	0.99913515	0.041580682
208.051117	-75.138130	-134.450256	0	0	0.99913515	0.041580682
204.207321	-59.500938	-150.123215	0	0	0.99913515	0.041580682
