-94.908806	-38.148792	-6.791948	0	0	0.50484609	0.86320938
-94.581604	-39.369907	-6.791948	0	0	0.50484609	0.86320938
-96.211273	-38.792072	-6.455029	0	0	-0.26749883	0.96355818
-96.227188	-38.787537	-6.452842	0	0	-0.16996714	0.98544973
-95.381714	-37.329681	-5.441170	0	0	0.50484609	0.86320938
-96.488953	-38.993736	-6.383984	0	0	-0.26749883	0.96355818
-95.957642	-39.738617	-6.455029	0	0	-0.26749883	0.96355818
-95.971367	-39.742290	-6.452842	0	0	-0.16996714	0.98544973
-96.267143	-39.821545	-6.383984	0	0	-0.26749883	0.96355818
-96.589546	-38.136875	-5.374557	0	0	-0.26749883	0.96355818
-96.602997	-38.136620	-5.379423	0	0	-0.16996714	0.98544973
-96.856430	-38.357246	-5.334361	0	0	-0.26749883	0.96355818
-98.958519	-40.189941	-5.787457	0	0	-0.26749883	0.96355818
-98.806702	-40.634933	-5.888430	0	0	0.50484609	0.86320938
-98.870331	-40.519066	-5.787457	0	0	-0.26749883	0.96355818
-98.941010	-40.468933	-5.832691	0	0	-0.26749883	0.96355818
-98.923737	-40.533379	-5.832691	0	0	-0.26749883	0.96355818
-99.153145	-39.852833	-5.231532	0	0	-0.26749883	0.96355818
-99.100929	-40.125313	-5.048020	0	0	0.50484609	0.86320938
-99.187447	-40.042084	-5.128780	0	0	-0.26749883	0.96355818
-99.994804	-40.834148	-5.258507	0	0	-0.26749883	0.96355818
-100.071709	-40.700939	-5.038834	0	0	-0.26749883	0.96355818
-99.984901	-41.930817	-4.627916	0	0	-0.26749883	0.96355818
-100.070709	-41.782188	-4.382816	0	0	-0.26749883	0.96355818
-100.133919	-42.503685	-4.330621	0	0	-0.26749883	0.96355818
-100.219246	-42.355904	-4.086918	0	0	-0.26749883	0.96355818
-102.020607	-41.363182	-2.658473	0	0	-0.26749883	0.96355818
-102.791534	-38.486038	-2.658473	0	0	-0.26749883	0.96355818
-101.101265	-42.410774	-0.872144	0	0	0.50484609	0.86320938
-100.602341	-44.998974	-2.914789	0	0	-0.26749883	0.96355818
-100.671989	-44.878330	-2.715836	0	0	-0.26749883	0.96355818
-100.223206	-46.585613	-2.736742	0	0	-0.26749883	0.96355818
-100.508240	-46.091915	-1.922591	0	0	-0.26749883	0.96355818
-102.727631	-44.197701	4.740095	0	0	0.50484609	0.86320938
-101.288559	-48.055805	4.702272	0	0	-0.26749883	0.96355818
-95.094681	-53.388794	0.435443	0	0	0.58850112	0.8084964
-96.025467	-51.776627	3.094041	0	0	0.58850112	0.8084964
-77.277458	-29.227718	6.708560	0	0	-0.36235775	0.93203909
-73.402283	-33.694923	6.794432	0	0	-0.26749883	0.96355818
-82.359573	-16.503931	-13.510753	0	0	0.41614682	0.90929743
-116.334938	-63.871166	3.317718	0	0	-0.26749883	0.96355818
-114.577293	-67.716942	3.298987	0	0	-0.16996714	0.98544973
-62.446114	-70.611481	-6.791948	0	0	0.32328956	0.94630009
-63.418987	-71.584351	-6.455029	0	0	0.41614682	0.90929743
-63.424683	-71.590050	-6.452842	0	0	0.41614682	0.90929743
-63.658661	-71.824028	-6.383984	0	0	0.41614682	0.90929743
-65.491547	-73.656914	-5.787457	0	0	0.41614682	0.90929743
-65.622284	-73.787651	-5.832691	0	0	0.41614682	0.90929743
-65.638138	-73.803497	-5.888430	0	0	0.32328956	0.94630009
-66.331795	-74.497154	-5.258507	0	0	0.41614682	0.90929743
-66.875175	-75.040543	-4.627916	0	0	0.41614682	0.90929743
-66.556107	-74.721466	-2.658473	0	0	0.73739371	0.67546319
-67.236122	-75.401489	-4.330621	0	0	0.41614682	0.90929743
-67.673340	-75.838699	-0.872144	0	0	0.32328956	0.94630009
-68.717972	-76.883339	-2.914789	0	0	0.50484609	0.86320938
-69.321724	-77.487091	-2.736742	0	0	0.50484609	0.86320938
-70.159058	-78.324425	0.435443	0	0	0.50484609	0.86320938
-69.420517	-77.585884	5.636884	0	0	0.32328956	0.94630009
-70.626816	-78.792183	5.527835	0	0	0.73739371	0.67546319
-119.440514	-71.966240	-35.331734	0	0	0.58850112	0.8084964
-87.097878	-95.263237	4.038867	0	0	-0.070737201	0.99749499
-36.291744	-44.457108	8.631695	0	0	0.73739371	0.67546319
-19.322374	-58.402115	-6.791948	0	0	0.58850112	0.8084964
-19.570442	-59.327919	-6.455029	0	0	0.58850112	0.8084964
-19.570375	-59.327667	-6.452842	0	0	0.66627604	0.74570519
-19.639460	-59.585495	-6.383984	0	0	0.58850112	0.8084964
-20.103941	-61.318962	-5.787457	0	0	0.58850112	0.8084964
-20.172516	-61.574886	-5.832691	0	0	0.58850112	0.8084964
-20.205019	-61.696190	-5.888430	0	0	0.58850112	0.8084964
-20.334410	-62.179085	-5.258507	0	0	0.58850112	0.8084964
-19.934729	-60.687454	-2.658473	0	0	0.66627604	0.74570519
-20.607914	-63.199818	-4.627916	0	0	0.58850112	0.8084964
-20.761114	-63.771564	-4.330621	0	0	0.58850112	0.8084964
-20.802687	-63.926712	-0.872144	0	0	0.58850112	0.8084964
-21.416313	-66.216805	-2.914789	0	0	0.58850112	0.8084964
-21.787577	-67.602379	-2.736742	0	0	0.66627604	0.74570519
-21.380959	-66.084854	6.645737	0	0	0.58850112	0.8084964
-23.144827	-72.667702	0.435443	0	0	0.58850112	0.8084964
-22.273457	-69.415710	8.663424	0	0	0.41614682	0.90929743
-28.083363	-91.098572	7.635065	0	0	0.85688874	0.51550139
-8.477834	-17.929739	11.105266	0	0	0	1
-5.925354	-23.940826	6.968371	0	0	0.73739371	0.67546319
-5.917113	-23.971581	6.946837	0	0	0.80114363	0.59847213
-5.915341	-23.978195	6.942205	0	0	0.73739371	0.67546319
-5.902045	-24.027817	6.907460	0	0	0.73739371	0.67546319
-5.882669	-24.100128	6.856828	0	0	0.73739371	0.67546319
-5.882010	-24.102587	6.855106	0	0	0.80114363	0.59847213
-5.827917	-24.304466	6.713748	0	0	0.73739371	0.67546319
-5.786575	-24.458757	6.605712	0	0	0.73739371	0.67546319
-5.769839	-24.521217	6.561978	0	0	0.73739371	0.67546319
-5.714130	-24.729124	6.416400	0	0	0.73739371	0.67546319
-6.189921	-22.953447	7.659741	0	0	0.80114363	0.59847213
-5.477689	-25.611532	5.798530	0	0	0.73739371	0.67546319
-5.209488	-26.612474	5.097664	0	0	0.73739371	0.67546319
-6.726277	-20.951740	9.061352	0	0	0.73739371	0.67546319
-6.855897	-20.467991	9.400077	0	0	0.80114363	0.59847213
-7.529429	-17.954334	11.160158	0	0	0.73739371	0.67546319
-4.187809	-30.425434	2.427800	0	0	0.85688874	0.51550139
-6.262661	-22.681978	10.230562	0	0	0.58850112	0.8084964
-6.606478	-17.572739	10.988954	0	0	0	1
-6.606478	-17.572739	10.988954	0	0	0	1
-6.606478	-17.572739	10.988954	0	0	0	1
-6.606478	-17.572739	10.988954	0	0	0	1
-6.606478	-17.572739	10.988954	0	0	0	1
-6.606478	-17.572739	10.988954	0	0	0	1
-6.606478	-17.572739	10.988954	0	0	0	1
-6.606478	-17.572739	10.988954	0	0	0	1
-6.606478	-17.572739	10.988954	0	0	0	1
-6.606478	-17.572739	10.988954	0	0	0	1
-6.606478	-17.572739	10.988954	0	0	0	1
-6.606478	-17.572739	10.988954	0	0	0	1
-6.606478	-17.572739	10.988954	0	0	0	1
-6.606478	-17.572739	10.988954	0	0	0	1
-6.606478	-17.572739	10.988954	0	0	0	1
-6.606478	-17.572739	10.988954	0	0	0	1
-6.606478	-17.572739	10.988954	0	0	0	1
-6.606478	-17.572739	10.988954	0	0	0	1
-6.606478	-17.572739	10.988954	0	0	0	1
-2.229501	-37.733936	10.844282	0	0	0.80114363	0.59847213
-4.118642	-17.214153	9.952701	0	0	0	1
-4.118642	-17.214153	9.952701	0	0	0	1
-4.118642	-17.214153	9.952701	0	0	0	1
-4.118642	-17.214153	9.952701	0	0	0	1
-4.118642	-17.214153	9.952701	0	0	0	1
-4.118642	-17.214153	9.952701	0	0	0	1
-4.118642	-17.214153	9.952701	0	0	0	1
-4.118642	-17.214153	9.952701	0	0	0	1
-4.118642	-17.214153	9.952701	0	0	0	1
-4.118642	-17.214153	9.952701	0	0	0	1
-4.118642	-17.214153	9.952701	0	0	0	1
-4.118642	-17.214153	9.952701	0	0	0	1
-4.118642	-17.214153	9.952701	0	0	0	1
-4.118642	-17.214153	9.952701	0	0	0	1
-4.118642	-17.214153	9.952701	0	0	0	1
-4.118642	-17.214153	9.952701	0	0	0	1
-4.118642	-17.214153	9.952701	0	0	0	1
-4.118642	-17.214153	9.952701	0	0	0	1
-4.118642	-17.214153	9.952701	0	0	0	1
-116.325836	-133.130936	-63.185932	0	0	0.66627604	0.74570519
-85.906181	-174.934570	-90.632652	0	0	0.73739371	0.67546319
-48.627148	-193.972656	-109.703140	0	0	0.66627604	0.74570519
108.369423	-47.355240	-68.812286	0	0	0.99913515	0.041580682
38.520279	-189.814194	-109.177414	0	0	0.85688874	0.51550139
103.200356	-127.379578	-94.041428	0	0	0.94222235	0.33498812
