-98.125008	-75.094566	-0.001955	0	0	0.73739371	0.67546319
-98.119591	-75.091499	0.005877	0	0	-0.26749883	0.96355818
-98.134216	-75.099770	0.010271	0	0	0.73739371	0.67546319
-98.112663	-75.087585	-0.017566	0	0	-0.26749883	0.96355818
-98.136719	-75.101189	0.016627	0	0	-0.26749883	0.96355818
-98.138161	-75.102005	0.018943	0	0	-0.26749883	0.96355818
-98.115593	-75.089249	-0.039856	0	0	-0.26749883	0.96355818
-98.091339	-75.075531	-0.037487	0	0	-0.26749883	0.96355818
-98.063370	-75.059715	-0.060038	0	0	-0.26749883	0.96355818
-98.032967	-75.042496	0.056772	0	0	-0.26749883	0.96355818
-98.597961	-75.362190	-0.639460	0	0	-0.26749883	0.96355818
-99.511971	-75.879059	0.013877	0	0	-0.26749883	0.96355818
-99.990295	-76.150078	-2.655704	0	0	0.73739371	0.67546319
-101.423080	-77.360794	-0.232655	0	0	-0.26749883	0.96355818
-101.515602	-77.012016	1.920144	0	0	0.58850112	0.8084964
-103.607475	-78.194351	6.806328	0	0	0.41614682	0.90929743
-79.597130	-93.513603	0.010221	0	0	0.32328956	0.94630009
-79.597023	-93.513504	0.018890	0	0	0.41614682	0.90929743
-79.592255	-93.508736	-0.002003	0	0	0.32328956	0.94630009
-79.591515	-93.507996	0.016571	0	0	0.41614682	0.90929743
-79.584358	-93.500839	-0.017613	0	0	0.41614682	0.90929743
-79.570892	-93.487373	0.005815	0	0	0.41614682	0.90929743
-79.568153	-93.484634	-0.037534	0	0	0.41614682	0.90929743
-79.561089	-93.477570	-0.039923	0	0	0.41614682	0.90929743
-79.545876	-93.462357	-0.060084	0	0	0.41614682	0.90929743
-79.481094	-93.397575	0.056692	0	0	0.41614682	0.90929743
-79.754799	-93.671280	-0.639677	0	0	0.50484609	0.86320938
-80.570709	-94.487190	0.013741	0	0	0.66627604	0.74570519
-81.095596	-95.012077	-2.655717	0	0	0.22720209	0.97384763
-82.433701	-96.350182	-0.232655	0	0	0.80114363	0.59847213
-82.200592	-96.117073	1.920058	0	0	0.32328956	0.94630009
-83.940643	-97.857124	6.806327	0	0	0.1288445	0.99166481
-93.584183	-106.475357	14.080339	0	0	0.80114363	0.59847213
-93.071533	-106.988014	14.080339	0	0	0.80114363	0.59847213
-108.132507	-111.239220	23.030724	0	0	0.80114363	0.59847213
-102.727623	-116.644104	23.030724	0	0	0.80114363	0.59847213
-26.143381	-94.150360	-0.002003	0	0	0.58850112	0.8084964
-26.143019	-94.149010	0.010221	0	0	0.58850112	0.8084964
-26.142534	-94.147202	-0.017613	0	0	0.58850112	0.8084964
-26.140720	-94.140434	0.018890	0	0	0.58850112	0.8084964
-26.138565	-94.132393	-0.037534	0	0	0.58850112	0.8084964
-26.136148	-94.123375	0.016571	0	0	0.58850112	0.8084964
-26.132362	-94.109238	-0.060084	0	0	0.58850112	0.8084964
-26.125532	-94.083755	0.005815	0	0	0.58850112	0.8084964
-26.118177	-94.056297	-0.039923	0	0	0.58850112	0.8084964
-26.086008	-93.936249	0.056692	0	0	0.58850112	0.8084964
-26.327650	-94.838066	0.013741	0	0	0.66627604	0.74570519
-26.039082	-93.761116	-0.639677	0	0	0.66627604	0.74570519
-26.574146	-95.758003	-2.655717	0	0	0.58850112	0.8084964
-26.805254	-96.620506	1.920058	0	0	0.58850112	0.8084964
-26.988773	-97.305412	-0.232655	0	0	0.66627604	0.74570519
-27.341511	-98.621841	6.806327	0	0	0.50484609	0.86320938
-130.606186	-145.558884	-8.533252	0	0	0.029199523	0.9995736
-33.742306	-122.509941	14.080339	0	0	0.50484609	0.86320938
-35.907825	-130.591766	23.030724	0	0	0.41614682	0.90929743
2.945455	-54.933372	-3.661621	0	0	0	1
2.945383	-54.933105	-3.662152	0	0	0.80114363	0.59847213
2.944602	-54.930187	-3.667903	0	0	0	1
2.943933	-54.927692	-3.672826	0	0	0	1
2.943247	-54.925133	-3.677879	0	0	0	1
2.940922	-54.916454	-3.694994	0	0	0	1
2.940447	-54.914684	-3.698490	0	0	0	1
2.938180	-54.906223	-3.715181	0	0	0	1
2.937961	-54.905403	-3.716795	0	0	0	1
2.937862	-54.905033	-3.717524	0	0	0	1
2.933600	-54.889130	-3.748900	0	0	0	1
3.011649	-55.180412	-3.174299	0	0	0	1
2.824830	-54.483196	-4.549663	0	0	0	1
3.190693	-55.848618	-1.856173	0	0	0	1
2.704277	-54.033287	-5.437174	0	0	0	1
3.774117	-58.025982	2.439000	0	0	0	1
-45.993191	-168.230865	-8.533252	0	0	0.66627604	0.74570519
9.364692	-78.890289	14.080339	0	0	0.73739371	0.67546319
9.581104	-79.697952	23.030724	0	0	0.66627604	0.74570519
16.655569	-106.100220	-8.533252	0	0	0.90407214	0.42737988
11.442220	-38.048466	-35.306679	0	0	0	1
11.441515	-38.047760	-35.308136	0	0	0	1
11.441130	-38.047375	-35.308933	0	0	0	1
11.439258	-38.045502	-35.312801	0	0	0	1
11.435437	-38.041683	-35.320694	0	0	0	1
11.434730	-38.040974	-35.322155	0	0	0	1
11.428793	-38.035038	-35.334423	0	0	0	1
11.424783	-38.031029	-35.342709	0	0	0	1
11.422273	-38.028519	-35.347893	0	0	0	1
11.402304	-38.008549	-35.389153	0	0	0	1
11.269079	-37.875324	-35.664413	0	0	0	1
11.787473	-38.393719	-34.593342	0	0	0	1
11.227250	-37.833496	-35.750835	0	0	0	1
10.959711	-37.565956	-36.303608	0	0	0	1
10.487099	-37.093342	-37.280087	0	0	0	1
13.371205	-39.977451	-31.321142	0	0	0.80114363	0.59847213
14.756908	-41.363152	-28.458096	0	0	0	1
21.881145	-48.487389	-13.738483	0	0	0	1
23.270258	-49.876503	-10.868393	0	0	0	1
-124.244797	-203.491562	-59.177429	0	0	0.80114363	0.59847213
-18.899687	-270.518341	-54.028915	0	0	0.94222235	0.33498812
-8.151013	-270.518341	-53.088528	0	0	0.94222235	0.33498812
117.880539	-144.486786	-53.088528	0	0	0.99913515	0.041580682
56.098373	-253.302765	-53.088528	0	0	0.97095818	0.23924928
209.926895	-78.211212	67.893509	0	0	0	1
209.926895	-78.211212	67.893509	0	0	0	1
209.926895	-78.211212	67.893509	0	0	0	1
209.926895	-78.211212	67.893509	0	0	0	1
209.926895	-78.211212	67.893509	0	0	0	1
209.926895	-78.211212	67.893509	0	0	0	1
209.926895	-78.211212	67.893509	0	0	0	1
209.926895	-78.211212	67.893509	0	0	0	1
209.926895	-78.211212	67.893509	0	0	0	1
209.926895	-78.211212	67.893509	0	0	0	1
209.926895	-78.211212	67.893509	0	0	0	1
209.926895	-78.211212	67.893509	0	0	0	1
209.926895	-78.211212	67.893509	0	0	0	1
209.926895	-78.211212	67.893509	0	0	0	1
209.926895	-78.211212	67.893509	0	0	0	1
209.926895	-78.211212	67.893509	0	0	0	1
209.926895	-78.211212	67.893509	0	0	0	1
209.926895	-78.211212	67.893509	0	0	0	1
209.926895	-78.211212	67.893509	0	0	0	1
209.926895	-78.211212	67.893509	0	0	0	1
