172.284561	66.044838	-191.155975	-2.341593	138.845490	114.909607	-202.844910
138.845490	114.909607	-202.844910	-2.141593	49.791336	150.017975	-194.099655
49.791336	150.017975	-194.099655	-1.741593	-32.377262	117.457077	-171.040955
-32.377262	117.457077	-171.040955	-1.141593	-64.673836	49.427376	-140.601028
-64.673836	49.427376	-140.601028	-0.541593	99.595116	-65.233742	-107.482018
99.595116	-65.233742	-107.482018	3.058407	155.793259	-31.293194	-134.448730
155.793259	-31.293194	-134.448730	3.058407	178.361145	20.569252	-165.075516
178.361145	20.569252	-165.075516	3.058407	-24.557718	-41.106907	142.949799
172.284561	66.044838	-191.155975	-2.341593	138.845490	114.909607	-202.844910
138.845490	114.909607	-202.844910	-2.141593	49.791336	150.017975	-194.099655
49.791336	150.017975	-194.099655	-1.741593	-32.377262	117.457077	-171.040955
-32.377262	117.457077	-171.040955	-1.141593	-64.673836	49.427376	-140.601028
-64.673836	49.427376	-140.601028	-0.541593	99.595116	-65.233742	-107.482018
99.595116	-65.233742	-107.482018	3.058407	155.793259	-31.293194	-134.448730
155.793259	-31.293194	-134.448730	3.058407	178.361145	20.569252	-165.075516
178.361145	20.569252	-165.075516	3.058407	-24.557718	-41.106907	142.949799
172.284561	66.044838	-191.155975	-2.341593	138.845490	114.909607	-202.844910
138.845490	114.909607	-202.844910	-2.141593	49.791336	150.017975	-194.099655
49.791336	150.017975	-194.099655	-1.741593	-32.377262	117.457077	-171.040955
-32.377262	117.457077	-171.040955	-1.141593	-64.673836	49.427376	-140.601028
-64.673836	49.427376	-140.601028	-0.541593	99.595116	-65.233742	-107.482018
99.595116	-65.233742	-107.482018	3.058407	155.793259	-31.293194	-134.448730
155.793259	-31.293194	-134.448730	3.058407	178.361145	20.569252	-165.075516
178.361145	20.569252	-165.075516	3.058407	-24.557718	-41.106907	142.949799
172.284561	66.044838	-191.155975	-2.341593	138.845490	114.909607	-202.844910
138.845490	114.909607	-202.844910	-2.141593	49.791336	150.017975	-194.099655
49.791336	150.017975	-194.099655	-1.741593	-32.377262	117.457077	-171.040955
-32.377262	117.457077	-171.040955	-1.141593	-64.673836	49.427376	-140.601028
-64.673836	49.427376	-140.601028	-0.541593	99.595116	-65.233742	-107.482018
99.595116	-65.233742	-107.482018	3.058407	155.793259	-31.293194	-134.448730
155.793259	-31.293194	-134.448730	3.058407	178.361145	20.569252	-165.075516
178.361145	20.569252	-165.075516	3.058407	-24.557718	-41.106907	142.949799
172.284561	66.044838	-191.155975	-2.341593	138.845490	114.909607	-202.844910
138.845490	114.909607	-202.844910	-2.141593	49.791336	150.017975	-194.099655
49.791336	150.017975	-194.099655	-1.741593	-32.377262	117.457077	-171.040955
-32.377262	117.457077	-171.040955	-1.141593	-64.673836	49.427376	-140.601028
-64.673836	49.427376	-140.601028	-0.541593	99.595116	-65.233742	-107.482018
99.595116	-65.233742	-107.482018	3.058407	155.793259	-31.293194	-134.448730
155.793259	-31.293194	-134.448730	3.058407	178.361145	20.569252	-165.075516
178.361145	20.569252	-165.075516	3.058407	-24.557718	-41.106907	142.949799
172.284561	66.044838	-191.155975	-2.341593	138.845490	114.909607	-202.844910
138.845490	114.909607	-202.844910	-2.141593	49.791336	150.017975	-194.099655
49.791336	150.017975	-194.099655	-1.741593	-32.377262	117.457077	-171.040955
-32.377262	117.457077	-171.040955	-1.141593	-64.673836	49.427376	-140.601028
-64.673836	49.427376	-140.601028	-0.541593	99.595116	-65.233742	-107.482018
99.595116	-65.233742	-107.482018	3.058407	155.793259	-31.293194	-134.448730
155.793259	-31.293194	-134.448730	3.058407	178.361145	20.569252	-165.075516
178.361145	20.569252	-165.075516	3.058407	-24.557718	-41.106907	142.949799
172.284561	66.044838	-191.155975	-2.341593	138.845490	114.909607	-202.844910
138.845490	114.909607	-202.844910	-2.141593	49.791336	150.017975	-194.099655
49.791336	150.017975	-194.099655	-1.741593	-32.377262	117.457077	-171.040955
-32.377262	117.457077	-171.040955	-1.141593	-64.673836	49.427376	-140.601028
-64.673836	49.427376	-140.601028	-0.541593	99.595116	-65.233742	-107.482018
99.595116	-65.233742	-107.482018	3.058407	155.793259	-31.293194	-134.448730
155.793259	-31.293194	-134.448730	3.058407	178.361145	20.569252	-165.075516
178.361145	20.569252	-165.075516	3.058407	-24.557718	-41.106907	142.949799
172.284561	66.044838	-191.155975	-2.341593	138.845490	114.909607	-202.844910
138.845490	114.909607	-202.844910	-2.141593	49.791336	150.017975	-194.099655
49.791336	150.017975	-194.099655	-1.741593	-32.377262	117.457077	-171.040955
-32.377262	117.457077	-171.040955	-1.141593	-64.673836	49.427376	-140.601028
-64.673836	49.427376	-140.601028	-0.541593	99.595116	-65.233742	-107.482018
99.595116	-65.233742	-107.482018	3.058407	155.793259	-31.293194	-134.448730
155.793259	-31.293194	-134.448730	3.058407	178.361145	20.569252	-165.075516
178.361145	20.569252	-165.075516	3.058407	-24.557718	-41.106907	142.949799
172.284561	66.044838	-191.155975	-2.341593	138.845490	114.909607	-202.844910
138.845490	114.909607	-202.844910	-2.141593	49.791336	150.017975	-194.099655
49.791336	150.017975	-194.099655	-1.741593	-32.377262	117.457077	-171.040955
-32.377262	117.457077	-171.040955	-1.141593	-64.673836	49.427376	-140.601028
-64.673836	49.427376	-140.601028	-0.541593	99.595116	-65.233742	-107.482018
99.595116	-65.233742	-107.482018	3.058407	155.793259	-31.293194	-134.448730
155.793259	-31.293194	-134.448730	3.058407	178.361145	20.569252	-165.075516
178.361145	20.569252	-165.075516	3.058407	-24.557718	-41.106907	142.949799
172.284561	66.044838	-191.155975	-2.341593	138.845490	114.909607	-202.844910
138.845490	114.909607	-202.844910	-2.141593	49.791336	150.017975	-194.099655
49.791336	150.017975	-194.099655	-1.741593	-32.377262	117.457077	-171.040955
-32.377262	117.457077	-171.040955	-1.141593	-64.673836	49.427376	-140.601028
-64.673836	49.427376	-140.601028	-0.541593	99.595116	-65.233742	-107.482018
99.595116	-65.233742	-107.482018	3.058407	155.793259	-31.293194	-134.448730
155.793259	-31.293194	-134.448730	3.058407	178.361145	20.569252	-165.075516
178.361145	20.569252	-165.075516	3.058407	-24.557718	-41.106907	142.949799
172.284561	66.044838	-191.155975	-2.341593	138.845490	114.909607	-202.844910
138.845490	114.909607	-202.844910	-2.141593	49.791336	150.017975	-194.099655
49.791336	150.017975	-194.099655	-1.741593	-32.377262	117.457077	-171.040955
-32.377262	117.457077	-171.040955	-1.141593	-64.673836	49.427376	-140.601028
-64.673836	49.427376	-140.601028	-0.541593	99.595116	-65.233742	-107.482018
99.595116	-65.233742	-107.482018	3.058407	155.793259	-31.293194	-134.448730
155.793259	-31.293194	-134.448730	3.058407	178.361145	20.569252	-165.075516
178.361145	20.569252	-165.075516	3.058407	-24.557718	-41.106907	142.949799
172.284561	66.044838	-191.155975	-2.341593	138.845490	114.909607	-202.844910
138.845490	114.909607	-202.844910	-2.141593	49.791336	150.017975	-194.099655
49.791336	150.017975	-194.099655	-1.741593	-32.377262	117.457077	-171.040955
-32.377262	117.457077	-171.040955	-1.141593	-64.673836	49.427376	-140.601028
-64.673836	49.427376	-140.601028	-0.541593	99.595116	-65.233742	-107.482018
99.595116	-65.233742	-107.482018	3.058407	155.793259	-31.293194	-134.448730
155.793259	-31.293194	-134.448730	3.058407	178.361145	20.569252	-165.075516
178.361145	20.569252	-165.075516	3.058407	-24.557718	-41.106907	142.949799
172.284561	66.044838	-191.155975	-2.341593	138.845490	114.909607	-202.844910
138.845490	114.909607	-202.844910	-2.141593	49.791336	150.017975	-194.099655
49.791336	150.017975	-194.099655	-1.741593	-32.377262	117.457077	-171.040955
-32.377262	117.457077	-171.040955	-1.141593	-64.673836	49.427376	-140.601028
-64.673836	49.427376	-140.601028	-0.541593	99.595116	-65.233742	-107.482018
99.595116	-65.233742	-107.482018	3.058407	155.793259	-31.293194	-134.448730
155.793259	-31.293194	-134.448730	3.058407	178.361145	20.569252	-165.075516
178.361145	20.569252	-165.075516	3.058407	-24.557718	-41.106907	142.949799
172.284561	66.044838	-191.155975	-2.341593	138.845490	114.909607	-202.844910
138.845490	114.909607	-202.844910	-2.141593	49.791336	150.017975	-194.099655
49.791336	150.017975	-194.099655	-1.741593	-32.377262	117.457077	-171.040955
-32.377262	117.457077	-171.040955	-1.141593	-64.673836	49.427376	-140.601028
-64.673836	49.427376	-140.601028	-0.541593	99.595116	-65.233742	-107.482018
99.595116	-65.233742	-107.482018	3.058407	155.793259	-31.293194	-134.448730
155.793259	-31.293194	-134.448730	3.058407	178.361145	20.569252	-165.075516
178.361145	20.569252	-165.075516	3.058407	-24.557718	-41.106907	142.949799
172.284561	66.044838	-191.155975	-2.341593	138.845490	114.909607	-202.844910
138.845490	114.909607	-202.844910	-2.141593	49.791336	150.017975	-194.099655
49.791336	150.017975	-194.099655	-1.741593	-32.377262	117.457077	-171.040955
-32.377262	117.457077	-171.040955	-1.141593	-64.673836	49.427376	-140.601028
-64.673836	49.427376	-140.601028	-0.541593	99.595116	-65.233742	-107.482018
99.595116	-65.233742	-107.482018	3.058407	155.793259	-31.293194	-134.448730
155.793259	-31.293194	-134.448730	3.058407	178.361145	20.569252	-165.075516
178.361145	20.569252	-165.075516	3.058407	-24.557718	-41.106907	142.949799
172.284561	66.044838	-191.155975	-2.341593	138.845490	114.909607	-202.844910
138.845490	114.909607	-202.844910	-2.141593	49.791336	150.017975	-194.099655
49.791336	150.017975	-194.099655	-1.741593	-32.377262	117.457077	-171.040955
-32.377262	117.457077	-171.040955	-1.141593	-64.673836	49.427376	-140.601028
-64.673836	49.427376	-140.601028	-0.541593	99.595116	-65.233742	-107.482018
99.595116	-65.233742	-107.482018	3.058407	155.793259	-31.293194	-134.448730
155.793259	-31.293194	-134.448730	3.058407	178.361145	20.569252	-165.075516
178.361145	20.569252	-165.075516	3.058407	-24.557718	-41.106907	142.949799
172.284561	66.044838	-191.155975	-2.341593	138.845490	114.909607	-202.844910
138.845490	114.909607	-202.844910	-2.141593	49.791336	150.017975	-194.099655
49.791336	150.017975	-194.099655	-1.741593	-32.377262	117.457077	-171.040955
-32.377262	117.457077	-171.040955	-1.141593	-64.673836	49.427376	-140.601028
-64.673836	49.427376	-140.601028	-0.541593	99.595116	-65.233742	-107.482018
99.595116	-65.233742	-107.482018	3.058407	155.793259	-31.293194	-134.448730
155.793259	-31.293194	-134.448730	3.058407	178.361145	20.569252	-165.075516
178.361145	20.569252	-165.075516	3.058407	-24.557718	-41.106907	142.949799
172.284561	66.044838	-191.155975	-2.341593	138.845490	114.909607	-202.844910
138.845490	114.909607	-202.844910	-2.141593	49.791336	150.017975	-194.099655
49.791336	150.017975	-194.099655	-1.741593	-32.377262	117.457077	-171.040955
-32.377262	117.457077	-171.040955	-1.141593	-64.673836	49.427376	-140.601028
-64.673836	49.427376	-140.601028	-0.541593	99.595116	-65.233742	-107.482018
99.595116	-65.233742	-107.482018	3.058407	155.793259	-31.293194	-134.448730
155.793259	-31.293194	-134.448730	3.058407	178.361145	20.569252	-165.075516
178.361145	20.569252	-165.075516	3.058407	-24.557718	-41.106907	142.949799
172.284561	66.044838	-191.155975	-2.341593	138.845490	114.909607	-202.844910
138.845490	114.909607	-202.844910	-2.141593	49.791336	150.017975	-194.099655
49.791336	150.017975	-194.099655	-1.741593	-32.377262	117.457077	-171.040955
-32.377262	117.457077	-171.040955	-1.141593	-64.673836	49.427376	-140.601028
-64.673836	49.427376	-140.601028	-0.541593	99.595116	-65.233742	-107.482018
99.595116	-65.233742	-107.482018	3.058407	155.793259	-31.293194	-134.448730
155.793259	-31.293194	-134.448730	3.058407	178.361145	20.569252	-165.075516
178.361145	20.569252	-165.075516	3.058407	-24.557718	-41.106907	142.949799
172.284561	66.044838	-191.155975	-2.341593	138.845490	114.909607	-202.844910
138.845490	114.909607	-202.844910	-2.141593	49.791336	150.017975	-194.099655
49.791336	150.017975	-194.099655	-1.741593	-32.377262	117.457077	-171.040955
-32.377262	117.457077	-171.040955	-1.141593	-64.673836	49.427376	-140.601028
-64.673836	49.427376	-140.601028	-0.541593	99.595116	-65.233742	-107.482018
99.595116	-65.233742	-107.482018	3.058407	155.793259	-31.293194	-134.448730
155.793259	-31.293194	-134.448730	3.058407	178.361145	20.569252	-165.075516
178.361145	20.569252	-165.075516	3.058407	-24.557718	-41.106907	142.949799
