-15.074468	-20.038376	260.004852	0.000000	0.000000	-3.141593
-15.046636	-20.182076	260.028473	0.000000	0.000000	-3.141593
-15.019765	-20.326128	260.052094	0.000000	0.000000	-3.141593
-14.993860	-20.470526	260.075745	0.000000	0.000000	-3.141593
-14.968931	-20.615259	260.099396	0.000000	0.000000	-3.141593
-14.944973	-20.760324	260.123077	0.000000	0.000000	-3.141593
-14.921995	-20.905714	260.146759	0.000000	0.000000	-3.141593
-14.900001	-21.051422	260.170441	0.000000	0.000000	-3.141593
-14.879000	-21.197439	260.194122	0.000000	0.000000	-3.141593
-14.858988	-21.343760	260.217834	0.000000	0.000000	-3.141593
-14.839972	-21.490376	260.241547	0.000000	0.000000	-3.141593
-14.821954	-21.637278	260.265289	0.000000	0.000000	-3.141593
-14.804939	-21.784466	260.289001	0.000000	0.000000	-3.141593
-14.788940	-21.931921	260.312744	0.000000	0.000000	3.058407
-14.773948	-22.079649	260.336487	0.000000	0.000000	3.058407
-14.759972	-22.227633	260.360229	0.000000	0.000000	3.058407
-14.747019	-22.375870	260.383972	0.000000	0.000000	3.058407
-14.735081	-22.524349	260.407715	0.000000	0.000000	3.058407
-14.724178	-22.673065	260.431427	0.000000	0.000000	3.058407
-14.714305	-22.822010	260.455170	0.000000	0.000000	3.058407
-14.705458	-22.971176	260.478912	0.000000	0.000000	3.058407
-14.697656	-23.120554	260.502655	0.000000	0.000000	3.058407
-14.690887	-23.270138	260.526398	0.000000	0.000000	3.058407
-14.685167	-23.419920	260.550110	0.000000	0.000000	3.058407
-14.680495	-23.569893	260.573822	0.000000	0.000000	3.058407
-14.676871	-23.720045	260.597565	0.000000	0.000000	3.058407
-14.674303	-23.870371	260.621246	0.000000	0.000000	3.058407
-14.672785	-24.020866	260.644958	0.000000	0.000000	3.058407
-14.672329	-24.171516	260.668640	0.000000	0.000000	3.058407
-14.672937	-24.322317	260.692322	0.000000	0.000000	3.058407
-14.674606	-24.473261	260.716003	0.000000	0.000000	3.058407
-14.677343	-24.624334	260.739655	0.000000	0.000000	3.058407
-14.681154	-24.775537	260.763306	0.000000	0.000000	3.058407
-14.686032	-24.926853	260.786926	0.000000	0.000000	3.058407
-14.691987	-25.078279	260.810547	0.000000	0.000000	3.058407
-14.699026	-25.229807	260.834137	0.000000	0.000000	3.058407
-14.707139	-25.381426	260.857697	0.000000	0.000000	3.058407
-14.716332	-25.533127	260.881287	0.000000	0.000000	3.058407
-14.726612	-25.684902	260.904816	0.000000	0.000000	3.058407
-14.737983	-25.836748	260.928345	0.000000	0.000000	3.058407
-14.750435	-25.988651	260.951843	0.000000	0.000000	3.058407
-14.763983	-26.140600	260.975311	0.000000	0.000000	3.058407
-14.778624	-26.292593	260.998779	0.000000	0.000000	3.058407
-14.794357	-26.444618	261.022217	0.000000	0.000000	3.058407
-14.811186	-26.596664	261.045624	0.000000	0.000000	3.058407
-14.829113	-26.748728	261.069031	0.000000	0.000000	3.058407
-14.848141	-26.900799	261.092377	0.000000	0.000000	3.058407
-14.868265	-27.052866	261.115723	0.000000	0.000000	3.058407
-14.889499	-27.204922	261.139008	0.000000	0.000000	3.058407
-14.911833	-27.356958	261.162292	0.000000	0.000000	3.058407
-14.935273	-27.508965	261.185547	0.000000	0.000000	3.058407
-14.959819	-27.660934	261.208740	0.000000	0.000000	3.058407
-14.985470	-27.812859	261.231934	0.000000	0.000000	3.058407
-15.012233	-27.964725	261.255096	0.000000	0.000000	3.058407
-15.040107	-28.116528	261.278198	0.000000	0.000000	3.058407
-15.069089	-28.268259	261.301300	0.000000	0.000000	3.058407
-15.099182	-28.419907	261.324341	0.000000	0.000000	3.058407
-15.130390	-28.571463	261.347351	0.000000	0.000000	3.058407
-15.162709	-28.722921	261.370331	0.000000	0.000000	3.058407
-15.196140	-28.874266	261.393250	0.000000	0.000000	3.058407
-15.230689	-29.025497	261.416168	0.000000	0.000000	3.058407
-15.266345	-29.176596	261.439026	0.000000	0.000000	3.058407
-15.303120	-29.327564	261.461823	0.000000	0.000000	3.058407
-15.341015	-29.478382	261.484619	0.000000	0.000000	2.858407
-15.380015	-29.629049	261.507324	0.000000	0.000000	2.858407
-15.420136	-29.779549	261.530029	0.000000	0.000000	2.858407
-15.461374	-29.929876	261.552673	0.000000	0.000000	2.858407
-15.503720	-30.080023	261.575256	0.000000	0.000000	2.858407
-15.547185	-30.229982	261.597809	0.000000	0.000000	2.858407
-15.591767	-30.379732	261.620331	0.000000	0.000000	2.858407
-15.637459	-30.529282	261.642792	0.000000	0.000000	2.858407
-15.684265	-30.678608	261.665192	0.000000	0.000000	2.858407
-15.732184	-30.827705	261.687561	0.000000	0.000000	2.858407
-15.781219	-30.976566	261.709869	0.000000	0.000000	2.858407
-15.831367	-31.125183	261.732117	0.000000	0.000000	2.858407
-15.882621	-31.273544	261.754333	0.000000	0.000000	2.858407
-15.934990	-31.421638	261.776489	0.000000	0.000000	2.858407
-15.988464	-31.569458	261.798584	0.000000	0.000000	2.858407
-16.043047	-31.716999	261.820618	0.000000	0.000000	2.858407
-16.098738	-31.864243	261.842590	0.000000	0.000000	2.858407
-16.155539	-32.011189	261.864532	0.000000	0.000000	2.858407
-16.213438	-32.157822	261.886414	0.000000	0.000000	2.858407
-16.272446	-32.304131	261.908234	0.000000	0.000000	2.858407
-16.332554	-32.450115	261.929962	0.000000	0.000000	2.858407
-16.393761	-32.595764	261.951660	0.000000	0.000000	2.858407
-16.456068	-32.741058	261.973297	0.000000	0.000000	2.858407
-16.519472	-32.885998	261.994873	0.000000	0.000000	2.858407
-16.583973	-33.030571	262.016388	0.000000	0.000000	2.858407
-16.649567	-33.174774	262.037842	0.000000	0.000000	2.658407
-16.716249	-33.318584	262.059204	0.000000	0.000000	2.658407
-16.784021	-33.462006	262.080536	0.000000	0.000000	2.658407
-16.852882	-33.605019	262.101776	0.000000	0.000000	2.658407
-16.922827	-33.747620	262.122955	0.000000	0.000000	2.658407
-16.993856	-33.889805	262.144073	0.000000	0.000000	2.658407
-17.065964	-34.031555	262.165131	0.000000	0.000000	2.658407
-17.139151	-34.172871	262.186096	0.000000	0.000000	2.658407
-17.213408	-34.313732	262.207001	0.000000	0.000000	2.658407
-17.288740	-34.454140	262.227844	0.000000	0.000000	2.658407
-17.365141	-34.594078	262.248596	0.000000	0.000000	2.658407
-17.442616	-34.733540	262.269287	0.000000	0.000000	2.658407
-17.430822	-34.938572	262.280121	0.000000	0.000000	2.658407
-17.322184	-35.217422	262.280121	0.000000	0.000000	2.658407
-17.217054	-35.497616	262.280121	0.000000	0.000000	2.858407
-17.115454	-35.779102	262.280121	0.000000	0.000000	2.858407
-17.017399	-36.061848	262.280121	0.000000	0.000000	2.858407
-16.922905	-36.345798	262.280121	0.000000	0.000000	2.858407
-16.831989	-36.630917	262.280121	0.000000	0.000000	2.858407
-16.744663	-36.917156	262.280121	0.000000	0.000000	2.858407
-16.660938	-37.204472	262.280121	0.000000	0.000000	2.858407
-16.580830	-37.492813	262.280121	0.000000	0.000000	2.858407
-16.504354	-37.782143	262.280121	0.000000	0.000000	2.858407
-16.431515	-38.072403	262.280121	0.000000	0.000000	2.858407
-16.362335	-38.363560	262.280121	0.000000	0.000000	2.858407
-16.296818	-38.655563	262.280121	0.000000	0.000000	2.858407
-16.234974	-38.948368	262.280121	0.000000	0.000000	2.858407
-16.176815	-39.241924	262.280121	0.000000	0.000000	2.858407
-16.122349	-39.536194	262.280121	0.000000	0.000000	2.858407
-16.071585	-39.831116	262.280121	0.000000	0.000000	3.058407
-16.024530	-40.126663	262.280121	0.000000	0.000000	3.058407
-15.981194	-40.422771	262.280121	0.000000	0.000000	3.058407
-15.941581	-40.719402	262.280121	0.000000	0.000000	3.058407
-15.905701	-41.016506	262.280121	0.000000	0.000000	3.058407
-15.873555	-41.314037	262.280121	0.000000	0.000000	3.058407
-15.845150	-41.611950	262.280121	0.000000	0.000000	3.058407
-15.820494	-41.910194	262.280121	0.000000	0.000000	3.058407
-15.799584	-42.208729	262.280121	0.000000	0.000000	3.058407
-15.782429	-42.507500	262.280121	0.000000	0.000000	3.058407
-15.769030	-42.806465	262.280121	0.000000	0.000000	3.058407
-15.759390	-43.105572	262.280121	0.000000	0.000000	3.058407
-15.753506	-43.404778	262.280121	0.000000	0.000000	3.058407
-15.751385	-43.704033	262.280121	0.000000	0.000000	3.058407
-15.753025	-44.003292	262.280121	0.000000	0.000000	3.058407
-15.758422	-44.302509	262.280121	0.000000	0.000000	3.058407
-15.767581	-44.601631	262.280121	0.000000	0.000000	3.058407
-15.780498	-44.900620	262.280121	0.000000	0.000000	3.058407
-15.797171	-45.199413	262.280121	0.000000	0.000000	3.058407
-15.817596	-45.497982	262.280121	0.000000	0.000000	3.058407
-15.841774	-45.796268	262.280121	0.000000	0.000000	3.058407
-15.869695	-46.094223	262.280121	0.000000	0.000000	3.058407
-15.901360	-46.391808	262.280121	0.000000	0.000000	3.058407
-15.936760	-46.688969	262.280121	0.000000	0.000000	3.058407
-15.975894	-46.985664	262.280121	0.000000	0.000000	3.058407
-16.018753	-47.281845	262.280121	0.000000	0.000000	3.058407
-16.065325	-47.577457	262.280121	0.000000	0.000000	3.058407
-16.115614	-47.872467	262.280121	0.000000	0.000000	3.058407
-16.169607	-48.166821	262.280121	0.000000	0.000000	3.058407
-16.227291	-48.460472	262.280121	0.000000	0.000000	3.058407
-16.288662	-48.753376	262.280121	0.000000	0.000000	3.058407
-16.353706	-49.045486	262.280121	0.000000	0.000000	3.058407
-16.422419	-49.336754	262.280121	0.000000	0.000000	3.058407
-16.494785	-49.627132	262.280121	0.000000	0.000000	3.058407
-16.570797	-49.916588	262.280121	0.000000	0.000000	3.058407
-16.650438	-50.205059	262.280121	0.000000	0.000000	3.058407
-16.733698	-50.492508	262.280121	0.000000	0.000000	3.058407
-16.820562	-50.778885	262.280121	0.000000	0.000000	3.058407
-16.911020	-51.064152	262.280121	0.000000	0.000000	3.058407
-17.005054	-51.348255	262.280121	0.000000	0.000000	3.058407
-17.102654	-51.631161	262.280121	0.000000	0.000000	3.058407
-17.203796	-51.912811	262.280121	0.000000	0.000000	2.858407
-17.308472	-52.193172	262.280121	0.000000	0.000000	2.858407
-17.416662	-52.472195	262.280121	0.000000	0.000000	2.858407
-17.528349	-52.749832	262.280121	0.000000	0.000000	2.858407
-17.643522	-53.026054	262.280121	0.000000	0.000000	2.858407
-17.762150	-53.300797	262.280121	0.000000	0.000000	2.858407
-17.884220	-53.574028	262.280121	0.000000	0.000000	2.858407
-18.009720	-53.845711	262.280121	0.000000	0.000000	2.858407
-18.138622	-54.115791	262.280121	0.000000	0.000000	2.858407
-18.270906	-54.384228	262.280121	0.000000	0.000000	2.858407
-18.406551	-54.650982	262.280121	0.000000	0.000000	2.858407
-18.545540	-54.916012	262.280121	0.000000	0.000000	2.858407
-18.687849	-55.179276	262.280121	0.000000	0.000000	2.858407
-18.833456	-55.440731	262.280121	0.000000	0.000000	2.858407
-18.982332	-55.700333	262.280121	0.000000	0.000000	2.858407
-19.134466	-55.958046	262.280121	0.000000	0.000000	2.858407
-19.289816	-56.213825	262.280121	0.000000	0.000000	2.858407
-19.448378	-56.467632	262.280121	0.000000	0.000000	2.858407
-19.610113	-56.719429	262.280121	0.000000	0.000000	2.858407
-19.774996	-56.969170	262.280121	0.000000	0.000000	2.858407
-19.943010	-57.216820	262.280121	0.000000	0.000000	2.858407
-20.114120	-57.462341	262.280121	0.000000	0.000000	2.858407
-20.288300	-57.705692	262.280121	0.000000	0.000000	2.858407
-20.465528	-57.946835	262.280121	0.000000	0.000000	2.858407
-20.645769	-58.185730	262.280121	0.000000	0.000000	2.858407
-20.828999	-58.422344	262.280121	0.000000	0.000000	2.858407
-21.015186	-58.656635	262.280121	0.000000	0.000000	2.858407
-21.204302	-58.888565	262.280121	0.000000	0.000000	2.858407
-21.396322	-59.118107	262.280121	0.000000	0.000000	2.858407
-21.591211	-59.345215	262.280121	0.000000	0.000000	2.858407
-21.788935	-59.569855	262.280121	0.000000	0.000000	2.858407
-21.989468	-59.791992	262.280121	0.000000	0.000000	2.858407
-22.192776	-60.011593	262.280121	0.000000	0.000000	2.858407
-22.398825	-60.228622	262.280121	0.000000	0.000000	2.858407
-22.607588	-60.443043	262.280121	0.000000	0.000000	2.858407
-22.819029	-60.654827	262.280121	0.000000	0.000000	2.858407
-23.033112	-60.863934	262.280121	0.000000	0.000000	2.858407
-23.249807	-61.070335	262.280121	0.000000	0.000000	2.858407
-23.469080	-61.273998	262.280121	0.000000	0.000000	2.858407
-23.690895	-61.474892	262.280121	0.000000	0.000000	2.858407
-23.915216	-61.672977	262.280121	0.000000	0.000000	2.858407
-24.142010	-61.868233	262.280121	0.000000	0.000000	2.858407
-24.371239	-62.060619	262.280121	0.000000	0.000000	2.858407
-24.602865	-62.250111	262.280121	0.000000	0.000000	2.858407
-24.836855	-62.436680	262.280121	0.000000	0.000000	2.858407
-25.073174	-62.620293	262.280121	0.000000	0.000000	2.858407
-25.311777	-62.800919	262.280121	0.000000	0.000000	2.658407
-25.552635	-62.978535	262.280121	0.000000	0.000000	2.658407
-25.795700	-63.153107	262.280121	0.000000	0.000000	2.658407
-26.040945	-63.324615	262.280121	0.000000	0.000000	2.658407
-26.288324	-63.493027	262.280121	0.000000	0.000000	2.658407
-26.537800	-63.658314	262.280121	0.000000	0.000000	2.658407
-26.789331	-63.820454	262.280121	0.000000	0.000000	2.658407
-27.042887	-63.979424	262.280121	0.000000	0.000000	2.658407
-27.298414	-64.135193	262.280121	0.000000	0.000000	2.658407
-27.555878	-64.287735	262.280121	0.000000	0.000000	2.658407
-27.815241	-64.437035	262.280121	0.000000	0.000000	2.658407
-28.076458	-64.583061	262.280121	0.000000	0.000000	2.658407
-28.339493	-64.725800	262.280121	0.000000	0.000000	2.658407
-28.604298	-64.865211	262.280121	0.000000	0.000000	2.658407
-28.870832	-65.001289	262.280121	0.000000	0.000000	2.658407
-29.139055	-65.134010	262.280121	0.000000	0.000000	2.658407
-29.408930	-65.263344	262.280121	0.000000	0.000000	2.658407
-29.680405	-65.389282	262.280121	0.000000	0.000000	2.658407
-29.953440	-65.511795	262.280121	0.000000	0.000000	2.658407
-30.227995	-65.630867	262.280121	0.000000	0.000000	2.658407
-30.504026	-65.746483	262.280121	0.000000	0.000000	2.658407
-30.781483	-65.858620	262.280121	0.000000	0.000000	2.658407
-31.060333	-65.967262	262.280121	0.000000	0.000000	2.658407
-31.340521	-66.072388	262.280121	0.000000	0.000000	2.658407
-31.622011	-66.173988	262.280121	0.000000	0.000000	2.658407
-31.904755	-66.272041	262.280121	0.000000	0.000000	2.658407
-32.188713	-66.366539	262.280121	0.000000	0.000000	2.658407
-32.473827	-66.457458	262.280121	0.000000	0.000000	2.658407
-32.760067	-66.544785	262.280121	0.000000	0.000000	2.658407
-33.047379	-66.628510	262.280121	0.000000	0.000000	2.658407
-33.335724	-66.708611	262.280121	0.000000	0.000000	2.658407
-33.625050	-66.785088	262.280121	0.000000	0.000000	2.658407
-33.915318	-66.857925	262.280121	0.000000	0.000000	2.658407
-34.206474	-66.927109	262.280121	0.000000	0.000000	2.658407
-34.498478	-66.992630	262.280121	0.000000	0.000000	2.658407
-34.791279	-67.054474	262.280121	0.000000	0.000000	2.458407
-35.084839	-67.112633	262.280121	0.000000	0.000000	2.458407
-35.379101	-67.167099	262.280121	0.000000	0.000000	2.458407
-35.674030	-67.217857	262.280121	0.000000	0.000000	2.458407
-35.969574	-67.264915	262.280121	0.000000	0.000000	2.458407
-36.265682	-67.308250	262.280121	0.000000	0.000000	2.458407
-36.562313	-67.347862	262.280121	0.000000	0.000000	2.458407
-36.859413	-67.383743	262.280121	0.000000	0.000000	2.458407
-37.156948	-67.415886	262.280121	0.000000	0.000000	2.458407
-37.454861	-67.444290	262.280121	0.000000	0.000000	2.458407
-37.753109	-67.468948	262.280121	0.000000	0.000000	2.458407
-38.051640	-67.489861	262.280121	0.000000	0.000000	2.458407
-38.350410	-67.507011	262.280121	0.000000	0.000000	2.458407
-38.649376	-67.520416	262.280121	0.000000	0.000000	2.458407
-38.948483	-67.530052	262.280121	0.000000	0.000000	2.458407
-39.247692	-67.535934	262.280121	0.000000	0.000000	2.458407
-39.546944	-67.538063	262.280121	0.000000	0.000000	2.458407
-39.846203	-67.536423	262.280121	0.000000	0.000000	2.458407
-40.145420	-67.531021	262.280121	0.000000	0.000000	2.458407
-40.444542	-67.521866	262.280121	0.000000	0.000000	2.458407
-40.743526	-67.508949	262.280121	0.000000	0.000000	2.458407
-41.042324	-67.492271	262.280121	0.000000	0.000000	2.458407
-41.230015	-67.479874	262.280121	0.000000	0.000000	2.458407
-41.319752	-67.522789	262.271423	0.000000	0.000000	2.458407
-41.565590	-67.637779	262.247681	0.000000	0.000000	2.458407
-41.813622	-67.750031	262.223846	0.000000	0.000000	2.458407
-42.063805	-67.859505	262.199982	0.000000	0.000000	2.458407
-42.316116	-67.966164	262.175995	0.000000	0.000000	2.458407
-42.570518	-68.069992	262.151978	0.000000	0.000000	2.458407
-42.826981	-68.170944	262.127869	0.000000	0.000000	2.458407
-43.085464	-68.268997	262.103729	0.000000	0.000000	2.458407
-43.345940	-68.364113	262.079498	0.000000	0.000000	2.458407
-43.608368	-68.456276	262.055176	0.000000	0.000000	2.458407
-43.872711	-68.545448	262.030823	0.000000	0.000000	2.458407
-44.138943	-68.631599	262.006409	0.000000	0.000000	2.458407
-44.407017	-68.714706	261.981903	0.000000	0.000000	2.458407
-44.676903	-68.794731	261.957367	0.000000	0.000000	2.458407
-44.948563	-68.871658	261.932739	0.000000	0.000000	2.458407
-45.221958	-68.945457	261.908081	0.000000	0.000000	2.258407
-45.497051	-69.016098	261.883362	0.000000	0.000000	2.258407
-45.773808	-69.083565	261.858551	0.000000	0.000000	2.258407
-46.052185	-69.147812	261.833710	0.000000	0.000000	2.258407
-46.332146	-69.208832	261.808807	0.000000	0.000000	2.258407
-46.613651	-69.266594	261.783844	0.000000	0.000000	2.258407
-46.896660	-69.321075	261.758850	0.000000	0.000000	2.258407
-47.181129	-69.372253	261.733765	0.000000	0.000000	2.258407
-47.467033	-69.420097	261.708649	0.000000	0.000000	2.258407
-47.754314	-69.464592	261.683502	0.000000	0.000000	2.258407
-48.042942	-69.505714	261.658264	0.000000	0.000000	2.258407
-48.332874	-69.543442	261.632996	0.000000	0.000000	2.258407
-48.624069	-69.577759	261.607697	0.000000	0.000000	2.258407
-48.916485	-69.608627	261.582336	0.000000	0.000000	2.258407
-49.210072	-69.636047	261.556915	0.000000	0.000000	2.258407
-49.504799	-69.659988	261.531464	0.000000	0.000000	2.258407
-49.800617	-69.680428	261.505981	0.000000	0.000000	2.258407
-50.097488	-69.697357	261.480438	0.000000	0.000000	2.258407
-50.395370	-69.710754	261.454834	0.000000	0.000000	2.258407
-50.694214	-69.720604	261.429230	0.000000	0.000000	2.258407
-50.993980	-69.726883	261.403564	0.000000	0.000000	2.258407
-51.294624	-69.729584	261.377838	0.000000	0.000000	2.258407
-51.596096	-69.728676	261.352112	0.000000	0.000000	2.258407
-51.898365	-69.724159	261.326324	0.000000	0.000000	2.258407
-52.201374	-69.716011	261.300507	0.000000	0.000000	2.258407
-52.505085	-69.704216	261.274658	0.000000	0.000000	2.258407
-52.809452	-69.688766	261.248779	0.000000	0.000000	2.258407
-53.114429	-69.669647	261.222870	0.000000	0.000000	2.258407
-53.419968	-69.646843	261.196930	0.000000	0.000000	2.258407
-53.726028	-69.620346	261.170929	0.000000	0.000000	2.258407
-54.032562	-69.590141	261.144928	0.000000	0.000000	2.258407
-54.339527	-69.556213	261.118896	0.000000	0.000000	2.258407
-54.646873	-69.518562	261.092834	0.000000	0.000000	2.258407
-54.954556	-69.477173	261.066742	0.000000	0.000000	2.258407
-55.262527	-69.432037	261.040619	0.000000	0.000000	2.258407
-55.570744	-69.383148	261.014465	0.000000	0.000000	2.258407
-55.879154	-69.330490	260.988312	0.000000	0.000000	2.258407
-56.187717	-69.274063	260.962097	0.000000	0.000000	2.258407
-56.496387	-69.213860	260.935913	0.000000	0.000000	2.258407
-56.805111	-69.149872	260.909668	0.000000	0.000000	2.258407
-57.113842	-69.082092	260.883423	0.000000	0.000000	2.258407
-57.422539	-69.010521	260.857147	0.000000	0.000000	2.058407
-57.731155	-68.935143	260.830841	0.000000	0.000000	2.058407
-58.039631	-68.855972	260.804565	0.000000	0.000000	2.058407
-58.347931	-68.772987	260.778229	0.000000	0.000000	2.058407
-58.656006	-68.686195	260.751892	0.000000	0.000000	2.058407
-58.963806	-68.595589	260.725555	0.000000	0.000000	2.058407
-59.271286	-68.501175	260.699188	0.000000	0.000000	2.058407
-59.578392	-68.402939	260.672821	0.000000	0.000000	2.058407
-59.885086	-68.300896	260.646423	0.000000	0.000000	2.058407
-60.191315	-68.195038	260.620056	0.000000	0.000000	2.058407
-60.497028	-68.085365	260.593658	0.000000	0.000000	2.058407
-60.802185	-67.971878	260.567230	0.000000	0.000000	2.058407
-61.106728	-67.854584	260.540833	0.000000	0.000000	2.058407
-61.410622	-67.733482	260.514404	0.000000	0.000000	2.058407
-61.713810	-67.608582	260.487976	0.000000	0.000000	2.058407
-62.016247	-67.479874	260.461548	0.000000	0.000000	2.058407
-62.317883	-67.347374	260.435150	0.000000	0.000000	2.058407
-62.618679	-67.211082	260.408722	0.000000	0.000000	2.058407
-62.918575	-67.071007	260.382294	0.000000	0.000000	2.058407
-63.217533	-66.927147	260.355865	0.000000	0.000000	2.058407
-63.515499	-66.779526	260.329437	0.000000	0.000000	2.058407
-63.812431	-66.628136	260.303009	0.000000	0.000000	2.058407
-64.108276	-66.472984	260.276581	0.000000	0.000000	2.058407
-64.402985	-66.314095	260.250183	0.000000	0.000000	2.058407
-64.696526	-66.151459	260.223785	0.000000	0.000000	2.058407
-64.988838	-65.985092	260.197388	0.000000	0.000000	2.058407
-65.279877	-65.815018	260.170990	0.000000	0.000000	2.058407
-65.569588	-65.641228	260.144623	0.000000	0.000000	2.058407
-65.857941	-65.463745	260.118256	0.000000	0.000000	2.058407
-66.144875	-65.282578	260.091888	0.000000	0.000000	2.058407
-66.430351	-65.097740	260.065552	0.000000	0.000000	2.058407
-66.714317	-64.909248	260.039215	0.000000	0.000000	2.058407
-66.996735	-64.717110	260.012909	0.000000	0.000000	2.058407
-67.277550	-64.521339	259.986603	0.000000	0.000000	1.858407
-67.556725	-64.321960	259.960327	0.000000	0.000000	1.858407
-67.834198	-64.118980	259.934052	0.000000	0.000000	1.858407
-68.109940	-63.912426	259.907806	0.000000	0.000000	1.858407
-68.383896	-63.702301	259.881592	0.000000	0.000000	1.858407
-68.656029	-63.488628	259.855377	0.000000	0.000000	1.858407
-68.926285	-63.271427	259.829193	0.000000	0.000000	1.858407
-69.194618	-63.050716	259.803040	0.000000	0.000000	1.858407
-69.460999	-62.826511	259.776917	0.000000	0.000000	1.858407
-69.725357	-62.598839	259.750793	0.000000	0.000000	1.858407
-69.987671	-62.367710	259.724701	0.000000	0.000000	1.858407
-70.247894	-62.133152	259.698639	0.000000	0.000000	1.858407
-70.505966	-61.895187	259.672607	0.000000	0.000000	1.858407
-70.761864	-61.653831	259.646606	0.000000	0.000000	1.858407
-71.015526	-61.409115	259.620667	0.000000	0.000000	1.858407
-71.266922	-61.161053	259.594727	0.000000	0.000000	1.858407
-71.515999	-60.909676	259.568817	0.000000	0.000000	1.858407
-71.762726	-60.655006	259.542938	0.000000	0.000000	1.858407
-72.007050	-60.397064	259.517090	0.000000	0.000000	1.858407
-72.248932	-60.135880	259.491302	0.000000	0.000000	1.858407
-72.488335	-59.871475	259.465515	0.000000	0.000000	1.858407
-72.725212	-59.603882	259.439789	0.000000	0.000000	1.858407
-72.959526	-59.333118	259.414093	0.000000	0.000000	1.858407
-73.191238	-59.059219	259.388458	0.000000	0.000000	1.858407
-73.420296	-58.782215	259.362854	0.000000	0.000000	1.858407
-73.646667	-58.502125	259.337280	0.000000	0.000000	1.858407
-73.870308	-58.218987	259.311737	0.000000	0.000000	1.858407
-74.091187	-57.932819	259.286255	0.000000	0.000000	1.858407
-74.309265	-57.643661	259.260834	0.000000	0.000000	1.658407
-74.524490	-57.351543	259.235443	0.000000	0.000000	1.658407
-74.736839	-57.056488	259.210083	0.000000	0.000000	1.658407
-74.946259	-56.758537	259.184784	0.000000	0.000000	1.658407
-75.152725	-56.457718	259.159546	0.000000	0.000000	1.658407
-75.356194	-56.154057	259.134338	0.000000	0.000000	1.658407
-75.556625	-55.847599	259.109192	0.000000	0.000000	1.658407
-75.753990	-55.538372	259.084076	0.000000	0.000000	1.658407
-75.948250	-55.226402	259.059052	0.000000	0.000000	1.658407
-76.139359	-54.911736	259.034058	0.000000	0.000000	1.658407
-76.327293	-54.594402	259.009094	0.000000	0.000000	1.658407
-76.512016	-54.274437	258.984222	0.000000	0.000000	1.658407
-76.693489	-53.951874	258.959381	0.000000	0.000000	1.658407
-76.871681	-53.626751	258.934631	0.000000	0.000000	1.658407
-77.046555	-53.299103	258.909912	0.000000	0.000000	1.658407
-77.218079	-52.968967	258.885254	0.000000	0.000000	1.658407
-77.386223	-52.636387	258.860657	0.000000	0.000000	1.658407
-77.550949	-52.301392	258.836151	0.000000	0.000000	1.658407
-77.712227	-51.964027	258.811676	0.000000	0.000000	1.658407
-77.870026	-51.624325	258.787262	0.000000	0.000000	1.658407
-78.024323	-51.282326	258.762909	0.000000	0.000000	1.658407
-78.175064	-50.938076	258.738647	0.000000	0.000000	1.658407
-78.322243	-50.591602	258.714447	0.000000	0.000000	1.658407
-78.465820	-50.242958	258.690308	0.000000	0.000000	1.658407
-78.605774	-49.892178	258.666229	0.000000	0.000000	1.658407
-78.742065	-49.539303	258.642212	0.000000	0.000000	1.658407
-78.874664	-49.184372	258.618286	0.000000	0.000000	1.458407
-79.003548	-48.827435	258.594421	0.000000	0.000000	1.458407
-79.128693	-48.468525	258.570618	0.000000	0.000000	1.458407
-79.250069	-48.107689	258.546906	0.000000	0.000000	1.458407
-79.367645	-47.744968	258.523254	0.000000	0.000000	1.458407
-79.481407	-47.380409	258.499695	0.000000	0.000000	1.458407
-79.591316	-47.014053	258.476196	0.000000	0.000000	1.458407
-79.697357	-46.645939	258.452759	0.000000	0.000000	1.458407
-79.799500	-46.276119	258.429413	0.000000	0.000000	1.458407
-79.897720	-45.904636	258.406158	0.000000	0.000000	1.458407
-79.992004	-45.531528	258.382965	0.000000	0.000000	1.458407
-80.082321	-45.156849	258.359863	0.000000	0.000000	1.458407
-80.168648	-44.780640	258.336853	0.000000	0.000000	1.458407
-80.250969	-44.402946	258.313904	0.000000	0.000000	1.458407
-80.329262	-44.023811	258.291046	0.000000	0.000000	1.458407
-80.403496	-43.643291	258.268280	0.000000	0.000000	1.458407
-80.473663	-43.261421	258.245575	0.000000	0.000000	1.458407
-80.539742	-42.878254	258.222961	0.000000	0.000000	1.458407
-80.601715	-42.493835	258.200439	0.000000	0.000000	1.458407
-80.659554	-42.108212	258.178009	0.000000	0.000000	1.458407
-80.713249	-41.721432	258.155670	0.000000	0.000000	1.458407
-80.762787	-41.333542	258.133423	0.000000	0.000000	1.458407
-80.808144	-40.944595	258.111267	0.000000	0.000000	1.458407
-80.849304	-40.554630	258.089203	0.000000	0.000000	1.258407
-80.886261	-40.163704	258.067200	0.000000	0.000000	1.258407
-80.918991	-39.771862	258.045319	0.000000	0.000000	1.258407
-80.947479	-39.379154	258.023529	0.000000	0.000000	1.258407
-80.971718	-38.985622	258.001831	0.000000	0.000000	1.258407
-80.991692	-38.591324	257.980225	0.000000	0.000000	1.258407
-81.007385	-38.196312	257.958710	0.000000	0.000000	1.258407
-81.018784	-37.800629	257.937286	0.000000	0.000000	1.258407
-81.025894	-37.404320	257.915985	0.000000	0.000000	1.258407
-81.028679	-37.007446	257.894775	0.000000	0.000000	1.258407
-81.027153	-36.610050	257.873657	0.000000	0.000000	1.258407
-81.021294	-36.212181	257.852631	0.000000	0.000000	1.258407
-81.011093	-35.813896	257.831726	0.000000	0.000000	1.258407
-80.996544	-35.415245	257.810913	0.000000	0.000000	1.258407
-80.977638	-35.016273	257.790192	0.000000	0.000000	1.258407
-80.954369	-34.617031	257.769592	0.000000	0.000000	1.258407
-80.926727	-34.217571	257.749084	0.000000	0.000000	1.258407
-80.894714	-33.817951	257.728668	0.000000	0.000000	1.258407
-80.858330	-33.418205	257.708374	0.000000	0.000000	1.258407
-80.817551	-33.018402	257.688202	0.000000	0.000000	1.258407
-80.772385	-32.618587	257.668121	0.000000	0.000000	1.258407
-80.722824	-32.218807	257.648163	0.000000	0.000000	1.258407
-80.668869	-31.819115	257.628296	0.000000	0.000000	1.058407
-80.610519	-31.419565	257.608551	0.000000	0.000000	1.058407
-80.547775	-31.020212	257.588898	0.000000	0.000000	1.058407
-80.480629	-30.621096	257.569366	0.000000	0.000000	1.058407
-80.409081	-30.222279	257.549957	0.000000	0.000000	1.058407
-80.333130	-29.823805	257.530670	0.000000	0.000000	1.058407
-80.252785	-29.425728	257.511475	0.000000	0.000000	1.058407
-80.168045	-29.028103	257.492401	0.000000	0.000000	1.058407
-80.078911	-28.630976	257.473450	0.000000	0.000000	1.058407
-79.985390	-28.234398	257.454590	0.000000	0.000000	1.058407
-79.887474	-27.838432	257.435883	0.000000	0.000000	1.058407
-79.785172	-27.443115	257.417267	0.000000	0.000000	1.058407
-79.678497	-27.048506	257.398773	0.000000	0.000000	1.058407
-79.567451	-26.654654	257.380402	0.000000	0.000000	1.058407
-79.452034	-26.261610	257.362152	0.000000	0.000000	1.058407
-79.332253	-25.869429	257.344025	0.000000	0.000000	1.058407
-79.208122	-25.478155	257.326019	0.000000	0.000000	1.058407
-79.079643	-25.087845	257.308105	0.000000	0.000000	1.058407
-78.946823	-24.698545	257.290344	0.000000	0.000000	1.058407
-78.809685	-24.310316	257.272705	0.000000	0.000000	0.858407
-78.668221	-23.923199	257.255188	0.000000	0.000000	0.858407
-78.522453	-23.537247	257.237793	0.000000	0.000000	0.858407
-78.372383	-23.152514	257.220520	0.000000	0.000000	0.858407
-78.218033	-22.769041	257.203400	0.000000	0.000000	0.858407
-78.059402	-22.386892	257.186371	0.000000	0.000000	0.858407
-77.896515	-22.006109	257.169495	0.000000	0.000000	0.858407
-77.729378	-21.626745	257.152710	0.000000	0.000000	0.858407
-77.558014	-21.248850	257.136078	0.000000	0.000000	0.858407
-77.382423	-20.872469	257.119598	0.000000	0.000000	0.858407
-77.202637	-20.497656	257.103210	0.000000	0.000000	0.858407
-77.018654	-20.124462	257.086975	0.000000	0.000000	0.858407
-76.830505	-19.752928	257.070862	0.000000	0.000000	0.858407
-76.638199	-19.383116	257.054901	0.000000	0.000000	0.858407
-76.441757	-19.015066	257.039032	0.000000	0.000000	0.858407
-76.241203	-18.648829	257.023315	0.000000	0.000000	0.858407
-76.036537	-18.284451	257.007751	0.000000	0.000000	0.858407
-75.827797	-17.921986	256.992310	0.000000	0.000000	0.658407
-75.614998	-17.561476	256.976990	0.000000	0.000000	0.658407
-75.398163	-17.202974	256.961823	0.000000	0.000000	0.658407
-75.177299	-16.846521	256.946777	0.000000	0.000000	0.658407
-74.952446	-16.492176	256.931885	0.000000	0.000000	0.658407
-74.723618	-16.139975	256.917114	0.000000	0.000000	0.658407
-74.490837	-15.789970	256.902496	0.000000	0.000000	0.658407
-74.254128	-15.442202	256.888000	0.000000	0.000000	0.658407
-74.013512	-15.096728	256.873657	0.000000	0.000000	0.658407
-73.769012	-14.753585	256.859467	0.000000	0.000000	0.658407
-73.520668	-14.412820	256.845398	0.000000	0.000000	0.658407
-73.268486	-14.074483	256.831451	0.000000	0.000000	0.658407
-73.012505	-13.738615	256.817688	0.000000	0.000000	0.658407
-72.752747	-13.405264	256.804047	0.000000	0.000000	0.658407
-72.489243	-13.074471	256.790527	0.000000	0.000000	0.658407
-72.228996	-12.733959	256.775940	0.000000	0.000000	0.658407
-71.972504	-12.382381	256.760132	0.000000	0.000000	0.458407
-71.712013	-12.033319	256.744446	0.000000	0.000000	0.458407
-71.447563	-11.686817	256.728912	0.000000	0.000000	0.458407
-71.179176	-11.342923	256.713531	0.000000	0.000000	0.458407
-70.906883	-11.001686	256.698303	0.000000	0.000000	0.458407
-70.630699	-10.663152	256.683197	0.000000	0.000000	0.458407
-70.350670	-10.327364	256.668274	0.000000	0.000000	0.458407
-70.066826	-9.994370	256.653473	0.000000	0.000000	0.458407
-69.779182	-9.664215	256.638824	0.000000	0.000000	0.458407
-69.487785	-9.336946	256.624329	0.000000	0.000000	0.458407
-69.192665	-9.012606	256.609985	0.000000	0.000000	0.458407
-68.893845	-8.691238	256.595795	0.000000	0.000000	0.258407
-68.591370	-8.372889	256.581726	0.000000	0.000000	0.258407
-68.285263	-8.057600	256.567841	0.000000	0.000000	0.258407
-67.975555	-7.745415	256.554108	0.000000	0.000000	0.258407
-67.662292	-7.436380	256.540527	0.000000	0.000000	0.258407
-67.345505	-7.130530	256.527069	0.000000	0.000000	0.258407
-67.025230	-6.827915	256.513794	0.000000	0.000000	0.258407
-66.701500	-6.528569	256.500671	0.000000	0.000000	0.258407
-66.374359	-6.232539	256.487701	0.000000	0.000000	0.258407
-66.043831	-5.939863	256.474854	0.000000	0.000000	0.258407
-65.709961	-5.650581	256.462219	0.000000	0.000000	0.058407
-65.372787	-5.364736	256.449707	0.000000	0.000000	0.058407
-65.032356	-5.082365	256.437347	0.000000	0.000000	0.058407
-64.688690	-4.803504	256.425140	0.000000	0.000000	0.058407
-64.341835	-4.528196	256.413116	0.000000	0.000000	0.058407
-63.991837	-4.256478	256.401245	0.000000	0.000000	0.058407
-63.638733	-3.988387	256.389526	0.000000	0.000000	0.058407
-63.282562	-3.723958	256.377960	0.000000	0.000000	0.058407
-62.923363	-3.463231	256.366547	0.000000	0.000000	0.058407
-62.561184	-3.206239	256.355316	0.000000	0.000000	-0.141593
-62.196060	-2.953019	256.344238	0.000000	0.000000	-0.141593
-61.828041	-2.703607	256.333313	0.000000	0.000000	-0.141593
-61.457165	-2.458036	256.322540	0.000000	0.000000	-0.141593
-61.083477	-2.216340	256.311951	0.000000	0.000000	-0.141593
-60.707024	-1.978554	256.301514	0.000000	0.000000	-0.141593
-60.327847	-1.744708	256.291229	0.000000	0.000000	-0.141593
-59.945988	-1.514839	256.281128	0.000000	0.000000	-0.141593
-59.561497	-1.288974	256.271179	0.000000	0.000000	-0.141593
-59.174416	-1.067150	256.261414	0.000000	0.000000	-0.341593
-58.784794	-0.849392	256.251770	0.000000	0.000000	-0.341593
-58.392673	-0.635734	256.242340	0.000000	0.000000	-0.341593
-57.998104	-0.426203	256.233032	0.000000	0.000000	-0.341593
-57.601131	-0.220833	256.223907	0.000000	0.000000	-0.341593
-57.201801	-0.019647	256.214966	0.000000	0.000000	-0.341593
-56.800167	0.177323	256.206146	0.000000	0.000000	-0.341593
-56.396271	0.370052	256.197540	0.000000	0.000000	-0.341593
-55.990162	0.558513	256.189087	0.000000	0.000000	-0.341593
-55.581890	0.742677	256.180786	0.000000	0.000000	-0.541593
-55.171505	0.922519	256.172638	0.000000	0.000000	-0.541593
-54.759056	1.098017	256.164703	0.000000	0.000000	-0.541593
-54.344589	1.269142	256.156891	0.000000	0.000000	-0.541593
-53.928162	1.435872	256.149292	0.000000	0.000000	-0.541593
-53.509815	1.598184	256.141815	0.000000	0.000000	-0.541593
-53.089603	1.756058	256.134552	0.000000	0.000000	-0.541593
-52.667580	1.909465	256.127411	0.000000	0.000000	-0.541593
-52.243793	2.058389	256.120483	0.000000	0.000000	-0.741593
-51.818295	2.202806	256.113708	0.000000	0.000000	-0.741593
-51.391136	2.342696	256.107086	0.000000	0.000000	-0.741593
-50.962368	2.478041	256.100647	0.000000	0.000000	-0.741593
-50.532047	2.608822	256.094391	0.000000	0.000000	-0.741593
-50.100220	2.735017	256.088287	0.000000	0.000000	-0.741593
-49.666939	2.856611	256.082367	0.000000	0.000000	-0.741593
-49.232262	2.973588	256.076599	0.000000	0.000000	-0.741593
-48.796238	3.085927	256.071014	0.000000	0.000000	-0.941593
-48.358921	3.193616	256.065613	0.000000	0.000000	-0.941593
-47.920364	3.296638	256.060364	0.000000	0.000000	-0.941593
-47.480621	3.394979	256.055298	0.000000	0.000000	-0.941593
-47.039749	3.488622	256.050415	0.000000	0.000000	-0.941593
-46.597794	3.577556	256.045685	0.000000	0.000000	-0.941593
-46.154816	3.661771	256.041138	0.000000	0.000000	-0.941593
-45.710869	3.741250	256.036774	0.000000	0.000000	-0.941593
-45.266003	3.815983	256.032562	0.000000	0.000000	-0.941593
-44.820278	3.885961	256.028534	0.000000	0.000000	-0.941593
-44.373745	3.951169	256.024658	0.000000	0.000000	-1.141593
-43.926456	4.011606	256.020966	0.000000	0.000000	-1.141593
-43.478474	4.067255	256.017456	0.000000	0.000000	-1.141593
-43.029846	4.118110	256.014130	0.000000	0.000000	-1.141593
-42.580631	4.164164	256.010956	0.000000	0.000000	-1.141593
-42.130886	4.205413	256.007965	0.000000	0.000000	-1.141593
-41.680660	4.241845	256.005157	0.000000	0.000000	-1.141593
-41.230015	4.273458	256.002533	0.000000	0.000000	-1.141593
-40.778999	4.300245	256.000061	0.000000	0.000000	-1.341593
-40.327675	4.322206	255.997757	0.000000	0.000000	-1.341593
-39.876095	4.339333	255.995636	0.000000	0.000000	-1.341593
-39.424313	4.351626	255.993698	0.000000	0.000000	-1.341593
-38.972385	4.359077	255.991928	0.000000	0.000000	-1.341593
-38.520367	4.361695	255.990326	0.000000	0.000000	-1.541593
-38.068317	4.359467	255.988907	0.000000	0.000000	-1.541593
-37.616287	4.352400	255.987671	0.000000	0.000000	-1.541593
-37.164333	4.340493	255.986588	0.000000	0.000000	-1.541593
-36.712513	4.323748	255.985703	0.000000	0.000000	-1.541593
-36.298740	4.304783	255.984970	0.000000	0.000000	-1.541593
-36.145775	4.301139	255.984344	0.000000	0.000000	-1.541593
-35.992794	4.296412	255.983887	0.000000	0.000000	0.000000
-35.839821	4.290600	255.983612	0.000000	0.000000	0.000000
-35.686848	4.283702	255.983505	0.000000	0.000000	0.000000
-35.533897	4.275720	255.983582	0.000000	0.000000	0.000000
-35.380970	4.266652	255.983826	0.000000	0.000000	0.000000
-35.228077	4.256501	255.984253	0.000000	0.000000	0.000000
-35.075226	4.245262	255.984848	0.000000	0.000000	0.000000
-34.922428	4.232939	255.985626	0.000000	0.000000	0.000000
-34.769688	4.219533	255.986572	0.000000	0.000000	0.000000
-34.617016	4.205039	255.987686	0.000000	0.000000	0.000000
-34.464413	4.189458	255.988983	0.000000	0.000000	0.000000
-34.311901	4.172797	255.990463	0.000000	0.000000	0.000000
-34.159477	4.155049	255.992111	0.000000	0.000000	0.000000
-34.007160	4.136217	255.993927	0.000000	0.000000	0.000000
-33.854950	4.116301	255.995926	0.000000	0.000000	0.000000
-33.702854	4.095300	255.998093	0.000000	0.000000	-1.741593
-33.550892	4.073220	256.000427	0.000000	0.000000	-1.741593
-33.399055	4.050057	256.002960	0.000000	0.000000	-1.741593
-33.247368	4.025817	256.005646	0.000000	0.000000	-1.741593
-33.095825	4.000492	256.008514	0.000000	0.000000	-1.741593
-32.944450	3.974091	256.011566	0.000000	0.000000	-1.741593
-32.793240	3.946610	256.014771	0.000000	0.000000	-1.741593
-32.642204	3.918053	256.018158	0.000000	0.000000	-1.741593
-32.491356	3.888420	256.021729	0.000000	0.000000	-1.741593
-32.340702	3.857714	256.025482	0.000000	0.000000	0.000000
-32.190243	3.825931	256.029388	0.000000	0.000000	0.000000
-32.039997	3.793081	256.033478	0.000000	0.000000	0.000000
-31.889971	3.759156	256.037720	0.000000	0.000000	0.000000
-31.740171	3.724167	256.042145	0.000000	0.000000	0.000000
-31.590607	3.688103	256.046753	0.000000	0.000000	0.000000
-31.441284	3.650980	256.051544	0.000000	0.000000	0.000000
-31.292215	3.612792	256.056488	0.000000	0.000000	0.000000
-31.143404	3.573542	256.061584	0.000000	0.000000	0.000000
-30.994858	3.533228	256.066895	0.000000	0.000000	0.000000
-30.846592	3.491859	256.072357	0.000000	0.000000	0.000000
-30.698610	3.449432	256.077972	0.000000	0.000000	0.000000
-30.550919	3.405952	256.083801	0.000000	0.000000	0.000000
-30.403530	3.361422	256.089752	0.000000	0.000000	0.000000
-30.256447	3.315838	256.095917	0.000000	0.000000	0.000000
-30.109684	3.269209	256.102234	0.000000	0.000000	0.000000
-29.963247	3.221534	256.108734	0.000000	0.000000	0.000000
-29.817142	3.172817	256.115387	0.000000	0.000000	0.000000
-29.671377	3.123058	256.122223	0.000000	0.000000	0.000000
-29.525963	3.072263	256.129211	0.000000	0.000000	0.000000
-29.380907	3.020435	256.136383	0.000000	0.000000	0.000000
-29.236214	2.967569	256.143707	0.000000	0.000000	0.000000
-29.091900	2.913679	256.151215	0.000000	0.000000	0.000000
-28.947966	2.858759	256.158875	0.000000	0.000000	-1.941593
-28.804417	2.802818	256.166718	0.000000	0.000000	0.000000
-28.661268	2.745852	256.174744	0.000000	0.000000	0.000000
-28.518526	2.687875	256.182922	0.000000	0.000000	0.000000
-28.376196	2.628876	256.191254	0.000000	0.000000	0.000000
-28.234283	2.568871	256.199768	0.000000	0.000000	0.000000
-28.092808	2.507856	256.208435	0.000000	0.000000	0.000000
-27.951763	2.445838	256.217285	0.000000	0.000000	0.000000
-27.811165	2.382820	256.226288	0.000000	0.000000	0.000000
-27.671019	2.318799	256.235474	0.000000	0.000000	0.000000
-27.531330	2.253787	256.244812	0.000000	0.000000	0.000000
-27.392113	2.187784	256.254333	0.000000	0.000000	0.000000
-27.253368	2.120796	256.263977	0.000000	0.000000	0.000000
-27.115108	2.052820	256.273834	0.000000	0.000000	0.000000
-26.977341	1.983869	256.283813	0.000000	0.000000	0.000000
-26.840063	1.913938	256.293976	0.000000	0.000000	0.000000
-26.703299	1.843038	256.304291	0.000000	0.000000	0.000000
-26.567045	1.771173	256.314789	0.000000	0.000000	0.000000
-26.431311	1.698342	256.325439	0.000000	0.000000	0.000000
-26.296106	1.624555	256.336243	0.000000	0.000000	0.000000
-26.161438	1.549808	256.347198	0.000000	0.000000	0.000000
-26.027309	1.474110	256.358337	0.000000	0.000000	0.000000
-25.893730	1.397471	256.369629	0.000000	0.000000	0.000000
-25.760710	1.319884	256.381073	0.000000	0.000000	0.000000
-25.628254	1.241361	256.392700	0.000000	0.000000	0.000000
-25.496368	1.161907	256.404449	0.000000	0.000000	-2.141593
-25.365061	1.081520	256.416382	0.000000	0.000000	-2.141593
-25.234341	1.000213	256.428467	0.000000	0.000000	-2.141593
-25.104216	0.917984	256.440704	0.000000	0.000000	-2.141593
-24.974688	0.834838	256.453094	0.000000	0.000000	-2.141593
-24.845762	0.750787	256.465668	0.000000	0.000000	-2.141593
-24.717459	0.665830	256.478363	0.000000	0.000000	0.000000
-24.589769	0.579972	256.491241	0.000000	0.000000	0.000000
-24.462711	0.493220	256.504272	0.000000	0.000000	0.000000
-24.336288	0.405576	256.517426	0.000000	0.000000	0.000000
-24.210503	0.317047	256.530762	0.000000	0.000000	0.000000
-24.085365	0.227638	256.544250	0.000000	0.000000	0.000000
-23.960882	0.137360	256.557892	0.000000	0.000000	0.000000
-23.837063	0.046208	256.571686	0.000000	0.000000	0.000000
-23.713909	-0.045810	256.585632	0.000000	0.000000	0.000000
-23.591429	-0.138684	256.599701	0.000000	0.000000	0.000000
-23.469629	-0.232411	256.613953	0.000000	0.000000	0.000000
-23.348516	-0.326985	256.628357	0.000000	0.000000	0.000000
-23.228098	-0.422403	256.642883	0.000000	0.000000	0.000000
-23.108376	-0.518655	256.657593	0.000000	0.000000	0.000000
-22.989361	-0.615741	256.672424	0.000000	0.000000	0.000000
-22.871061	-0.713650	256.687408	0.000000	0.000000	0.000000
-22.753475	-0.812379	256.702545	0.000000	0.000000	0.000000
-22.636616	-0.911920	256.717834	0.000000	0.000000	0.000000
-22.520487	-1.012273	256.733246	0.000000	0.000000	-2.341593
-22.405092	-1.113425	256.748810	0.000000	0.000000	-2.341593
-22.290445	-1.215375	256.764526	0.000000	0.000000	-2.341593
-22.176540	-1.318112	256.780396	0.000000	0.000000	-2.341593
-22.063393	-1.421635	256.796417	0.000000	0.000000	-2.341593
-21.951004	-1.525934	256.812561	0.000000	0.000000	-2.341593
-21.839382	-1.631007	256.828857	0.000000	0.000000	-2.341593
-21.728531	-1.736845	256.845276	0.000000	0.000000	-2.341593
-21.618454	-1.843443	256.861847	0.000000	0.000000	-2.341593
-21.509163	-1.950791	256.878571	0.000000	0.000000	-2.341593
-21.400658	-2.058889	256.895416	0.000000	0.000000	-2.341593
-21.292946	-2.167725	256.912415	0.000000	0.000000	-2.341593
-21.186031	-2.277295	256.929535	0.000000	0.000000	-2.341593
-21.079926	-2.387595	256.946808	0.000000	0.000000	-2.341593
-20.974625	-2.498614	256.964233	0.000000	0.000000	0.000000
-20.870140	-2.610346	256.981750	0.000000	0.000000	0.000000
-20.766476	-2.722787	256.999451	0.000000	0.000000	0.000000
-20.663633	-2.835930	257.017242	0.000000	0.000000	0.000000
-20.561623	-2.949765	257.035187	0.000000	0.000000	0.000000
-20.460447	-3.064291	257.053284	0.000000	0.000000	0.000000
-20.360113	-3.179497	257.071503	0.000000	0.000000	0.000000
-20.260622	-3.295376	257.089844	0.000000	0.000000	0.000000
-20.161980	-3.411922	257.108307	0.000000	0.000000	0.000000
-20.064190	-3.529130	257.126923	0.000000	0.000000	0.000000
-19.967262	-3.646994	257.145660	0.000000	0.000000	-2.541593
-19.871195	-3.765502	257.164520	0.000000	0.000000	-2.541593
-19.775997	-3.884651	257.183502	0.000000	0.000000	-2.541593
-19.681669	-4.004431	257.202637	0.000000	0.000000	-2.541593
-19.588223	-4.124841	257.221893	0.000000	0.000000	-2.541593
-19.495655	-4.245865	257.241272	0.000000	0.000000	-2.541593
-19.403971	-4.367503	257.260773	0.000000	0.000000	-2.541593
-19.313181	-4.489747	257.280396	0.000000	0.000000	-2.541593
-19.223282	-4.612584	257.300140	0.000000	0.000000	-2.541593
-19.134279	-4.736014	257.320007	0.000000	0.000000	-2.541593
-19.046183	-4.860029	257.339996	0.000000	0.000000	-2.541593
-18.958986	-4.984616	257.360107	0.000000	0.000000	-2.541593
-18.872705	-5.109774	257.380341	0.000000	0.000000	-2.541593
-18.787334	-5.235490	257.400696	0.000000	0.000000	-2.541593
-18.702883	-5.361764	257.421173	0.000000	0.000000	-2.541593
-18.619354	-5.488585	257.441772	0.000000	0.000000	-2.541593
-18.536745	-5.615942	257.462494	0.000000	0.000000	-2.541593
-18.455070	-5.743832	257.483307	0.000000	0.000000	-2.541593
-18.374321	-5.872242	257.504272	0.000000	0.000000	-2.541593
-18.294510	-6.001174	257.525330	0.000000	0.000000	-2.541593
-18.215637	-6.130614	257.546478	0.000000	0.000000	-2.541593
-18.137709	-6.260554	257.567780	0.000000	0.000000	-2.541593
-18.060724	-6.390991	257.589172	0.000000	0.000000	0.000000
-17.984686	-6.521915	257.610687	0.000000	0.000000	0.000000
-17.909601	-6.653315	257.632294	0.000000	0.000000	-2.741593
-17.835468	-6.785191	257.654053	0.000000	0.000000	-2.741593
-17.762297	-6.917527	257.675873	0.000000	0.000000	-2.741593
-17.690083	-7.050321	257.697815	0.000000	0.000000	-2.741593
-17.618832	-7.183564	257.719879	0.000000	0.000000	-2.741593
-17.548550	-7.317246	257.742035	0.000000	0.000000	-2.741593
-17.479233	-7.451365	257.764313	0.000000	0.000000	-2.741593
-17.410891	-7.585907	257.786682	0.000000	0.000000	-2.741593
-17.343519	-7.720869	257.809174	0.000000	0.000000	-2.741593
-17.277124	-7.856239	257.831726	0.000000	0.000000	-2.741593
-17.211710	-7.992010	257.854431	0.000000	0.000000	-2.741593
-17.147276	-8.128180	257.877197	0.000000	0.000000	-2.741593
-17.083824	-8.264735	257.900085	0.000000	0.000000	-2.741593
-17.021358	-8.401670	257.923065	0.000000	0.000000	-2.741593
-16.959881	-8.538975	257.946136	0.000000	0.000000	-2.741593
-16.899391	-8.676644	257.969330	0.000000	0.000000	-2.741593
-16.839897	-8.814671	257.992615	0.000000	0.000000	-2.741593
-16.781393	-8.953042	258.015961	0.000000	0.000000	-2.741593
-16.723886	-9.091758	258.039429	0.000000	0.000000	-2.741593
-16.667376	-9.230801	258.062988	0.000000	0.000000	-2.741593
-16.611864	-9.370172	258.086639	0.000000	0.000000	-2.741593
-16.557356	-9.509859	258.110382	0.000000	0.000000	-2.741593
-16.503847	-9.649856	258.134216	0.000000	0.000000	-2.741593
-16.451345	-9.790152	258.158142	0.000000	0.000000	-2.741593
-16.399845	-9.930742	258.182159	0.000000	0.000000	-2.741593
-16.349354	-10.071618	258.206268	0.000000	0.000000	-2.741593
-16.299871	-10.212770	258.230469	0.000000	0.000000	-2.741593
-16.251394	-10.354192	258.254730	0.000000	0.000000	-2.741593
-16.203932	-10.495877	258.279083	0.000000	0.000000	-2.741593
-16.157478	-10.637814	258.303528	0.000000	0.000000	-2.741593
-16.112036	-10.779996	258.328064	0.000000	0.000000	-2.941593
-16.067614	-10.922419	258.352692	0.000000	0.000000	-2.941593
-16.024199	-11.065070	258.377380	0.000000	0.000000	-2.941593
-15.981803	-11.207945	258.402161	0.000000	0.000000	-2.941593
-15.940424	-11.351033	258.427002	0.000000	0.000000	-2.941593
-15.900056	-11.494328	258.451935	0.000000	0.000000	-2.941593
-15.860710	-11.637821	258.476929	0.000000	0.000000	-2.941593
-15.822382	-11.781506	258.502014	0.000000	0.000000	-2.941593
-15.785074	-11.925376	258.527191	0.000000	0.000000	-2.941593
-15.748782	-12.069418	258.552429	0.000000	0.000000	-2.941593
-15.713513	-12.213630	258.577728	0.000000	0.000000	-2.941593
-15.679257	-12.357997	258.603119	0.000000	0.000000	-2.941593
-15.646025	-12.502520	258.628571	0.000000	0.000000	-2.941593
-15.613817	-12.647186	258.654083	0.000000	0.000000	-2.941593
-15.582621	-12.791986	258.679688	0.000000	0.000000	-2.941593
-15.552448	-12.936915	258.705353	0.000000	0.000000	-2.941593
-15.523298	-13.081967	258.731079	0.000000	0.000000	-2.941593
-15.495166	-13.227130	258.756866	0.000000	0.000000	-2.941593
-15.468054	-13.372398	258.782745	0.000000	0.000000	-2.941593
-15.441958	-13.517764	258.808685	0.000000	0.000000	-2.941593
-15.416885	-13.663218	258.834656	0.000000	0.000000	-2.941593
-15.392830	-13.808755	258.860718	0.000000	0.000000	-2.941593
-15.369795	-13.954366	258.886841	0.000000	0.000000	-2.941593
-15.347775	-14.100041	258.912994	0.000000	0.000000	-2.941593
-15.326774	-14.245777	258.939240	0.000000	0.000000	-2.941593
-15.306789	-14.391563	258.965515	0.000000	0.000000	-2.941593
-15.287820	-14.537393	258.991882	0.000000	0.000000	-2.941593
-15.269870	-14.683260	259.018280	0.000000	0.000000	-2.941593
-15.252931	-14.829155	259.044739	0.000000	0.000000	-2.941593
-15.237004	-14.975066	259.071259	0.000000	0.000000	-2.941593
-15.222090	-15.120994	259.097839	0.000000	0.000000	-2.941593
-15.208190	-15.266927	259.124451	0.000000	0.000000	-2.941593
-15.195299	-15.412857	259.151123	0.000000	0.000000	0.000000
-15.183421	-15.558778	259.177856	0.000000	0.000000	0.000000
-15.172548	-15.704680	259.204620	0.000000	0.000000	0.000000
-15.162684	-15.850561	259.231445	0.000000	0.000000	-3.141593
-15.153824	-15.996407	259.258301	0.000000	0.000000	-3.141593
-15.145967	-16.142216	259.285217	0.000000	0.000000	-3.141593
-15.139117	-16.287977	259.312164	0.000000	0.000000	-3.141593
-15.133267	-16.433681	259.339172	0.000000	0.000000	-3.141593
-15.128416	-16.579327	259.366211	0.000000	0.000000	-3.141593
-15.124560	-16.724901	259.393280	0.000000	0.000000	-3.141593
-15.121708	-16.870401	259.420410	0.000000	0.000000	-3.141593
-15.119843	-17.015818	259.447571	0.000000	0.000000	-3.141593
-15.118974	-17.161140	259.474792	0.000000	0.000000	-3.141593
-15.119097	-17.306368	259.502014	0.000000	0.000000	-3.141593
-15.120211	-17.451488	259.529297	0.000000	0.000000	-3.141593
-15.122310	-17.596498	259.556610	0.000000	0.000000	-3.141593
-15.125394	-17.741386	259.583954	0.000000	0.000000	-3.141593
-15.129461	-17.886150	259.611328	0.000000	0.000000	-3.141593
-15.134508	-18.030779	259.638733	0.000000	0.000000	0.000000
-15.140536	-18.175268	259.666168	0.000000	0.000000	0.000000
-15.147543	-18.319607	259.693634	0.000000	0.000000	0.000000
-15.155523	-18.463793	259.721130	0.000000	0.000000	0.000000
-15.164471	-18.607817	259.748657	0.000000	0.000000	0.000000
-15.174395	-18.751671	259.776215	0.000000	0.000000	0.000000
-15.185286	-18.895351	259.803802	0.000000	0.000000	0.000000
-15.197135	-19.038849	259.831390	0.000000	0.000000	0.000000
-15.209951	-19.182156	259.859009	0.000000	0.000000	0.000000
-15.223722	-19.325268	259.886658	0.000000	0.000000	0.000000
-15.195329	-19.467226	259.910553	0.000000	0.000000	0.000000
-15.163693	-19.609451	259.934113	0.000000	0.000000	0.000000
-15.132999	-19.752056	259.957672	0.000000	0.000000	0.000000
-15.103260	-19.895033	259.981262	0.000000	0.000000	0.000000
