-190.823944	-109.129158	21.378199	1.458407	-162.656708	-231.218460	31.001553
-162.656708	-231.218460	31.001553	1.858407	-99.175125	-267.869568	37.414665
-99.175125	-267.869568	37.414665	2.258407	-99.175125	-267.869568	37.414665
-99.175125	-267.869568	37.414665	2.258407	-99.175125	-267.869568	37.414665
-99.175125	-267.869568	37.414665	2.258407	17.807823	-236.524078	37.414665
17.807823	-236.524078	37.414665	2.858407	52.841206	-115.853241	37.414665
52.841206	-115.853241	37.414665	3.058407	-153.343597	-148.224167	201.926758
-190.823944	-109.129158	21.378199	1.458407	-162.656708	-231.218460	31.001553
-162.656708	-231.218460	31.001553	1.858407	-99.175125	-267.869568	37.414665
-99.175125	-267.869568	37.414665	2.258407	-99.175125	-267.869568	37.414665
-99.175125	-267.869568	37.414665	2.258407	-99.175125	-267.869568	37.414665
-99.175125	-267.869568	37.414665	2.258407	17.807823	-236.524078	37.414665
17.807823	-236.524078	37.414665	2.858407	52.841206	-115.853241	37.414665
52.841206	-115.853241	37.414665	3.058407	-153.343597	-148.224167	201.926758
-190.823944	-109.129158	21.378199	1.458407	-162.656708	-231.218460	31.001553
-162.656708	-231.218460	31.001553	1.858407	-99.175125	-267.869568	37.414665
-99.175125	-267.869568	37.414665	2.258407	-99.175125	-267.869568	37.414665
-99.175125	-267.869568	37.414665	2.258407	-99.175125	-267.869568	37.414665
-99.175125	-267.869568	37.414665	2.258407	17.807823	-236.524078	37.414665
17.807823	-236.524078	37.414665	2.858407	52.841206	-115.853241	37.414665
52.841206	-115.853241	37.414665	3.058407	-153.343597	-148.224167	201.926758
-190.823944	-109.129158	21.378199	1.458407	-162.656708	-231.218460	31.001553
-162.656708	-231.218460	31.001553	1.858407	-99.175125	-267.869568	37.414665
-99.175125	-267.869568	37.414665	2.258407	-99.175125	-267.869568	37.414665
-99.175125	-267.869568	37.414665	2.258407	-99.175125	-267.869568	37.414665
-99.175125	-267.869568	37.414665	2.258407	17.807823	-236.524078	37.414665
17.807823	-236.524078	37.414665	2.858407	52.841206	-115.853241	37.414665
52.841206	-115.853241	37.414665	3.058407	-153.343597	-148.224167	201.926758
-190.823944	-109.129158	21.378199	1.458407	-162.656708	-231.218460	31.001553
-162.656708	-231.218460	31.001553	1.858407	-99.175125	-267.869568	37.414665
-99.175125	-267.869568	37.414665	2.258407	-99.175125	-267.869568	37.414665
-99.175125	-267.869568	37.414665	2.258407	-99.175125	-267.869568	37.414665
-99.175125	-267.869568	37.414665	2.258407	17.807823	-236.524078	37.414665
17.807823	-236.524078	37.414665	2.858407	52.841206	-115.853241	37.414665
52.841206	-115.853241	37.414665	3.058407	-153.343597	-148.224167	201.926758
-190.823944	-109.129158	21.378199	1.458407	-162.656708	-231.218460	31.001553
-162.656708	-231.218460	31.001553	1.858407	-99.175125	-267.869568	37.414665
-99.175125	-267.869568	37.414665	2.258407	-99.175125	-267.869568	37.414665
-99.175125	-267.869568	37.414665	2.258407	-99.175125	-267.869568	37.414665
-99.175125	-267.869568	37.414665	2.258407	17.807823	-236.524078	37.414665
17.807823	-236.524078	37.414665	2.858407	52.841206	-115.853241	37.414665
52.841206	-115.853241	37.414665	3.058407	-153.343597	-148.224167	201.926758
-190.823944	-109.129158	21.378199	1.458407	-162.656708	-231.218460	31.001553
-162.656708	-231.218460	31.001553	1.858407	-99.175125	-267.869568	37.414665
-99.175125	-267.869568	37.414665	2.258407	-99.175125	-267.869568	37.414665
-99.175125	-267.869568	37.414665	2.258407	-99.175125	-267.869568	37.414665
-99.175125	-267.869568	37.414665	2.258407	17.807823	-236.524078	37.414665
17.807823	-236.524078	37.414665	2.858407	52.841206	-115.853241	37.414665
52.841206	-115.853241	37.414665	3.058407	-153.343597	-148.224167	201.926758
-190.823944	-109.129158	21.378199	1.458407	-162.656708	-231.218460	31.001553
-162.656708	-231.218460	31.001553	1.858407	-99.175125	-267.869568	37.414665
-99.175125	-267.869568	37.414665	2.258407	-99.175125	-267.869568	37.414665
-99.175125	-267.869568	37.414665	2.258407	-99.175125	-267.869568	37.414665
-99.175125	-267.869568	37.414665	2.258407	17.807823	-236.524078	37.414665
17.807823	-236.524078	37.414665	2.858407	52.841206	-115.853241	37.414665
52.841206	-115.853241	37.414665	3.058407	-153.343597	-148.224167	201.926758
-190.823944	-109.129158	21.378199	1.458407	-162.656708	-231.218460	31.001553
-162.656708	-231.218460	31.001553	1.858407	-99.175125	-267.869568	37.414665
-99.175125	-267.869568	37.414665	2.258407	-99.175125	-267.869568	37.414665
-99.175125	-267.869568	37.414665	2.258407	-99.175125	-267.869568	37.414665
-99.175125	-267.869568	37.414665	2.258407	17.807823	-236.524078	37.414665
17.807823	-236.524078	37.414665	2.858407	52.841206	-115.853241	37.414665
52.841206	-115.853241	37.414665	3.058407	-153.343597	-148.224167	201.926758
-190.823944	-109.129158	21.378199	1.458407	-162.656708	-231.218460	31.001553
-162.656708	-231.218460	31.001553	1.858407	-99.175125	-267.869568	37.414665
-99.175125	-267.869568	37.414665	2.258407	-99.175125	-267.869568	37.414665
-99.175125	-267.869568	37.414665	2.258407	-99.175125	-267.869568	37.414665
-99.175125	-267.869568	37.414665	2.258407	17.807823	-236.524078	37.414665
17.807823	-236.524078	37.414665	2.858407	52.841206	-115.853241	37.414665
52.841206	-115.853241	37.414665	3.058407	-153.343597	-148.224167	201.926758
-190.823944	-109.129158	21.378199	1.458407	-162.656708	-231.218460	31.001553
-162.656708	-231.218460	31.001553	1.858407	-99.175125	-267.869568	37.414665
-99.175125	-267.869568	37.414665	2.258407	-99.175125	-267.869568	37.414665
-99.175125	-267.869568	37.414665	2.258407	-99.175125	-267.869568	37.414665
-99.175125	-267.869568	37.414665	2.258407	17.807823	-236.524078	37.414665
17.807823	-236.524078	37.414665	2.858407	52.841206	-115.853241	37.414665
52.841206	-115.853241	37.414665	3.058407	-153.343597	-148.224167	201.926758
-190.823944	-109.129158	21.378199	1.458407	-162.656708	-231.218460	31.001553
-162.656708	-231.218460	31.001553	1.858407	-99.175125	-267.869568	37.414665
-99.175125	-267.869568	37.414665	2.258407	-99.175125	-267.869568	37.414665
-99.175125	-267.869568	37.414665	2.258407	-99.175125	-267.869568	37.414665
-99.175125	-267.869568	37.414665	2.258407	17.807823	-236.524078	37.414665
17.807823	-236.524078	37.414665	2.858407	52.841206	-115.853241	37.414665
52.841206	-115.853241	37.414665	3.058407	-153.343597	-148.224167	201.926758
-190.823944	-109.129158	21.378199	1.458407	-162.656708	-231.218460	31.001553
-162.656708	-231.218460	31.001553	1.858407	-99.175125	-267.869568	37.414665
-99.175125	-267.869568	37.414665	2.258407	-99.175125	-267.869568	37.414665
-99.175125	-267.869568	37.414665	2.258407	-99.175125	-267.869568	37.414665
-99.175125	-267.869568	37.414665	2.258407	17.807823	-236.524078	37.414665
17.807823	-236.524078	37.414665	2.858407	52.841206	-115.853241	37.414665
52.841206	-115.853241	37.414665	3.058407	-153.343597	-148.224167	201.926758
-190.823944	-109.129158	21.378199	1.458407	-162.656708	-231.218460	31.001553
-162.656708	-231.218460	31.001553	1.858407	-99.175125	-267.869568	37.414665
-99.175125	-267.869568	37.414665	2.258407	-99.175125	-267.869568	37.414665
-99.175125	-267.869568	37.414665	2.258407	-99.175125	-267.869568	37.414665
-99.175125	-267.869568	37.414665	2.258407	17.807823	-236.524078	37.414665
17.807823	-236.524078	37.414665	2.858407	52.841206	-115.853241	37.414665
52.841206	-115.853241	37.414665	3.058407	-153.343597	-148.224167	201.926758
-190.823944	-109.129158	21.378199	1.458407	-162.656708	-231.218460	31.001553
-162.656708	-231.218460	31.001553	1.858407	-99.175125	-267.869568	37.414665
-99.175125	-267.869568	37.414665	2.258407	-99.175125	-267.869568	37.414665
-99.175125	-267.869568	37.414665	2.258407	-99.175125	-267.869568	37.414665
-99.175125	-267.869568	37.414665	2.258407	17.807823	-236.524078	37.414665
17.807823	-236.524078	37.414665	2.858407	52.841206	-115.853241	37.414665
52.841206	-115.853241	37.414665	3.058407	-153.343597	-148.224167	201.926758
-190.823944	-109.129158	21.378199	1.458407	-162.656708	-231.218460	31.001553
-162.656708	-231.218460	31.001553	1.858407	-99.175125	-267.869568	37.414665
-99.175125	-267.869568	37.414665	2.258407	-99.175125	-267.869568	37.414665
-99.175125	-267.869568	37.414665	2.258407	-99.175125	-267.869568	37.414665
-99.175125	-267.869568	37.414665	2.258407	17.807823	-236.524078	37.414665
17.807823	-236.524078	37.414665	2.858407	52.841206	-115.853241	37.414665
52.841206	-115.853241	37.414665	3.058407	-153.343597	-148.224167	201.926758
-190.823944	-109.129158	21.378199	1.458407	-162.656708	-231.218460	31.001553
-162.656708	-231.218460	31.001553	1.858407	-99.175125	-267.869568	37.414665
-99.175125	-267.869568	37.414665	2.258407	-99.175125	-267.869568	37.414665
-99.175125	-267.869568	37.414665	2.258407	-99.175125	-267.869568	37.414665
-99.175125	-267.869568	37.414665	2.258407	17.807823	-236.524078	37.414665
17.807823	-236.524078	37.414665	2.858407	52.841206	-115.853241	37.414665
52.841206	-115.853241	37.414665	3.058407	-153.343597	-148.224167	201.926758
-190.823944	-109.129158	21.378199	1.458407	-162.656708	-231.218460	31.001553
-162.656708	-231.218460	31.001553	1.858407	-99.175125	-267.869568	37.414665
-99.175125	-267.869568	37.414665	2.258407	-99.175125	-267.869568	37.414665
-99.175125	-267.869568	37.414665	2.258407	-99.175125	-267.869568	37.414665
-99.175125	-267.869568	37.414665	2.258407	17.807823	-236.524078	37.414665
17.807823	-236.524078	37.414665	2.858407	52.841206	-115.853241	37.414665
52.841206	-115.853241	37.414665	3.058407	-153.343597	-148.224167	201.926758
-190.823944	-109.129158	21.378199	1.458407	-162.656708	-231.218460	31.001553
-162.656708	-231.218460	31.001553	1.858407	-99.175125	-267.869568	37.414665
-99.175125	-267.869568	37.414665	2.258407	-99.175125	-267.869568	37.414665
-99.175125	-267.869568	37.414665	2.258407	-99.175125	-267.869568	37.414665
-99.175125	-267.869568	37.414665	2.258407	17.807823	-236.524078	37.414665
17.807823	-236.524078	37.414665	2.858407	52.841206	-115.853241	37.414665
52.841206	-115.853241	37.414665	3.058407	-153.343597	-148.224167	201.926758
-190.823944	-109.129158	21.378199	1.458407	-162.656708	-231.218460	31.001553
-162.656708	-231.218460	31.001553	1.858407	-99.175125	-267.869568	37.414665
-99.175125	-267.869568	37.414665	2.258407	-99.175125	-267.869568	37.414665
-99.175125	-267.869568	37.414665	2.258407	-99.175125	-267.869568	37.414665
-99.175125	-267.869568	37.414665	2.258407	17.807823	-236.524078	37.414665
17.807823	-236.524078	37.414665	2.858407	52.841206	-115.853241	37.414665
52.841206	-115.853241	37.414665	3.058407	-153.343597	-148.224167	201.926758
