101.199081	-162.672363	-22.048552	0.000000	0.000000	3.058407
26.006285	-261.438385	-22.048552	0.000000	0.000000	2.658407
-6.195326	-270.066772	-22.048552	0.000000	0.000000	2.458407
-6.195326	-270.066772	-22.048552	0.000000	0.000000	2.458407
-40.457294	-270.066772	12.767429	0.000000	0.000000	2.458407
-138.531662	-193.662354	12.988479	0.000000	0.000000	1.858407
101.199081	-162.672363	-22.048552	0.000000	0.000000	3.058407
26.006285	-261.438385	-22.048552	0.000000	0.000000	2.658407
-6.195326	-270.066772	-22.048552	0.000000	0.000000	2.458407
-6.195326	-270.066772	-22.048552	0.000000	0.000000	2.458407
-40.457294	-270.066772	12.767429	0.000000	0.000000	2.458407
-138.531662	-193.662354	12.988479	0.000000	0.000000	1.858407
101.199081	-162.672363	-22.048552	0.000000	0.000000	3.058407
26.006285	-261.438385	-22.048552	0.000000	0.000000	2.658407
-6.195326	-270.066772	-22.048552	0.000000	0.000000	2.458407
-6.195326	-270.066772	-22.048552	0.000000	0.000000	2.458407
-40.457294	-270.066772	12.767429	0.000000	0.000000	2.458407
-138.531662	-193.662354	12.988479	0.000000	0.000000	1.858407
101.199081	-162.672363	-22.048552	0.000000	0.000000	3.058407
26.006285	-261.438385	-22.048552	0.000000	0.000000	2.658407
-6.195326	-270.066772	-22.048552	0.000000	0.000000	2.458407
-6.195326	-270.066772	-22.048552	0.000000	0.000000	2.458407
-40.457294	-270.066772	12.767429	0.000000	0.000000	2.458407
-138.531662	-193.662354	12.988479	0.000000	0.000000	1.858407
101.199081	-162.672363	-22.048552	0.000000	0.000000	3.058407
26.006285	-261.438385	-22.048552	0.000000	0.000000	2.658407
-6.195326	-270.066772	-22.048552	0.000000	0.000000	2.458407
-6.195326	-270.066772	-22.048552	0.000000	0.000000	2.458407
-40.457294	-270.066772	12.767429	0.000000	0.000000	2.458407
-138.531662	-193.662354	12.988479	0.000000	0.000000	1.858407
101.199081	-162.672363	-22.048552	0.000000	0.000000	3.058407
26.006285	-261.438385	-22.048552	0.000000	0.000000	2.658407
-6.195326	-270.066772	-22.048552	0.000000	0.000000	2.458407
-6.195326	-270.066772	-22.048552	0.000000	0.000000	2.458407
-40.457294	-270.066772	12.767429	0.000000	0.000000	2.458407
-138.531662	-193.662354	12.988479	0.000000	0.000000	1.858407
101.199081	-162.672363	-22.048552	0.000000	0.000000	3.058407
26.006285	-261.438385	-22.048552	0.000000	0.000000	2.658407
-6.195326	-270.066772	-22.048552	0.000000	0.000000	2.458407
-6.195326	-270.066772	-22.048552	0.000000	0.000000	2.458407
-40.457294	-270.066772	12.767429	0.000000	0.000000	2.458407
-138.531662	-193.662354	12.988479	0.000000	0.000000	1.858407
101.199081	-162.672363	-22.048552	0.000000	0.000000	3.058407
26.006285	-261.438385	-22.048552	0.000000	0.000000	2.658407
-6.195326	-270.066772	-22.048552	0.000000	0.000000	2.458407
-6.195326	-270.066772	-22.048552	0.000000	0.000000	2.458407
-40.457294	-270.066772	12.767429	0.000000	0.000000	2.458407
-138.531662	-193.662354	12.988479	0.000000	0.000000	1.858407
101.199081	-162.672363	-22.048552	0.000000	0.000000	3.058407
26.006285	-261.438385	-22.048552	0.000000	0.000000	2.658407
-6.195326	-270.066772	-22.048552	0.000000	0.000000	2.458407
-6.195326	-270.066772	-22.048552	0.000000	0.000000	2.458407
-40.457294	-270.066772	12.767429	0.000000	0.000000	2.458407
-138.531662	-193.662354	12.988479	0.000000	0.000000	1.858407
101.199081	-162.672363	-22.048552	0.000000	0.000000	3.058407
26.006285	-261.438385	-22.048552	0.000000	0.000000	2.658407
-6.195326	-270.066772	-22.048552	0.000000	0.000000	2.458407
-6.195326	-270.066772	-22.048552	0.000000	0.000000	2.458407
-40.457294	-270.066772	12.767429	0.000000	0.000000	2.458407
-138.531662	-193.662354	12.988479	0.000000	0.000000	1.858407
101.199081	-162.672363	-22.048552	0.000000	0.000000	3.058407
26.006285	-261.438385	-22.048552	0.000000	0.000000	2.658407
-6.195326	-270.066772	-22.048552	0.000000	0.000000	2.458407
-6.195326	-270.066772	-22.048552	0.000000	0.000000	2.458407
-40.457294	-270.066772	12.767429	0.000000	0.000000	2.458407
-138.531662	-193.662354	12.988479	0.000000	0.000000	1.858407
101.199081	-162.672363	-22.048552	0.000000	0.000000	3.058407
26.006285	-261.438385	-22.048552	0.000000	0.000000	2.658407
-6.195326	-270.066772	-22.048552	0.000000	0.000000	2.458407
-6.195326	-270.066772	-22.048552	0.000000	0.000000	2.458407
-40.457294	-270.066772	12.767429	0.000000	0.000000	2.458407
-138.531662	-193.662354	12.988479	0.000000	0.000000	1.858407
101.199081	-162.672363	-22.048552	0.000000	0.000000	3.058407
26.006285	-261.438385	-22.048552	0.000000	0.000000	2.658407
-6.195326	-270.066772	-22.048552	0.000000	0.000000	2.458407
-6.195326	-270.066772	-22.048552	0.000000	0.000000	2.458407
-40.457294	-270.066772	12.767429	0.000000	0.000000	2.458407
-138.531662	-193.662354	12.988479	0.000000	0.000000	1.858407
101.199081	-162.672363	-22.048552	0.000000	0.000000	3.058407
26.006285	-261.438385	-22.048552	0.000000	0.000000	2.658407
-6.195326	-270.066772	-22.048552	0.000000	0.000000	2.458407
-6.195326	-270.066772	-22.048552	0.000000	0.000000	2.458407
-40.457294	-270.066772	12.767429	0.000000	0.000000	2.458407
-138.531662	-193.662354	12.988479	0.000000	0.000000	1.858407
101.199081	-162.672363	-22.048552	0.000000	0.000000	3.058407
26.006285	-261.438385	-22.048552	0.000000	0.000000	2.658407
-6.195326	-270.066772	-22.048552	0.000000	0.000000	2.458407
-6.195326	-270.066772	-22.048552	0.000000	0.000000	2.458407
-40.457294	-270.066772	12.767429	0.000000	0.000000	2.458407
-138.531662	-193.662354	12.988479	0.000000	0.000000	1.858407
101.199081	-162.672363	-22.048552	0.000000	0.000000	3.058407
26.006285	-261.438385	-22.048552	0.000000	0.000000	2.658407
-6.195326	-270.066772	-22.048552	0.000000	0.000000	2.458407
-6.195326	-270.066772	-22.048552	0.000000	0.000000	2.458407
-40.457294	-270.066772	12.767429	0.000000	0.000000	2.458407
-138.531662	-193.662354	12.988479	0.000000	0.000000	1.858407
101.199081	-162.672363	-22.048552	0.000000	0.000000	3.058407
26.006285	-261.438385	-22.048552	0.000000	0.000000	2.658407
-6.195326	-270.066772	-22.048552	0.000000	0.000000	2.458407
-6.195326	-270.066772	-22.048552	0.000000	0.000000	2.458407
-40.457294	-270.066772	12.767429	0.000000	0.000000	2.458407
-138.531662	-193.662354	12.988479	0.000000	0.000000	1.858407
101.199081	-162.672363	-22.048552	0.000000	0.000000	3.058407
26.006285	-261.438385	-22.048552	0.000000	0.000000	2.658407
-6.195326	-270.066772	-22.048552	0.000000	0.000000	2.458407
-6.195326	-270.066772	-22.048552	0.000000	0.000000	2.458407
-40.457294	-270.066772	12.767429	0.000000	0.000000	2.458407
-138.531662	-193.662354	12.988479	0.000000	0.000000	1.858407
101.199081	-162.672363	-22.048552	0.000000	0.000000	3.058407
26.006285	-261.438385	-22.048552	0.000000	0.000000	2.658407
-6.195326	-270.066772	-22.048552	0.000000	0.000000	2.458407
-6.195326	-270.066772	-22.048552	0.000000	0.000000	2.458407
-40.457294	-270.066772	12.767429	0.000000	0.000000	2.458407
-138.531662	-193.662354	12.988479	0.000000	0.000000	1.858407
101.199081	-162.672363	-22.048552	0.000000	0.000000	3.058407
26.006285	-261.438385	-22.048552	0.000000	0.000000	2.658407
-6.195326	-270.066772	-22.048552	0.000000	0.000000	2.458407
-6.195326	-270.066772	-22.048552	0.000000	0.000000	2.458407
-40.457294	-270.066772	12.767429	0.000000	0.000000	2.458407
-138.531662	-193.662354	12.988479	0.000000	0.000000	1.858407
