13.326096	28.607592	-0.151335	0	0	-0.69670669	0.71735611
13.325520	28.608589	-0.151335	0	0	-0.69670669	0.71735611
13.355289	28.557026	-0.151335	0	0	-0.69670669	0.71735611
13.285211	28.678406	-0.151335	0	0	-0.69670669	0.71735611
13.386916	28.502247	-0.151335	0	0	-0.69670669	0.71735611
13.420681	28.443766	-0.151335	0	0	-0.76484218	0.64421769
13.220934	28.789736	-0.151335	0	0	-0.69670669	0.71735611
13.460427	28.374922	-0.151335	0	0	-0.76484218	0.64421769
13.498433	28.309095	-0.151335	0	0	-0.76484218	0.64421769
13.540503	28.236227	-0.151335	0	0	-0.76484218	0.64421769
13.587682	28.154510	-0.151335	0	0	-0.76484218	0.64421769
13.640913	28.062311	-0.151335	0	0	-0.76484218	0.64421769
13.702770	27.955172	-0.151335	0	0	-0.76484218	0.64421769
13.769287	27.839962	-0.151335	0	0	-0.76484218	0.64421769
13.860083	27.682699	-0.151335	0	0	-0.76484218	0.64421769
13.879058	27.649832	-0.151335	0	0	-0.76484218	0.64421769
13.927936	27.565174	-0.151335	0	0	-0.76484218	0.64421769
13.970246	27.491890	-0.151335	0	0	-0.76484218	0.64421769
14.073852	27.312441	-0.151335	0	0	-0.76484218	0.64421769
14.151066	27.178701	-0.151335	0	0	-0.76484218	0.64421769
14.552571	26.483273	-0.151335	0	0	-0.76484218	0.64421769
14.927241	25.834324	-0.151335	0	0	-0.76484218	0.64421769
16.232626	23.573334	-0.151335	0	0	-0.76484218	0.64421769
16.587572	23.476839	2.810707	0	0	-0.76484218	0.64421769
16.724043	22.739292	-0.053492	0	0	-0.76484218	0.64421769
18.259552	23.500368	-1.354913	0	0	-0.82533563	0.56464246
17.001814	22.242630	-0.142375	0	0	-0.76484218	0.64421769
17.001240	22.242056	-0.151335	0	0	-0.76484218	0.64421769
17.001240	22.242056	-0.151335	0	0	-0.82533563	0.56464246
17.029644	22.270460	0.292169	0	0	-0.76484218	0.64421769
17.289198	22.530014	4.344769	0	0	-0.76484218	0.64421769
17.354868	22.595684	5.370130	0	0	-0.82533563	0.56464246
17.532778	22.773594	8.147978	0	0	-0.76484218	0.64421769
18.108109	23.348925	17.131033	0	0	-0.76484218	0.64421769
-7.674874	31.569269	-3.012488	0	0	-0.76484218	0.64421769
-7.702565	31.465925	-3.154558	0	0	-0.76484218	0.64421769
-7.725362	31.380846	-3.359937	0	0	-0.76484218	0.64421769
-7.727604	31.372478	-3.651854	0	0	-0.76484218	0.64421769
-7.747369	31.298716	-3.673111	0	0	-0.76484218	0.64421769
-7.768339	31.220455	-3.697300	0	0	-0.76484218	0.64421769
-7.790241	31.138714	-3.725311	0	0	-0.76484218	0.64421769
-7.817089	31.038519	-3.755558	0	0	-0.76484218	0.64421769
-7.840713	30.950354	-3.794861	0	0	-0.76484218	0.64421769
-7.865846	30.856552	-3.842710	0	0	-0.76484218	0.64421769
-7.893248	30.754288	-3.902068	0	0	-0.76484218	0.64421769
-7.923289	30.642172	-3.976430	0	0	-0.76484218	0.64421769
-7.960379	30.503752	-4.072110	0	0	-0.76484218	0.64421769
-8.003105	30.344294	-4.176747	0	0	-0.76484218	0.64421769
-8.076890	30.068928	-4.290067	0	0	-0.76484218	0.64421769
-8.137829	29.841499	-4.462489	0	0	-0.76484218	0.64421769
-8.202507	29.600117	-4.673687	0	0	-0.76484218	0.64421769
-8.335439	29.104008	-4.936483	0	0	-0.69670669	0.71735611
-8.380234	28.936832	-4.979124	0	0	-0.69670669	0.71735611
-8.546612	28.315903	-4.562101	0	0	-0.69670669	0.71735611
-8.794491	27.390802	-3.408954	0	0	-0.69670669	0.71735611
-9.167960	25.996998	0.386315	0	0	-0.69670669	0.71735611
-9.182040	25.944450	-1.074655	0	0	-0.69670669	0.71735611
-9.324490	25.412823	3.409118	0	0	-0.69670669	0.71735611
-9.650008	24.197969	-1.267821	0	0	-0.69670669	0.71735611
25.504137	30.744953	20.999247	0	0	-0.92106097	0.38941839
22.377474	29.613054	23.013945	0	0	-0.69670669	0.71735611
-10.514369	20.972130	-2.236026	0	0	-0.69670669	0.71735611
-10.252966	21.947701	-5.788280	0	0	-0.69670669	0.71735611
-10.502244	21.017382	-5.136864	0	0	-0.69670669	0.71735611
38.933655	26.863995	-0.151333	0	0	-0.76484218	0.64421769
38.933655	26.741287	-0.151333	0	0	-0.76484218	0.64421769
38.933655	26.649496	-0.151333	0	0	-0.76484218	0.64421769
38.933655	26.642950	-0.151333	0	0	-0.76484218	0.64421769
38.933655	26.567579	-0.151333	0	0	-0.76484218	0.64421769
38.933655	26.487137	-0.151333	0	0	-0.76484218	0.64421769
38.933655	26.402580	-0.151333	0	0	-0.76484218	0.64421769
38.933655	26.300137	-0.151333	0	0	-0.76484218	0.64421769
38.933655	26.207773	-0.151333	0	0	-0.76484218	0.64421769
38.933655	26.108309	-0.151333	0	0	-0.76484218	0.64421769
38.933655	25.998909	-0.151333	0	0	-0.76484218	0.64421769
38.933655	25.877867	-0.151333	0	0	-0.76484218	0.64421769
38.933655	25.731253	-0.151333	0	0	-0.76484218	0.64421769
38.933655	25.565828	-0.151333	0	0	-0.76484218	0.64421769
38.933655	25.297779	-0.151333	0	0	-0.76484218	0.64421769
38.933655	25.081617	-0.151333	0	0	-0.76484218	0.64421769
38.933655	24.873940	-0.151333	0	0	-0.76484218	0.64421769
38.933655	24.455135	-0.151333	0	0	-0.76484218	0.64421769
38.933655	24.434919	-0.151333	0	0	-0.76484218	0.64421769
38.933655	23.801460	-0.151333	0	0	-0.76484218	0.64421769
38.933655	23.344723	-0.151333	0	0	-0.82533563	0.56464246
38.933655	23.344723	-0.151333	0	0	-0.95533648	0.29552023
-6.517272	35.889500	-15.550431	0	0	-0.76484218	0.64421769
-11.036772	19.022497	0.455981	0	0	-0.69670669	0.71735611
39.041763	23.100601	1.084365	0	0	-0.76484218	0.64421769
39.059608	23.060303	1.288341	0	0	-0.76484218	0.64421769
39.078819	23.016922	1.507927	0	0	-0.76484218	0.64421769
39.080383	23.013395	1.525783	0	0	-0.95533648	0.29552023
39.170765	22.809301	2.558861	0	0	-0.76484218	0.64421769
-11.500048	17.293528	1.368346	0	0	-0.69670669	0.71735611
-11.951169	15.609921	0.337131	0	0	-0.69670669	0.71735611
39.702148	21.609383	8.632590	0	0	-0.76484218	0.64421769
-12.217477	14.616047	-0.613596	0	0	0	1
-12.278825	14.387092	-0.494285	0	0	0	1
39.860939	21.250818	10.447568	0	0	0	1
-12.381123	14.005310	-0.226958	0	0	0	1
39.881378	21.204660	10.681217	0	0	-0.76484218	0.64421769
-12.402308	13.926248	0.179466	0	0	0	1
-12.410063	13.897306	-0.151333	0	0	0	1
-12.298101	14.315151	4.624654	0	0	-0.69670669	0.71735611
-12.278941	14.386659	5.441989	0	0	-0.69670669	0.71735611
-5.905803	38.171532	20.999247	0	0	-0.69670669	0.71735611
-12.182156	14.747868	9.570627	0	0	-0.69670669	0.71735611
-6.150803	37.257183	23.013945	0	0	-0.82533563	0.56464246
-3.622051	46.694614	19.320335	0	0	-0.54030229	0.84147099
40.469963	19.875580	17.408737	0	0	-0.76484218	0.64421769
37.299919	42.540737	-19.567049	0	0	-0.76484218	0.64421769
40.678291	29.393013	19.789961	0	0	-0.98006658	0.19866933
-11.902168	15.792794	18.711435	0	0	-0.69670669	0.71735611
40.819195	29.613054	21.400503	0	0	-0.76484218	0.64421769
40.331379	45.572193	19.320335	0	0	-0.69670669	0.71735611
-28.546944	16.566065	-3.012488	0	0	-0.62160997	0.7833269
-28.513281	16.440435	-3.154558	0	0	-0.62160997	0.7833269
-28.490183	16.354231	-3.359937	0	0	-0.62160997	0.7833269
-28.489153	16.350382	-3.651854	0	0	-0.62160997	0.7833269
-28.471231	16.283503	-3.673111	0	0	-0.62160997	0.7833269
-28.451981	16.211655	-3.697300	0	0	-0.62160997	0.7833269
-28.431604	16.135612	-3.725311	0	0	-0.62160997	0.7833269
-28.407230	16.044643	-3.755558	0	0	-0.62160997	0.7833269
-28.384672	15.960456	-3.794861	0	0	-0.62160997	0.7833269
-28.360073	15.868653	-3.842710	0	0	-0.62160997	0.7833269
-28.332775	15.766774	-3.902068	0	0	-0.62160997	0.7833269
-28.302296	15.653023	-3.976430	0	0	-0.62160997	0.7833269
-28.266077	15.517858	-4.072110	0	0	-0.62160997	0.7833269
-28.226093	15.368629	-4.176747	0	0	-0.62160997	0.7833269
-28.165852	15.143808	-4.290067	0	0	-0.62160997	0.7833269
-28.118711	14.967875	-4.462489	0	0	-0.62160997	0.7833269
-28.079550	14.821726	-4.673687	0	0	-0.62160997	0.7833269
-27.649723	13.217589	-3.408954	0	0	-0.62160997	0.7833269
-27.370731	12.176378	-1.074655	0	0	-0.62160997	0.7833269
-27.887415	14.104667	-4.562101	0	0	-0.62160997	0.7833269
-28.047874	14.703512	-4.979124	0	0	-0.62160997	0.7833269
-27.992971	14.498610	-4.936483	0	0	-0.62160997	0.7833269
-26.720924	9.751263	0.386315	0	0	-0.62160997	0.7833269
-26.793015	10.020308	3.409118	0	0	-0.62160997	0.7833269
-26.387459	8.506754	-1.267821	0	0	0	1
-26.405262	8.573196	-2.236026	0	0	0	1
-25.043367	3.490536	0.337131	0	0	0	1
54.886200	31.017374	19.320335	0	0	-0.99500417	0.099833397
-25.264238	4.314843	-8.414244	0	0	0	1
-24.529934	1.574380	1.368346	0	0	0	1
57.999767	34.624554	-13.501570	0	0	-0.82533563	0.56464246
-24.014406	-0.349595	-1.916932	0	0	0	1
-24.207624	0.371504	-5.653088	0	0	0	1
-23.977161	-0.488598	0.455981	0	0	0	1
-24.077631	-0.113638	-5.313388	0	0	0	1
-23.448442	-2.461806	-3.044616	0	0	0	1
-23.445164	-2.474041	-3.660616	0	0	0	1
-26.570810	9.191034	19.320335	0	0	-0.54030229	0.84147099
-28.042383	14.683014	20.999247	0	0	-0.62160997	0.7833269
-23.225426	-3.294113	0.229646	0	0	0	1
-23.142677	-3.602931	1.694617	0	0	0	1
-22.969248	-4.250180	4.765041	0	0	0	1
-28.397402	16.007967	23.013945	0	0	-0.69670669	0.71735611
-23.119797	-3.688325	10.074390	0	0	0	1
-24.879528	2.879083	18.711435	0	0	-0.62160997	0.7833269
31.108095	55.426849	38.949280	0	0	-0.82533563	0.56464246
0.887487	63.524437	38.949280	0	0	-0.87758258	0.4794255
33.026951	69.561455	29.153311	0	0	-0.62160997	0.7833269
42.269085	55.426849	37.972820	0	0	-0.69670669	0.71735611
-32.709026	-2.292076	1.961610	0	0	0	1
-32.715439	-2.285661	2.061783	0	0	0	1
68.675743	34.953465	4.508304	0	0	-0.99500417	0.099833397
68.647461	34.796795	5.123782	0	0	-0.76484218	0.64421769
68.641685	34.764771	5.249596	0	0	-0.76484218	0.64421769
68.631577	34.708767	5.469601	0	0	-0.76484218	0.64421769
68.764191	35.443569	2.582922	0	0	-0.76484218	0.64421769
68.794617	35.612144	1.920668	0	0	-0.76484218	0.64421769
68.799477	35.639076	1.814865	0	0	-0.76484218	0.64421769
68.807320	35.682526	1.644168	0	0	-0.76484218	0.64421769
68.580421	34.425323	6.583111	0	0	-0.76484218	0.64421769
68.819801	35.751678	1.372508	0	0	-0.76484218	0.64421769
68.819862	35.752022	1.371159	0	0	-0.76484218	0.64421769
68.820000	35.752766	1.368232	0	0	-0.76484218	0.64421769
68.820251	35.754189	1.362642	0	0	-0.76484218	0.64421769
68.820396	35.754982	1.359527	0	0	-0.76484218	0.64421769
68.821060	35.758663	1.345069	0	0	-0.76484218	0.64421769
68.822021	35.763992	1.324123	0	0	-0.76484218	0.64421769
68.823380	35.771503	1.294623	0	0	-0.76484218	0.64421769
68.824638	35.778507	1.267113	0	0	-0.76484218	0.64421769
68.825256	35.781929	1.253662	0	0	-0.76484218	0.64421769
68.568764	34.360718	6.836924	0	0	-0.76484218	0.64421769
68.827759	35.795784	1.199243	0	0	-0.76484218	0.64421769
68.830414	35.810478	1.141516	0	0	-0.76484218	0.64421769
68.832153	35.820126	1.103608	0	0	-0.76484218	0.64421769
68.837006	35.847008	0.998006	0	0	-0.76484218	0.64421769
68.843445	35.882694	0.857803	0	0	-0.76484218	0.64421769
68.849266	35.914940	0.731129	0	0	-0.76484218	0.64421769
68.849854	35.918186	0.718382	0	0	-0.76484218	0.64421769
68.536964	34.184544	7.529027	0	-0	-1	-4.371139e-08
68.889809	36.139572	-0.151336	0	0	-0.76484218	0.64421769
68.889809	36.139572	-0.151336	0	0	-0.99500417	0.099833397
68.489227	33.920025	8.568190	0	-0	-1	-4.371139e-08
68.479431	33.865742	8.781442	0	0	-0.76484218	0.64421769
68.468430	33.804783	9.020924	0	0	0	1
-33.095505	-1.905594	7.996039	0	0	0	1
68.445030	33.675167	9.530126	0	0	-0.76484218	0.64421769
68.436897	33.630093	9.707194	0	0	-0.76484218	0.64421769
68.348839	33.142185	11.623949	0	0	-0.76484218	0.64421769
68.193909	32.283714	14.996469	0	0	-0.76484218	0.64421769
41.433136	69.561455	28.417866	0	0	-0.95533648	0.29552023
68.124458	31.898895	16.508240	0	0	0.99913515	0.041580682
4.549678	77.191917	29.153311	0	0	-0.54030229	0.84147099
-33.524658	-1.476445	14.696672	0	0	0	1
67.967514	31.029329	19.924343	0	0	0	1
67.962395	31.000933	20.035904	0	0	-0.76484218	0.64421769
67.821968	30.222881	23.092489	0	0	0.99913515	0.041580682
67.728767	29.706478	25.121193	0	0	-0.76484218	0.64421769
-42.349281	7.348179	-7.259306	0	0	-0.54030229	0.84147099
67.677856	29.424393	26.229364	0	0	-0.76484218	0.64421769
-34.266010	37.909908	38.949280	0	0	-0.62160997	0.7833269
-39.827969	4.826866	22.956329	0	0	0	1
-37.671124	50.617966	29.153311	0	0	-0.76484218	0.64421769
-39.994919	4.993818	23.175098	0	0	-0.36235775	0.93203909
-32.273922	30.475332	43.316208	0	0	-0.62160997	0.7833269
3.822521	74.478134	43.316208	0	0	-0.54030229	0.84147099
70.457375	32.708530	34.974091	0	0	-0.82533563	0.56464246
76.285416	44.586166	24.783203	0	0	-0.92106097	0.38941839
59.978283	65.219101	43.316208	0	0	-0.99500417	0.099833397
67.884644	57.312740	43.316208	0	-0	-1	-4.371139e-08
-57.555733	-4.849527	-5.804070	0	0	0	1
-58.894619	-4.490773	-2.589413	0	0	0	1
-59.499413	-4.328719	-1.137306	0	0	0	1
80.999802	49.740696	41.991272	0	0	0.99913515	0.041580682
-62.666435	-3.480118	6.466693	0	0	0	1
-45.522186	79.918526	-61.352512	0	0	0	1
-82.451385	1.821244	-23.236197	0	0	-0.16996714	0.98544973
23.840857	149.187576	-72.022995	0	0	-0.87758258	0.4794255
123.614296	128.855118	-72.022995	0	0	-0.98006658	0.19866933
157.905319	105.361130	-29.895393	0	0	-0.99500417	0.099833397
135.391800	120.110161	-67.692062	0	0	-0.98006658	0.19866933
135.286148	151.141403	-0.151336	0	0	-0.69670669	0.71735611
-145.018112	110.017006	-27.000097	0	0	-0.070737201	0.99749499
38.933655	238.687317	-0.151333	0	0	-0.45359611	0.89120736
-16.347803	238.687317	-27.000097	0	0	-0.45359611	0.89120736
-83.260071	220.758224	-27.000097	0	0	-0.26749883	0.96355818
194.403061	62.143532	117.354034	0	0	0	1
221.138443	80.609451	87.358650	0	0	0	1
264.021637	110.228508	39.246479	0	0	-0.76484218	0.64421769
