15.689318	-34.856510	72.255569	0	0	0.98999249	0.14112005
15.463441	-34.845093	72.290962	0	0	0.85688874	0.51550139
14.847009	-34.958855	72.445969	0	0	0.73739371	0.67546319
14.801622	-34.922161	72.434227	0	0	0.98999249	0.14112005
16.550014	-33.995811	72.255569	0	0	0.73739371	0.67546319
16.431368	-33.877167	72.290962	0	0	0.90407214	0.42737988
16.264645	-33.710445	72.201225	0	0	0.73739371	0.67546319
14.534823	-35.440266	72.201225	0	0	0.73739371	0.67546319
16.180033	-33.625832	72.445969	0	0	0.90407214	0.42737988
16.138992	-33.584789	72.434227	0	0	0.73739371	0.67546319
16.043917	-33.489716	72.078514	0	0	0.94222235	0.33498812
14.439654	-35.083534	72.902260	0	0	0.98999249	0.14112005
16.038696	-33.484493	72.902260	0	0	0.73739371	0.67546319
15.171534	-35.753338	73.734512	0	0	0.98999249	0.14112005
14.970923	-35.698158	73.697739	0	0	0.90407214	0.42737988
15.938449	-33.384247	73.300896	0	0	0.73739371	0.67546319
15.636847	-33.082645	72.787338	0	0	0.97095818	0.23924928
15.792251	-33.238049	73.261131	0	0	0.73739371	0.67546319
14.457811	-35.632965	73.557632	0	0	0.66627604	0.74570519
14.408173	-35.603634	73.558037	0	0	0.85688874	0.51550139
14.043715	-35.278984	73.300896	0	0	0.98999249	0.14112005
15.635902	-33.081699	73.215729	0	0	0.94222235	0.33498812
14.208916	-35.483185	73.561317	0	0	0.98999249	0.14112005
14.182386	-36.050705	73.207886	0	0	0.66627604	0.74570519
13.822003	-35.208298	73.261131	0	0	0.98999249	0.14112005
15.416579	-32.862377	73.037643	0	0	0.94222235	0.33498812
13.967032	-35.411800	73.519920	0	0	0.98999249	0.14112005
13.613047	-35.104557	73.215729	0	0	0.80114363	0.59847213
13.744145	-35.343151	73.483513	0	0	0.98999249	0.14112005
13.374037	-34.904919	73.037643	0	0	0.85688874	0.51550139
15.191162	-32.636963	73.198219	0	0	0.73739371	0.67546319
13.526932	-35.253712	73.461700	0	0	0.80114363	0.59847213
13.465501	-36.068130	72.078514	0	0	0.97095818	0.23924928
13.169739	-34.658386	73.198219	0	0	0.97095818	0.23924928
13.237303	-35.141750	73.428192	0	0	0.85688874	0.51550139
13.061086	-35.658405	72.787338	0	0	0.97095818	0.23924928
13.261630	-36.421246	72.660828	0	0	0.97095818	0.23924928
12.998629	-35.766586	72.965736	0	0	0.97095818	0.23924928
13.052409	-34.861607	73.533340	0	0	0.97095818	0.23924928
14.254412	-31.700211	73.980080	0	0	0.94222235	0.33498812
10.995438	-34.959187	73.980080	0	0	0.97095818	0.23924928
12.622649	-30.068449	74.243065	0	0	0.80114363	0.59847213
12.579607	-30.025406	74.608513	0	0	0.98999249	0.14112005
13.960655	-31.406454	67.388939	0	0	0.85688874	0.51550139
14.429421	-31.875221	66.940559	0	0	0.85688874	0.51550139
13.401671	-30.847469	67.923607	0	0	0.85688874	0.51550139
13.273432	-30.719231	68.046265	0	0	0.85688874	0.51550139
12.962472	-30.408270	68.343704	0	0	0.85688874	0.51550139
13.165207	-30.363909	76.300224	0	0	0	1
10.004145	-32.600868	74.608513	0	0	0.97095818	0.23924928
15.528078	-32.973877	65.889694	0	0	0	1
12.059895	-29.505693	73.890152	0	0	0	1
9.369137	-33.321960	74.243065	0	0	0.66627604	0.74570519
11.791160	-29.236958	73.197540	0	0	0	1
11.658483	-29.104282	72.855591	0	0	0	1
11.648866	-29.094664	72.830803	0	0	0	1
11.608567	-29.054365	72.726936	0	0	0	1
11.540479	-28.986277	72.551453	0	0	0	1
11.423408	-28.869207	72.249725	0	0	0	1
11.355378	-28.801178	72.074394	0	0	0	1
16.564327	-34.010124	64.898521	0	0	0	1
11.258503	-28.704302	71.824715	0	0	0	1
16.939137	-34.384937	64.540016	0	0	0	1
11.102922	-28.548721	71.423729	0	0	0	1
9.748901	-38.286209	76.300232	0	0	0.90407214	0.42737988
9.717595	-38.231987	76.300232	0	0	0.97095818	0.23924928
9.713052	-38.224117	76.300232	0	0	0.94222235	0.33498812
9.687489	-38.179840	76.300232	0	0	0.85688874	0.51550139
9.582642	-37.998241	76.300232	0	0	0.90407214	0.42737988
9.555405	-37.951065	76.300232	0	0	0.85688874	0.51550139
9.534791	-37.915359	76.300232	0	0	0.85688874	0.51550139
9.520436	-37.890499	76.300232	0	0	0.80114363	0.59847213
9.439075	-37.749577	76.300232	0	0	0.94222235	0.33498812
9.434402	-37.741482	76.300232	0	0	0.80114363	0.59847213
9.337241	-37.573196	76.300232	0	0	0.85688874	0.51550139
9.191043	-37.319973	76.300232	0	0	0.85688874	0.51550139
9.033216	-37.046608	76.300232	0	0	0.73739371	0.67546319
10.951962	-28.397760	71.034660	0	0	0	1
8.619891	-36.330708	76.300232	0	0	0.66627604	0.74570519
10.734661	-28.180460	70.474609	0	0	0	1
17.812738	-35.258537	63.704414	0	0	0	1
7.420409	-34.666954	68.441933	0	0	0.85688874	0.51550139
7.320514	-34.294140	68.702980	0	0	0.85688874	0.51550139
7.504377	-34.398582	76.300232	0	0	0.58850112	0.8084964
7.663614	-35.574608	67.806389	0	0	0.73739371	0.67546319
7.350886	-34.132729	76.300232	0	0	0.94222235	0.33498812
7.164969	-33.713638	76.238853	0	0	0.90407214	0.42737988
7.063862	-33.336304	75.934052	0	0	0.66627604	0.74570519
7.059959	-33.321735	76.068954	0	0	0.73739371	0.67546319
6.975588	-33.006859	75.747192	0	0	0.80114363	0.59847213
6.861691	-32.581791	75.181953	0	0	0	1
7.133222	-33.595158	76.382935	0	0	0.58850112	0.8084964
6.928265	-32.830246	75.676422	0	0	0	1
7.069919	-33.358906	76.276001	0	0	0.73739371	0.67546319
6.936707	-32.861752	75.739120	0	0	0	1
6.956649	-32.936176	75.887245	0	0	0	1
6.962096	-32.956509	75.927704	0	0	0	1
7.057493	-33.312534	76.636261	0	0	0	1
6.827940	-33.226959	76.300232	0	0	0	1
6.814625	-30.464142	71.384781	0	0	0	1
8.267208	-37.827248	66.229073	0	0	0.85688874	0.51550139
8.270969	-37.841290	66.219246	0	0	0.73739371	0.67546319
18.807917	-25.291378	71.820709	0	0	0	1
18.739985	-25.273176	71.733910	0	0	0	1
18.735157	-25.271883	71.727745	0	0	0	1
18.673857	-25.255457	71.649422	0	0	0	1
18.627384	-25.243006	71.590042	0	0	0	1
18.596552	-25.234743	71.550644	0	0	0	1
18.570587	-25.227787	71.517471	0	0	0	1
18.518389	-25.213800	71.450775	0	0	0	1
18.413177	-25.185608	71.316345	0	0	0	1
18.326088	-25.162273	71.205070	0	0	0	1
18.301985	-25.155815	71.174271	0	0	0	1
18.166765	-25.119583	71.001495	0	0	0	1
18.022005	-25.080795	70.816536	0	0	0	1
17.897196	-25.047352	70.657059	0	0	0	1
17.593891	-24.966082	70.269524	0	0	0	1
6.335835	-30.619265	71.276161	0	0	0	1
17.257866	-24.876043	69.840179	0	0	0	1
17.647907	-24.836172	70.082222	0	0	0	1
16.842093	-24.764637	69.308937	0	0	0	1
8.539820	-38.844650	65.516685	0	0	0.73739371	0.67546319
17.708809	-24.996874	68.702057	0	0	0.97095818	0.23924928
18.977665	-25.336863	67.813591	0	0	0.97095818	0.23924928
19.233829	-25.405502	67.634224	0	0	0.97095818	0.23924928
9.017740	-40.628277	64.267776	0	0	0.73739371	0.67546319
9.086769	-40.885891	64.087387	0	0	0.73739371	0.67546319
19.923584	-24.089417	67.676727	0	0	0.98999249	0.14112005
9.197762	-41.300125	63.797340	0	0	0.73739371	0.67546319
22.626408	-26.314541	65.258713	0	0	0.97095818	0.23924928
1.179833	-35.778656	76.300232	0	0	0	1
1.179833	-36.068130	76.300232	0	0	0.41614682	0.90929743
0.768460	-32.716232	70.533638	0	0	0	1
24.315498	-22.470554	69.182373	0	0	0.94222235	0.33498812
10.197762	-45.032177	61.184128	0	0	0.73739371	0.67546319
10.212549	-45.087360	61.145489	0	0	0.85688874	0.51550139
-0.077457	-35.873238	68.323074	0	0	0.80114363	0.59847213
-0.178373	-36.249859	76.047424	0	0	0	1
-0.219218	-36.260513	76.033577	0	0	0	1
-0.335110	-36.834812	75.986206	0	0	0.58850112	0.8084964
-0.253910	-36.531769	76.487305	0	0	0	1
-0.312466	-36.750301	76.276001	0	0	0.50484609	0.86320938
22.922888	-20.735067	67.032326	0	0	0	1
-0.495554	-37.433594	75.796082	0	0	0.58850112	0.8084964
-0.328227	-36.809120	67.667763	0	0	0.50484609	0.86320938
-0.486364	-37.399296	76.068954	0	0	0.50484609	0.86320938
-0.399073	-37.073521	77.332649	0	0	0	1
-0.722358	-38.280037	75.934052	0	0	0.41614682	0.90929743
-0.684645	-38.139294	76.238853	0	0	0.80114363	0.59847213
-0.716797	-38.259285	76.037498	0	0	0.58850112	0.8084964
-0.988237	-39.272312	75.747192	0	0	0.58850112	0.8084964
10.722636	-46.991035	59.812523	0	0	0.85688874	0.51550139
-2.457215	-34.081638	70.370514	0	0	0	1
-2.478452	-37.086765	75.688423	0	0	0	1
-1.645880	-41.726673	76.502647	0	0	0.50484609	0.86320938
-3.490327	-37.254822	75.175217	0	0	0	1
-1.425651	-40.904762	64.799965	0	0	0.50484609	0.86320938
-3.798667	-37.529987	75.416412	0	0	0	1
-1.525040	-41.275688	64.540237	0	0	0.50484609	0.86320938
-4.244592	-36.089790	72.502007	0	0	0	1
-4.553163	-38.007507	75.659012	0	0	0	1
-4.798848	-37.687725	74.894257	0	0	0	1
-5.019247	-38.278812	75.766830	0	0	0	1
-2.041430	-43.202881	63.190804	0	0	0.73739371	0.67546319
-5.463655	-38.158890	75.197510	0	0	0	1
36.038620	-27.475298	73.477585	0	0	0.99913515	0.041580682
-2.221806	-43.876057	62.719440	0	0	0.50484609	0.86320938
-6.305483	-38.274216	74.727066	0	0	0	1
11.809824	-51.048473	56.971474	0	0	0.85688874	0.51550139
-7.014521	-38.254559	74.123505	0	0	0	1
-7.206492	-38.251217	73.961243	0	0	0.58850112	0.8084964
-2.710609	-45.700294	61.442097	0	0	0.50484609	0.86320938
-2.822438	-46.117645	61.149864	0	0	0.50484609	0.86320938
-9.154755	-34.698135	66.093300	0	0	0.32328956	0.94630009
-9.189728	-34.701351	66.070969	0	0	0	1
35.550625	-29.777573	56.209084	0	0	0.97095818	0.23924928
-9.629894	-34.741871	65.789871	0	0	0	1
-9.840122	-34.952099	65.588783	0	0	0.32328956	0.94630009
-3.514857	-48.701786	59.340431	0	0	0.73739371	0.67546319
29.566912	-47.012711	52.461533	0	0	0.90407214	0.42737988
-11.146502	-36.485676	67.669243	0	0	0	1
-12.377933	-36.556309	66.806984	0	0	0	1
-12.474813	-40.794628	71.049774	0	0	0	1
-12.620191	-37.732166	62.929646	0	0	0.32328956	0.94630009
-4.381785	-51.937206	57.074963	0	0	0.50484609	0.86320938
-4.467315	-52.256409	56.851456	0	0	0.50484609	0.86320938
-13.503534	-38.615509	62.084724	0	0	0.32328956	0.94630009
13.807959	-58.505611	51.749928	0	0	0.85688874	0.51550139
-4.647534	-52.928997	56.380505	0	0	0.73739371	0.67546319
38.957031	-17.512472	58.437504	0	0	0.97095818	0.23924928
-15.124781	-40.236755	60.534000	0	0	0.32328956	0.94630009
-17.443632	-36.846867	63.259941	0	0	0	1
-5.453414	-55.936581	54.274574	0	0	0.50484609	0.86320938
-17.910053	-36.873623	62.933350	0	0	0	1
-17.911787	-36.873722	62.932137	0	0	0	1
-16.230011	-41.341984	59.476849	0	0	0.32328956	0.94630009
-16.310005	-41.421978	59.400333	0	0	0.32328956	0.94630009
-17.246901	-42.358875	58.504192	0	0	0.50484609	0.86320938
-5.535773	-57.961948	53.017559	0	0	0.73739371	0.67546319
48.241364	-21.265520	61.536572	0	-0	-1	-4.371139e-08
-16.528318	-50.056446	56.244991	0	0	0.58850112	0.8084964
-21.473078	-37.077991	60.438496	0	0	0	1
-22.526379	-37.138405	59.700966	0	0	0	1
-23.180340	-37.175919	59.243057	0	0	0	1
-20.645561	-45.757538	55.253368	0	0	0.32328956	0.94630009
-23.813745	-37.212250	58.799541	0	0	0	1
-24.238792	-37.236629	58.501919	0	0	0	1
-21.543451	-46.655426	54.394535	0	0	0.32328956	0.94630009
-24.959902	-39.516762	57.996994	0	0	0.029199523	0.9995736
-26.320133	-37.356010	57.044548	0	0	0	1
-26.768745	-37.381741	56.730427	0	0	0	1
-24.124453	-49.236427	51.925804	0	0	0.32328956	0.94630009
52.639114	-14.762604	51.103462	0	0	-0.99500417	0.099833397
-28.447229	-38.218781	55.555141	0	0	0.029199523	0.9995736
-24.459921	-49.571896	51.604927	0	0	0.50484609	0.86320938
-24.187643	-65.163460	75.523544	0	0	0.22720209	0.97384763
-24.187643	-65.163460	75.523544	0	0	0.029199523	0.9995736
-24.187643	-65.163460	75.523544	0	0	0.1288445	0.99166481
-24.187643	-65.163460	75.523544	0	0	0.80114363	0.59847213
-9.685579	-71.731232	43.215038	0	0	0.66627604	0.74570519
-33.967781	-40.971809	51.689606	0	0	0.41614682	0.90929743
-36.903015	-42.435570	49.634335	0	0	0.029199523	0.9995736
-32.052616	-57.164589	44.342506	0	0	0.32328956	0.94630009
-37.061253	-77.697006	72.105064	0	0	0.41614682	0.90929743
-47.118385	-47.529842	42.481457	0	0	0.029199523	0.9995736
-43.019375	-68.131348	33.852787	0	0	0.41614682	0.90929743
-59.118652	-53.514221	34.078777	0	0	0.32328956	0.94630009
101.484169	4.886642	10.789928	0	0	-0.98006658	0.19866933
101.484169	4.886642	10.789928	0	-0	-1	-4.371139e-08
-64.349777	-134.726318	75.523544	0	0	0.80114363	0.59847213
153.005417	-61.249493	-26.033649	0	0	0.99913515	0.041580682
1.179833	-228.015930	76.300232	0	0	0.94222235	0.33498812
153.901352	-171.347153	-41.868843	0	0	0.98999249	0.14112005
54.592068	-252.634430	28.448895	0	0	0.97095818	0.23924928
90.714462	-239.305618	-23.251213	0	0	0.97095818	0.23924928
97.232567	-228.015930	-41.868843	0	0	0.97095818	0.23924928
