37.227428	-58.767040	-12.691507	0	0	0.85688874	0.51550139
37.165699	-58.536667	-12.530198	0	0	0.85688874	0.51550139
37.160732	-58.518124	-12.517212	0	0	0.73739371	0.67546319
37.298038	-59.030560	-12.876023	0	0	0.73739371	0.67546319
37.093060	-58.265572	-12.340374	0	0	0.73739371	0.67546319
37.388863	-59.369522	-13.113367	0	0	0.73739371	0.67546319
37.035412	-58.050426	-12.189727	0	0	0.73739371	0.67546319
37.491283	-59.751766	-13.381018	0	0	0.73739371	0.67546319
36.935898	-57.679035	-11.929677	0	0	0.73739371	0.67546319
36.923832	-57.634003	-11.898144	0	0	0.73739371	0.67546319
36.881065	-57.474392	-11.786385	0	0	0.85688874	0.51550139
36.612774	-56.473118	-11.085283	0	0	0.73739371	0.67546319
36.563347	-56.288654	-10.956120	0	0	0.73739371	0.67546319
36.238258	-55.075413	-10.106601	0	0	0.73739371	0.67546319
36.095318	-54.541943	-9.733060	0	0	0.73739371	0.67546319
34.378712	-61.767345	-8.735141	0	0	0.50484609	0.86320938
34.557793	-62.121693	-8.887318	0	0	0.50484609	0.86320938
34.173515	-61.503471	-8.646966	0	0	0.90407214	0.42737988
34.754860	-62.529961	-9.065897	0	0	0.50484609	0.86320938
33.942253	-61.316616	-8.614624	0	0	0.90407214	0.42737988
33.666206	-61.189899	-8.634430	0	0	0.50484609	0.86320938
33.441406	-60.918850	-8.548768	0	0	0.50484609	0.86320938
33.178875	-60.690399	-8.502150	0	0	0.50484609	0.86320938
32.932072	-60.235634	-8.312788	0	0	0.50484609	0.86320938
32.468277	-59.718365	-8.161492	0	0	0.90407214	0.42737988
32.081562	-60.021324	-8.480599	0	0	0.50484609	0.86320938
32.866699	-57.504593	-6.679579	0	0	0.50484609	0.86320938
29.227991	-58.812378	-8.746541	0	0	0.50484609	0.86320938
28.605309	-56.620537	-7.635418	0	0	0.50484609	0.86320938
35.024757	-50.546555	-6.935459	0	0	0.85688874	0.51550139
28.504383	-63.122868	-1.176499	0	0	0.94222235	0.33498812
28.602627	-63.479492	-1.241780	0	0	0.94222235	0.33498812
28.386086	-62.875702	-1.161702	0	0	0.58850112	0.8084964
28.723129	-63.908302	-1.318836	0	0	0.94222235	0.33498812
28.306583	-62.791695	-1.180499	0	0	0.94222235	0.33498812
27.879404	-62.412128	-1.306652	0	0	0.90407214	0.42737988
27.710279	-62.115913	-1.305503	0	0	0.90407214	0.42737988
27.504625	-61.864620	-1.342232	0	0	0.90407214	0.42737988
27.327322	-61.363277	-1.274227	0	0	0.90407214	0.42737988
26.356302	-60.065460	-1.408680	0	0	0.90407214	0.42737988
26.104486	-60.512718	-1.717967	0	0	0.90407214	0.42737988
27.681555	-58.615349	-0.097361	0	0	0.41614682	0.90929743
23.792536	-59.198788	-2.659916	0	0	0.32328956	0.94630009
22.345806	-52.171478	-7.128996	0	0	0.73739371	0.67546319
23.316496	-56.663643	-2.061022	0	0	0.32328956	0.94630009
33.417561	-44.548416	-2.735519	0	0	0.85688874	0.51550139
52.136215	-45.998375	-10.343040	0	0	0.97095818	0.23924928
52.395531	-46.257690	-10.591076	0	0	0.97095818	0.23924928
51.906620	-45.768784	-10.123432	0	0	0.90407214	0.42737988
51.709808	-45.571968	-9.935182	0	0	0.97095818	0.23924928
52.675861	-46.538025	-10.859213	0	0	0.97095818	0.23924928
51.639389	-45.501553	-9.867826	0	0	0.90407214	0.42737988
51.507442	-45.369602	-9.741618	0	0	0.97095818	0.23924928
51.317764	-45.179928	-9.560193	0	0	0.97095818	0.23924928
51.270378	-45.132542	-9.514867	0	0	0.97095818	0.23924928
51.214336	-45.076500	-9.461263	0	0	0.90407214	0.42737988
51.018780	-44.880939	-9.274212	0	0	0.94222235	0.33498812
17.209757	-57.857800	-12.375317	0	0	0.50484609	0.86320938
49.784466	-43.646626	-8.093588	0	0	0.94222235	0.33498812
49.389584	-43.251747	-7.715884	0	0	0.90407214	0.42737988
48.607979	-42.470142	-6.968279	0	0	0.90407214	0.42737988
48.294609	-42.156769	-6.668539	0	0	0.90407214	0.42737988
19.948084	-47.638226	-5.219494	0	0	0.66627604	0.74570519
17.880402	-51.222618	-3.452533	0	0	0.80114363	0.59847213
45.075012	-38.937176	-3.588992	0	0	0.97095818	0.23924928
21.180021	-59.001068	7.645034	0	0	0.73739371	0.67546319
21.157154	-58.713314	7.629022	0	0	0.73739371	0.67546319
21.214602	-59.373844	7.669246	0	0	0.73739371	0.67546319
21.099760	-58.549755	7.588833	0	0	0.50484609	0.86320938
21.070457	-58.648598	7.568316	0	0	0.41614682	0.90929743
20.678280	-58.011723	7.293711	0	0	0.73739371	0.67546319
20.571743	-57.751144	7.219112	0	0	0.73739371	0.67546319
20.423294	-57.537685	7.115167	0	0	0.73739371	0.67546319
20.342907	-57.073242	7.058880	0	0	0.80114363	0.59847213
21.197365	-54.680256	7.657176	0	0	0.32328956	0.94630009
19.198711	-55.582119	6.257705	0	0	0.80114363	0.59847213
19.479021	-54.945885	6.453980	0	0	0.90407214	0.42737988
11.210679	-55.296913	-8.923462	0	0	0.41614682	0.90929743
17.279694	-54.684750	4.913994	0	0	0.41614682	0.90929743
17.233625	-52.104950	4.881737	0	0	0.22720209	0.97384763
39.806847	-33.669006	1.450018	0	0	0.97095818	0.23924928
11.668902	-43.946182	-4.671663	0	0	0.58850112	0.8084964
12.971190	-46.881031	1.897148	0	0	0.80114363	0.59847213
5.575042	-49.007565	-3.281691	0	0	0.41614682	0.90929743
8.387897	-40.480534	-1.312109	0	0	0.58850112	0.8084964
14.063058	-33.992657	0.264913	0	0	0.32328956	0.94630009
33.789299	-27.651463	7.205807	0	0	0.99913515	0.041580682
33.789299	-27.651463	7.205807	0	0	0.90407214	0.42737988
10.783819	-42.645180	9.327079	0	0	0.50484609	0.86320938
10.640331	-42.871021	9.319136	0	0	0.50484609	0.86320938
10.620583	-42.902103	9.318043	0	0	0.50484609	0.86320938
10.567430	-42.985764	9.315101	0	0	0	1
10.927606	-42.418865	9.335038	0	0	0	1
10.438329	-43.188961	9.307955	0	0	0	1
10.435927	-43.192741	9.307821	0	0	0.50484609	0.86320938
10.364129	-43.305744	9.303847	0	0	0	1
10.287794	-43.425892	9.299622	0	0	0	1
10.254288	-43.478630	9.297767	0	0	0.50484609	0.86320938
11.389436	-41.691975	9.360602	0	0	0	1
11.825994	-41.004856	9.384768	0	0	0.32328956	0.94630009
11.839896	-40.982975	9.385537	0	0	0.73739371	0.67546319
11.987226	-40.751087	9.393693	0	0	0	1
10.944427	-38.534958	7.985468	0	0	0.73739371	0.67546319
25.625645	-26.449284	9.617163	0	0	0	1
28.334703	-25.578939	10.547052	0	0	0	1
28.334703	-25.578939	10.547052	0	0	0	1
25.894011	-25.447727	10.318460	0	0	0	1
3.668827	-38.363922	3.513681	0	0	0.41614682	0.90929743
6.556517	-34.063244	3.759085	0	0	-0.070737201	0.99749499
24.384274	-23.671444	10.137169	0	0	0.22720209	0.97384763
8.618222	-25.910254	7.699822	0	0	0	1
-3.000494	-29.023479	-9.286345	0	0	0.1288445	0.99166481
-5.657324	-25.866526	3.426665	0	0	0	1
-5.796913	-26.092806	3.515009	0	0	0.41614682	0.90929743
-5.625941	-25.815651	3.406802	0	0	0.41614682	0.90929743
-5.817547	-26.126255	3.528069	0	0	0.41614682	0.90929743
-5.618571	-25.803705	3.402138	0	0	0.41614682	0.90929743
-5.836255	-26.156580	3.539909	0	0	0.41614682	0.90929743
-5.876295	-26.221487	3.565250	0	0	0	1
-5.518797	-25.641968	3.338991	0	0	0.41614682	0.90929743
-6.053487	-26.508726	3.677395	0	0	0.41614682	0.90929743
-5.020579	-24.834332	3.023671	0	0	0.41614682	0.90929743
-4.964695	-24.743740	2.988302	0	0	0.41614682	0.90929743
-4.589718	-24.135883	2.750981	0	0	0.41614682	0.90929743
-4.155468	-23.431942	2.476145	0	0	0	1
-4.153717	-23.429106	2.475037	0	0	-0.36235775	0.93203909
-3.374928	-22.166651	1.982145	0	0	-0.36235775	0.93203909
-3.315283	-22.069962	1.944396	0	0	0	1
-2.919411	-21.428236	1.693850	0	0	0	1
-12.311591	-10.399497	-15.967255	0	0	-0.070737201	0.99749499
-12.568205	-10.330738	-7.547294	0	0	0	1
19.117893	8.818667	-9.109916	0	0	-0.54030229	0.84147099
19.117893	8.818667	-9.109916	0	0	-0.54030229	0.84147099
19.117893	8.818667	-9.109916	0	0	-0.54030229	0.84147099
19.117893	8.818667	-9.109916	0	0	-0.54030229	0.84147099
19.117893	8.818667	-9.109916	0	0	-0.69670669	0.71735611
19.117893	8.818667	-9.109916	0	0	-0.54030229	0.84147099
19.117893	8.818667	-9.109916	0	0	-0.69670669	0.71735611
19.117893	8.818667	-9.109916	0	0	-0.69670669	0.71735611
19.117893	8.818667	-9.109916	0	0	-0.54030229	0.84147099
19.117893	8.818667	-9.109916	0	0	-0.69670669	0.71735611
19.117893	8.818667	-9.109916	0	0	-0.54030229	0.84147099
19.117893	8.818667	-9.109916	0	0	-0.54030229	0.84147099
19.117893	8.818667	-9.109916	0	0	-0.54030229	0.84147099
19.117893	8.818667	-9.109916	0	0	-0.54030229	0.84147099
19.117893	8.818667	-9.109916	0	0	-0.54030229	0.84147099
19.117893	8.818667	-9.109916	0	0	-0.54030229	0.84147099
19.117893	8.818667	-9.109916	0	0	-0.69670669	0.71735611
-4.436673	10.574512	-18.243734	0	0	-0.26749883	0.96355818
14.421874	19.890543	-16.862526	0	0	-0.54030229	0.84147099
-6.288406	12.426245	-18.740946	0	0	0	1
12.779762	23.762175	-19.573473	0	0	-0.69670669	0.71735611
9.485045	31.530178	-25.012688	0	0	-0.45359611	0.89120736
112.031723	-105.893890	-67.633171	0	0	0.94222235	0.33498812
67.816437	-172.926773	-92.627014	0	0	0.85688874	0.51550139
-98.255745	-12.934300	-36.834461	0	0	0.32328956	0.94630009
-125.827332	-67.324898	-64.873116	0	0	0.50484609	0.86320938
-19.510105	-194.898193	-108.332024	0	0	0.66627604	0.74570519
-120.718529	-118.397896	-91.713402	0	0	0.50484609	0.86320938
-98.515228	-153.702240	-109.913055	0	0	0.50484609	0.86320938
