-33.342278	-29.840809	22.551037	0	0	-0.98006658	0.19866933
-33.501438	-29.955944	22.538113	0	0	0.80114363	0.59847213
-33.100708	-29.673071	22.552053	0	0	0.80114363	0.59847213
-33.643013	-30.066648	22.538784	0	0	-0.98006658	0.19866933
-32.893604	-29.552097	22.655613	0	0	-0.98006658	0.19866933
-33.096275	-28.922722	22.551037	0	0	-0.98006658	0.19866933
-33.215992	-28.890644	22.538113	0	0	0.80114363	0.59847213
-32.912823	-28.971878	22.552053	0	0	0.80114363	0.59847213
-33.320404	-28.862667	22.538784	0	0	-0.98006658	0.19866933
-32.749836	-29.015551	22.655613	0	0	-0.98006658	0.19866933
-32.087761	-28.928080	22.560503	0	0	-0.95533648	0.29552023
-32.120914	-29.685497	24.029915	0	0	0.80114363	0.59847213
-31.880493	-29.586287	23.949844	0	0	-0.98006658	0.19866933
-31.995558	-29.217659	24.029915	0	0	0.80114363	0.59847213
-31.796043	-29.271118	23.949844	0	0	-0.98006658	0.19866933
-31.595802	-29.492561	23.846939	0	0	-0.98006658	0.19866933
-31.553856	-29.336014	23.846939	0	0	-0.98006658	0.19866933
-31.271326	-29.420710	23.641153	0	0	-0.98006658	0.19866933
-31.269077	-29.412319	23.641153	0	0	-0.98006658	0.19866933
-30.751984	-29.718130	22.106049	0	0	0.80114363	0.59847213
-30.710169	-29.562078	22.106049	0	0	0.80114363	0.59847213
-30.792967	-29.307749	23.486801	0	0	0.80114363	0.59847213
-29.972792	-29.214565	21.973799	0	0	-0.92106097	0.38941839
-28.272163	-30.442089	23.030111	0	0	0.80114363	0.59847213
-28.215477	-30.230530	23.030111	0	0	0.80114363	0.59847213
-27.581177	-30.285725	23.165546	0	0	-0.99500417	0.099833397
-26.918148	-30.128178	23.203835	0	0	0.80114363	0.59847213
-26.484732	-28.851538	22.885592	0	0	-0.92106097	0.38941839
-25.964695	-29.915415	23.372219	0	0	-0.99500417	0.099833397
-35.466572	-22.938047	20.320013	0	0	0	1
-30.018246	-29.747478	15.236114	0	-0	-1	-4.371139e-08
-30.077473	-29.922667	15.073750	0	-0	-1	-4.371139e-08
-24.833755	-29.664671	23.578487	0	0	0.80114363	0.59847213
-25.906942	-29.534592	17.670282	0	0	-0.98006658	0.19866933
-27.940247	-30.304277	15.078874	0	0	0.80114363	0.59847213
-27.250093	-23.202934	24.864513	0	0	-0.87758258	0.4794255
-23.205933	-29.339411	23.863846	0	0	-0.95533648	0.29552023
-26.018003	-30.819340	14.933420	0	-0	-1	-4.371139e-08
-22.833364	-28.951754	23.999378	0	0	-0.95533648	0.29552023
-22.220831	-29.102385	23.478447	0	0	-0.98006658	0.19866933
-28.955593	-33.416214	12.680198	0	0	0.80114363	0.59847213
-21.914579	-28.894932	23.098553	0	-0	-1	-4.371139e-08
-21.606291	-28.987076	23.074362	0	0	0.80114363	0.59847213
-21.243219	-29.139362	23.089191	0	0	0.80114363	0.59847213
-20.526381	-29.597916	23.090012	0	0	0.80114363	0.59847213
-20.227146	-29.564726	22.926460	0	0	0.80114363	0.59847213
-19.718487	-30.925726	22.904276	0	0	-0.92106097	0.38941839
-19.696415	-31.037878	19.641350	0	0	0.80114363	0.59847213
-40.442822	-42.139317	21.308601	0	0	0.90407214	0.42737988
-40.512459	-42.099388	21.311344	0	0	0.99913515	0.041580682
-40.333309	-42.200310	21.286512	0	0	0.99913515	0.041580682
-40.571365	-42.066906	21.326479	0	0	0.90407214	0.42737988
-40.234074	-42.266159	21.371197	0	0	0.90407214	0.42737988
-39.892185	-42.445740	21.194906	0	0	0.90407214	0.42737988
-39.673794	-42.589966	21.374451	0	0	0.73739371	0.67546319
-39.655422	-42.735649	22.711548	0	0	0.99913515	0.041580682
-39.513809	-42.807575	22.614187	0	0	0.90407214	0.42737988
-39.335556	-42.898212	22.492657	0	0	0.90407214	0.42737988
-39.113529	-43.003799	22.268946	0	0	0.90407214	0.42737988
-38.795692	-43.168873	22.086506	0	-0	-1	-4.371139e-08
-38.528584	-43.187595	20.745319	0	0	0.99913515	0.041580682
-38.153362	-43.383728	20.542383	0	0	0.90407214	0.42737988
-38.100620	-18.807205	30.693844	0	-0	-1	-4.371139e-08
-36.393024	-44.507828	21.609144	0	0	0.99913515	0.041580682
-35.946545	-44.774963	21.701797	0	0	0.94222235	0.33498812
-35.517376	-45.022480	21.699163	0	0	0.99913515	0.041580682
-27.922533	-36.452732	9.712388	0	-0	-1	-4.371139e-08
-43.254364	-18.789640	27.408854	0	0	-0.92106097	0.38941839
-43.321209	-18.807552	27.313206	0	0	-0.95533648	0.29552023
-43.162041	-18.764904	27.540955	0	0	-0.95533648	0.29552023
-43.375797	-18.822180	27.235094	0	0	-0.92106097	0.38941839
-43.083282	-18.743801	27.653645	0	0	-0.92106097	0.38941839
-43.037746	-18.731600	27.718803	0	0	-0.92106097	0.38941839
-43.548878	-18.868555	26.987440	0	0	-0.87758258	0.4794255
-43.548878	-18.868555	26.987440	0	0	-0.95533648	0.29552023
-43.548878	-18.868555	26.987440	0	0	-0.98006658	0.19866933
-43.548878	-18.868555	26.987440	0	0	-0.99500417	0.099833397
-43.548878	-18.868555	26.987440	0	0	-0.92106097	0.38941839
-42.769424	-18.659702	28.102741	0	0	-0.92106097	0.38941839
-34.899216	-45.390457	21.808880	0	0	0.94222235	0.33498812
-42.617519	-18.618999	28.320095	0	0	-0.95533648	0.29552023
-42.385124	-18.556730	28.652624	0	0	-0.92106097	0.38941839
-42.171051	-18.499369	28.958939	0	0	-0.95533648	0.29552023
-42.122181	-18.486275	29.028864	0	0	-0.92106097	0.38941839
-42.070065	-18.472309	29.103436	0	0	-0.92106097	0.38941839
-42.054268	-18.468077	29.126040	0	0	-0.92106097	0.38941839
-41.962009	-18.443357	29.258047	0	0	-0.92106097	0.38941839
-41.460796	-18.309057	29.975224	0	0	-0.95533648	0.29552023
-34.165569	-45.827843	21.945633	0	0	0.99913515	0.041580682
-41.163708	-18.229452	30.400318	0	0	0	1
-40.920048	-18.164164	30.748968	0	0	-0.95533648	0.29552023
-19.586454	-32.542667	14.446754	0	0	0.94222235	0.33498812
-19.435968	-32.582993	14.435368	0	0	0.80114363	0.59847213
-40.518856	-18.056664	31.323025	0	0	-0.87758258	0.4794255
-34.771908	-44.889160	16.119114	0	0	0.97095818	0.23924928
-40.317169	-18.002623	31.611614	0	0	-0.82533563	0.56464246
-40.040123	-17.928389	32.008034	0	0	-0.92106097	0.38941839
-33.093769	-46.465645	22.133699	0	0	0.94222235	0.33498812
-32.986103	-46.536816	22.222879	0	0	0.94222235	0.33498812
-39.669765	-17.829151	32.537971	0	0	-0.82533563	0.56464246
-32.438198	-46.799381	21.690639	0	0	0.94222235	0.33498812
-39.359406	-17.745991	32.982052	0	0	-0.87758258	0.4794255
-32.280582	-46.849377	21.284737	0	0	0.94222235	0.33498812
-39.258289	-17.718897	33.126743	0	0	-0.87758258	0.4794255
-39.200020	-17.703283	33.210114	0	0	0	1
-39.178463	-17.697508	33.240959	0	0	-0.87758258	0.4794255
-39.144489	-17.688404	33.289574	0	0	-0.87758258	0.4794255
-32.008137	-47.003597	21.254276	0	0	0.97095818	0.23924928
-39.068344	-17.668001	33.398529	0	0	-0.87758258	0.4794255
-38.877544	-17.616877	33.671539	0	0	-0.87758258	0.4794255
-38.853786	-17.610510	33.705532	0	0	-0.95533648	0.29552023
-38.817802	-17.600868	33.757019	0	0	-0.92106097	0.38941839
-31.670343	-47.199673	21.264681	0	0	0.97095818	0.23924928
-17.817661	-29.541601	30.773052	0	0	-0.87758258	0.4794255
-38.487045	-17.512243	34.230293	0	0	-0.82533563	0.56464246
-34.336811	-46.432343	28.908052	0	0	0.66627604	0.74570519
-30.934338	-47.625027	21.268854	0	0	0.98999249	0.14112005
-30.716505	-47.732830	21.091059	0	-0	-1	-4.371139e-08
-35.179531	-44.196388	11.591149	0	0	0.73739371	0.67546319
-29.748230	-48.297749	21.149298	0	0	0.97095818	0.23924928
-29.541788	-48.090565	17.918633	0	0	0.97095818	0.23924928
-14.849245	-29.509201	28.126225	0	0	0.80114363	0.59847213
-38.712788	-41.826530	8.325265	0	0	0.98999249	0.14112005
-18.785934	-22.193964	33.294243	0	0	0	1
-28.733410	-48.497688	17.328730	0	-0	-1	-4.371139e-08
-21.541426	-38.810699	8.663522	0	0	0.80114363	0.59847213
-34.739597	-16.508116	39.592430	0	0	-0.92106097	0.38941839
-26.922461	-50.420624	26.013687	0	0	0.94222235	0.33498812
-34.574612	-16.463909	39.828503	0	0	-0.76484218	0.64421769
-39.069611	-22.590509	42.723801	0	0	0.97095818	0.23924928
-11.349131	-29.088116	25.589687	0	0	0.85688874	0.51550139
-11.349131	-27.737045	25.707890	0	0	0.85688874	0.51550139
-33.722534	-44.377678	5.058912	0	0	0.99913515	0.041580682
-24.947279	-51.289730	23.328522	0	0	0.98999249	0.14112005
-42.592388	-15.341494	37.920135	0	0	-0.99500417	0.099833397
-45.252007	-30.837614	42.591564	0	0	0.66627604	0.74570519
-33.002544	-16.042675	42.077938	0	0	-0.76484218	0.64421769
-32.960201	-16.031328	42.138527	0	0	0.97095818	0.23924928
-24.109703	-44.504898	5.544814	0	0	-0.99500417	0.099833397
-55.618572	-27.963953	12.740458	0	0	0	1
-11.053104	-34.829174	13.801047	0	0	0.99913515	0.041580682
-49.425671	-14.837024	34.971638	0	0	-0.87758258	0.4794255
-49.425671	-14.837024	34.971638	0	0	-0.69670669	0.71735611
-49.425671	-14.837024	34.971638	0	0	-0.95533648	0.29552023
-49.425671	-14.837024	34.971638	0	0	-0.82533563	0.56464246
-49.425671	-14.837024	34.971638	0	0	-0.92106097	0.38941839
-49.425671	-14.837024	34.971638	0	0	-0.76484218	0.64421769
-28.472076	-47.343266	4.407919	0	0	0.73739371	0.67546319
-26.419344	-48.533340	4.456681	0	0	0.73739371	0.67546319
-58.222015	-18.247776	20.953533	0	0	0	1
-58.222248	-18.246904	20.963482	0	0	0	1
-58.221565	-18.249447	20.934425	0	0	0	1
-58.221432	-18.249941	20.928776	0	0	0	1
-58.220592	-18.253075	20.892975	0	0	0	1
-58.223408	-18.242577	21.012957	0	0	0	1
-58.220604	-18.253042	20.893332	0	0	0	1
-58.224155	-18.239780	21.044910	0	0	0	1
-58.224789	-18.237421	21.071880	0	0	0	1
-58.218464	-18.261019	20.802158	0	0	0	1
-58.228054	-18.225231	21.211208	0	0	0	1
-58.229168	-18.221083	21.258644	0	0	0	1
-58.229359	-18.220364	21.266855	0	0	0	1
-58.229523	-18.219755	21.273804	0	0	0	1
-58.230438	-18.216330	21.312960	0	0	0	1
-58.232258	-18.209547	21.390480	0	0	0	1
-58.233105	-18.206379	21.426710	0	0	0	1
-58.236935	-18.192091	21.590019	0	0	0	1
-58.239017	-18.184317	21.678883	0	0	0	1
-58.241623	-18.174587	21.790071	0	0	0	1
-58.243465	-18.167711	21.868666	0	0	0	1
-58.247086	-18.154202	22.023083	0	0	0	1
-58.248035	-18.150667	22.063482	0	0	0	1
-58.251770	-18.136721	22.222889	0	0	0	1
-58.251904	-18.136230	22.228502	0	0	0	1
-58.254261	-18.127434	22.329058	0	0	0	1
-58.256050	-18.120749	22.405458	0	0	0	1
-55.085869	-15.038483	30.718338	0	0	-0.76484218	0.64421769
-55.085869	-15.038483	30.718338	0	0	-0.82533563	0.56464246
-55.085869	-15.038483	30.718338	0	0	-0.69670669	0.71735611
-58.265114	-18.086924	22.792089	0	0	0	1
-48.253757	-13.665111	39.157089	0	0	-0.69670669	0.71735611
-58.278732	-18.036097	23.373035	0	0	0	1
-58.287708	-18.002602	23.755878	0	0	0	1
-42.116043	-13.584952	43.364819	0	0	-0.99500417	0.099833397
-58.342239	-17.799082	26.082138	0	0	0	1
-21.715303	-53.912930	30.823990	0	0	0.66627604	0.74570519
-48.006207	-13.417558	40.041218	0	0	-0.69670669	0.71735611
-54.947186	-14.520919	32.321526	0	0	-0.69670669	0.71735611
-29.905315	-15.212775	46.509686	0	0	-0.76484218	0.64421769
-58.612392	-16.790869	23.311234	0	0	-0.69670669	0.71735611
-59.152756	-30.216314	10.213979	0	0	0.66627604	0.74570519
-54.820847	-14.049416	33.782040	0	0	-0.69670669	0.71735611
-36.288128	-47.013557	45.813164	0	0	0.97095818	0.23924928
-54.784801	-13.914881	34.198769	0	0	-0.69670669	0.71735611
-15.443501	-46.265503	6.378946	0	0	0.98999249	0.14112005
-18.397175	-31.016579	47.632126	0	0	0.73739371	0.67546319
-58.453026	-17.385630	30.807903	0	0	0	1
-5.866107	-25.614140	31.657129	0	0	0	1
-54.912983	-30.597240	42.839073	0	0	0.58850112	0.8084964
-5.777061	-36.242886	13.401816	0	0	0.97095818	0.23924928
-17.625751	-55.225754	20.447372	0	0	-0.99500417	0.099833397
-58.511494	-17.167427	33.301975	0	0	0	1
-2.447753	-29.233557	23.286497	0	0	0.85688874	0.51550139
-2.187917	-28.969007	24.228275	0	0	-0.99500417	0.099833397
-54.448368	-12.659307	38.087994	0	0	-0.87758258	0.4794255
-46.404839	-11.816193	45.760445	0	0	-0.69670669	0.71735611
-19.157495	-52.743397	4.629185	0	0	0.98999249	0.14112005
-46.278843	-11.690196	46.210438	0	0	-0.98006658	0.19866933
-50.375999	-11.686872	43.567806	0	0	-0.95533648	0.29552023
-18.568565	-16.799677	49.208427	0	0	0.90407214	0.42737988
-50.458603	-11.413054	44.314999	0	0	0	1
-59.910435	-33.044010	42.534695	0	0	0.50484609	0.86320938
-62.217731	-46.512062	19.633945	0	0	0.80114363	0.59847213
-62.207981	-46.529675	19.638086	0	0	0.85688874	0.51550139
-62.228123	-46.489792	19.609509	0	0	0.85688874	0.51550139
-62.196659	-46.552105	19.654202	0	0	0.80114363	0.59847213
-62.234940	-46.492325	19.691458	0	0	0.80114363	0.59847213
-62.289890	-46.365288	19.509388	0	0	0.80114363	0.59847213
-61.865311	-47.247375	20.347775	0	0	0.85688874	0.51550139
-61.950691	-47.133450	20.541826	0	0	0.80114363	0.59847213
-62.018257	-47.056973	20.773565	0	0	0.80114363	0.59847213
-61.574661	-47.513611	18.992243	0	0	0.85688874	0.51550139
-62.058514	-47.009575	20.901165	0	0	0.80114363	0.59847213
-61.581875	-47.464077	18.780548	0	0	0.80114363	0.59847213
-62.083374	-46.984333	21.003012	0	0	0.85688874	0.51550139
-60.698959	-49.163708	19.754251	0	0	0.85688874	0.51550139
-60.599651	-49.348949	19.829914	0	0	0.80114363	0.59847213
-60.500698	-49.517071	19.811216	0	0	0.90407214	0.42737988
-60.360992	-49.774128	19.897394	0	0	0.80114363	0.59847213
-60.195076	-50.080540	20.006174	0	0	0.90407214	0.42737988
-60.021587	-50.422382	20.242506	0	0	0.85688874	0.51550139
-59.940075	-50.547878	20.152845	0	0	0.85688874	0.51550139
-59.743340	-50.735378	19.276970	0	0	0.85688874	0.51550139
-59.761063	-50.776249	19.686012	0	0	0.85688874	0.51550139
-59.623096	-50.936089	19.233784	0	0	0.85688874	0.51550139
-64.887383	-41.917618	19.802679	0	0	0.73739371	0.67546319
-59.465931	-51.207256	19.227812	0	0	0.85688874	0.51550139
-59.613544	-50.323578	15.638751	0	0	0.80114363	0.59847213
-59.085648	-51.860119	19.194630	0	0	0.90407214	0.42737988
-59.011101	-51.956654	19.008381	0	0	0.90407214	0.42737988
-60.081135	-49.265072	14.217895	0	0	0.73739371	0.67546319
-58.294518	-53.197605	19.007200	0	0	0.85688874	0.51550139
-25.910677	-14.142414	52.225521	0	0	0	1
-64.108948	-44.546623	27.122036	0	0	0.41614682	0.90929743
-57.995331	-53.149769	15.772270	0	0	0.85688874	0.51550139
-57.735554	-54.518261	21.021784	0	0	0.90407214	0.42737988
-58.050827	-54.451645	23.761862	0	0	0.85688874	0.51550139
-0.085299	-29.775177	33.442829	0	0	0.80114363	0.59847213
-60.375584	-51.257275	28.518032	0	0	0.90407214	0.42737988
-1.876944	-24.541410	37.376347	0	0	0	1
-67.116425	-37.319050	15.586394	0	0	0.73739371	0.67546319
-55.485409	-13.112841	44.382179	0	0	-0.69670669	0.71735611
-58.817429	-50.656952	9.663459	0	0	0.85688874	0.51550139
-25.169138	-13.943720	53.286572	0	0	0.94222235	0.33498812
-62.108486	-44.431145	6.660046	0	0	0.80114363	0.59847213
-54.801617	-59.040119	17.822107	0	0	0.94222235	0.33498812
-11.427293	-53.894936	5.453868	0	0	0.90407214	0.42737988
1.621172	-38.225235	12.842002	0	0	0.97095818	0.23924928
-59.322430	-14.140967	44.382179	0	0	-0.69670669	0.71735611
-68.515556	-33.926907	10.049796	0	0	0.50484609	0.86320938
0.387171	-42.520893	11.745350	0	0	0.94222235	0.33498812
-57.959259	-51.026230	3.279114	0	0	0.73739371	0.67546319
-10.047934	-59.377144	18.233391	0	0	0.73739371	0.67546319
-12.860228	-56.394238	4.778775	0	0	0.85688874	0.51550139
-56.043304	-54.344761	3.279114	0	0	0.85688874	0.51550139
-58.855648	-15.883025	47.982761	0	0	0	1
-44.021500	-9.432851	54.272476	0	0	-0.76484218	0.64421769
-68.396263	-12.865875	28.454592	0	0	-0.76484218	0.64421769
-68.420212	-12.887722	28.375204	0	0	0	1
-68.365227	-12.837558	28.557489	0	0	-0.76484218	0.64421769
-68.438965	-12.904823	28.313063	0	0	-0.76484218	0.64421769
-68.313683	-12.790543	28.728331	0	0	0	1
-68.300545	-12.778556	28.771891	0	0	-0.76484218	0.64421769
-68.238129	-12.721619	28.978785	0	0	0	1
-68.231018	-12.715131	29.002361	0	0	-0.76484218	0.64421769
-68.169365	-12.658894	29.206715	0	0	-0.76484218	0.64421769
-67.922966	-12.434123	30.023478	0	0	-0.76484218	0.64421769
-67.919693	-12.431137	30.034325	0	0	0	1
-67.917526	-12.429159	30.041515	0	0	-0.76484218	0.64421769
-67.907562	-12.420067	30.074553	0	0	-0.76484218	0.64421769
-67.902451	-12.415406	30.091490	0	0	-0.76484218	0.64421769
-67.900185	-12.413337	30.099007	0	0	-0.76484218	0.64421769
-67.819649	-12.339875	30.365952	0	0	-0.76484218	0.64421769
-67.746826	-12.273439	30.607363	0	0	-0.76484218	0.64421769
-69.056488	-13.468143	26.266096	0	0	-0.69670669	0.71735611
-67.613770	-12.152068	31.048395	0	0	0	1
-67.516144	-12.063011	31.372007	0	0	0	1
-69.461494	-13.837600	24.923574	0	0	-0.69670669	0.71735611
-53.445576	-8.916835	49.680546	0	0	0	1
-9.163656	-59.063412	10.074171	0	0	0.90407214	0.42737988
-70.325363	-14.625640	22.060022	0	0	0	1
-22.372732	-13.194426	57.287880	0	0	-0.76484218	0.64421769
-52.520809	-60.445904	3.279114	0	0	0.90407214	0.42737988
-66.317581	-43.692375	44.102604	0	0	0.85688874	0.51550139
-70.558823	-35.970177	41.952858	0	0	0.58850112	0.8084964
-49.629173	-65.454361	3.279114	0	0	0.73739371	0.67546319
-77.340439	-29.840809	18.701696	0	0	0.58850112	0.8084964
-77.340523	-29.955944	18.702690	0	0	0.58850112	0.8084964
-77.338692	-29.673071	18.681732	0	0	0.58850112	0.8084964
-77.355698	-29.915415	18.876089	0	0	0.58850112	0.8084964
-77.341660	-30.066648	18.715647	0	0	0.58850112	0.8084964
-77.346107	-29.552097	18.766523	0	0	0.58850112	0.8084964
-77.348320	-30.128178	18.791765	0	0	0.58850112	0.8084964
-77.365013	-29.664671	18.982599	0	0	0.58850112	0.8084964
-77.350029	-30.285725	18.811337	0	0	0.58850112	0.8084964
-77.343521	-30.442089	18.736923	0	0	0.58850112	0.8084964
-77.289886	-29.597916	18.123848	0	0	0.58850112	0.8084964
-77.377426	-29.339411	19.124454	0	0	0.58850112	0.8084964
-77.282127	-29.718130	18.035189	0	0	0.58850112	0.8084964
-77.336479	-29.102385	18.656452	0	0	0.58850112	0.8084964
-77.273407	-29.564726	17.935558	0	0	0.58850112	0.8084964
-77.295258	-29.139362	18.185274	0	0	0.58850112	0.8084964
-77.402321	-29.307749	19.409012	0	0	0.58850112	0.8084964
-77.331734	-28.928080	18.602169	0	0	0.58850112	0.8084964
-77.296730	-28.987076	18.202080	0	0	0.58850112	0.8084964
-77.419357	-29.420710	19.603724	0	0	0.58850112	0.8084964
-77.386360	-28.951754	19.226610	0	0	0.58850112	0.8084964
-77.301170	-28.894932	18.252853	0	0	0.58850112	0.8084964
-77.264725	-29.214565	17.836290	0	0	0.58850112	0.8084964
-77.439690	-29.492561	19.836119	0	0	0.58850112	0.8084964
-77.450783	-29.586287	19.962961	0	0	0.58850112	0.8084964
-77.267616	-30.925726	17.869379	0	0	0.58850112	0.8084964
-77.459564	-29.685497	20.063297	0	0	0.58850112	0.8084964
-77.369904	-27.930872	19.038485	0	0	0.50484609	0.86320938
-77.447029	-27.951538	19.920044	0	0	0.58850112	0.8084964
-77.154510	-28.752056	16.576511	0	0	0.50484609	0.86320938
-77.684021	-29.509201	22.628895	0	0	0.58850112	0.8084964
-76.984154	-31.037878	14.629322	0	0	0.58850112	0.8084964
-77.011597	-27.834866	14.943013	0	0	0.029199523	0.9995736
-76.985634	-27.827908	14.646246	0	0	0.029199523	0.9995736
-76.962532	-27.821718	14.382192	0	0	0.029199523	0.9995736
-76.875298	-29.630512	13.385141	0	0	0.50484609	0.86320938
-76.874718	-29.642651	13.378450	0	0	0	1
-68.289398	-11.289760	43.445370	0	0	-0.54030229	0.84147099
-76.239540	-17.362520	19.634428	0	0	0	1
-76.241478	-17.362000	19.656576	0	0	-0.54030229	0.84147099
-76.252380	-17.359079	19.781172	0	0	-0.54030229	0.84147099
-76.252823	-17.358961	19.786264	0	0	-0.54030229	0.84147099
-76.260948	-17.356783	19.879147	0	0	-0.54030229	0.84147099
-78.004494	-28.100910	26.291862	0	0	0.029199523	0.9995736
-76.485649	-17.296576	22.447443	0	0	-0.62160997	0.7833269
-78.110939	-28.129433	27.508564	0	0	0.58850112	0.8084964
-76.635857	-34.595589	10.648273	0	0	0	1
-47.331779	-70.071442	6.924628	0	0	0.80114363	0.59847213
-77.437004	-19.552494	18.972025	0	0	0.029199523	0.9995736
-76.850632	-17.198778	26.619244	0	0	-0.62160997	0.7833269
-76.962662	-17.168760	27.899733	0	0	-0.62160997	0.7833269
-76.502602	-37.358673	9.125196	0	0	0.50484609	0.86320938
-68.416420	-11.162735	45.428692	0	0	-0.69670669	0.71735611
-78.384529	-21.285368	18.447882	0	0	0.41614682	0.90929743
-76.406845	-39.344208	8.030722	0	0	0.66627604	0.74570519
-66.587067	-6.681861	47.708511	0	0	-0.45359611	0.89120736
-76.228424	-43.043983	5.991317	0	0	0	1
-45.183140	-73.155121	3.279114	0	0	0.85688874	0.51550139
-76.018097	-47.405270	3.587273	0	0	0.66627604	0.74570519
-79.372856	-28.467562	41.932343	0	0	0.66627604	0.74570519
-75.991135	-47.964298	3.279123	0	0	0.58850112	0.8084964
-45.629349	-33.949810	71.241768	0	0	0.85688874	0.51550139
-79.493042	-28.499765	43.306053	0	0	0.66627604	0.74570519
-82.010925	-15.816082	22.868460	0	0	0.029199523	0.9995736
-78.238152	-16.826994	42.478642	0	0	-0.26749883	0.96355818
16.560677	-30.040262	33.232986	0	0	-0.87758258	0.4794255
-78.346481	-16.797966	43.716900	0	0	-0.54030229	0.84147099
-75.991135	-53.509834	3.279123	0	0	0.58850112	0.8084964
-28.724699	-9.744413	71.709351	0	0	-0.87758258	0.4794255
-54.232651	-33.136284	71.860481	0	0	0.58850112	0.8084964
-80.326843	-6.800789	38.466106	0	0	0	1
-60.626022	-35.714615	73.059830	0	0	0.73739371	0.67546319
-72.653069	-38.064423	74.651917	0	0	0.73739371	0.67546319
-38.766567	-1.233708	81.649490	0	0	-0.87758258	0.4794255
-82.431519	-29.287128	76.893013	0	0	0.029199523	0.9995736
-55.338654	4.763348	88.457329	0	0	-0.87758258	0.4794255
-97.479637	-11.671253	77.679459	0	0	-0.69670669	0.71735611
-90.325417	10.566120	82.776054	0	0	-0.82533563	0.56464246
-90.879272	10.561326	82.403496	0	0	-0.82533563	0.56464246
-51.646076	-2.201003	177.451401	0	0	-0.69670669	0.71735611
-40.145931	-5.557284	179.863083	0	0	-0.76484218	0.64421769
-29.679277	-15.152208	185.517685	0	0	-0.92106097	0.38941839
-87.279556	-4.465570	178.484863	0	0	-0.16996714	0.98544973
-28.270971	-30.215658	193.194366	0	0	0.99913515	0.041580682
11.093683	-90.672844	194.633560	0	0	0.99913515	0.041580682
-165.517532	-53.533932	180.943695	0	0	0.73739371	0.67546319
-17.468924	-170.340378	194.633560	0	0	0.99913515	0.041580682
-165.997406	-143.598312	186.681229	0	0	0.85688874	0.51550139
-87.279556	-189.046082	194.633560	0	0	0.97095818	0.23924928
-92.691063	-189.046082	194.160110	0	0	0.97095818	0.23924928
