77.114296	159.493835	109.905769	0.000000	0.000000	3.058407
110.040642	54.226620	101.055000	0.000000	0.000000	3.058407
35.339725	-29.822861	95.452805	0.000000	0.000000	3.058407
-42.685249	-29.090359	93.687790	0.000000	0.000000	1.258407
-48.065067	-27.238632	95.280014	0.000000	0.000000	1.058407
-52.073524	-22.436707	101.647987	0.000000	0.000000	0.658407
-52.841343	-15.781323	111.085419	0.000000	0.000000	-0.141593
-103.761436	44.511234	114.125969	0.000000	0.000000	0.458407
-85.695015	151.181229	114.125969	0.000000	0.000000	-0.141593
15.717122	188.870255	114.125969	0.000000	0.000000	-0.741593
35.339725	183.612396	114.125969	0.000000	0.000000	-0.741593
35.339725	183.612396	114.125969	0.000000	0.000000	-0.741593
77.114296	159.493835	109.905769	0.000000	0.000000	3.058407
110.040642	54.226620	101.055000	0.000000	0.000000	3.058407
35.339725	-29.822861	95.452805	0.000000	0.000000	3.058407
-42.685249	-29.090359	93.687790	0.000000	0.000000	1.258407
-48.065067	-27.238632	95.280014	0.000000	0.000000	1.058407
-52.073524	-22.436707	101.647987	0.000000	0.000000	0.658407
-52.841343	-15.781323	111.085419	0.000000	0.000000	-0.141593
-103.761436	44.511234	114.125969	0.000000	0.000000	0.458407
-85.695015	151.181229	114.125969	0.000000	0.000000	-0.141593
15.717122	188.870255	114.125969	0.000000	0.000000	-0.741593
35.339725	183.612396	114.125969	0.000000	0.000000	-0.741593
35.339725	183.612396	114.125969	0.000000	0.000000	-0.741593
77.114296	159.493835	109.905769	0.000000	0.000000	3.058407
110.040642	54.226620	101.055000	0.000000	0.000000	3.058407
35.339725	-29.822861	95.452805	0.000000	0.000000	3.058407
-42.685249	-29.090359	93.687790	0.000000	0.000000	1.258407
-48.065067	-27.238632	95.280014	0.000000	0.000000	1.058407
-52.073524	-22.436707	101.647987	0.000000	0.000000	0.658407
-52.841343	-15.781323	111.085419	0.000000	0.000000	-0.141593
-103.761436	44.511234	114.125969	0.000000	0.000000	0.458407
-85.695015	151.181229	114.125969	0.000000	0.000000	-0.141593
15.717122	188.870255	114.125969	0.000000	0.000000	-0.741593
35.339725	183.612396	114.125969	0.000000	0.000000	-0.741593
35.339725	183.612396	114.125969	0.000000	0.000000	-0.741593
77.114296	159.493835	109.905769	0.000000	0.000000	3.058407
110.040642	54.226620	101.055000	0.000000	0.000000	3.058407
35.339725	-29.822861	95.452805	0.000000	0.000000	3.058407
-42.685249	-29.090359	93.687790	0.000000	0.000000	1.258407
-48.065067	-27.238632	95.280014	0.000000	0.000000	1.058407
-52.073524	-22.436707	101.647987	0.000000	0.000000	0.658407
-52.841343	-15.781323	111.085419	0.000000	0.000000	-0.141593
-103.761436	44.511234	114.125969	0.000000	0.000000	0.458407
-85.695015	151.181229	114.125969	0.000000	0.000000	-0.141593
15.717122	188.870255	114.125969	0.000000	0.000000	-0.741593
35.339725	183.612396	114.125969	0.000000	0.000000	-0.741593
35.339725	183.612396	114.125969	0.000000	0.000000	-0.741593
77.114296	159.493835	109.905769	0.000000	0.000000	3.058407
110.040642	54.226620	101.055000	0.000000	0.000000	3.058407
35.339725	-29.822861	95.452805	0.000000	0.000000	3.058407
-42.685249	-29.090359	93.687790	0.000000	0.000000	1.258407
-48.065067	-27.238632	95.280014	0.000000	0.000000	1.058407
-52.073524	-22.436707	101.647987	0.000000	0.000000	0.658407
-52.841343	-15.781323	111.085419	0.000000	0.000000	-0.141593
-103.761436	44.511234	114.125969	0.000000	0.000000	0.458407
-85.695015	151.181229	114.125969	0.000000	0.000000	-0.141593
15.717122	188.870255	114.125969	0.000000	0.000000	-0.741593
35.339725	183.612396	114.125969	0.000000	0.000000	-0.741593
35.339725	183.612396	114.125969	0.000000	0.000000	-0.741593
77.114296	159.493835	109.905769	0.000000	0.000000	3.058407
110.040642	54.226620	101.055000	0.000000	0.000000	3.058407
35.339725	-29.822861	95.452805	0.000000	0.000000	3.058407
-42.685249	-29.090359	93.687790	0.000000	0.000000	1.258407
-48.065067	-27.238632	95.280014	0.000000	0.000000	1.058407
-52.073524	-22.436707	101.647987	0.000000	0.000000	0.658407
-52.841343	-15.781323	111.085419	0.000000	0.000000	-0.141593
-103.761436	44.511234	114.125969	0.000000	0.000000	0.458407
-85.695015	151.181229	114.125969	0.000000	0.000000	-0.141593
15.717122	188.870255	114.125969	0.000000	0.000000	-0.741593
35.339725	183.612396	114.125969	0.000000	0.000000	-0.741593
35.339725	183.612396	114.125969	0.000000	0.000000	-0.741593
77.114296	159.493835	109.905769	0.000000	0.000000	3.058407
110.040642	54.226620	101.055000	0.000000	0.000000	3.058407
35.339725	-29.822861	95.452805	0.000000	0.000000	3.058407
-42.685249	-29.090359	93.687790	0.000000	0.000000	1.258407
-48.065067	-27.238632	95.280014	0.000000	0.000000	1.058407
-52.073524	-22.436707	101.647987	0.000000	0.000000	0.658407
-52.841343	-15.781323	111.085419	0.000000	0.000000	-0.141593
-103.761436	44.511234	114.125969	0.000000	0.000000	0.458407
-85.695015	151.181229	114.125969	0.000000	0.000000	-0.141593
15.717122	188.870255	114.125969	0.000000	0.000000	-0.741593
35.339725	183.612396	114.125969	0.000000	0.000000	-0.741593
35.339725	183.612396	114.125969	0.000000	0.000000	-0.741593
77.114296	159.493835	109.905769	0.000000	0.000000	3.058407
110.040642	54.226620	101.055000	0.000000	0.000000	3.058407
35.339725	-29.822861	95.452805	0.000000	0.000000	3.058407
-42.685249	-29.090359	93.687790	0.000000	0.000000	1.258407
-48.065067	-27.238632	95.280014	0.000000	0.000000	1.058407
-52.073524	-22.436707	101.647987	0.000000	0.000000	0.658407
-52.841343	-15.781323	111.085419	0.000000	0.000000	-0.141593
-103.761436	44.511234	114.125969	0.000000	0.000000	0.458407
-85.695015	151.181229	114.125969	0.000000	0.000000	-0.141593
15.717122	188.870255	114.125969	0.000000	0.000000	-0.741593
35.339725	183.612396	114.125969	0.000000	0.000000	-0.741593
35.339725	183.612396	114.125969	0.000000	0.000000	-0.741593
77.114296	159.493835	109.905769	0.000000	0.000000	3.058407
110.040642	54.226620	101.055000	0.000000	0.000000	3.058407
35.339725	-29.822861	95.452805	0.000000	0.000000	3.058407
-42.685249	-29.090359	93.687790	0.000000	0.000000	1.258407
-48.065067	-27.238632	95.280014	0.000000	0.000000	1.058407
-52.073524	-22.436707	101.647987	0.000000	0.000000	0.658407
-52.841343	-15.781323	111.085419	0.000000	0.000000	-0.141593
-103.761436	44.511234	114.125969	0.000000	0.000000	0.458407
-85.695015	151.181229	114.125969	0.000000	0.000000	-0.141593
15.717122	188.870255	114.125969	0.000000	0.000000	-0.741593
35.339725	183.612396	114.125969	0.000000	0.000000	-0.741593
35.339725	183.612396	114.125969	0.000000	0.000000	-0.741593
77.114296	159.493835	109.905769	0.000000	0.000000	3.058407
110.040642	54.226620	101.055000	0.000000	0.000000	3.058407
35.339725	-29.822861	95.452805	0.000000	0.000000	3.058407
-42.685249	-29.090359	93.687790	0.000000	0.000000	1.258407
-48.065067	-27.238632	95.280014	0.000000	0.000000	1.058407
-52.073524	-22.436707	101.647987	0.000000	0.000000	0.658407
-52.841343	-15.781323	111.085419	0.000000	0.000000	-0.141593
-103.761436	44.511234	114.125969	0.000000	0.000000	0.458407
-85.695015	151.181229	114.125969	0.000000	0.000000	-0.141593
15.717122	188.870255	114.125969	0.000000	0.000000	-0.741593
35.339725	183.612396	114.125969	0.000000	0.000000	-0.741593
35.339725	183.612396	114.125969	0.000000	0.000000	-0.741593
77.114296	159.493835	109.905769	0.000000	0.000000	3.058407
110.040642	54.226620	101.055000	0.000000	0.000000	3.058407
35.339725	-29.822861	95.452805	0.000000	0.000000	3.058407
-42.685249	-29.090359	93.687790	0.000000	0.000000	1.258407
-48.065067	-27.238632	95.280014	0.000000	0.000000	1.058407
-52.073524	-22.436707	101.647987	0.000000	0.000000	0.658407
-52.841343	-15.781323	111.085419	0.000000	0.000000	-0.141593
-103.761436	44.511234	114.125969	0.000000	0.000000	0.458407
-85.695015	151.181229	114.125969	0.000000	0.000000	-0.141593
15.717122	188.870255	114.125969	0.000000	0.000000	-0.741593
35.339725	183.612396	114.125969	0.000000	0.000000	-0.741593
35.339725	183.612396	114.125969	0.000000	0.000000	-0.741593
77.114296	159.493835	109.905769	0.000000	0.000000	3.058407
110.040642	54.226620	101.055000	0.000000	0.000000	3.058407
35.339725	-29.822861	95.452805	0.000000	0.000000	3.058407
-42.685249	-29.090359	93.687790	0.000000	0.000000	1.258407
-48.065067	-27.238632	95.280014	0.000000	0.000000	1.058407
-52.073524	-22.436707	101.647987	0.000000	0.000000	0.658407
-52.841343	-15.781323	111.085419	0.000000	0.000000	-0.141593
-103.761436	44.511234	114.125969	0.000000	0.000000	0.458407
-85.695015	151.181229	114.125969	0.000000	0.000000	-0.141593
15.717122	188.870255	114.125969	0.000000	0.000000	-0.741593
35.339725	183.612396	114.125969	0.000000	0.000000	-0.741593
35.339725	183.612396	114.125969	0.000000	0.000000	-0.741593
77.114296	159.493835	109.905769	0.000000	0.000000	3.058407
110.040642	54.226620	101.055000	0.000000	0.000000	3.058407
35.339725	-29.822861	95.452805	0.000000	0.000000	3.058407
-42.685249	-29.090359	93.687790	0.000000	0.000000	1.258407
-48.065067	-27.238632	95.280014	0.000000	0.000000	1.058407
-52.073524	-22.436707	101.647987	0.000000	0.000000	0.658407
-52.841343	-15.781323	111.085419	0.000000	0.000000	-0.141593
-103.761436	44.511234	114.125969	0.000000	0.000000	0.458407
-85.695015	151.181229	114.125969	0.000000	0.000000	-0.141593
15.717122	188.870255	114.125969	0.000000	0.000000	-0.741593
35.339725	183.612396	114.125969	0.000000	0.000000	-0.741593
35.339725	183.612396	114.125969	0.000000	0.000000	-0.741593
77.114296	159.493835	109.905769	0.000000	0.000000	3.058407
110.040642	54.226620	101.055000	0.000000	0.000000	3.058407
35.339725	-29.822861	95.452805	0.000000	0.000000	3.058407
-42.685249	-29.090359	93.687790	0.000000	0.000000	1.258407
-48.065067	-27.238632	95.280014	0.000000	0.000000	1.058407
-52.073524	-22.436707	101.647987	0.000000	0.000000	0.658407
-52.841343	-15.781323	111.085419	0.000000	0.000000	-0.141593
-103.761436	44.511234	114.125969	0.000000	0.000000	0.458407
-85.695015	151.181229	114.125969	0.000000	0.000000	-0.141593
15.717122	188.870255	114.125969	0.000000	0.000000	-0.741593
35.339725	183.612396	114.125969	0.000000	0.000000	-0.741593
35.339725	183.612396	114.125969	0.000000	0.000000	-0.741593
77.114296	159.493835	109.905769	0.000000	0.000000	3.058407
110.040642	54.226620	101.055000	0.000000	0.000000	3.058407
35.339725	-29.822861	95.452805	0.000000	0.000000	3.058407
-42.685249	-29.090359	93.687790	0.000000	0.000000	1.258407
-48.065067	-27.238632	95.280014	0.000000	0.000000	1.058407
-52.073524	-22.436707	101.647987	0.000000	0.000000	0.658407
-52.841343	-15.781323	111.085419	0.000000	0.000000	-0.141593
-103.761436	44.511234	114.125969	0.000000	0.000000	0.458407
-85.695015	151.181229	114.125969	0.000000	0.000000	-0.141593
15.717122	188.870255	114.125969	0.000000	0.000000	-0.741593
35.339725	183.612396	114.125969	0.000000	0.000000	-0.741593
35.339725	183.612396	114.125969	0.000000	0.000000	-0.741593
77.114296	159.493835	109.905769	0.000000	0.000000	3.058407
110.040642	54.226620	101.055000	0.000000	0.000000	3.058407
35.339725	-29.822861	95.452805	0.000000	0.000000	3.058407
-42.685249	-29.090359	93.687790	0.000000	0.000000	1.258407
-48.065067	-27.238632	95.280014	0.000000	0.000000	1.058407
-52.073524	-22.436707	101.647987	0.000000	0.000000	0.658407
-52.841343	-15.781323	111.085419	0.000000	0.000000	-0.141593
-103.761436	44.511234	114.125969	0.000000	0.000000	0.458407
-85.695015	151.181229	114.125969	0.000000	0.000000	-0.141593
15.717122	188.870255	114.125969	0.000000	0.000000	-0.741593
35.339725	183.612396	114.125969	0.000000	0.000000	-0.741593
35.339725	183.612396	114.125969	0.000000	0.000000	-0.741593
77.114296	159.493835	109.905769	0.000000	0.000000	3.058407
110.040642	54.226620	101.055000	0.000000	0.000000	3.058407
35.339725	-29.822861	95.452805	0.000000	0.000000	3.058407
-42.685249	-29.090359	93.687790	0.000000	0.000000	1.258407
-48.065067	-27.238632	95.280014	0.000000	0.000000	1.058407
-52.073524	-22.436707	101.647987	0.000000	0.000000	0.658407
-52.841343	-15.781323	111.085419	0.000000	0.000000	-0.141593
-103.761436	44.511234	114.125969	0.000000	0.000000	0.458407
-85.695015	151.181229	114.125969	0.000000	0.000000	-0.141593
15.717122	188.870255	114.125969	0.000000	0.000000	-0.741593
35.339725	183.612396	114.125969	0.000000	0.000000	-0.741593
35.339725	183.612396	114.125969	0.000000	0.000000	-0.741593
77.114296	159.493835	109.905769	0.000000	0.000000	3.058407
110.040642	54.226620	101.055000	0.000000	0.000000	3.058407
35.339725	-29.822861	95.452805	0.000000	0.000000	3.058407
-42.685249	-29.090359	93.687790	0.000000	0.000000	1.258407
-48.065067	-27.238632	95.280014	0.000000	0.000000	1.058407
-52.073524	-22.436707	101.647987	0.000000	0.000000	0.658407
-52.841343	-15.781323	111.085419	0.000000	0.000000	-0.141593
-103.761436	44.511234	114.125969	0.000000	0.000000	0.458407
-85.695015	151.181229	114.125969	0.000000	0.000000	-0.141593
15.717122	188.870255	114.125969	0.000000	0.000000	-0.741593
35.339725	183.612396	114.125969	0.000000	0.000000	-0.741593
35.339725	183.612396	114.125969	0.000000	0.000000	-0.741593
77.114296	159.493835	109.905769	0.000000	0.000000	3.058407
110.040642	54.226620	101.055000	0.000000	0.000000	3.058407
35.339725	-29.822861	95.452805	0.000000	0.000000	3.058407
-42.685249	-29.090359	93.687790	0.000000	0.000000	1.258407
-48.065067	-27.238632	95.280014	0.000000	0.000000	1.058407
-52.073524	-22.436707	101.647987	0.000000	0.000000	0.658407
-52.841343	-15.781323	111.085419	0.000000	0.000000	-0.141593
-103.761436	44.511234	114.125969	0.000000	0.000000	0.458407
-85.695015	151.181229	114.125969	0.000000	0.000000	-0.141593
15.717122	188.870255	114.125969	0.000000	0.000000	-0.741593
35.339725	183.612396	114.125969	0.000000	0.000000	-0.741593
35.339725	183.612396	114.125969	0.000000	0.000000	-0.741593
77.114296	159.493835	109.905769	0.000000	0.000000	3.058407
110.040642	54.226620	101.055000	0.000000	0.000000	3.058407
35.339725	-29.822861	95.452805	0.000000	0.000000	3.058407
-42.685249	-29.090359	93.687790	0.000000	0.000000	1.258407
-48.065067	-27.238632	95.280014	0.000000	0.000000	1.058407
-52.073524	-22.436707	101.647987	0.000000	0.000000	0.658407
-52.841343	-15.781323	111.085419	0.000000	0.000000	-0.141593
-103.761436	44.511234	114.125969	0.000000	0.000000	0.458407
-85.695015	151.181229	114.125969	0.000000	0.000000	-0.141593
15.717122	188.870255	114.125969	0.000000	0.000000	-0.741593
35.339725	183.612396	114.125969	0.000000	0.000000	-0.741593
35.339725	183.612396	114.125969	0.000000	0.000000	-0.741593
