31.844223	9.302859	-4.146468	0	0	-0.87758258	0.4794255
31.685555	9.144191	-4.007717	0	0	-0.87758258	0.4794255
31.700266	9.158902	-4.484325	0	0	-0.87758258	0.4794255
31.645391	9.104028	-4.431839	0	0	-0.87758258	0.4794255
31.745605	9.204242	-4.527693	0	0	-0.82533563	0.56464246
31.748291	9.206927	-4.530262	0	0	-0.82533563	0.56464246
31.600315	9.058951	-4.388723	0	0	-0.82533563	0.56464246
31.784166	9.242804	-4.564578	0	0	-0.87758258	0.4794255
31.587843	9.046479	-4.376793	0	0	-0.87758258	0.4794255
31.548803	9.007440	-4.339452	0	0	-0.87758258	0.4794255
31.530388	8.989024	-4.321837	0	0	-0.87758258	0.4794255
31.463972	8.922609	-4.258312	0	0	-0.82533563	0.56464246
31.406416	8.865053	-4.203259	0	0	-0.82533563	0.56464246
31.486372	8.945009	-3.752800	0	0	-0.87758258	0.4794255
31.431896	8.890533	-3.776940	0	0	-0.82533563	0.56464246
31.353754	8.812390	-4.152887	0	0	-0.82533563	0.56464246
31.475685	8.934322	-3.652301	0	0	-0.87758258	0.4794255
31.325495	8.784130	-4.125856	0	0	-0.87758258	0.4794255
31.384050	8.842687	-3.787066	0	0	-0.82533563	0.56464246
31.316029	8.774664	-4.116802	0	0	-0.82533563	0.56464246
31.314270	8.772906	-4.115120	0	0	-0.87758258	0.4794255
31.313198	8.771833	-4.114095	0	0	-0.82533563	0.56464246
31.383177	8.841813	-3.765367	0	0	-0.87758258	0.4794255
31.409840	8.868477	-3.638861	0	0	-0.87758258	0.4794255
31.260681	8.719316	-4.063862	0	0	-0.82533563	0.56464246
31.404604	8.863239	-3.564935	0	0	-0.87758258	0.4794255
30.942904	8.401539	-3.759907	0	0	-0.87758258	0.4794255
30.705338	8.163973	-3.532675	0	0	-0.87758258	0.4794255
27.773279	8.216588	-1.773103	0	0	-0.82533563	0.56464246
29.465830	6.924466	0.965960	0	0	-0.87758258	0.4794255
25.984875	6.681943	-0.151335	0	0	-0.82533563	0.56464246
27.170223	4.628860	-0.151335	0	0	-0.82533563	0.56464246
38.933655	9.282833	-0.151333	0	0	-0.82533563	0.56464246
38.933655	9.087843	-0.151333	0	0	-0.82533563	0.56464246
38.933655	9.037371	-0.151333	0	0	-0.82533563	0.56464246
38.933655	8.981766	-0.151333	0	0	-0.82533563	0.56464246
38.933655	8.925052	-0.151333	0	0	-0.82533563	0.56464246
38.933655	8.895327	-0.151333	0	0	-0.82533563	0.56464246
38.933655	8.845131	-0.151333	0	0	-0.82533563	0.56464246
38.933655	8.794793	-0.151333	0	0	-0.82533563	0.56464246
38.933655	8.787963	-0.151333	0	0	-0.82533563	0.56464246
38.933655	8.787419	-0.151333	0	0	-0.82533563	0.56464246
38.933655	8.769213	-0.151333	0	0	-0.82533563	0.56464246
38.933655	8.747695	-0.151333	0	0	-0.82533563	0.56464246
38.933655	8.681734	-0.151333	0	0	-0.82533563	0.56464246
38.933655	8.660254	-0.151333	0	0	-0.82533563	0.56464246
38.933655	8.639418	-0.151333	0	0	-0.82533563	0.56464246
38.933655	8.602573	-0.151333	0	0	-0.82533563	0.56464246
38.933655	8.599726	-0.151333	0	0	-0.82533563	0.56464246
38.933655	8.589722	-0.151333	0	0	-0.82533563	0.56464246
38.933655	8.570371	-0.151333	0	0	-0.82533563	0.56464246
38.933655	8.522042	-0.151333	0	0	-0.82533563	0.56464246
38.933655	8.488849	-0.151333	0	0	-0.82533563	0.56464246
38.933655	8.377876	-0.151333	0	0	-0.82533563	0.56464246
38.933655	8.213801	-0.151333	0	0	-0.82533563	0.56464246
38.933655	7.885697	-0.151333	0	0	-0.82533563	0.56464246
38.933655	7.798483	-0.151333	0	0	-0.82533563	0.56464246
38.933655	6.908665	-0.151333	0	0	-0.82533563	0.56464246
38.933655	11.996428	-0.151333	0	0	-0.92106097	0.38941839
38.933655	5.753229	-0.151333	0	0	-0.82533563	0.56464246
38.933655	3.744107	-0.151333	0	0	-0.95533648	0.29552023
23.115723	11.651460	-0.151335	0	0	-0.82533563	0.56464246
38.933655	2.748741	-0.151333	0	0	-0.87758258	0.4794255
38.988350	3.026848	0.473845	0	0	-0.95533648	0.29552023
38.933655	1.758053	-0.151333	0	0	-0.87758258	0.4794255
38.933655	1.531402	-0.151333	0	0	-0.87758258	0.4794255
39.472809	11.615543	6.011236	0	0	-0.95533648	0.29552023
39.517929	10.366719	6.526968	0	0	-0.95533648	0.29552023
38.933655	-3.533365	-0.151333	0	0	-0.87758258	0.4794255
38.933655	-3.533365	-0.151333	0	0	-0.95533648	0.29552023
39.027325	-4.286827	0.919334	0	0	-0.87758258	0.4794255
14.196492	14.016894	-4.146468	0	0	0	1
14.139549	13.804379	-4.007717	0	0	0	1
14.083071	13.593600	-3.752800	0	0	0	1
14.050683	13.472729	-3.776940	0	0	0	1
14.076199	13.567954	-3.652301	0	0	0	1
14.121706	13.737789	-4.787565	0	0	0	1
14.066596	13.532114	-4.655823	0	0	0	1
14.006081	13.306270	-4.261321	0	0	0	1
14.011984	13.328300	-4.389191	0	0	0	1
14.010227	13.321746	-3.765367	0	0	0	1
14.028287	13.389144	-3.638861	0	0	0	1
14.039658	13.431579	-3.564935	0	0	0	1
13.995606	13.267179	-3.787066	0	0	0	1
14.106785	13.682100	-4.979144	0	0	0	1
13.964993	13.152928	-4.188875	0	0	0	1
14.053237	13.482259	-4.857903	0	0	0	1
13.996194	13.269371	-4.638143	0	0	0	1
14.047974	13.462617	-5.034202	0	0	0	1
13.990220	13.247076	-4.849928	0	0	0	1
13.934472	13.039022	-4.545766	0	0	0	1
14.054451	13.486791	-5.131468	0	0	0	1
13.997343	13.273662	-4.969113	0	0	0	1
13.898858	12.906110	-4.598738	0	0	0	1
13.812986	12.585633	-5.007140	0	0	0	1
13.794109	12.515181	-5.044032	0	0	0	1
13.781540	12.468273	-6.538494	0	0	0	1
13.550632	11.606515	-5.995745	0	0	0	1
13.469015	11.301912	-5.803901	0	0	0	1
13.292229	10.642138	-5.388365	0	0	0	1
48.008080	-0.037813	-0.098898	0	0	-0.87758258	0.4794255
47.893063	-0.237034	-0.098898	0	0	-0.87758258	0.4794255
47.851707	-0.308660	-0.098898	0	0	-0.87758258	0.4794255
47.823822	-0.356961	-0.098898	0	0	-0.87758258	0.4794255
47.763676	-0.461132	-0.098898	0	0	-0.87758258	0.4794255
47.752895	-0.479810	-0.098898	0	0	-0.87758258	0.4794255
47.742153	-0.498416	-0.098898	0	0	-0.87758258	0.4794255
47.725685	-0.526938	-0.098898	0	0	-0.87758258	0.4794255
47.717464	-0.541174	-0.098898	0	0	-0.87758258	0.4794255
47.711349	-0.551765	-0.098898	0	0	-0.87758258	0.4794255
47.710613	-0.553041	-0.098898	0	0	-0.87758258	0.4794255
47.690334	-0.588167	-0.098898	0	0	-0.87758258	0.4794255
47.680882	-0.604540	-0.098898	0	0	-0.87758258	0.4794255
47.653061	-0.652724	-0.098898	0	0	-0.87758258	0.4794255
47.638760	-0.677495	-0.098898	0	0	-0.87758258	0.4794255
47.630775	-0.691323	-0.098898	0	0	-0.87758258	0.4794255
47.619164	-0.711437	-0.098898	0	0	-0.87758258	0.4794255
47.611404	-0.724878	-0.098898	0	0	-0.87758258	0.4794255
47.602112	-0.740973	-0.098898	0	0	-0.87758258	0.4794255
47.594494	-0.754166	-0.098898	0	0	-0.87758258	0.4794255
47.541107	-0.846636	-0.098898	0	0	-0.87758258	0.4794255
47.482685	-0.947822	-0.098898	0	0	-0.87758258	0.4794255
47.431812	-1.035939	-0.098898	0	0	-0.87758258	0.4794255
47.275387	-1.306875	-0.098898	0	0	-0.87758258	0.4794255
47.248543	-1.353373	-0.098898	0	0	-0.87758258	0.4794255
46.387791	-2.844235	-0.098898	0	0	-0.92106097	0.38941839
45.986835	-3.538715	-0.098898	0	0	-0.87758258	0.4794255
45.740547	-3.965297	-0.098898	0	0	-0.87758258	0.4794255
45.740547	-3.965297	-0.098898	0	0	-0.99500417	0.099833397
12.732924	8.554780	0.965960	0	0	0	1
45.581474	-4.335965	0.444873	0	0	-0.87758258	0.4794255
19.309958	19.597471	7.588140	0	0	-0.87758258	0.4794255
12.074338	6.096906	-2.525703	0	0	0	1
45.142384	-5.359131	1.945859	0	0	-0.95533648	0.29552023
16.196768	23.635441	-0.151335	0	0	-0.76484218	0.64421769
40.374214	12.427814	16.314356	0	0	-0.82533563	0.56464246
44.335083	-7.240304	4.705544	0	0	-0.87758258	0.4794255
10.628164	0.699715	0.873536	0	0	0	1
17.239323	23.286293	8.173225	0	0	-0.76484218	0.64421769
43.808418	-8.467533	6.505893	0	0	0.98999249	0.14112005
40.482822	16.384825	17.555752	0	0	-0.82533563	0.56464246
43.555569	-9.056721	7.370233	0	0	-0.87758258	0.4794255
40.617115	11.528669	19.090710	0	0	-0.82533563	0.56464246
7.695763	2.748741	0.796428	0	0	0	1
40.456669	20.598074	17.256790	0	0	-0.92106097	0.38941839
42.787930	-10.845463	9.994322	0	0	0.97095818	0.23924928
22.880781	20.598074	18.794479	0	0	-0.92106097	0.38941839
18.344831	29.498709	-16.278881	0	0	0	1
40.314209	26.723845	15.628474	0	0	-0.82533563	0.56464246
52.235519	4.804797	14.071657	0	0	-0.87758258	0.4794255
20.636055	19.336426	19.222927	0	0	-0.76484218	0.64421769
21.786921	17.583363	20.596201	0	0	-0.76484218	0.64421769
51.871456	3.860300	15.865749	0	0	-0.87758258	0.4794255
48.250797	-2.510156	16.433197	0	0	-0.87758258	0.4794255
53.344151	-7.942664	4.962001	0	0	-0.87758258	0.4794255
53.349476	-7.939015	4.956336	0	0	-0.87758258	0.4794255
53.319622	-7.959457	4.988077	0	0	-0.87758258	0.4794255
53.384575	-7.914981	4.919018	0	0	0	1
53.282501	-7.984877	5.027547	0	0	-0.87758258	0.4794255
53.456451	-7.865763	4.842597	0	0	-0.87758258	0.4794255
53.464645	-7.860152	4.833884	0	0	-0.87758258	0.4794255
53.195766	-8.044269	5.119766	0	0	-0.87758258	0.4794255
53.188961	-8.048931	5.127005	0	0	-0.87758258	0.4794255
53.512093	-7.827662	4.783437	0	0	-0.87758258	0.4794255
53.522499	-7.820536	4.772372	0	0	-0.87758258	0.4794255
53.140530	-8.082094	5.178499	0	0	-0.87758258	0.4794255
53.132210	-8.087792	5.187345	0	0	-0.87758258	0.4794255
53.131611	-8.088202	5.187980	0	0	-0.87758258	0.4794255
53.113663	-8.100492	5.207065	0	0	-0.87758258	0.4794255
53.079376	-8.123969	5.243518	0	0	-0.87758258	0.4794255
53.073078	-8.128283	5.250215	0	0	-0.87758258	0.4794255
53.063591	-8.134778	5.260301	0	0	-0.87758258	0.4794255
53.051884	-8.142796	5.272750	0	0	-0.87758258	0.4794255
53.661976	-7.725027	4.624073	0	0	-0.92106097	0.38941839
52.962799	-8.203798	5.367470	0	0	-0.87758258	0.4794255
52.951180	-8.211754	5.379824	0	0	-0.92106097	0.38941839
52.935764	-8.222310	5.396214	0	0	-0.92106097	0.38941839
52.935341	-8.222600	5.396663	0	0	-0.92106097	0.38941839
52.916027	-8.235825	5.417199	0	0	-0.87758258	0.4794255
52.905453	-8.243066	5.428441	0	0	-0.92106097	0.38941839
52.875198	-8.263784	5.460611	0	0	-0.87758258	0.4794255
52.832932	-8.292727	5.505551	0	0	-0.87758258	0.4794255
52.113510	-8.785358	6.270470	0	0	0.97095818	0.23924928
18.495255	22.827745	17.984716	0	0	-0.82533563	0.56464246
50.813606	28.272243	-15.836165	0	0	-0.95533648	0.29552023
50.181702	-10.108190	8.324453	0	0	0	1
5.484854	11.615543	8.984797	0	0	-0.76484218	0.64421769
30.343594	16.074591	24.673668	0	0	-0.95533648	0.29552023
41.023811	16.074591	23.739269	0	0	-0.98006658	0.19866933
14.877383	16.558014	19.739389	0	0	-0.76484218	0.64421769
16.423525	22.328291	18.794479	0	0	-0.87758258	0.4794255
47.037441	-12.261260	11.667567	0	0	0.94222235	0.33498812
42.709156	-11.952019	15.538550	0	0	-0.87758258	0.4794255
45.228054	-8.059770	18.228102	0	0	-0.87758258	0.4794255
60.753510	20.125061	-12.051351	0	0	0	1
44.809002	-13.787214	14.036944	0	0	0.94222235	0.33498812
44.600163	-13.930218	14.258990	0	0	-0.87758258	0.4794255
0.532329	3.918764	2.659251	0	0	0	1
0.535293	3.907704	2.664155	0	0	0	1
0.543658	3.876484	2.677996	0	0	0	1
0.515763	3.980590	2.631841	0	0	0	1
0.508705	4.006933	2.620162	0	0	0	1
0.553810	3.838599	2.694792	0	0	0	1
0.562756	3.805210	2.709595	0	0	0	1
0.478091	4.121182	2.569510	0	0	0	1
0.582556	3.731317	2.742355	0	0	0	1
0.582808	3.730376	2.742772	0	0	0	1
0.596127	3.680667	2.764810	0	0	0	1
0.608608	3.634088	2.785460	0	0	0	1
0.619694	3.592715	2.803803	0	0	0	1
0.627487	3.563629	2.816698	0	0	0	1
0.635485	3.533780	2.829931	0	0	0	1
0.643652	3.503301	2.843444	0	0	0	1
0.655780	3.458039	2.863510	0	0	0	1
0.658838	3.446627	2.868570	0	0	0	1
0.671168	3.400611	2.888971	0	0	0	1
0.683333	3.355211	2.909098	0	0	0	1
0.693107	3.318735	2.925270	0	0	0	1
0.694671	3.312898	2.927857	0	0	0	1
0.701008	3.289248	2.938343	0	0	0	1
0.720646	3.215958	2.970835	0	0	0	1
0.720921	3.214932	2.971290	0	0	0	1
0.738362	3.149838	3.000149	0	0	0	1
0.843401	2.757830	3.173943	0	0	0	1
1.010531	2.134090	3.450474	0	0	0	1
1.030420	2.059866	3.483380	0	0	0	1
1.070339	1.910884	3.549430	0	0	0	1
-0.280313	6.951585	1.314672	0	0	0	1
15.734937	27.569269	17.759064	0	0	-0.87758258	0.4794255
-0.747017	8.693350	0.542473	0	0	0	1
11.299884	11.528669	21.655634	0	0	-0.76484218	0.64421769
43.485271	-14.693653	15.444389	0	0	-0.98006658	0.19866933
14.270617	26.723845	17.906994	0	0	-0.87758258	0.4794255
2.420614	-3.128409	5.783564	0	0	0	1
52.277897	3.410814	22.457794	0	0	0.98999249	0.14112005
42.149632	-15.608251	16.864504	0	0	-0.95533648	0.29552023
3.058939	-5.510669	6.839722	0	0	0	1
3.386038	-6.731421	7.380933	0	0	0	1
15.792567	19.973526	24.673668	0	0	-0.69670669	0.71735611
41.183212	-16.270018	17.892040	0	0	0.94222235	0.33498812
-1.060109	9.861826	8.984797	0	0	0	1
40.303268	-16.872570	18.827635	0	0	0.90407214	0.42737988
-3.844686	12.178246	-0.249572	0	0	0	1
68.197899	11.830153	-8.186933	0	0	0	1
39.412155	-17.482773	19.775108	0	0	0	1
47.226555	-13.167557	21.719532	0	0	-0.87758258	0.4794255
39.482323	-17.737455	22.697155	0	0	0.85688874	0.51550139
0.482047	12.427814	19.804468	0	0	-0.76484218	0.64421769
-4.965531	10.665504	10.403674	0	0	0	1
-5.138035	10.366719	10.433858	0	0	0	1
67.025574	-0.830704	12.752430	0	0	-0.92106097	0.38941839
-1.579952	11.801907	19.739389	0	0	-0.76484218	0.64421769
-1.598302	11.870387	19.804468	0	0	-0.69670669	0.71735611
-2.140436	13.893660	18.794479	0	0	-0.69670669	0.71735611
-0.648857	8.327013	21.655634	0	0	0	1
70.723358	-5.169206	-0.215081	0	0	0	1
-0.509651	7.807488	24.673668	0	0	-0.69670669	0.71735611
-4.248650	21.761621	17.906994	0	0	-0.62160997	0.7833269
63.638878	22.865088	23.735237	0	0	-0.82533563	0.56464246
65.646652	-2.709839	23.472870	0	0	0.94222235	0.33498812
40.840076	40.256405	27.813457	0	0	-0.98006658	0.19866933
41.376152	40.256405	27.766556	0	0	-0.98006658	0.19866933
65.589394	25.967377	25.313202	0	0	0.99913515	0.041580682
-14.843385	4.325057	7.791444	0	0	0	1
-14.866148	4.347820	8.146863	0	0	0	1
22.541151	45.159588	27.813457	0	0	-0.76484218	0.64421769
-14.996339	4.478011	10.179621	0	0	0	1
-15.455078	4.936750	17.342264	0	0	0	1
-15.458654	4.940326	17.398098	0	0	0	1
-15.527894	5.009566	18.479195	0	0	0	1
-5.851974	27.745308	27.813457	0	0	-0.76484218	0.64421769
-15.577127	5.058799	19.247896	0	0	0	1
-15.647051	5.128723	20.339680	0	0	0	1
-15.779787	5.261459	22.412182	0	0	0	1
-16.034922	5.516593	26.395784	0	0	-0.69670669	0.71735611
76.305458	46.301788	15.176744	0	0	-0.76484218	0.64421769
81.242859	5.265201	33.662979	0	0	0.98999249	0.14112005
41.279819	64.415794	26.665455	0	0	-0.82533563	0.56464246
-33.427647	22.909319	20.706530	0	0	-0.36235775	0.93203909
40.612705	77.904655	19.040306	0	0	-0.95533648	0.29552023
21.567690	77.904655	20.706530	0	0	-0.92106097	0.38941839
-5.255936	66.190063	30.695213	0	0	-0.87758258	0.4794255
-8.329055	64.415794	31.005669	0	0	-0.87758258	0.4794255
-41.784718	-3.722883	21.484428	0	0	-0.36235775	0.93203909
-41.784718	-3.722883	21.484428	0	0	-0.45359611	0.89120736
-41.784718	-3.722883	21.484428	0	0	-0.54030229	0.84147099
-41.784718	-3.722883	21.484428	0	0	-0.26749883	0.96355818
-41.796108	-3.719831	21.614641	0	0	-0.54030229	0.84147099
-15.185529	62.578606	31.005669	0	0	-0.82533563	0.56464246
-16.555042	67.689705	20.706530	0	0	-0.82533563	0.56464246
-42.495556	-3.532414	29.609365	0	0	-0.54030229	0.84147099
-36.137833	25.619503	42.484375	0	0	-0.26749883	0.96355818
-41.631588	31.113260	31.005669	0	0	-0.69670669	0.71735611
86.619682	60.374546	36.848156	0	0	0.99913515	0.041580682
-43.251663	-3.329816	38.251713	0	0	-0.26749883	0.96355818
30.828352	92.585686	42.484375	0	0	-0.95533648	0.29552023
42.573891	92.585686	41.456772	0	0	-0.98006658	0.19866933
-19.604954	79.072121	42.484375	0	0	-0.87758258	0.4794255
177.638779	-20.322275	12.349694	0	0	0	1
177.651611	-20.352520	12.695388	0	0	0	1
177.773911	-20.640968	15.992379	0	0	0.90407214	0.42737988
177.798477	-20.698896	16.654490	0	0	0	1
177.825882	-20.763531	17.393263	0	0	0	1
178.183273	-21.606422	27.027563	0	0	0	1
119.186691	17.247450	131.904099	0	0	0.99913515	0.041580682
-52.844685	-0.759373	147.900452	0	0	-0.26749883	0.96355818
181.782822	-30.095692	124.060349	0	0	0	1
134.264526	125.224129	137.853912	0	0	0.99913515	0.041580682
-92.325684	81.807358	149.585464	0	0	0.1288445	0.99166481
51.776443	192.270264	146.642410	0	0	-0.45359611	0.89120736
-45.376240	175.251877	149.585464	0	0	-0.16996714	0.98544973
18.137222	192.270264	149.585464	0	0	-0.36235775	0.93203909
-69.642418	-36.801258	274.711334	0	0	0	1
