54.386463	187.490768	1.302747	0.000000	0.000000	-1.141593
60.899178	62.317677	1.690918	0.000000	0.000000	3.058407
-176.432251	112.252434	0.059660	0.000000	0.000000	0.058407
-120.091110	224.114914	0.059660	0.000000	0.000000	-0.341593
-44.247543	244.437134	0.059660	0.000000	0.000000	-0.741593
-44.247543	244.437134	0.059660	0.000000	0.000000	-0.741593
-44.247543	244.437134	0.059660	0.000000	0.000000	-0.741593
54.386463	187.490768	1.302747	0.000000	0.000000	-1.141593
60.899178	62.317677	1.690918	0.000000	0.000000	3.058407
-176.432251	112.252434	0.059660	0.000000	0.000000	0.058407
-120.091110	224.114914	0.059660	0.000000	0.000000	-0.341593
-44.247543	244.437134	0.059660	0.000000	0.000000	-0.741593
-44.247543	244.437134	0.059660	0.000000	0.000000	-0.741593
-44.247543	244.437134	0.059660	0.000000	0.000000	-0.741593
54.386463	187.490768	1.302747	0.000000	0.000000	-1.141593
60.899178	62.317677	1.690918	0.000000	0.000000	3.058407
-176.432251	112.252434	0.059660	0.000000	0.000000	0.058407
-120.091110	224.114914	0.059660	0.000000	0.000000	-0.341593
-44.247543	244.437134	0.059660	0.000000	0.000000	-0.741593
-44.247543	244.437134	0.059660	0.000000	0.000000	-0.741593
-44.247543	244.437134	0.059660	0.000000	0.000000	-0.741593
54.386463	187.490768	1.302747	0.000000	0.000000	-1.141593
60.899178	62.317677	1.690918	0.000000	0.000000	3.058407
-176.432251	112.252434	0.059660	0.000000	0.000000	0.058407
-120.091110	224.114914	0.059660	0.000000	0.000000	-0.341593
-44.247543	244.437134	0.059660	0.000000	0.000000	-0.741593
-44.247543	244.437134	0.059660	0.000000	0.000000	-0.741593
-44.247543	244.437134	0.059660	0.000000	0.000000	-0.741593
54.386463	187.490768	1.302747	0.000000	0.000000	-1.141593
60.899178	62.317677	1.690918	0.000000	0.000000	3.058407
-176.432251	112.252434	0.059660	0.000000	0.000000	0.058407
-120.091110	224.114914	0.059660	0.000000	0.000000	-0.341593
-44.247543	244.437134	0.059660	0.000000	0.000000	-0.741593
-44.247543	244.437134	0.059660	0.000000	0.000000	-0.741593
-44.247543	244.437134	0.059660	0.000000	0.000000	-0.741593
54.386463	187.490768	1.302747	0.000000	0.000000	-1.141593
60.899178	62.317677	1.690918	0.000000	0.000000	3.058407
-176.432251	112.252434	0.059660	0.000000	0.000000	0.058407
-120.091110	224.114914	0.059660	0.000000	0.000000	-0.341593
-44.247543	244.437134	0.059660	0.000000	0.000000	-0.741593
-44.247543	244.437134	0.059660	0.000000	0.000000	-0.741593
-44.247543	244.437134	0.059660	0.000000	0.000000	-0.741593
54.386463	187.490768	1.302747	0.000000	0.000000	-1.141593
60.899178	62.317677	1.690918	0.000000	0.000000	3.058407
-176.432251	112.252434	0.059660	0.000000	0.000000	0.058407
-120.091110	224.114914	0.059660	0.000000	0.000000	-0.341593
-44.247543	244.437134	0.059660	0.000000	0.000000	-0.741593
-44.247543	244.437134	0.059660	0.000000	0.000000	-0.741593
-44.247543	244.437134	0.059660	0.000000	0.000000	-0.741593
54.386463	187.490768	1.302747	0.000000	0.000000	-1.141593
60.899178	62.317677	1.690918	0.000000	0.000000	3.058407
-176.432251	112.252434	0.059660	0.000000	0.000000	0.058407
-120.091110	224.114914	0.059660	0.000000	0.000000	-0.341593
-44.247543	244.437134	0.059660	0.000000	0.000000	-0.741593
-44.247543	244.437134	0.059660	0.000000	0.000000	-0.741593
-44.247543	244.437134	0.059660	0.000000	0.000000	-0.741593
54.386463	187.490768	1.302747	0.000000	0.000000	-1.141593
60.899178	62.317677	1.690918	0.000000	0.000000	3.058407
-176.432251	112.252434	0.059660	0.000000	0.000000	0.058407
-120.091110	224.114914	0.059660	0.000000	0.000000	-0.341593
-44.247543	244.437134	0.059660	0.000000	0.000000	-0.741593
-44.247543	244.437134	0.059660	0.000000	0.000000	-0.741593
-44.247543	244.437134	0.059660	0.000000	0.000000	-0.741593
54.386463	187.490768	1.302747	0.000000	0.000000	-1.141593
60.899178	62.317677	1.690918	0.000000	0.000000	3.058407
-176.432251	112.252434	0.059660	0.000000	0.000000	0.058407
-120.091110	224.114914	0.059660	0.000000	0.000000	-0.341593
-44.247543	244.437134	0.059660	0.000000	0.000000	-0.741593
-44.247543	244.437134	0.059660	0.000000	0.000000	-0.741593
-44.247543	244.437134	0.059660	0.000000	0.000000	-0.741593
54.386463	187.490768	1.302747	0.000000	0.000000	-1.141593
60.899178	62.317677	1.690918	0.000000	0.000000	3.058407
-176.432251	112.252434	0.059660	0.000000	0.000000	0.058407
-120.091110	224.114914	0.059660	0.000000	0.000000	-0.341593
-44.247543	244.437134	0.059660	0.000000	0.000000	-0.741593
-44.247543	244.437134	0.059660	0.000000	0.000000	-0.741593
-44.247543	244.437134	0.059660	0.000000	0.000000	-0.741593
54.386463	187.490768	1.302747	0.000000	0.000000	-1.141593
60.899178	62.317677	1.690918	0.000000	0.000000	3.058407
-176.432251	112.252434	0.059660	0.000000	0.000000	0.058407
-120.091110	224.114914	0.059660	0.000000	0.000000	-0.341593
-44.247543	244.437134	0.059660	0.000000	0.000000	-0.741593
-44.247543	244.437134	0.059660	0.000000	0.000000	-0.741593
-44.247543	244.437134	0.059660	0.000000	0.000000	-0.741593
54.386463	187.490768	1.302747	0.000000	0.000000	-1.141593
60.899178	62.317677	1.690918	0.000000	0.000000	3.058407
-176.432251	112.252434	0.059660	0.000000	0.000000	0.058407
-120.091110	224.114914	0.059660	0.000000	0.000000	-0.341593
-44.247543	244.437134	0.059660	0.000000	0.000000	-0.741593
-44.247543	244.437134	0.059660	0.000000	0.000000	-0.741593
-44.247543	244.437134	0.059660	0.000000	0.000000	-0.741593
54.386463	187.490768	1.302747	0.000000	0.000000	-1.141593
60.899178	62.317677	1.690918	0.000000	0.000000	3.058407
-176.432251	112.252434	0.059660	0.000000	0.000000	0.058407
-120.091110	224.114914	0.059660	0.000000	0.000000	-0.341593
-44.247543	244.437134	0.059660	0.000000	0.000000	-0.741593
-44.247543	244.437134	0.059660	0.000000	0.000000	-0.741593
-44.247543	244.437134	0.059660	0.000000	0.000000	-0.741593
54.386463	187.490768	1.302747	0.000000	0.000000	-1.141593
60.899178	62.317677	1.690918	0.000000	0.000000	3.058407
-176.432251	112.252434	0.059660	0.000000	0.000000	0.058407
-120.091110	224.114914	0.059660	0.000000	0.000000	-0.341593
-44.247543	244.437134	0.059660	0.000000	0.000000	-0.741593
-44.247543	244.437134	0.059660	0.000000	0.000000	-0.741593
-44.247543	244.437134	0.059660	0.000000	0.000000	-0.741593
54.386463	187.490768	1.302747	0.000000	0.000000	-1.141593
60.899178	62.317677	1.690918	0.000000	0.000000	3.058407
-176.432251	112.252434	0.059660	0.000000	0.000000	0.058407
-120.091110	224.114914	0.059660	0.000000	0.000000	-0.341593
-44.247543	244.437134	0.059660	0.000000	0.000000	-0.741593
-44.247543	244.437134	0.059660	0.000000	0.000000	-0.741593
-44.247543	244.437134	0.059660	0.000000	0.000000	-0.741593
54.386463	187.490768	1.302747	0.000000	0.000000	-1.141593
60.899178	62.317677	1.690918	0.000000	0.000000	3.058407
-176.432251	112.252434	0.059660	0.000000	0.000000	0.058407
-120.091110	224.114914	0.059660	0.000000	0.000000	-0.341593
-44.247543	244.437134	0.059660	0.000000	0.000000	-0.741593
-44.247543	244.437134	0.059660	0.000000	0.000000	-0.741593
-44.247543	244.437134	0.059660	0.000000	0.000000	-0.741593
54.386463	187.490768	1.302747	0.000000	0.000000	-1.141593
60.899178	62.317677	1.690918	0.000000	0.000000	3.058407
-176.432251	112.252434	0.059660	0.000000	0.000000	0.058407
-120.091110	224.114914	0.059660	0.000000	0.000000	-0.341593
-44.247543	244.437134	0.059660	0.000000	0.000000	-0.741593
-44.247543	244.437134	0.059660	0.000000	0.000000	-0.741593
-44.247543	244.437134	0.059660	0.000000	0.000000	-0.741593
54.386463	187.490768	1.302747	0.000000	0.000000	-1.141593
60.899178	62.317677	1.690918	0.000000	0.000000	3.058407
-176.432251	112.252434	0.059660	0.000000	0.000000	0.058407
-120.091110	224.114914	0.059660	0.000000	0.000000	-0.341593
-44.247543	244.437134	0.059660	0.000000	0.000000	-0.741593
-44.247543	244.437134	0.059660	0.000000	0.000000	-0.741593
-44.247543	244.437134	0.059660	0.000000	0.000000	-0.741593
54.386463	187.490768	1.302747	0.000000	0.000000	-1.141593
60.899178	62.317677	1.690918	0.000000	0.000000	3.058407
-176.432251	112.252434	0.059660	0.000000	0.000000	0.058407
-120.091110	224.114914	0.059660	0.000000	0.000000	-0.341593
-44.247543	244.437134	0.059660	0.000000	0.000000	-0.741593
-44.247543	244.437134	0.059660	0.000000	0.000000	-0.741593
-44.247543	244.437134	0.059660	0.000000	0.000000	-0.741593
