135.382553	20.859545	-73.795486	-2.541593	109.721504	82.707184	-84.479836
109.721504	82.707184	-84.479836	-1.941593	45.942963	123.328896	-94.229805
45.942963	123.328896	-94.229805	-1.541593	-29.486479	119.608597	-99.259552
-29.486479	119.608597	-99.259552	0.000000	-95.593567	84.038879	-79.878876
-95.593567	84.038879	-79.878876	-1.141593	-293.979187	61.558178	-177.792191
-293.979187	61.558178	-177.792191	-0.141593	206.215759	-32.818150	-12.127147
206.215759	-32.818150	-12.127147	0.000000	85.311264	-90.570488	-62.624790
85.311264	-90.570488	-62.624790	0.000000	123.668999	-45.576424	-65.101059
123.668999	-45.576424	-65.101059	3.058407	-28.862616	-134.069199	-80.907829
135.382553	20.859545	-73.795486	-2.541593	109.721504	82.707184	-84.479836
109.721504	82.707184	-84.479836	-1.941593	45.942963	123.328896	-94.229805
45.942963	123.328896	-94.229805	-1.541593	-29.486479	119.608597	-99.259552
-29.486479	119.608597	-99.259552	0.000000	-95.593567	84.038879	-79.878876
-95.593567	84.038879	-79.878876	-1.141593	-293.979187	61.558178	-177.792191
-293.979187	61.558178	-177.792191	-0.141593	206.215759	-32.818150	-12.127147
206.215759	-32.818150	-12.127147	0.000000	85.311264	-90.570488	-62.624790
85.311264	-90.570488	-62.624790	0.000000	123.668999	-45.576424	-65.101059
123.668999	-45.576424	-65.101059	3.058407	-28.862616	-134.069199	-80.907829
135.382553	20.859545	-73.795486	-2.541593	109.721504	82.707184	-84.479836
109.721504	82.707184	-84.479836	-1.941593	45.942963	123.328896	-94.229805
45.942963	123.328896	-94.229805	-1.541593	-29.486479	119.608597	-99.259552
-29.486479	119.608597	-99.259552	0.000000	-95.593567	84.038879	-79.878876
-95.593567	84.038879	-79.878876	-1.141593	-293.979187	61.558178	-177.792191
-293.979187	61.558178	-177.792191	-0.141593	206.215759	-32.818150	-12.127147
206.215759	-32.818150	-12.127147	0.000000	85.311264	-90.570488	-62.624790
85.311264	-90.570488	-62.624790	0.000000	123.668999	-45.576424	-65.101059
123.668999	-45.576424	-65.101059	3.058407	-28.862616	-134.069199	-80.907829
135.382553	20.859545	-73.795486	-2.541593	109.721504	82.707184	-84.479836
109.721504	82.707184	-84.479836	-1.941593	45.942963	123.328896	-94.229805
45.942963	123.328896	-94.229805	-1.541593	-29.486479	119.608597	-99.259552
-29.486479	119.608597	-99.259552	0.000000	-95.593567	84.038879	-79.878876
-95.593567	84.038879	-79.878876	-1.141593	-293.979187	61.558178	-177.792191
-293.979187	61.558178	-177.792191	-0.141593	206.215759	-32.818150	-12.127147
206.215759	-32.818150	-12.127147	0.000000	85.311264	-90.570488	-62.624790
85.311264	-90.570488	-62.624790	0.000000	123.668999	-45.576424	-65.101059
123.668999	-45.576424	-65.101059	3.058407	-28.862616	-134.069199	-80.907829
135.382553	20.859545	-73.795486	-2.541593	109.721504	82.707184	-84.479836
109.721504	82.707184	-84.479836	-1.941593	45.942963	123.328896	-94.229805
45.942963	123.328896	-94.229805	-1.541593	-29.486479	119.608597	-99.259552
-29.486479	119.608597	-99.259552	0.000000	-95.593567	84.038879	-79.878876
-95.593567	84.038879	-79.878876	-1.141593	-293.979187	61.558178	-177.792191
-293.979187	61.558178	-177.792191	-0.141593	206.215759	-32.818150	-12.127147
206.215759	-32.818150	-12.127147	0.000000	85.311264	-90.570488	-62.624790
85.311264	-90.570488	-62.624790	0.000000	123.668999	-45.576424	-65.101059
123.668999	-45.576424	-65.101059	3.058407	-28.862616	-134.069199	-80.907829
135.382553	20.859545	-73.795486	-2.541593	109.721504	82.707184	-84.479836
109.721504	82.707184	-84.479836	-1.941593	45.942963	123.328896	-94.229805
45.942963	123.328896	-94.229805	-1.541593	-29.486479	119.608597	-99.259552
-29.486479	119.608597	-99.259552	0.000000	-95.593567	84.038879	-79.878876
-95.593567	84.038879	-79.878876	-1.141593	-293.979187	61.558178	-177.792191
-293.979187	61.558178	-177.792191	-0.141593	206.215759	-32.818150	-12.127147
206.215759	-32.818150	-12.127147	0.000000	85.311264	-90.570488	-62.624790
85.311264	-90.570488	-62.624790	0.000000	123.668999	-45.576424	-65.101059
123.668999	-45.576424	-65.101059	3.058407	-28.862616	-134.069199	-80.907829
135.382553	20.859545	-73.795486	-2.541593	109.721504	82.707184	-84.479836
109.721504	82.707184	-84.479836	-1.941593	45.942963	123.328896	-94.229805
45.942963	123.328896	-94.229805	-1.541593	-29.486479	119.608597	-99.259552
-29.486479	119.608597	-99.259552	0.000000	-95.593567	84.038879	-79.878876
-95.593567	84.038879	-79.878876	-1.141593	-293.979187	61.558178	-177.792191
-293.979187	61.558178	-177.792191	-0.141593	206.215759	-32.818150	-12.127147
206.215759	-32.818150	-12.127147	0.000000	85.311264	-90.570488	-62.624790
85.311264	-90.570488	-62.624790	0.000000	123.668999	-45.576424	-65.101059
123.668999	-45.576424	-65.101059	3.058407	-28.862616	-134.069199	-80.907829
135.382553	20.859545	-73.795486	-2.541593	109.721504	82.707184	-84.479836
109.721504	82.707184	-84.479836	-1.941593	45.942963	123.328896	-94.229805
45.942963	123.328896	-94.229805	-1.541593	-29.486479	119.608597	-99.259552
-29.486479	119.608597	-99.259552	0.000000	-95.593567	84.038879	-79.878876
-95.593567	84.038879	-79.878876	-1.141593	-293.979187	61.558178	-177.792191
-293.979187	61.558178	-177.792191	-0.141593	206.215759	-32.818150	-12.127147
206.215759	-32.818150	-12.127147	0.000000	85.311264	-90.570488	-62.624790
85.311264	-90.570488	-62.624790	0.000000	123.668999	-45.576424	-65.101059
123.668999	-45.576424	-65.101059	3.058407	-28.862616	-134.069199	-80.907829
135.382553	20.859545	-73.795486	-2.541593	109.721504	82.707184	-84.479836
109.721504	82.707184	-84.479836	-1.941593	45.942963	123.328896	-94.229805
45.942963	123.328896	-94.229805	-1.541593	-29.486479	119.608597	-99.259552
-29.486479	119.608597	-99.259552	0.000000	-95.593567	84.038879	-79.878876
-95.593567	84.038879	-79.878876	-1.141593	-293.979187	61.558178	-177.792191
-293.979187	61.558178	-177.792191	-0.141593	206.215759	-32.818150	-12.127147
206.215759	-32.818150	-12.127147	0.000000	85.311264	-90.570488	-62.624790
85.311264	-90.570488	-62.624790	0.000000	123.668999	-45.576424	-65.101059
123.668999	-45.576424	-65.101059	3.058407	-28.862616	-134.069199	-80.907829
135.382553	20.859545	-73.795486	-2.541593	109.721504	82.707184	-84.479836
109.721504	82.707184	-84.479836	-1.941593	45.942963	123.328896	-94.229805
45.942963	123.328896	-94.229805	-1.541593	-29.486479	119.608597	-99.259552
-29.486479	119.608597	-99.259552	0.000000	-95.593567	84.038879	-79.878876
-95.593567	84.038879	-79.878876	-1.141593	-293.979187	61.558178	-177.792191
-293.979187	61.558178	-177.792191	-0.141593	206.215759	-32.818150	-12.127147
206.215759	-32.818150	-12.127147	0.000000	85.311264	-90.570488	-62.624790
85.311264	-90.570488	-62.624790	0.000000	123.668999	-45.576424	-65.101059
123.668999	-45.576424	-65.101059	3.058407	-28.862616	-134.069199	-80.907829
135.382553	20.859545	-73.795486	-2.541593	109.721504	82.707184	-84.479836
109.721504	82.707184	-84.479836	-1.941593	45.942963	123.328896	-94.229805
45.942963	123.328896	-94.229805	-1.541593	-29.486479	119.608597	-99.259552
-29.486479	119.608597	-99.259552	0.000000	-95.593567	84.038879	-79.878876
-95.593567	84.038879	-79.878876	-1.141593	-293.979187	61.558178	-177.792191
-293.979187	61.558178	-177.792191	-0.141593	206.215759	-32.818150	-12.127147
206.215759	-32.818150	-12.127147	0.000000	85.311264	-90.570488	-62.624790
85.311264	-90.570488	-62.624790	0.000000	123.668999	-45.576424	-65.101059
123.668999	-45.576424	-65.101059	3.058407	-28.862616	-134.069199	-80.907829
135.382553	20.859545	-73.795486	-2.541593	109.721504	82.707184	-84.479836
109.721504	82.707184	-84.479836	-1.941593	45.942963	123.328896	-94.229805
45.942963	123.328896	-94.229805	-1.541593	-29.486479	119.608597	-99.259552
-29.486479	119.608597	-99.259552	0.000000	-95.593567	84.038879	-79.878876
-95.593567	84.038879	-79.878876	-1.141593	-293.979187	61.558178	-177.792191
-293.979187	61.558178	-177.792191	-0.141593	206.215759	-32.818150	-12.127147
206.215759	-32.818150	-12.127147	0.000000	85.311264	-90.570488	-62.624790
85.311264	-90.570488	-62.624790	0.000000	123.668999	-45.576424	-65.101059
123.668999	-45.576424	-65.101059	3.058407	-28.862616	-134.069199	-80.907829
135.382553	20.859545	-73.795486	-2.541593	109.721504	82.707184	-84.479836
109.721504	82.707184	-84.479836	-1.941593	45.942963	123.328896	-94.229805
45.942963	123.328896	-94.229805	-1.541593	-29.486479	119.608597	-99.259552
-29.486479	119.608597	-99.259552	0.000000	-95.593567	84.038879	-79.878876
-95.593567	84.038879	-79.878876	-1.141593	-293.979187	61.558178	-177.792191
-293.979187	61.558178	-177.792191	-0.141593	206.215759	-32.818150	-12.127147
206.215759	-32.818150	-12.127147	0.000000	85.311264	-90.570488	-62.624790
85.311264	-90.570488	-62.624790	0.000000	123.668999	-45.576424	-65.101059
123.668999	-45.576424	-65.101059	3.058407	-28.862616	-134.069199	-80.907829
135.382553	20.859545	-73.795486	-2.541593	109.721504	82.707184	-84.479836
109.721504	82.707184	-84.479836	-1.941593	45.942963	123.328896	-94.229805
45.942963	123.328896	-94.229805	-1.541593	-29.486479	119.608597	-99.259552
-29.486479	119.608597	-99.259552	0.000000	-95.593567	84.038879	-79.878876
-95.593567	84.038879	-79.878876	-1.141593	-293.979187	61.558178	-177.792191
-293.979187	61.558178	-177.792191	-0.141593	206.215759	-32.818150	-12.127147
206.215759	-32.818150	-12.127147	0.000000	85.311264	-90.570488	-62.624790
85.311264	-90.570488	-62.624790	0.000000	123.668999	-45.576424	-65.101059
123.668999	-45.576424	-65.101059	3.058407	-28.862616	-134.069199	-80.907829
135.382553	20.859545	-73.795486	-2.541593	109.721504	82.707184	-84.479836
109.721504	82.707184	-84.479836	-1.941593	45.942963	123.328896	-94.229805
45.942963	123.328896	-94.229805	-1.541593	-29.486479	119.608597	-99.259552
-29.486479	119.608597	-99.259552	0.000000	-95.593567	84.038879	-79.878876
-95.593567	84.038879	-79.878876	-1.141593	-293.979187	61.558178	-177.792191
-293.979187	61.558178	-177.792191	-0.141593	206.215759	-32.818150	-12.127147
206.215759	-32.818150	-12.127147	0.000000	85.311264	-90.570488	-62.624790
85.311264	-90.570488	-62.624790	0.000000	123.668999	-45.576424	-65.101059
123.668999	-45.576424	-65.101059	3.058407	-28.862616	-134.069199	-80.907829
135.382553	20.859545	-73.795486	-2.541593	109.721504	82.707184	-84.479836
109.721504	82.707184	-84.479836	-1.941593	45.942963	123.328896	-94.229805
45.942963	123.328896	-94.229805	-1.541593	-29.486479	119.608597	-99.259552
-29.486479	119.608597	-99.259552	0.000000	-95.593567	84.038879	-79.878876
-95.593567	84.038879	-79.878876	-1.141593	-293.979187	61.558178	-177.792191
-293.979187	61.558178	-177.792191	-0.141593	206.215759	-32.818150	-12.127147
206.215759	-32.818150	-12.127147	0.000000	85.311264	-90.570488	-62.624790
85.311264	-90.570488	-62.624790	0.000000	123.668999	-45.576424	-65.101059
123.668999	-45.576424	-65.101059	3.058407	-28.862616	-134.069199	-80.907829
135.382553	20.859545	-73.795486	-2.541593	109.721504	82.707184	-84.479836
109.721504	82.707184	-84.479836	-1.941593	45.942963	123.328896	-94.229805
45.942963	123.328896	-94.229805	-1.541593	-29.486479	119.608597	-99.259552
-29.486479	119.608597	-99.259552	0.000000	-95.593567	84.038879	-79.878876
-95.593567	84.038879	-79.878876	-1.141593	-293.979187	61.558178	-177.792191
-293.979187	61.558178	-177.792191	-0.141593	206.215759	-32.818150	-12.127147
206.215759	-32.818150	-12.127147	0.000000	85.311264	-90.570488	-62.624790
85.311264	-90.570488	-62.624790	0.000000	123.668999	-45.576424	-65.101059
123.668999	-45.576424	-65.101059	3.058407	-28.862616	-134.069199	-80.907829
135.382553	20.859545	-73.795486	-2.541593	109.721504	82.707184	-84.479836
109.721504	82.707184	-84.479836	-1.941593	45.942963	123.328896	-94.229805
45.942963	123.328896	-94.229805	-1.541593	-29.486479	119.608597	-99.259552
-29.486479	119.608597	-99.259552	0.000000	-95.593567	84.038879	-79.878876
-95.593567	84.038879	-79.878876	-1.141593	-293.979187	61.558178	-177.792191
-293.979187	61.558178	-177.792191	-0.141593	206.215759	-32.818150	-12.127147
206.215759	-32.818150	-12.127147	0.000000	85.311264	-90.570488	-62.624790
85.311264	-90.570488	-62.624790	0.000000	123.668999	-45.576424	-65.101059
123.668999	-45.576424	-65.101059	3.058407	-28.862616	-134.069199	-80.907829
135.382553	20.859545	-73.795486	-2.541593	109.721504	82.707184	-84.479836
109.721504	82.707184	-84.479836	-1.941593	45.942963	123.328896	-94.229805
45.942963	123.328896	-94.229805	-1.541593	-29.486479	119.608597	-99.259552
-29.486479	119.608597	-99.259552	0.000000	-95.593567	84.038879	-79.878876
-95.593567	84.038879	-79.878876	-1.141593	-293.979187	61.558178	-177.792191
-293.979187	61.558178	-177.792191	-0.141593	206.215759	-32.818150	-12.127147
206.215759	-32.818150	-12.127147	0.000000	85.311264	-90.570488	-62.624790
85.311264	-90.570488	-62.624790	0.000000	123.668999	-45.576424	-65.101059
123.668999	-45.576424	-65.101059	3.058407	-28.862616	-134.069199	-80.907829
135.382553	20.859545	-73.795486	-2.541593	109.721504	82.707184	-84.479836
109.721504	82.707184	-84.479836	-1.941593	45.942963	123.328896	-94.229805
45.942963	123.328896	-94.229805	-1.541593	-29.486479	119.608597	-99.259552
-29.486479	119.608597	-99.259552	0.000000	-95.593567	84.038879	-79.878876
-95.593567	84.038879	-79.878876	-1.141593	-293.979187	61.558178	-177.792191
-293.979187	61.558178	-177.792191	-0.141593	206.215759	-32.818150	-12.127147
206.215759	-32.818150	-12.127147	0.000000	85.311264	-90.570488	-62.624790
85.311264	-90.570488	-62.624790	0.000000	123.668999	-45.576424	-65.101059
123.668999	-45.576424	-65.101059	3.058407	-28.862616	-134.069199	-80.907829
