85.010246	89.789825	-56.718033	0	0	-0.82533563	0.56464246
84.954208	89.826965	-56.798531	0	0	-0.99500417	0.099833397
85.093346	89.717751	-56.621361	0	0	-0.82533563	0.56464246
84.924095	89.834923	-56.860275	0	0	-0.99500417	0.099833397
84.909889	89.808876	-56.899326	0	0	-0.99500417	0.099833397
85.191437	89.602020	-56.520222	0	0	-0.99500417	0.099833397
85.299904	89.430092	-56.396729	0	0	-0.99500417	0.099833397
85.403976	89.280350	-56.155930	0	0	-0.99500417	0.099833397
85.389404	89.265778	-55.549755	0	0	-0.92106097	0.38941839
85.540604	89.416985	-54.382366	0	0	-0.99500417	0.099833397
83.700714	87.577087	-56.751381	0	0	-0.76484218	0.64421769
86.751923	90.628296	-51.059391	0	0	-0.99500417	0.099833397
89.555122	89.789825	-50.227268	0	0	-0.76484218	0.64421769
89.572968	89.808876	-50.239765	0	0	-0.95533648	0.29552023
89.555344	89.826965	-50.227425	0	0	-0.95533648	0.29552023
89.564148	89.834923	-50.233589	0	0	-0.95533648	0.29552023
89.565468	89.717751	-50.234512	0	0	-0.76484218	0.64421769
89.583771	89.602020	-50.247326	0	-0	-1	-4.371139e-08
89.598526	89.430092	-50.257660	0	0	-0.95533648	0.29552023
89.607643	89.202225	-50.264046	0	0	-0.99500417	0.099833397
89.863029	88.368027	-50.442867	0	0	-0.99500417	0.099833397
90.568100	86.802261	-50.936562	0	0	-0.98006658	0.19866933
92.213982	91.624229	-52.089024	0	0	-0.76484218	0.64421769
91.144737	86.235481	-51.059391	0	-0	-1	-4.371139e-08
91.882347	94.556252	-51.856812	0	0	-0.99500417	0.099833397
82.331688	91.624229	-66.202400	0	0	-0.92106097	0.38941839
91.913574	82.776138	-51.878674	0	0	-0.99500417	0.099833397
80.649117	94.556252	-67.899521	0	0	-0.82533563	0.56464246
91.482498	95.358879	-32.953430	0	0	-0.69670669	0.71735611
94.098373	92.743011	-32.953430	0	0	-0.69670669	0.71735611
91.803322	95.679695	-30.269726	0	0	-0.69670669	0.71735611
108.956268	78.526756	-30.269726	0	0	-0.76484218	0.64421769
105.613457	77.894554	-22.741615	0	0	-0.82533563	0.56464246
105.609291	77.901741	-22.736572	0	0	-0.87758258	0.4794255
105.612869	77.890251	-22.742762	0	0	-0.87758258	0.4794255
105.626457	77.862953	-22.760559	0	0	-0.82533563	0.56464246
105.614349	77.855148	-22.755951	0	0	-0.87758258	0.4794255
105.642700	77.794472	-22.794386	0	0	-0.87758258	0.4794255
105.649666	77.681152	-22.838282	0	0	-0.87758258	0.4794255
105.656464	77.554558	-22.886726	0	0	-0.92106097	0.38941839
105.897385	77.046059	-23.210848	0	0	-0.92106097	0.38941839
106.606537	76.149452	-23.954781	0	0	-0.92106097	0.38941839
107.557152	79.020889	-23.525932	0	0	0.99913515	0.041580682
107.425476	76.835793	-24.211094	0	0	0.99913515	0.041580682
107.716316	76.968407	-24.341032	0	0	-0.76484218	0.64421769
111.284691	77.182434	-26.429953	0	0	-0.76484218	0.64421769
107.257820	71.947266	-25.820917	0	0	0.98999249	0.14112005
103.210075	87.482368	-17.927477	0	0	-0.76484218	0.64421769
101.033356	104.909729	-17.100573	0	0	0.99913515	0.041580682
113.193802	92.749283	-17.100573	0	0	0.99913515	0.041580682
99.452095	103.328476	-10.200208	0	0	0.99913515	0.041580682
119.737526	83.043037	-10.200208	0	0	0.98999249	0.14112005
22.799490	106.459145	-56.718033	0	0	-0.76484218	0.64421769
22.805021	106.479790	-56.798531	0	0	-0.76484218	0.64421769
22.787037	106.412674	-56.621361	0	0	-0.76484218	0.64421769
22.804993	106.479683	-56.860275	0	0	-0.82533563	0.56464246
22.797529	106.451828	-56.899326	0	0	-0.82533563	0.56464246
22.764675	106.329216	-56.520222	0	0	-0.76484218	0.64421769
22.728960	106.195923	-56.396729	0	0	-0.76484218	0.64421769
22.684198	106.028877	-56.155930	0	0	-0.82533563	0.56464246
22.529577	105.451820	-55.549755	0	0	-0.82533563	0.56464246
22.263279	104.457985	-54.382366	0	0	-0.76484218	0.64421769
21.354422	101.066078	-56.325951	0	0	-0.76484218	0.64421769
22.321838	104.676521	-51.059391	0	0	-0.62160997	0.7833269
23.723722	109.908432	-62.517429	0	0	-0.82533563	0.56464246
24.353165	112.257545	-64.162292	0	0	-0.82533563	0.56464246
24.146574	111.486534	-32.953430	0	0	-0.82533563	0.56464246
21.587801	101.937065	-30.269726	0	0	-0.82533563	0.56464246
25.427296	116.266251	-17.100573	0	0	-0.54030229	0.84147099
23.439081	108.846130	-10.200208	0	0	-0.45359611	0.89120736
107.924126	50.101814	8.730803	0	0	-0.95533648	0.29552023
107.896904	50.089054	8.732595	0	0	-0.98006658	0.19866933
107.967422	50.098698	8.713756	0	0	-0.95533648	0.29552023
107.884903	50.065632	8.722594	0	0	-0.98006658	0.19866933
107.877335	50.028099	8.702485	0	0	-0.98006658	0.19866933
108.017197	50.066650	8.676894	0	0	-0.98006658	0.19866933
108.063240	50.002846	8.622086	0	0	-0.98006658	0.19866933
108.141418	49.955143	8.565786	0	0	-0.98006658	0.19866933
108.619011	49.688110	8.236652	0	0	-0.98006658	0.19866933
107.227493	48.521152	8.016188	0	0	0.99913515	0.041580682
109.836227	49.249828	7.544727	0	0	-0.98006658	0.19866933
107.955299	47.242836	6.986211	0	0	-0.87758258	0.4794255
111.718384	50.600876	7.705048	0	0	0.97095818	0.23924928
110.137077	45.302509	5.045756	0	0	-0.95533648	0.29552023
87.851135	91.727509	23.431072	0	0	-0.98006658	0.19866933
111.102623	63.290779	15.615752	0	0	-0.95533648	0.29552023
122.082832	55.790878	7.223623	0	0	-0.82533563	0.56464246
127.905937	68.894936	13.131196	0	0	0.97095818	0.23924928
125.315163	71.754471	15.772250	0	0	0.98999249	0.14112005
108.901527	70.677124	23.431072	0	-0	-1	-4.371139e-08
112.843292	63.849785	22.741352	0	-0	-1	-4.371139e-08
19.621727	94.599571	23.431072	0	0	-0.87758258	0.4794255
153.201385	179.078934	-51.043556	0	0	-0.69670669	0.71735611
-26.738045	73.363762	-37.414036	0	0	-0.62160997	0.7833269
-26.756659	73.433235	-37.462681	0	0	-0.62160997	0.7833269
-26.710251	73.260033	-37.341404	0	0	-0.62160997	0.7833269
-26.766825	73.471169	-37.489243	0	0	-0.62160997	0.7833269
-26.767698	73.474434	-37.491531	0	0	-0.62160997	0.7833269
-26.673742	73.123787	-37.246002	0	0	-0.62160997	0.7833269
-26.624434	72.939766	-37.117149	0	0	-0.62160997	0.7833269
-26.548052	72.654701	-36.917545	0	0	-0.62160997	0.7833269
-26.295151	71.710861	-36.256660	0	0	-0.62160997	0.7833269
-25.800491	69.864769	-34.964016	0	0	-0.62160997	0.7833269
-25.378500	68.289879	-33.861263	0	0	-0.69670669	0.71735611
-25.166754	67.499626	-33.307922	0	0	-0.54030229	0.84147099
-28.314970	79.248932	-41.534878	0	0	-0.62160997	0.7833269
-29.099081	82.175278	-43.583923	0	0	-0.69670669	0.71735611
-23.972570	63.042877	-30.187275	0	0	-0.62160997	0.7833269
-20.528782	50.190479	-21.187929	0	0	-0.69670669	0.71735611
85.010246	-3.735684	15.609344	0	-0	-1	-4.371139e-08
84.954208	-3.735684	15.609344	0	-0	-1	-4.371139e-08
85.093346	-3.735684	15.609344	0	-0	-1	-4.371139e-08
84.924095	-3.735684	15.609344	0	-0	-1	-4.371139e-08
84.909889	-3.735684	15.609344	0	-0	-1	-4.371139e-08
85.191437	-3.735684	15.609344	0	-0	-1	-4.371139e-08
85.299904	-3.735684	15.609344	0	-0	-1	-4.371139e-08
85.482101	-3.735684	15.609344	0	-0	-1	-4.371139e-08
86.287148	-3.735684	15.609344	0	-0	-1	-4.371139e-08
82.331688	-3.735684	15.609344	0	0	-0.99500417	0.099833397
88.155319	-3.735684	15.609344	0	-0	-1	-4.371139e-08
88.501663	-3.735684	15.609344	0	-0	-1	-4.371139e-08
80.649117	-3.735684	15.609344	0	0	0.98999249	0.14112005
91.144737	-3.735684	15.609344	0	-0	-1	-4.371139e-08
94.098373	-3.735684	15.609344	0	0	0.98999249	0.14112005
-22.210768	56.467739	-17.100573	0	0	-0.45359611	0.89120736
167.389862	170.887222	-27.645586	0	0	0.99913515	0.041580682
108.956268	-3.735684	15.609344	0	0	-0.92106097	0.38941839
108.901527	-3.849550	16.910833	0	0	0.90407214	0.42737988
113.193802	-3.735684	15.609344	0	0	-0.99500417	0.099833397
49.689709	206.814804	-51.043556	0	0	-0.54030229	0.84147099
-19.345860	45.775757	-10.200208	0	0	-0.45359611	0.89120736
119.737526	-3.735684	15.609344	0	0	0.99913515	0.041580682
192.702682	110.660675	15.772250	0	0	0.99913515	0.041580682
-41.113182	127.012505	-51.043556	0	0	-0.26749883	0.96355818
153.201385	-3.735684	15.609344	0	0	0.99913515	0.041580682
-17.116167	37.454430	21.240721	0	0	0	1
