-26.508854	-11.933283	27.410378	0	0	-0.62160997	0.7833269
-26.515490	-11.936460	27.328262	0	0	-0.98006658	0.19866933
-26.506786	-11.911610	27.501535	0	0	-0.98006658	0.19866933
-26.525658	-11.944030	27.262316	0	0	-0.62160997	0.7833269
-26.546577	-11.900250	27.600006	0	0	-0.62160997	0.7833269
-26.535320	-11.947989	27.195782	0	0	-0.62160997	0.7833269
-26.544571	-11.949416	27.127056	0	0	-0.98006658	0.19866933
-26.551121	-11.946879	27.057947	0	0	-0.62160997	0.7833269
-26.565828	-11.945437	26.975626	0	0	-0.62160997	0.7833269
-26.576431	-11.939048	26.894753	0	0	-0.62160997	0.7833269
-26.581720	-11.926331	26.815142	0	0	-0.98006658	0.19866933
-26.585657	-11.909430	26.736166	0	0	-0.98006658	0.19866933
-26.601093	-11.890321	26.649616	0	0	-0.62160997	0.7833269
-26.620811	-11.867537	26.557247	0	0	-0.98006658	0.19866933
-26.655163	-11.851201	26.468552	0	0	-0.62160997	0.7833269
-27.249470	-11.192667	27.410378	0	0	-0.62160997	0.7833269
-27.254375	-11.197573	27.328262	0	0	-0.95533648	0.29552023
-27.237598	-11.180796	27.501535	0	0	-0.95533648	0.29552023
-26.687368	-11.836650	26.376709	0	0	-0.98006658	0.19866933
-27.263245	-11.206442	27.262316	0	0	-0.62160997	0.7833269
-27.251816	-11.195012	27.600006	0	0	-0.62160997	0.7833269
-27.270058	-11.213254	27.195782	0	0	-0.62160997	0.7833269
-27.275394	-11.218592	27.127056	0	0	-0.95533648	0.29552023
-27.277401	-11.220598	27.057947	0	0	-0.62160997	0.7833269
-27.284035	-11.227232	26.975626	0	0	-0.62160997	0.7833269
-26.719196	-11.820551	26.281034	0	0	-0.62160997	0.7833269
-27.286140	-11.229338	26.894753	0	0	-0.62160997	0.7833269
-27.282427	-11.225624	26.815142	0	0	-0.95533648	0.29552023
-27.275946	-11.219142	26.736166	0	0	-0.95533648	0.29552023
-26.734766	-11.832037	26.178713	0	0	-0.98006658	0.19866933
-27.274109	-11.217305	26.649616	0	0	-0.62160997	0.7833269
-27.272575	-11.215773	26.557247	0	0	-0.95533648	0.29552023
-26.752214	-11.842822	26.068884	0	0	-0.62160997	0.7833269
-27.281584	-11.224780	26.468552	0	0	-0.62160997	0.7833269
-27.290411	-11.233608	26.376709	0	0	-0.95533648	0.29552023
-26.781200	-11.844249	25.960072	0	0	-0.62160997	0.7833269
-27.298275	-11.241471	26.281034	0	0	-0.62160997	0.7833269
-26.803843	-11.844458	25.857338	0	0	-0.62160997	0.7833269
-27.311804	-11.255000	26.178713	0	0	-0.95533648	0.29552023
-26.822935	-11.889338	25.751966	0	0	-0.62160997	0.7833269
-27.325920	-11.269116	26.068884	0	0	-0.62160997	0.7833269
-26.498629	-11.915201	25.702967	0	0	-0.98006658	0.19866933
-26.805090	-11.933650	25.677980	0	0	-0.98006658	0.19866933
-27.341125	-11.284323	25.960072	0	0	-0.62160997	0.7833269
-26.853806	-11.970725	25.586246	0	0	-0.98006658	0.19866933
-27.352552	-11.295749	25.857338	0	0	-0.62160997	0.7833269
-27.384537	-11.327734	25.751966	0	0	-0.62160997	0.7833269
-27.235317	-11.178514	25.702967	0	0	-0.92106097	0.38941839
-27.553059	-12.349445	25.731159	0	0	-0.62160997	0.7833269
-27.397772	-11.340969	25.677980	0	0	-0.95533648	0.29552023
-27.440666	-11.383863	25.586246	0	0	-0.98006658	0.19866933
-27.985456	-11.928654	25.732174	0	0	-0.62160997	0.7833269
-25.354506	-9.297702	24.680058	0	0	-0.62160997	0.7833269
-27.728554	-13.133638	23.725256	0	0	-0.99500417	0.099833397
-28.487020	-12.430217	23.730072	0	0	-0.99500417	0.099833397
-26.438112	-10.381310	23.459011	0	-0	-1	-4.371139e-08
-29.251045	-13.194242	24.115856	0	0	-0.99500417	0.099833397
-22.451197	-6.394393	27.951605	0	0	-0.87758258	0.4794255
-27.966612	-14.452729	21.004221	0	0	-0.69670669	0.71735611
-19.803164	-15.804815	26.732946	0	0	-0.92106097	0.38941839
-19.812399	-15.806490	26.651094	0	0	-0.82533563	0.56464246
-19.786467	-15.791588	26.822626	0	0	-0.82533563	0.56464246
-19.823212	-15.813689	26.585213	0	0	-0.92106097	0.38941839
-19.784355	-15.804421	26.916866	0	0	-0.92106097	0.38941839
-19.832386	-15.817931	26.518631	0	0	-0.92106097	0.38941839
-19.840532	-15.819995	26.449793	0	0	-0.82533563	0.56464246
-19.846313	-15.817902	26.380606	0	0	-0.92106097	0.38941839
-19.855644	-15.819565	26.297741	0	0	-0.92106097	0.38941839
-19.861691	-15.815805	26.216408	0	0	-0.92106097	0.38941839
-19.863565	-15.805060	26.136452	0	0	-0.82533563	0.56464246
-19.863247	-15.790615	26.057047	0	0	-0.82533563	0.56464246
-19.865490	-15.779123	25.969164	0	0	-0.92106097	0.38941839
-19.867687	-15.766456	25.875025	0	0	-0.82533563	0.56464246
-19.876120	-15.765083	25.783710	0	0	-0.92106097	0.38941839
-19.885008	-15.763995	25.689512	0	0	-0.82533563	0.56464246
-19.893421	-15.761414	25.591473	0	0	-0.87758258	0.4794255
-19.910032	-15.772299	25.489258	0	0	-0.82533563	0.56464246
-30.731340	-14.452729	21.246103	0	0	-0.95533648	0.29552023
-19.927385	-15.783138	25.379417	0	0	-0.92106097	0.38941839
-19.943592	-15.791943	25.269314	0	0	-0.92106097	0.38941839
-19.957197	-15.797370	25.165668	0	0	-0.92106097	0.38941839
-23.803349	-18.641939	24.115856	0	0	0.98999249	0.14112005
-19.989288	-15.834745	25.061609	0	0	-0.92106097	0.38941839
-19.921162	-15.712704	25.038488	0	0	-0.82533563	0.56464246
-20.009331	-15.857184	24.991449	0	0	-0.82533563	0.56464246
-20.044617	-15.902013	24.898359	0	0	-0.82533563	0.56464246
-20.378153	-16.498581	25.006170	0	0	0.97095818	0.23924928
-30.667555	-14.610751	21.028257	0	0	-0.87758258	0.4794255
-29.663027	-13.606223	19.825069	0	0	-0.98006658	0.19866933
-20.921661	-17.095379	23.036856	0	0	-0.87758258	0.4794255
-18.053242	-13.404287	30.335846	0	0	-0.82533563	0.56464246
-22.241962	-19.543406	23.958120	0	0	0.97095818	0.23924928
-30.471447	-14.414645	18.914112	0	0	-0.82533563	0.56464246
-30.616594	-14.559792	18.750555	0	0	-0.76484218	0.64421769
-28.178400	-12.121596	37.448093	0	0	-0.87758258	0.4794255
-31.041670	-14.984867	18.271566	0	0	0	1
-22.429010	-19.246082	20.407375	0	0	-0.82533563	0.56464246
-25.712500	-18.461248	18.397530	0	0	-0.95533648	0.29552023
-26.922121	-1.631794	32.942802	0	0	-0.76484218	0.64421769
-38.046692	-8.841729	27.410378	0	0	-0.82533563	0.56464246
-38.047928	-8.846352	27.328262	0	0	-0.76484218	0.64421769
-38.041134	-8.820991	27.501535	0	0	-0.76484218	0.64421769
-38.050503	-8.855957	27.262316	0	0	-0.82533563	0.56464246
-38.040958	-8.820340	27.600006	0	0	-0.82533563	0.56464246
-38.052139	-8.862067	27.195782	0	0	-0.82533563	0.56464246
-38.053116	-8.865711	27.127056	0	0	-0.76484218	0.64421769
-38.052921	-8.864982	27.057947	0	0	-0.82533563	0.56464246
-38.053547	-8.867313	26.975626	0	0	-0.82533563	0.56464246
-38.052658	-8.864002	26.894753	0	0	-0.82533563	0.56464246
-38.049831	-8.853459	26.815142	0	0	-0.76484218	0.64421769
-38.045872	-8.838675	26.736166	0	0	-0.76484218	0.64421769
-38.042130	-8.824704	26.649616	0	0	-0.82533563	0.56464246
-38.037754	-8.808376	26.557247	0	0	-0.76484218	0.64421769
-38.035969	-8.801723	26.468552	0	0	-0.82533563	0.56464246
-38.034489	-8.796198	26.376709	0	0	-0.76484218	0.64421769
-38.032597	-8.789134	26.281034	0	0	-0.82533563	0.56464246
-38.036510	-8.803743	26.178713	0	0	-0.76484218	0.64421769
-38.040379	-8.818168	26.068884	0	0	-0.82533563	0.56464246
-38.042675	-8.826745	25.960072	0	0	-0.82533563	0.56464246
-38.044243	-8.832601	25.857338	0	0	-0.82533563	0.56464246
-38.056744	-8.879248	25.751966	0	0	-0.82533563	0.56464246
-38.041485	-8.822303	25.702967	0	0	-0.69670669	0.71735611
-38.066628	-8.916131	25.677980	0	0	-0.76484218	0.64421769
-23.270559	-20.565012	19.614834	0	0	-0.95533648	0.29552023
-38.221458	-9.493967	25.732174	0	0	-0.92106097	0.38941839
-38.079159	-8.962901	25.586246	0	0	-0.76484218	0.64421769
-15.732891	-16.865456	24.447603	0	0	0	1
-19.114639	-3.057837	31.711351	0	0	0.99913515	0.041580682
-38.432171	-10.280362	23.730072	0	0	-0.54030229	0.84147099
-18.337446	-20.231853	22.557436	0	0	-0.99500417	0.099833397
-37.045307	-5.104517	28.759195	0	0	-0.36235775	0.93203909
-22.471666	-21.339613	20.003973	0	0	-0.82533563	0.56464246
-23.374924	-21.581640	19.446085	0	0	-0.82533563	0.56464246
-16.525850	-19.746437	23.676352	0	0	-0.82533563	0.56464246
-23.690722	-0.771675	34.009235	0	0	-0.95533648	0.29552023
-36.717930	-3.882731	30.099577	0	0	-0.54030229	0.84147099
-38.722069	-11.362276	21.894014	0	0	-0.45359611	0.89120736
-39.542618	-14.424615	24.115856	0	0	-0.45359611	0.89120736
-38.959404	-12.248026	21.246103	0	0	-0.45359611	0.89120736
-22.037867	-23.115986	20.072264	0	0	-0.82533563	0.56464246
-34.148232	-18.091427	17.166294	0	0	0	1
-14.450132	-19.190250	24.958399	0	0	0.90407214	0.42737988
-28.361275	-21.714754	16.493208	0	0	-0.99500417	0.099833397
-19.081165	-24.798418	26.110701	0	0	-0.95533648	0.29552023
-19.091084	-24.795906	26.029160	0	0	-0.95533648	0.29552023
-19.066339	-24.798841	26.199625	0	0	-0.95533648	0.29552023
-19.104845	-24.797253	25.963842	0	0	-0.95533648	0.29552023
-19.087103	-24.820440	26.294767	0	0	-0.95533648	0.29552023
-19.116701	-24.797415	25.897692	0	0	-0.95533648	0.29552023
-19.127253	-24.796587	25.829193	0	0	-0.95533648	0.29552023
-19.134087	-24.793556	25.760134	0	0	-0.95533648	0.29552023
-19.148102	-24.793320	25.677691	0	0	-0.95533648	0.29552023
-19.156837	-24.790159	25.596493	0	0	-0.95533648	0.29552023
-19.158806	-24.783195	25.516300	0	0	-0.95533648	0.29552023
-13.789989	-6.487865	33.009029	0	0	-0.95533648	0.29552023
-19.157932	-24.774628	25.436483	0	0	-0.95533648	0.29552023
-19.165083	-24.769867	25.348484	0	0	-0.95533648	0.29552023
-19.174129	-24.765570	25.254246	0	0	-0.95533648	0.29552023
-19.196789	-24.769484	25.163506	0	0	-0.95533648	0.29552023
-19.218739	-24.772697	25.069868	0	0	-0.95533648	0.29552023
-19.239904	-24.775063	24.972328	0	0	-0.95533648	0.29552023
-19.260988	-24.776997	24.870972	0	0	-0.95533648	0.29552023
-19.283510	-24.778996	24.762030	0	0	-0.95533648	0.29552023
-19.310642	-24.783634	24.652893	0	0	-0.95533648	0.29552023
-19.332216	-24.785692	24.549973	0	0	-0.95533648	0.29552023
-19.370432	-24.797449	24.447948	0	0	-0.95533648	0.29552023
-19.139830	-24.661016	24.415342	0	0	-0.98006658	0.19866933
-19.379271	-24.795549	24.378630	0	0	-0.95533648	0.29552023
-19.435812	-24.819065	24.288265	0	0	-0.95533648	0.29552023
-20.126717	-25.232347	24.430702	0	0	-0.95533648	0.29552023
-19.257269	-3.200466	37.372028	0	0	-0.92106097	0.38941839
-14.161097	-20.373827	25.003901	0	0	0.90407214	0.42737988
-20.072786	-25.103460	23.463093	0	0	0.98999249	0.14112005
-20.715235	-25.376404	22.493267	0	0	-0.95533648	0.29552023
-39.506996	-14.291673	18.680271	0	0	-0.87758258	0.4794255
-39.521332	-14.345173	18.621578	0	0	-0.87758258	0.4794255
-37.087002	-5.260129	37.372028	0	0	-0.76484218	0.64421769
-21.086060	-25.378483	20.394575	0	0	-0.87758258	0.4794255
-16.891930	-0.835126	34.215977	0	0	-0.76484218	0.64421769
-13.735825	-21.612591	25.123875	0	0	0.90407214	0.42737988
-13.656960	-21.572186	25.174616	0	0	0	1
-39.628868	-14.746498	18.181295	0	0	-0.69670669	0.71735611
-22.498137	-26.101961	19.486015	0	0	-0.98006658	0.19866933
-24.841549	-28.497282	29.803963	0	0	-0.92106097	0.38941839
-23.606318	-26.793631	19.999386	0	0	-0.92106097	0.38941839
-14.284045	-19.145748	37.448093	0	0	-0.87758258	0.4794255
-26.700434	-26.050762	17.014683	0	0	0.97095818	0.23924928
-35.435406	0.903710	35.350624	0	0	-0.92106097	0.38941839
-11.879339	-21.229589	31.942511	0	0	-0.98006658	0.19866933
-41.074024	-20.139893	20.496008	0	0	-0.82533563	0.56464246
-40.354874	-17.455994	17.096617	0	0	0	1
-40.680954	-18.672934	37.263416	0	0	-0.82533563	0.56464246
-26.508854	-30.624254	25.775129	0	-0	-1	-4.371139e-08
-26.515490	-30.617149	25.693914	0	0	0.99913515	0.041580682
-26.506786	-30.632006	25.863712	0	0	0.99913515	0.041580682
-26.525658	-30.611481	25.629126	0	-0	-1	-4.371139e-08
-26.546577	-30.640469	25.960449	0	-0	-1	-4.371139e-08
-26.535320	-30.605734	25.563440	0	-0	-1	-4.371139e-08
-26.544571	-30.599779	25.495361	0	0	0.99913515	0.041580682
-26.551121	-30.593760	25.426556	0	-0	-1	-4.371139e-08
-26.565828	-30.586601	25.344734	0	-0	-1	-4.371139e-08
-26.576431	-30.579531	25.263922	0	-0	-1	-4.371139e-08
-26.581720	-30.572521	25.183811	0	0	0.99913515	0.041580682
-26.585657	-30.565536	25.103968	0	0	0.99913515	0.041580682
-26.601093	-30.557877	25.016417	0	-0	-1	-4.371139e-08
-26.620811	-30.549683	24.922771	0	0	0.99913515	0.041580682
-21.714745	-28.379942	19.707434	0	0	-0.87758258	0.4794255
-26.655163	-30.541859	24.833330	0	-0	-1	-4.371139e-08
-26.687368	-30.533773	24.740923	0	0	0.99913515	0.041580682
-26.719196	-30.525345	24.644577	0	-0	-1	-4.371139e-08
-26.734766	-30.516548	24.544031	0	0	0.99913515	0.041580682
-26.752214	-30.507093	24.435970	0	-0	-1	-4.371139e-08
-26.781200	-30.497658	24.328110	0	-0	-1	-4.371139e-08
-26.803843	-30.488739	24.226175	0	-0	-1	-4.371139e-08
-26.822935	-30.479931	24.125502	0	-0	-1	-4.371139e-08
-26.498629	-30.475874	24.079117	0	0	0.99913515	0.041580682
-26.805090	-30.473845	24.055923	0	0	0.99913515	0.041580682
-26.853806	-30.466162	23.968105	0	-0	-1	-4.371139e-08
-27.564665	-30.481709	24.145807	0	-0	-1	-4.371139e-08
-41.118191	-20.304722	18.612001	0	0	-0.82533563	0.56464246
-7.633444	-10.606341	29.881468	0	0	0.94222235	0.33498812
-27.783600	-30.313833	22.226999	0	0	0.99913515	0.041580682
-23.803349	-30.389172	23.088106	0	0	0.99913515	0.041580682
-9.917582	-12.540154	37.372028	0	0	-0.92106097	0.38941839
-41.333988	-0.709986	33.358021	0	0	-0.76484218	0.64421769
-45.481274	-17.016928	27.410378	0	0	-0.62160997	0.7833269
-45.480927	-17.018232	27.328262	0	0	-0.54030229	0.84147099
-45.486553	-16.997223	27.501535	0	0	-0.54030229	0.84147099
-45.479713	-17.022755	27.262316	0	0	-0.62160997	0.7833269
-45.492058	-16.976677	27.600006	0	0	-0.62160997	0.7833269
-45.479370	-17.024033	27.195782	0	0	-0.62160997	0.7833269
-45.479633	-17.023050	27.127056	0	0	-0.54030229	0.84147099
-45.480705	-17.019047	27.057947	0	0	-0.62160997	0.7833269
-45.482052	-17.014025	26.975626	0	0	-0.62160997	0.7833269
-45.484360	-17.005413	26.894753	0	0	-0.62160997	0.7833269
-45.487892	-16.992224	26.815142	0	0	-0.54030229	0.84147099
-45.492382	-16.975471	26.736166	0	0	-0.54030229	0.84147099
-45.498196	-16.953783	26.649616	0	0	-0.62160997	0.7833269
-45.505211	-16.927597	26.557247	0	0	-0.54030229	0.84147099
-45.511597	-16.903767	26.468552	0	0	-0.62160997	0.7833269
-45.517391	-16.882139	26.376709	0	0	-0.54030229	0.84147099
-45.523548	-16.859161	26.281034	0	0	-0.62160997	0.7833269
-45.521721	-16.865986	26.178713	0	0	-0.54030229	0.84147099
-45.520191	-16.871687	26.068884	0	0	-0.62160997	0.7833269
-45.521778	-16.865770	25.960072	0	0	-0.62160997	0.7833269
-45.523243	-16.860306	25.857338	0	0	-0.62160997	0.7833269
-45.513302	-16.897406	25.751966	0	0	-0.62160997	0.7833269
-45.447960	-17.141260	25.732174	0	0	-0.76484218	0.64421769
-45.485111	-17.002613	25.702967	0	0	-0.54030229	0.84147099
-45.501026	-16.943211	25.677980	0	0	-0.54030229	0.84147099
-45.495022	-16.965624	25.586246	0	0	-0.54030229	0.84147099
-40.944847	-19.657799	16.382917	0	0	0	1
-23.690722	-31.112410	31.354763	0	0	-0.99500417	0.099833397
-45.266579	-17.818188	23.730072	0	0	-0.45359611	0.89120736
-16.296162	-28.590750	22.878778	0	0	-0.99500417	0.099833397
-44.491825	-20.709602	25.550838	0	0	-0.76484218	0.64421769
-30.731340	-30.108185	19.876429	0	0	0	1
-21.983541	-30.063999	19.371368	0	0	-0.92106097	0.38941839
-21.701466	-30.078411	19.536097	0	0	-0.92106097	0.38941839
-41.177029	-20.524315	16.102043	0	0	0	1
-20.282518	-30.150908	20.364744	0	0	0.98999249	0.14112005
-44.262077	-21.567034	23.892164	0	0	-0.76484218	0.64421769
-45.134266	-18.311981	21.246103	0	0	-0.45359611	0.89120736
-25.623236	-29.878038	17.245836	0	-0	-1	-4.371139e-08
-34.689148	3.688781	38.406033	0	0	-0.36235775	0.93203909
-28.744669	-29.302370	15.466863	0	0	0.90407214	0.42737988
-44.522297	-20.595875	34.992565	0	0	-0.76484218	0.64421769
-44.172112	-21.902798	20.054365	0	0	-0.76484218	0.64421769
-16.282366	-30.355284	22.700779	0	0	-0.99500417	0.099833397
-44.545399	-20.509661	35.977997	0	0	-0.76484218	0.64421769
-46.247215	-14.158400	18.550953	0	0	-0.45359611	0.89120736
-15.627156	-30.388760	23.083412	0	0	0.80114363	0.59847213
-44.151485	-21.979769	19.174585	0	0	-0.76484218	0.64421769
-44.575150	-20.398628	37.247093	0	0	-0.76484218	0.64421769
-44.123482	-22.084280	17.980015	0	0	-0.76484218	0.64421769
-4.906343	-17.088808	30.804951	0	0	0	1
-14.082176	-30.467697	23.985659	0	0	0.80114363	0.59847213
-5.909956	-3.623546	31.633831	0	0	-0.87758258	0.4794255
-44.110386	-22.133152	17.421404	0	0	-0.76484218	0.64421769
-32.629978	-29.648134	14.618023	0	0	0	1
-48.082897	-7.307539	34.009235	0	0	-0.82533563	0.56464246
-6.434535	-18.572968	36.762573	0	0	-0.95533648	0.29552023
-4.096808	-16.416086	31.353033	0	0	0.90407214	0.42737988
-47.003963	-11.334182	38.523869	0	0	-0.87758258	0.4794255
-44.076241	-22.260590	15.964790	0	0	0	1
-44.063461	-22.308281	15.419676	0	0	0	1
-48.594425	-21.067278	26.580879	0	0	-0.62160997	0.7833269
-48.589222	-21.072481	26.499653	0	0	-0.54030229	0.84147099
-48.600296	-21.061409	26.672541	0	0	-0.54030229	0.84147099
-48.585045	-21.076660	26.434406	0	0	-0.62160997	0.7833269
-48.606758	-21.054945	26.773460	0	0	-0.62160997	0.7833269
-48.580841	-21.080862	26.368776	0	0	-0.62160997	0.7833269
-48.576508	-21.085197	26.301107	0	0	-0.54030229	0.84147099
-48.572155	-21.089550	26.233137	0	0	-0.62160997	0.7833269
-48.566990	-21.094713	26.152512	0	0	-0.62160997	0.7833269
-48.561920	-21.099783	26.073376	0	0	-0.62160997	0.7833269
-48.556938	-21.104767	25.995556	0	0	-0.54030229	0.84147099
-34.024696	6.168550	41.126507	0	0	-0.36235775	0.93203909
-48.552006	-21.109699	25.918549	0	0	-0.54030229	0.84147099
-48.546650	-21.115055	25.834896	0	0	-0.62160997	0.7833269
-48.540955	-21.120750	25.745979	0	0	-0.54030229	0.84147099
-48.535526	-21.126179	25.661224	0	0	-0.62160997	0.7833269
-48.529881	-21.131823	25.573101	0	0	-0.54030229	0.84147099
-48.523998	-21.137705	25.481249	0	0	-0.62160997	0.7833269
-48.517517	-21.144190	25.380020	0	0	-0.54030229	0.84147099
-48.510567	-21.151138	25.271507	0	0	-0.62160997	0.7833269
-48.503765	-21.157940	25.165331	0	0	-0.62160997	0.7833269
-48.497330	-21.164373	25.064859	0	0	-0.62160997	0.7833269
-48.490532	-21.171173	24.958706	0	0	-0.62160997	0.7833269
-48.490421	-21.171284	24.956964	0	0	-0.69670669	0.71735611
-48.485992	-21.175711	24.887859	0	0	-0.54030229	0.84147099
-48.485580	-21.176125	24.881372	0	0	-0.54030229	0.84147099
-48.479797	-21.181906	24.791124	0	0	-0.54030229	0.84147099
-48.396378	-21.265327	23.488585	0	0	-0.76484218	0.64421769
-48.360935	-21.300768	22.935246	0	0	-0.54030229	0.84147099
-48.346840	-21.314865	22.715130	0	0	-0.54030229	0.84147099
-41.306622	-30.991411	29.971737	0	0	0	1
-11.769376	-28.530621	37.448093	0	0	0.80114363	0.59847213
-48.943539	-20.718166	32.031834	0	0	-0.54030229	0.84147099
-48.209770	-21.451935	20.574949	0	0	-0.54030229	0.84147099
-49.047565	-20.614141	33.656059	0	0	-0.69670669	0.71735611
-49.104576	-20.557127	34.546246	0	0	-0.69670669	0.71735611
-48.070621	-21.591082	18.402365	0	0	-0.69670669	0.71735611
-48.034954	-21.626751	17.845411	0	0	-0.69670669	0.71735611
-49.157269	-20.504436	35.368958	0	0	-0.54030229	0.84147099
-49.461121	-2.163935	32.684975	0	0	-0.82533563	0.56464246
-2.977746	-20.998558	31.529198	0	0	0.90407214	0.42737988
-47.972340	-21.689365	16.867771	0	0	-0.54030229	0.84147099
-49.253761	-20.407944	36.875557	0	0	-0.69670669	0.71735611
-47.920784	-21.740921	16.062815	0	0	-0.69670669	0.71735611
-47.906620	-21.755085	15.841660	0	0	-0.54030229	0.84147099
-1.120645	-15.149206	33.240749	0	0	-0.98006658	0.19866933
-47.879562	-21.782143	15.419172	0	0	0	1
-11.769376	-31.621845	37.177647	0	0	0.80114363	0.59847213
-11.043933	5.012870	40.805698	0	0	-0.99500417	0.099833397
-10.914399	4.951955	40.744801	0	0	-0.99500417	0.099833397
-33.488052	8.171332	43.323692	0	0	-0.98006658	0.19866933
-12.892973	-34.622780	24.248247	0	0	0.80114363	0.59847213
-7.475516	-30.805246	27.843861	0	0	0.80114363	0.59847213
-9.917582	-31.493776	35.713802	0	0	-0.99500417	0.099833397
-10.579757	5.477046	41.328747	0	0	-0.62160997	0.7833269
-6.486079	-30.855799	28.421677	0	0	0.94222235	0.33498812
-7.230535	3.726544	39.563591	0	0	-0.99500417	0.099833397
-51.385178	-24.517939	25.528997	0	0	-0.16996714	0.98544973
-51.378098	-24.519836	25.448053	0	0	-0.16996714	0.98544973
-51.393116	-24.515810	25.619738	0	0	-0.16996714	0.98544973
-51.372437	-24.521353	25.383348	0	0	-0.16996714	0.98544973
-51.401985	-24.513433	25.721125	0	0	-0.16996714	0.98544973
-51.366726	-24.522882	25.318104	0	0	-0.16996714	0.98544973
-51.360832	-24.524462	25.250706	0	0	-0.16996714	0.98544973
-51.354889	-24.526054	25.182785	0	0	-0.16996714	0.98544973
-51.347858	-24.527937	25.102444	0	0	-0.16996714	0.98544973
-51.340935	-24.529793	25.023298	0	0	-0.16996714	0.98544973
-51.334091	-24.531626	24.945089	0	0	-0.16996714	0.98544973
-51.327305	-24.533445	24.867491	0	0	-0.16996714	0.98544973
-51.319950	-24.535416	24.783430	0	0	-0.16996714	0.98544973
-51.312130	-24.537512	24.694054	0	0	-0.16996714	0.98544973
-51.304726	-24.539495	24.609440	0	0	-0.16996714	0.98544973
-51.297031	-24.541557	24.521477	0	0	-0.16996714	0.98544973
-51.289005	-24.543707	24.429718	0	0	-0.16996714	0.98544973
-51.280220	-24.546062	24.329313	0	0	-0.16996714	0.98544973
-51.270798	-24.548586	24.221640	0	0	-0.16996714	0.98544973
-50.276943	0.880757	34.722195	0	0	-0.070737201	0.99749499
-51.261574	-24.551058	24.116196	0	0	-0.16996714	0.98544973
-51.252831	-24.553400	24.016258	0	0	-0.16996714	0.98544973
-51.246719	-24.555038	23.946392	0	0	-0.16996714	0.98544973
-51.243740	-24.555836	23.912357	0	0	-0.16996714	0.98544973
-51.237095	-24.557617	23.836393	0	0	-0.16996714	0.98544973
-51.236973	-24.557650	23.835012	0	0	-0.16996714	0.98544973
-51.229427	-24.559671	23.748772	0	0	-0.16996714	0.98544973
-51.073048	-24.601572	21.961346	0	0	-0.16996714	0.98544973
-51.065102	-24.603703	21.870520	0	0	-0.16996714	0.98544973
-51.064762	-24.603792	21.866631	0	0	-0.16996714	0.98544973
-51.758747	-24.417841	29.798910	0	0	-0.16996714	0.98544973
-40.712322	-36.534409	24.925093	0	0	0.80114363	0.59847213
-40.712379	-36.526196	24.844130	0	0	0.80114363	0.59847213
-40.724037	-36.536613	25.013838	0	0	0.80114363	0.59847213
-40.713909	-36.518806	24.779694	0	0	0.80114363	0.59847213
-40.763115	-36.524014	25.112434	0	0	0.80114363	0.59847213
-40.716587	-36.510662	24.714382	0	0	0.80114363	0.59847213
-40.719944	-36.501884	24.646687	0	0	0.80114363	0.59847213
-40.722958	-36.493225	24.578196	0	0	0.80114363	0.59847213
-40.731064	-36.480347	24.497030	0	0	0.80114363	0.59847213
-40.738270	-36.468075	24.416752	0	0	0.80114363	0.59847213
-40.744259	-36.456562	24.337019	0	0	0.80114363	0.59847213
-40.751053	-36.444611	24.257544	0	0	0.80114363	0.59847213
-40.767113	-36.426586	24.170883	0	0	0.80114363	0.59847213
-40.787720	-36.405338	24.078360	0	0	0.80114363	0.59847213
-40.816715	-36.379734	23.990601	0	0	0.80114363	0.59847213
-40.843201	-36.355267	23.899759	0	0	0.80114363	0.59847213
-40.869896	-36.330280	23.804983	0	0	0.80114363	0.59847213
-40.872223	-36.318832	23.704979	0	0	0.80114363	0.59847213
-50.877193	-24.654053	19.722715	0	0	-0.16996714	0.98544973
-40.875938	-36.305832	23.597551	0	0	0.80114363	0.59847213
-40.892399	-36.285561	23.490932	0	0	0.80114363	0.59847213
-40.904873	-36.268158	23.389978	0	0	0.80114363	0.59847213
-40.895367	-36.263508	23.289610	0	0	0.80114363	0.59847213
-40.638283	-36.405796	23.228848	0	0	0.85688874	0.51550139
-40.859695	-36.276943	23.218742	0	0	0.80114363	0.59847213
-41.254498	-36.060928	23.336763	0	0	0.80114363	0.59847213
-40.876411	-36.258591	23.132608	0	0	0.80114363	0.59847213
1.163163	-13.979098	34.710201	0	0	-0.99500417	0.099833397
-51.959114	-24.364151	32.089138	0	0	-0.16996714	0.98544973
-40.995213	-36.016819	21.418339	0	0	0.80114363	0.59847213
-51.979553	-24.358675	32.322739	0	0	-0.16996714	0.98544973
-50.668114	-24.710075	17.332909	0	0	-0.16996714	0.98544973
-52.110554	-24.323574	33.820072	0	0	-0.16996714	0.98544973
-50.658592	-24.712626	17.224087	0	0	-0.16996714	0.98544973
-42.536938	-34.900620	19.180391	0	0	0.80114363	0.59847213
-52.122421	-24.320395	33.955742	0	0	-0.16996714	0.98544973
-35.652164	-39.164692	22.042582	0	0	0.94222235	0.33498812
-43.676247	-35.387619	30.512220	0	0	0.80114363	0.59847213
-2.525786	0.583710	38.523869	0	0	-0.69670669	0.71735611
-44.938908	-34.563839	29.574039	0	0	0.66627604	0.74570519
-52.192955	-24.301495	34.761929	0	0	-0.16996714	0.98544973
-50.556297	-24.740036	16.054863	0	0	-0.16996714	0.98544973
-55.494690	-14.167013	32.684975	0	0	-0.76484218	0.64421769
-50.496254	-24.756124	15.368544	0	0	-0.16996714	0.98544973
-50.409153	-24.779463	14.372984	0	0	0	1
-36.784023	-37.913670	16.127665	0	0	0.90407214	0.42737988
-54.895115	-14.766588	17.538710	0	0	0.029199523	0.9995736
-8.911282	7.145521	43.208843	0	0	-0.62160997	0.7833269
-2.899242	-31.039057	30.516342	0	0	0.80114363	0.59847213
-40.660484	-35.452763	13.921928	0	0	0.58850112	0.8084964
-52.485020	-29.381668	24.728724	0	0	0.029199523	0.9995736
-52.477951	-29.379774	24.647926	0	0	0.029199523	0.9995736
-52.492870	-29.383772	24.818455	0	0	0.029199523	0.9995736
-52.472321	-29.378265	24.583574	0	0	0.029199523	0.9995736
-52.501698	-29.386135	24.919315	0	0	0.029199523	0.9995736
-52.466629	-29.376740	24.518513	0	0	0.029199523	0.9995736
-52.460739	-29.375162	24.451181	0	0	0.029199523	0.9995736
-52.454788	-29.373568	24.383144	0	0	0.029199523	0.9995736
-52.447754	-29.371681	24.302736	0	0	0.029199523	0.9995736
-52.440804	-29.369820	24.223291	0	0	0.029199523	0.9995736
-52.433907	-29.367971	24.144491	0	0	0.029199523	0.9995736
-52.427052	-29.366135	24.066109	0	0	0.029199523	0.9995736
-52.419617	-29.364143	23.981157	0	0	0.029199523	0.9995736
-52.411705	-29.362022	23.890722	0	0	0.029199523	0.9995736
-52.404236	-29.360022	23.805349	0	0	0.029199523	0.9995736
-52.396481	-29.357944	23.716709	0	0	0.029199523	0.9995736
-52.388390	-29.355776	23.624201	0	0	0.029199523	0.9995736
-52.379650	-29.353434	23.524332	0	0	0.029199523	0.9995736
-52.370274	-29.350922	23.417160	0	0	0.029199523	0.9995736
-52.361053	-29.348452	23.311781	0	0	0.029199523	0.9995736
-52.352314	-29.346109	23.211855	0	0	0.029199523	0.9995736
-52.348255	-29.345022	23.165472	0	0	0.029199523	0.9995736
-52.343403	-29.343721	23.110041	0	0	0.029199523	0.9995736
-52.336941	-29.341990	23.036137	0	0	0.029199523	0.9995736
-52.336742	-29.341938	23.033897	0	0	0.029199523	0.9995736
-52.329426	-29.339975	22.950239	0	0	0.029199523	0.9995736
-52.192242	-29.303217	21.382223	0	0	0.32328956	0.94630009
-52.177776	-29.299341	21.216892	0	0	0.029199523	0.9995736
-52.157349	-29.293869	20.983406	0	0	0.32328956	0.94630009
-52.831562	-29.474524	28.689682	0	0	0.029199523	0.9995736
-44.528061	-33.030533	12.048239	0	0	0	1
-51.987289	-29.248301	19.039604	0	0	0.029199523	0.9995736
-53.013546	-29.523287	30.769810	0	0	0.32328956	0.94630009
-53.030758	-29.527899	30.966545	0	0	0.32328956	0.94630009
-49.797131	-33.740326	24.522196	0	0	0.66627604	0.74570519
-49.791954	-33.735149	24.441372	0	0	0.66627604	0.74570519
-49.802826	-33.746021	24.611103	0	0	0.73739371	0.67546319
-49.787838	-33.731033	24.377089	0	0	0.66627604	0.74570519
-49.809196	-33.752392	24.710581	0	0	0.73739371	0.67546319
-49.783665	-33.726864	24.311962	0	0	0.66627604	0.74570519
-49.779343	-33.722542	24.244474	0	0	0.66627604	0.74570519
-49.774971	-33.718166	24.176182	0	0	0.66627604	0.74570519
-49.769794	-33.712990	24.095373	0	0	0.66627604	0.74570519
-49.764675	-33.707870	24.015425	0	0	0.66627604	0.74570519
-49.759586	-33.702782	23.935989	0	0	0.66627604	0.74570519
-49.754517	-33.697712	23.856834	0	0	0.66627604	0.74570519
-49.749004	-33.692200	23.770756	0	0	0.66627604	0.74570519
-2.525786	-31.494093	35.717426	0	0	0.80114363	0.59847213
-49.743122	-33.686321	23.678944	0	0	0.66627604	0.74570519
-49.737564	-33.680759	23.592113	0	0	0.66627604	0.74570519
-49.731800	-33.674995	23.502140	0	0	0.66627604	0.74570519
-49.725788	-33.668983	23.408243	0	0	0.66627604	0.74570519
-49.719395	-33.662594	23.308474	0	0	0.66627604	0.74570519
-49.712536	-33.655731	23.201330	0	0	0.66627604	0.74570519
-49.705746	-33.648941	23.095337	0	0	0.66627604	0.74570519
-49.699314	-33.642509	22.994890	0	0	0.66627604	0.74570519
-49.696510	-33.639709	22.951155	0	0	0.66627604	0.74570519
-49.692879	-33.636078	22.894440	0	0	0.66627604	0.74570519
-49.688553	-33.631748	22.826880	0	0	0.66627604	0.74570519
-49.688286	-33.631485	22.822737	0	0	0.66627604	0.74570519
-49.682808	-33.626007	22.737200	0	0	0.66627604	0.74570519
-49.604134	-33.547329	21.508783	0	0	0.66627604	0.74570519
-49.573410	-33.516605	21.029068	0	0	0.66627604	0.74570519
-30.682264	-41.292175	14.698806	0	0	0.85688874	0.51550139
-51.776722	-29.191879	16.632828	0	0	0.41614682	0.90929743
-28.531456	-42.830276	17.632118	0	0	0.66627604	0.74570519
-50.143768	-34.086964	29.934504	0	0	0.66627604	0.74570519
-53.224735	-29.579874	33.183689	0	0	0.029199523	0.9995736
-50.159447	-34.102642	30.179295	0	0	0.73739371	0.67546319
-49.432976	-33.376171	18.836363	0	0	0.66627604	0.74570519
-53.241871	-29.584465	33.379570	0	0	0.029199523	0.9995736
-53.277924	-29.594126	33.791634	0	0	0.32328956	0.94630009
-48.578232	-35.262619	21.156614	0	0	0.73739371	0.67546319
-51.682571	-29.166653	15.556684	0	0	0.029199523	0.9995736
-51.662056	-29.161156	15.322195	0	0	0.029199523	0.9995736
4.812985	-12.127415	37.239750	0	0	0.90407214	0.42737988
-50.354614	-34.297810	33.226589	0	0	0.32328956	0.94630009
-49.227901	-33.171101	15.634425	0	0	0.66627604	0.74570519
-28.540783	-44.475582	33.971836	0	0	0.50484609	0.86320938
-51.516922	-29.122267	13.663309	0	0	0.029199523	0.9995736
-51.502495	-29.118401	13.498380	0	0	0.41614682	0.90929743
-28.409029	-44.568279	34.136444	0	0	0.90407214	0.42737988
-28.048031	-42.788406	14.454866	0	0	0.80114363	0.59847213
-51.456734	-29.106140	12.975352	0	0	0	1
-49.676460	-35.494953	33.355457	0	0	0.58850112	0.8084964
-25.286592	-45.146507	22.015329	0	0	0.85688874	0.51550139
-47.583900	-36.228615	16.834692	0	0	0.73739371	0.67546319
-49.093544	-33.036739	13.536561	0	0	0.58850112	0.8084964
-51.440834	-29.689838	12.793598	0	0	0	1
-49.015556	-32.958752	12.318871	0	0	0.58850112	0.8084964
-46.810490	-39.692814	28.976915	0	0	0.32328956	0.94630009
-48.987865	-32.931065	11.886550	0	0	0	1
-25.429863	-44.438313	15.823911	0	0	0.80114363	0.59847213
-24.888634	-44.779381	16.106920	0	-0	-1	-4.371139e-08
-51.848568	-34.283119	17.454048	0	0	0.66627604	0.74570519
-23.816126	-45.479385	16.906645	0	-0	-1	-4.371139e-08
-46.298134	-37.944416	13.913080	0	0	0.73739371	0.67546319
-50.337955	-19.323750	53.803894	0	0	-0.54030229	0.84147099
-22.933214	-47.866955	35.494675	0	0	0.94222235	0.33498812
-44.782635	-40.241077	12.037103	0	0	0.73739371	0.67546319
-53.587166	-23.927917	50.697853	0	0	-0.16996714	0.98544973
-19.166302	-48.435902	19.598497	0	-0	-1	-4.371139e-08
-42.558189	-44.744194	15.753374	0	0	0.85688874	0.51550139
9.534423	-5.870074	40.499401	0	0	0	1
-43.284199	-46.725712	34.264366	0	0	0.85688874	0.51550139
-50.611385	2.128907	55.233345	0	0	-0.54030229	0.84147099
-54.564205	-29.938784	48.493923	0	0	0.029199523	0.9995736
-51.295052	-35.238251	47.910355	0	0	0.73739371	0.67546319
10.856499	-9.012719	40.947098	0	0	-0.76484218	0.64421769
-42.221767	-44.091110	8.690827	0	0	0	1
-15.916047	-50.433685	20.798702	0	0	0.90407214	0.42737988
-27.774179	-46.406219	48.701508	0	0	0.85688874	0.51550139
-39.379620	-50.670879	18.160770	0	0	0.90407214	0.42737988
-14.357162	-52.288380	30.248728	0	0	0.66627604	0.74570519
-40.471851	-47.093323	8.526639	0	0	0	1
9.736259	-31.684633	37.895306	0	0	0.80114363	0.59847213
9.555430	-32.810677	50.766064	0	0	0.90407214	0.42737988
-29.404272	23.412212	60.043957	0	0	0	1
4.276668	20.333471	58.069473	0	0	0	1
9.540734	17.858009	55.594749	0	0	-0.69670669	0.71735611
22.214092	-3.674887	53.018364	0	0	-0.76484218	0.64421769
-21.147455	-5.080877	98.947556	0	0	-0.76484218	0.64421769
-11.175288	-13.310399	97.882179	0	0	-0.76484218	0.64421769
-25.429237	-5.080877	99.322159	0	0	-0.76484218	0.64421769
-12.202926	-27.989521	97.007858	0	0	-0.87758258	0.4794255
-36.261269	-2.178443	99.322159	0	0	-0.76484218	0.64421769
-25.429237	-36.815880	96.545708	0	0	0.94222235	0.33498812
-47.122055	-10.893451	99.322159	0	0	-0.76484218	0.64421769
-53.186108	-16.475595	98.274231	0	0	-0.45359611	0.89120736
-45.967037	-40.653389	95.728508	0	0	0.50484609	0.86320938
-57.631191	-22.844324	96.921272	0	0	-0.16996714	0.98544973
-58.703156	-31.047813	95.802338	0	0	0.029199523	0.9995736
-54.333054	-38.276253	95.344948	0	0	0.32328956	0.94630009
-35.987812	-1.157889	237.461288	0	0	-0.69670669	0.71735611
-19.986036	-3.929233	238.291138	0	0	-0.76484218	0.64421769
-53.370964	-2.833677	238.015411	0	0	-0.54030229	0.84147099
-8.731665	-17.657991	240.860687	0	0	-0.92106097	0.38941839
-9.340387	-35.783806	244.481445	0	0	0.98999249	0.14112005
-96.871788	-27.465746	239.150665	0	0	0.50484609	0.86320938
-10.110641	-59.551064	246.762329	0	0	0.99913515	0.041580682
-24.561169	-95.091827	246.762329	0	0	0.98999249	0.14112005
-102.172417	-74.635849	241.832245	0	0	0.80114363	0.59847213
-53.370964	-102.811386	246.762329	0	0	0.94222235	0.33498812
-71.769615	-102.811386	245.152649	0	0	0.90407214	0.42737988
