-100.826340	-189.133560	-53.266228	1.858407	-3.173342	-269.601715	-54.503094
-3.173342	-269.601715	-54.503094	2.458407	38.548595	-269.601715	-56.778831
38.548595	-269.601715	-56.778831	2.658407	38.548595	-269.601715	-56.778831
38.548595	-269.601715	-56.778831	2.658407	66.988075	-261.981384	-56.778831
66.988075	-261.981384	-56.778831	2.658407	145.210602	-162.939713	-56.778831
145.210602	-162.939713	-56.778831	3.058407	96.716309	-45.185036	-10.320918
96.716309	-45.185036	-10.320918	3.058407	-16.627232	-115.133110	153.542694
-100.826340	-189.133560	-53.266228	1.858407	-3.173342	-269.601715	-54.503094
-3.173342	-269.601715	-54.503094	2.458407	38.548595	-269.601715	-56.778831
38.548595	-269.601715	-56.778831	2.658407	38.548595	-269.601715	-56.778831
38.548595	-269.601715	-56.778831	2.658407	66.988075	-261.981384	-56.778831
66.988075	-261.981384	-56.778831	2.658407	145.210602	-162.939713	-56.778831
145.210602	-162.939713	-56.778831	3.058407	96.716309	-45.185036	-10.320918
96.716309	-45.185036	-10.320918	3.058407	-16.627232	-115.133110	153.542694
-100.826340	-189.133560	-53.266228	1.858407	-3.173342	-269.601715	-54.503094
-3.173342	-269.601715	-54.503094	2.458407	38.548595	-269.601715	-56.778831
38.548595	-269.601715	-56.778831	2.658407	38.548595	-269.601715	-56.778831
38.548595	-269.601715	-56.778831	2.658407	66.988075	-261.981384	-56.778831
66.988075	-261.981384	-56.778831	2.658407	145.210602	-162.939713	-56.778831
145.210602	-162.939713	-56.778831	3.058407	96.716309	-45.185036	-10.320918
96.716309	-45.185036	-10.320918	3.058407	-16.627232	-115.133110	153.542694
-100.826340	-189.133560	-53.266228	1.858407	-3.173342	-269.601715	-54.503094
-3.173342	-269.601715	-54.503094	2.458407	38.548595	-269.601715	-56.778831
38.548595	-269.601715	-56.778831	2.658407	38.548595	-269.601715	-56.778831
38.548595	-269.601715	-56.778831	2.658407	66.988075	-261.981384	-56.778831
66.988075	-261.981384	-56.778831	2.658407	145.210602	-162.939713	-56.778831
145.210602	-162.939713	-56.778831	3.058407	96.716309	-45.185036	-10.320918
96.716309	-45.185036	-10.320918	3.058407	-16.627232	-115.133110	153.542694
-100.826340	-189.133560	-53.266228	1.858407	-3.173342	-269.601715	-54.503094
-3.173342	-269.601715	-54.503094	2.458407	38.548595	-269.601715	-56.778831
38.548595	-269.601715	-56.778831	2.658407	38.548595	-269.601715	-56.778831
38.548595	-269.601715	-56.778831	2.658407	66.988075	-261.981384	-56.778831
66.988075	-261.981384	-56.778831	2.658407	145.210602	-162.939713	-56.778831
145.210602	-162.939713	-56.778831	3.058407	96.716309	-45.185036	-10.320918
96.716309	-45.185036	-10.320918	3.058407	-16.627232	-115.133110	153.542694
-100.826340	-189.133560	-53.266228	1.858407	-3.173342	-269.601715	-54.503094
-3.173342	-269.601715	-54.503094	2.458407	38.548595	-269.601715	-56.778831
38.548595	-269.601715	-56.778831	2.658407	38.548595	-269.601715	-56.778831
38.548595	-269.601715	-56.778831	2.658407	66.988075	-261.981384	-56.778831
66.988075	-261.981384	-56.778831	2.658407	145.210602	-162.939713	-56.778831
145.210602	-162.939713	-56.778831	3.058407	96.716309	-45.185036	-10.320918
96.716309	-45.185036	-10.320918	3.058407	-16.627232	-115.133110	153.542694
-100.826340	-189.133560	-53.266228	1.858407	-3.173342	-269.601715	-54.503094
-3.173342	-269.601715	-54.503094	2.458407	38.548595	-269.601715	-56.778831
38.548595	-269.601715	-56.778831	2.658407	38.548595	-269.601715	-56.778831
38.548595	-269.601715	-56.778831	2.658407	66.988075	-261.981384	-56.778831
66.988075	-261.981384	-56.778831	2.658407	145.210602	-162.939713	-56.778831
145.210602	-162.939713	-56.778831	3.058407	96.716309	-45.185036	-10.320918
96.716309	-45.185036	-10.320918	3.058407	-16.627232	-115.133110	153.542694
-100.826340	-189.133560	-53.266228	1.858407	-3.173342	-269.601715	-54.503094
-3.173342	-269.601715	-54.503094	2.458407	38.548595	-269.601715	-56.778831
38.548595	-269.601715	-56.778831	2.658407	38.548595	-269.601715	-56.778831
38.548595	-269.601715	-56.778831	2.658407	66.988075	-261.981384	-56.778831
66.988075	-261.981384	-56.778831	2.658407	145.210602	-162.939713	-56.778831
145.210602	-162.939713	-56.778831	3.058407	96.716309	-45.185036	-10.320918
96.716309	-45.185036	-10.320918	3.058407	-16.627232	-115.133110	153.542694
-100.826340	-189.133560	-53.266228	1.858407	-3.173342	-269.601715	-54.503094
-3.173342	-269.601715	-54.503094	2.458407	38.548595	-269.601715	-56.778831
38.548595	-269.601715	-56.778831	2.658407	38.548595	-269.601715	-56.778831
38.548595	-269.601715	-56.778831	2.658407	66.988075	-261.981384	-56.778831
66.988075	-261.981384	-56.778831	2.658407	145.210602	-162.939713	-56.778831
145.210602	-162.939713	-56.778831	3.058407	96.716309	-45.185036	-10.320918
96.716309	-45.185036	-10.320918	3.058407	-16.627232	-115.133110	153.542694
-100.826340	-189.133560	-53.266228	1.858407	-3.173342	-269.601715	-54.503094
-3.173342	-269.601715	-54.503094	2.458407	38.548595	-269.601715	-56.778831
38.548595	-269.601715	-56.778831	2.658407	38.548595	-269.601715	-56.778831
38.548595	-269.601715	-56.778831	2.658407	66.988075	-261.981384	-56.778831
66.988075	-261.981384	-56.778831	2.658407	145.210602	-162.939713	-56.778831
145.210602	-162.939713	-56.778831	3.058407	96.716309	-45.185036	-10.320918
96.716309	-45.185036	-10.320918	3.058407	-16.627232	-115.133110	153.542694
-100.826340	-189.133560	-53.266228	1.858407	-3.173342	-269.601715	-54.503094
-3.173342	-269.601715	-54.503094	2.458407	38.548595	-269.601715	-56.778831
38.548595	-269.601715	-56.778831	2.658407	38.548595	-269.601715	-56.778831
38.548595	-269.601715	-56.778831	2.658407	66.988075	-261.981384	-56.778831
66.988075	-261.981384	-56.778831	2.658407	145.210602	-162.939713	-56.778831
145.210602	-162.939713	-56.778831	3.058407	96.716309	-45.185036	-10.320918
96.716309	-45.185036	-10.320918	3.058407	-16.627232	-115.133110	153.542694
-100.826340	-189.133560	-53.266228	1.858407	-3.173342	-269.601715	-54.503094
-3.173342	-269.601715	-54.503094	2.458407	38.548595	-269.601715	-56.778831
38.548595	-269.601715	-56.778831	2.658407	38.548595	-269.601715	-56.778831
38.548595	-269.601715	-56.778831	2.658407	66.988075	-261.981384	-56.778831
66.988075	-261.981384	-56.778831	2.658407	145.210602	-162.939713	-56.778831
145.210602	-162.939713	-56.778831	3.058407	96.716309	-45.185036	-10.320918
96.716309	-45.185036	-10.320918	3.058407	-16.627232	-115.133110	153.542694
-100.826340	-189.133560	-53.266228	1.858407	-3.173342	-269.601715	-54.503094
-3.173342	-269.601715	-54.503094	2.458407	38.548595	-269.601715	-56.778831
38.548595	-269.601715	-56.778831	2.658407	38.548595	-269.601715	-56.778831
38.548595	-269.601715	-56.778831	2.658407	66.988075	-261.981384	-56.778831
66.988075	-261.981384	-56.778831	2.658407	145.210602	-162.939713	-56.778831
145.210602	-162.939713	-56.778831	3.058407	96.716309	-45.185036	-10.320918
96.716309	-45.185036	-10.320918	3.058407	-16.627232	-115.133110	153.542694
-100.826340	-189.133560	-53.266228	1.858407	-3.173342	-269.601715	-54.503094
-3.173342	-269.601715	-54.503094	2.458407	38.548595	-269.601715	-56.778831
38.548595	-269.601715	-56.778831	2.658407	38.548595	-269.601715	-56.778831
38.548595	-269.601715	-56.778831	2.658407	66.988075	-261.981384	-56.778831
66.988075	-261.981384	-56.778831	2.658407	145.210602	-162.939713	-56.778831
145.210602	-162.939713	-56.778831	3.058407	96.716309	-45.185036	-10.320918
96.716309	-45.185036	-10.320918	3.058407	-16.627232	-115.133110	153.542694
-100.826340	-189.133560	-53.266228	1.858407	-3.173342	-269.601715	-54.503094
-3.173342	-269.601715	-54.503094	2.458407	38.548595	-269.601715	-56.778831
38.548595	-269.601715	-56.778831	2.658407	38.548595	-269.601715	-56.778831
38.548595	-269.601715	-56.778831	2.658407	66.988075	-261.981384	-56.778831
66.988075	-261.981384	-56.778831	2.658407	145.210602	-162.939713	-56.778831
145.210602	-162.939713	-56.778831	3.058407	96.716309	-45.185036	-10.320918
96.716309	-45.185036	-10.320918	3.058407	-16.627232	-115.133110	153.542694
-100.826340	-189.133560	-53.266228	1.858407	-3.173342	-269.601715	-54.503094
-3.173342	-269.601715	-54.503094	2.458407	38.548595	-269.601715	-56.778831
38.548595	-269.601715	-56.778831	2.658407	38.548595	-269.601715	-56.778831
38.548595	-269.601715	-56.778831	2.658407	66.988075	-261.981384	-56.778831
66.988075	-261.981384	-56.778831	2.658407	145.210602	-162.939713	-56.778831
145.210602	-162.939713	-56.778831	3.058407	96.716309	-45.185036	-10.320918
96.716309	-45.185036	-10.320918	3.058407	-16.627232	-115.133110	153.542694
-100.826340	-189.133560	-53.266228	1.858407	-3.173342	-269.601715	-54.503094
-3.173342	-269.601715	-54.503094	2.458407	38.548595	-269.601715	-56.778831
38.548595	-269.601715	-56.778831	2.658407	38.548595	-269.601715	-56.778831
38.548595	-269.601715	-56.778831	2.658407	66.988075	-261.981384	-56.778831
66.988075	-261.981384	-56.778831	2.658407	145.210602	-162.939713	-56.778831
145.210602	-162.939713	-56.778831	3.058407	96.716309	-45.185036	-10.320918
96.716309	-45.185036	-10.320918	3.058407	-16.627232	-115.133110	153.542694
-100.826340	-189.133560	-53.266228	1.858407	-3.173342	-269.601715	-54.503094
-3.173342	-269.601715	-54.503094	2.458407	38.548595	-269.601715	-56.778831
38.548595	-269.601715	-56.778831	2.658407	38.548595	-269.601715	-56.778831
38.548595	-269.601715	-56.778831	2.658407	66.988075	-261.981384	-56.778831
66.988075	-261.981384	-56.778831	2.658407	145.210602	-162.939713	-56.778831
145.210602	-162.939713	-56.778831	3.058407	96.716309	-45.185036	-10.320918
96.716309	-45.185036	-10.320918	3.058407	-16.627232	-115.133110	153.542694
-100.826340	-189.133560	-53.266228	1.858407	-3.173342	-269.601715	-54.503094
-3.173342	-269.601715	-54.503094	2.458407	38.548595	-269.601715	-56.778831
38.548595	-269.601715	-56.778831	2.658407	38.548595	-269.601715	-56.778831
38.548595	-269.601715	-56.778831	2.658407	66.988075	-261.981384	-56.778831
66.988075	-261.981384	-56.778831	2.658407	145.210602	-162.939713	-56.778831
145.210602	-162.939713	-56.778831	3.058407	96.716309	-45.185036	-10.320918
96.716309	-45.185036	-10.320918	3.058407	-16.627232	-115.133110	153.542694
-100.826340	-189.133560	-53.266228	1.858407	-3.173342	-269.601715	-54.503094
-3.173342	-269.601715	-54.503094	2.458407	38.548595	-269.601715	-56.778831
38.548595	-269.601715	-56.778831	2.658407	38.548595	-269.601715	-56.778831
38.548595	-269.601715	-56.778831	2.658407	66.988075	-261.981384	-56.778831
66.988075	-261.981384	-56.778831	2.658407	145.210602	-162.939713	-56.778831
145.210602	-162.939713	-56.778831	3.058407	96.716309	-45.185036	-10.320918
96.716309	-45.185036	-10.320918	3.058407	-16.627232	-115.133110	153.542694
