20.523312	88.485786	65.269829	0	0	-0.98006658	0.19866933
20.574690	88.475792	65.268898	0	0	-0.98006658	0.19866933
20.465055	88.494202	65.270615	0	0	-0.62160997	0.7833269
20.618397	88.464233	65.269165	0	0	-0.69670669	0.71735611
20.647289	88.455292	65.275642	0	0	-0.69670669	0.71735611
20.686605	88.444565	65.294296	0	0	-0.62160997	0.7833269
20.662935	88.454453	65.362541	0	0	-0.62160997	0.7833269
20.341587	88.515282	65.272461	0	0	-0.62160997	0.7833269
20.222790	88.530930	65.275002	0	0	-0.62160997	0.7833269
21.026655	88.313461	65.350266	0	0	-0.62160997	0.7833269
19.637173	89.174461	66.422600	0	0	-0.62160997	0.7833269
19.526394	90.056648	65.786911	0	0	-0.62160997	0.7833269
21.223335	89.169601	67.738266	0	0	-0.98006658	0.19866933
16.847261	93.682068	64.074577	0	0	-0.16996714	0.98544973
19.563745	95.660965	66.389679	0	0	-0.69670669	0.71735611
15.724372	91.446938	56.124386	0	0	-0.76484218	0.64421769
10.656811	83.617393	60.476017	0	0	-0.16996714	0.98544973
34.941456	88.485786	64.008400	0	0	-0.69670669	0.71735611
34.941082	88.494202	64.004128	0	0	-0.69670669	0.71735611
34.941765	88.475792	64.011940	0	0	-0.69670669	0.71735611
34.942120	88.464233	64.015999	0	0	-0.69670669	0.71735611
34.940304	88.515282	63.995243	0	0	-0.69670669	0.71735611
34.942902	88.455292	64.024940	0	0	-0.69670669	0.71735611
34.939621	88.530930	63.987446	0	0	-0.69670669	0.71735611
34.944820	88.444565	64.046860	0	0	-0.69670669	0.71735611
34.950565	88.454453	64.112534	0	0	-0.69670669	0.71735611
34.952263	88.313461	64.131927	0	0	-0.69670669	0.71735611
35.034813	89.174461	65.075478	0	0	-0.69670669	0.71735611
34.978779	90.056648	64.435005	0	0	-0.62160997	0.7833269
35.161091	89.169601	66.518867	0	0	-0.98006658	0.19866933
34.809757	93.682068	62.503063	0	0	-0.98006658	0.19866933
35.031399	95.660965	65.036438	0	0	-0.69670669	0.71735611
34.450291	83.617393	58.394356	0	0	-0.98006658	0.19866933
34.110958	91.446938	54.515766	0	0	-0.76484218	0.64421769
-0.834675	82.762932	65.269829	0	0	-0.62160997	0.7833269
-0.840680	82.785347	65.270615	0	0	-0.62160997	0.7833269
-0.828734	82.740761	65.268898	0	0	-0.62160997	0.7833269
-0.822917	82.719055	65.269165	0	0	-0.62160997	0.7833269
-0.818745	82.703484	65.275642	0	0	-0.62160997	0.7833269
-0.854221	82.835876	65.272461	0	0	-0.62160997	0.7833269
-0.813429	82.683647	65.294296	0	0	-0.62160997	0.7833269
-0.817487	82.698792	65.362541	0	0	-0.62160997	0.7833269
-0.866092	82.880180	65.275002	0	0	-0.62160997	0.7833269
-0.757875	82.476311	65.350266	0	0	-0.62160997	0.7833269
-1.066204	83.627014	66.422600	0	0	-0.62160997	0.7833269
-1.294170	84.477791	65.786911	0	0	-0.62160997	0.7833269
-0.958736	83.225937	67.738266	0	0	-0.070737201	0.99749499
-0.278506	80.687286	60.476017	0	0	-0.070737201	0.99749499
-2.379994	88.530144	64.074577	0	0	-0.070737201	0.99749499
-2.692748	89.697357	66.389679	0	0	-0.62160997	0.7833269
-1.896430	86.725456	56.124386	0	0	-0.76484218	0.64421769
12.241929	104.756218	37.056839	0	0	-0.69670669	0.71735611
32.428982	104.756218	35.290699	0	0	-0.62160997	0.7833269
-5.457030	100.013794	37.056839	0	0	-0.69670669	0.71735611
-8.843444	112.652061	16.508343	0	0	-0.16996714	0.98544973
79.875999	54.218494	59.273827	0	0	-0.82533563	0.56464246
79.884773	54.233097	59.277199	0	0	-0.82533563	0.56464246
79.864784	54.199749	59.269867	0	0	-0.87758258	0.4794255
79.891006	54.243179	59.281258	0	0	-0.87758258	0.4794255
79.895035	54.248589	59.290249	0	0	-0.87758258	0.4794255
79.901878	54.256607	59.312176	0	0	-0.87758258	0.4794255
79.842407	54.162464	59.261501	0	0	-0.87758258	0.4794255
79.818947	54.123074	59.254406	0	0	-0.87758258	0.4794255
79.905212	54.250908	59.377697	0	0	-0.87758258	0.4794255
79.936699	54.301727	59.398979	0	0	-0.87758258	0.4794255
80.335007	54.948772	59.643833	0	0	-0.92106097	0.38941839
80.032036	54.305470	60.321316	0	0	-0.92106097	0.38941839
80.534454	54.926311	61.746464	0	0	-0.69670669	0.71735611
81.079140	56.597775	57.585667	0	0	-0.69670669	0.71735611
82.798187	59.152538	60.001537	0	0	-0.92106097	0.38941839
79.233742	54.779785	49.708466	0	0	-0.82533563	0.56464246
74.900650	46.526196	53.985897	0	0	0.98999249	0.14112005
82.628876	64.118294	29.946123	0	0	-0.76484218	0.64421769
2.840689	69.046288	137.457123	0	0	0.029199523	0.9995736
-17.445822	22.928617	78.830666	0	0	-0.26749883	0.96355818
-17.448698	22.931494	78.836517	0	0	0	1
-17.435516	22.918312	78.809700	0	0	-0.26749883	0.96355818
-17.456945	22.939739	78.853294	0	0	-0.16996714	0.98544973
-17.426603	22.909399	78.791565	0	0	-0.26749883	0.96355818
-17.422586	22.905382	78.783394	0	0	-0.26749883	0.96355818
-17.420614	22.903410	78.779381	0	0	-0.26749883	0.96355818
-17.481104	22.963900	78.902443	0	0	-0.16996714	0.98544973
-17.503847	22.986643	78.948708	0	0	-0.16996714	0.98544973
-17.362413	22.845207	78.660980	0	0	-0.26749883	0.96355818
-18.035477	23.518272	80.030251	0	0	-0.070737201	0.99749499
-18.084391	23.567184	80.129761	0	0	-0.16996714	0.98544973
-16.671337	22.154131	77.255058	0	0	0.22720209	0.97384763
-18.261227	23.744020	80.489517	0	0	-0.87758258	0.4794255
-18.495016	23.977812	80.965134	0	0	-0.87758258	0.4794255
-19.142094	24.624887	82.281540	0	0	0	1
-15.679125	21.161921	75.236511	0	0	-0.54030229	0.84147099
-12.095475	17.578270	67.945976	0	0	-0.69670669	0.71735611
64.438721	132.287964	16.508343	0	0	-0.45359611	0.89120736
-1.267736	6.750531	45.918133	0	0	-0.16996714	0.98544973
106.261398	108.141624	12.283281	0	0	-0.95533648	0.29552023
71.034256	142.128540	137.457123	0	0	-0.26749883	0.96355818
-2.777229	-13.645523	66.815552	0	0	0	1
-2.770157	-13.647418	66.796951	0	0	0	1
-2.785064	-13.643424	66.836159	0	0	-0.070737201	0.99749499
-2.789224	-13.642309	66.847099	0	0	-0.070737201	0.99749499
-2.764387	-13.648964	66.781776	0	0	0	1
-2.763462	-13.649212	66.779343	0	0	0	1
-2.762604	-13.649442	66.777092	0	0	-0.070737201	0.99749499
-2.801833	-13.638930	66.880264	0	0	-0.070737201	0.99749499
-2.818063	-13.634582	66.922951	0	0	-0.070737201	0.99749499
-2.734928	-13.656857	66.704300	0	0	-0.070737201	0.99749499
-3.018142	-13.580971	67.449188	0	0	-0.45359611	0.89120736
-3.124921	-13.552359	67.730026	0	0	0.029199523	0.9995736
-2.270768	-13.781229	65.483498	0	0	-0.54030229	0.84147099
-3.290738	-13.507929	68.166145	0	0	0.029199523	0.9995736
-3.506639	-13.450078	68.733994	0	0	0.1288445	0.99166481
-3.525162	-13.445115	68.782715	0	0	-0.36235775	0.93203909
-0.466495	-14.264682	60.738033	0	0	0	1
73.716301	-3.647169	55.962257	0	0	-0.95533648	0.29552023
73.750595	-3.627577	55.964317	0	0	-0.95533648	0.29552023
73.676147	-3.670112	55.959881	0	0	-0.98006658	0.19866933
73.778503	-3.611770	55.967350	0	0	-0.98006658	0.19866933
73.796669	-3.602128	55.975708	0	0	-0.98006658	0.19866933
73.822426	-3.589378	55.996727	0	0	-0.98006658	0.19866933
73.592453	-3.717918	55.954773	0	0	-0.98006658	0.19866933
73.811844	-3.602154	56.062687	0	0	-0.98006658	0.19866933
73.509964	-3.765157	55.950954	0	0	-0.98006658	0.19866933
73.664200	-3.712785	56.314026	0	0	-0.99500417	0.099833397
74.024200	-3.480982	56.076893	0	0	-0.98006658	0.19866933
73.395996	-3.938550	57.016022	0	0	-0.98006658	0.19866933
73.133354	-3.808307	54.225788	0	0	-0.87758258	0.4794255
74.643661	-3.357109	58.390915	0	0	-0.87758258	0.4794255
76.126762	-2.309049	56.492439	0	0	-0.99500417	0.099833397
4.928355	-15.710228	46.548901	0	0	0	1
70.983437	-4.264565	46.455303	0	0	-0.95533648	0.29552023
63.997517	-8.771415	51.142605	0	0	0.90407214	0.42737988
73.256538	-0.924184	26.380665	0	0	-0.92106097	0.38941839
18.912024	-23.869881	62.489765	0	0	0.029199523	0.9995736
18.912308	-23.869804	62.486507	0	0	0.029199523	0.9995736
18.911947	-23.869902	62.490639	0	0	0.029199523	0.9995736
18.911079	-23.870134	62.500561	0	0	0.029199523	0.9995736
18.911573	-23.870003	62.494915	0	0	0.029199523	0.9995736
18.910025	-23.870417	62.512615	0	0	0.029199523	0.9995736
18.910606	-23.870262	62.505970	0	0	0.029199523	0.9995736
18.908934	-23.870708	62.525078	0	0	0.029199523	0.9995736
18.908064	-23.870943	62.535027	0	0	0.029199523	0.9995736
18.904524	-23.871891	62.575485	0	0	0.029199523	0.9995736
18.862328	-23.883198	63.057781	0	0	0.1288445	0.99166481
18.997955	-23.846857	61.507565	0	0	0.029199523	0.9995736
18.821707	-23.894081	63.522091	0	0	0.22720209	0.97384763
18.806211	-23.898233	63.699192	0	0	0.1288445	0.99166481
18.704075	-23.925600	64.866623	0	0	0.029199523	0.9995736
19.242754	-23.781261	58.709496	0	0	0.029199523	0.9995736
19.674774	-23.665503	53.771477	0	0	0.32328956	0.94630009
21.852602	-26.957214	57.961113	0	0	0.32328956	0.94630009
21.852932	-26.956884	57.955956	0	0	0.32328956	0.94630009
21.852591	-26.957226	57.961281	0	0	0.32328956	0.94630009
21.851534	-26.958282	57.977795	0	0	0.32328956	0.94630009
21.852819	-26.956999	57.957729	0	0	0.32328956	0.94630009
21.852339	-26.957479	57.965233	0	0	0.32328956	0.94630009
21.851805	-26.958014	57.973568	0	0	0.32328956	0.94630009
21.851223	-26.958593	57.982639	0	0	0.32328956	0.94630009
21.848827	-26.960989	58.020035	0	0	0.32328956	0.94630009
21.847141	-26.962675	58.046360	0	0	0.32328956	0.94630009
21.822079	-26.987740	58.437702	0	0	0.32328956	0.94630009
21.806740	-27.003077	58.677177	0	0	0.32328956	0.94630009
21.778559	-27.031260	59.117218	0	0	0.32328956	0.94630009
21.934704	-26.875113	56.679188	0	0	0.32328956	0.94630009
21.701414	-27.108402	60.321724	0	0	0.32328956	0.94630009
22.097168	-26.712648	54.142513	0	0	0.32328956	0.94630009
21.330030	-23.221979	34.851814	0	0	0.41614682	0.90929743
22.426079	-26.383739	49.007004	0	0	0.50484609	0.86320938
25.316589	-28.492117	55.146946	0	0	0.50484609	0.86320938
25.316565	-28.492205	55.147945	0	0	0.50484609	0.86320938
25.316435	-28.492689	55.153481	0	0	0.50484609	0.86320938
25.316595	-28.492096	55.146694	0	0	0.50484609	0.86320938
25.316532	-28.492329	55.149353	0	0	0.50484609	0.86320938
25.316465	-28.492580	55.152225	0	0	0.50484609	0.86320938
25.316372	-28.492924	55.156147	0	0	0.50484609	0.86320938
25.316002	-28.494308	55.171989	0	0	0.50484609	0.86320938
25.314619	-28.499470	55.230976	0	0	0.50484609	0.86320938
25.314423	-28.500204	55.239376	0	0	0.50484609	0.86320938
25.307194	-28.527178	55.547691	0	0	0.50484609	0.86320938
25.304600	-28.536861	55.658360	0	0	0.50484609	0.86320938
25.290680	-28.588814	56.252178	0	0	0.50484609	0.86320938
25.352924	-28.356514	53.596981	0	0	0.50484609	0.86320938
25.260942	-28.699793	57.520679	0	0	0.50484609	0.86320938
25.412748	-28.133245	51.045017	0	0	0.50484609	0.86320938
25.532621	-27.685875	45.931545	0	0	0.50484609	0.86320938
29.124746	-29.047144	54.784077	0	0	0.80114363	0.59847213
29.124641	-29.046753	54.779606	0	0	0.80114363	0.59847213
29.124804	-29.047358	54.786514	0	0	0.80114363	0.59847213
29.124857	-29.047558	54.788803	0	0	0.80114363	0.59847213
29.124777	-29.047258	54.785378	0	0	0.80114363	0.59847213
29.125042	-29.048246	54.796677	0	0	0.80114363	0.59847213
29.124678	-29.046894	54.781208	0	0	0.80114363	0.59847213
29.125519	-29.050026	54.817020	0	0	0.80114363	0.59847213
29.127071	-29.055826	54.883301	0	0	0.80114363	0.59847213
29.127272	-29.056570	54.891815	0	0	0.80114363	0.59847213
29.133060	-29.078176	55.138763	0	0	0.80114363	0.59847213
29.135696	-29.088011	55.251171	0	0	0.80114363	0.59847213
29.149696	-29.140261	55.848404	0	0	0.80114363	0.59847213
29.084410	-28.896610	53.063465	0	0	0.80114363	0.59847213
29.181162	-29.257694	57.190666	0	0	0.80114363	0.59847213
29.017838	-28.648157	50.223625	0	0	0.73739371	0.67546319
28.903488	-28.221403	45.345810	0	0	0.80114363	0.59847213
23.677324	-25.132492	29.470360	0	0	0.50484609	0.86320938
22.780500	-20.493696	16.445307	0	0	-0.070737201	0.99749499
26.001152	-25.937296	25.945189	0	0	0	1
16.568295	-11.085500	135.475952	0	0	-0.36235775	0.93203909
28.431162	-26.458656	25.197508	0	0	0.80114363	0.59847213
13.147243	-17.912472	126.553955	0	0	-0.070737201	0.99749499
23.565447	-22.623001	9.300892	0	0	0.029199523	0.9995736
13.860727	-25.223372	120.226341	0	0	0.32328956	0.94630009
25.307047	-23.502771	4.024313	0	0	0.32328956	0.94630009
26.563398	-23.838961	1.961114	0	0	0.41614682	0.90929743
17.995264	-30.814554	118.188599	0	0	0.50484609	0.86320938
123.442238	30.090868	6.184064	0	0	-0.95533648	0.29552023
64.438721	-24.498367	2.791317	0	0	-0.98006658	0.19866933
168.422119	119.612297	137.457123	0	0	0.99913515	0.041580682
71.476868	-61.657909	119.638496	0	0	0.99913515	0.041580682
173.310791	114.723618	137.457123	0	0	0.99913515	0.041580682
203.005859	63.290241	132.261154	0	0	0.99913515	0.041580682
173.310791	-35.133057	124.346359	0	0	0.99913515	0.041580682
