-4.797594	225.861984	-13.324461	-0.941593	-9.206065	225.861984	-19.620411
-9.206065	225.861984	-19.620411	-0.941593	-9.206065	225.861984	-19.620411
-9.206065	225.861984	-19.620411	-0.941593	-96.795494	202.392471	-19.620411
-96.795494	202.392471	-19.620411	-0.541593	-147.811249	87.256805	-19.620411
-147.811249	87.256805	-19.620411	0.058407	94.783958	45.745991	3.298297
94.783958	45.745991	3.298297	3.058407	84.726318	171.630096	3.501519
84.726318	171.630096	3.501519	-1.341593	188.046158	-159.594772	-145.453888
-4.797594	225.861984	-13.324461	-0.941593	-9.206065	225.861984	-19.620411
-9.206065	225.861984	-19.620411	-0.941593	-9.206065	225.861984	-19.620411
-9.206065	225.861984	-19.620411	-0.941593	-96.795494	202.392471	-19.620411
-96.795494	202.392471	-19.620411	-0.541593	-147.811249	87.256805	-19.620411
-147.811249	87.256805	-19.620411	0.058407	94.783958	45.745991	3.298297
94.783958	45.745991	3.298297	3.058407	84.726318	171.630096	3.501519
84.726318	171.630096	3.501519	-1.341593	188.046158	-159.594772	-145.453888
-4.797594	225.861984	-13.324461	-0.941593	-9.206065	225.861984	-19.620411
-9.206065	225.861984	-19.620411	-0.941593	-9.206065	225.861984	-19.620411
-9.206065	225.861984	-19.620411	-0.941593	-96.795494	202.392471	-19.620411
-96.795494	202.392471	-19.620411	-0.541593	-147.811249	87.256805	-19.620411
-147.811249	87.256805	-19.620411	0.058407	94.783958	45.745991	3.298297
94.783958	45.745991	3.298297	3.058407	84.726318	171.630096	3.501519
84.726318	171.630096	3.501519	-1.341593	188.046158	-159.594772	-145.453888
-4.797594	225.861984	-13.324461	-0.941593	-9.206065	225.861984	-19.620411
-9.206065	225.861984	-19.620411	-0.941593	-9.206065	225.861984	-19.620411
-9.206065	225.861984	-19.620411	-0.941593	-96.795494	202.392471	-19.620411
-96.795494	202.392471	-19.620411	-0.541593	-147.811249	87.256805	-19.620411
-147.811249	87.256805	-19.620411	0.058407	94.783958	45.745991	3.298297
94.783958	45.745991	3.298297	3.058407	84.726318	171.630096	3.501519
84.726318	171.630096	3.501519	-1.341593	188.046158	-159.594772	-145.453888
-4.797594	225.861984	-13.324461	-0.941593	-9.206065	225.861984	-19.620411
-9.206065	225.861984	-19.620411	-0.941593	-9.206065	225.861984	-19.620411
-9.206065	225.861984	-19.620411	-0.941593	-96.795494	202.392471	-19.620411
-96.795494	202.392471	-19.620411	-0.541593	-147.811249	87.256805	-19.620411
-147.811249	87.256805	-19.620411	0.058407	94.783958	45.745991	3.298297
94.783958	45.745991	3.298297	3.058407	84.726318	171.630096	3.501519
84.726318	171.630096	3.501519	-1.341593	188.046158	-159.594772	-145.453888
-4.797594	225.861984	-13.324461	-0.941593	-9.206065	225.861984	-19.620411
-9.206065	225.861984	-19.620411	-0.941593	-9.206065	225.861984	-19.620411
-9.206065	225.861984	-19.620411	-0.941593	-96.795494	202.392471	-19.620411
-96.795494	202.392471	-19.620411	-0.541593	-147.811249	87.256805	-19.620411
-147.811249	87.256805	-19.620411	0.058407	94.783958	45.745991	3.298297
94.783958	45.745991	3.298297	3.058407	84.726318	171.630096	3.501519
84.726318	171.630096	3.501519	-1.341593	188.046158	-159.594772	-145.453888
-4.797594	225.861984	-13.324461	-0.941593	-9.206065	225.861984	-19.620411
-9.206065	225.861984	-19.620411	-0.941593	-9.206065	225.861984	-19.620411
-9.206065	225.861984	-19.620411	-0.941593	-96.795494	202.392471	-19.620411
-96.795494	202.392471	-19.620411	-0.541593	-147.811249	87.256805	-19.620411
-147.811249	87.256805	-19.620411	0.058407	94.783958	45.745991	3.298297
94.783958	45.745991	3.298297	3.058407	84.726318	171.630096	3.501519
84.726318	171.630096	3.501519	-1.341593	188.046158	-159.594772	-145.453888
-4.797594	225.861984	-13.324461	-0.941593	-9.206065	225.861984	-19.620411
-9.206065	225.861984	-19.620411	-0.941593	-9.206065	225.861984	-19.620411
-9.206065	225.861984	-19.620411	-0.941593	-96.795494	202.392471	-19.620411
-96.795494	202.392471	-19.620411	-0.541593	-147.811249	87.256805	-19.620411
-147.811249	87.256805	-19.620411	0.058407	94.783958	45.745991	3.298297
94.783958	45.745991	3.298297	3.058407	84.726318	171.630096	3.501519
84.726318	171.630096	3.501519	-1.341593	188.046158	-159.594772	-145.453888
-4.797594	225.861984	-13.324461	-0.941593	-9.206065	225.861984	-19.620411
-9.206065	225.861984	-19.620411	-0.941593	-9.206065	225.861984	-19.620411
-9.206065	225.861984	-19.620411	-0.941593	-96.795494	202.392471	-19.620411
-96.795494	202.392471	-19.620411	-0.541593	-147.811249	87.256805	-19.620411
-147.811249	87.256805	-19.620411	0.058407	94.783958	45.745991	3.298297
94.783958	45.745991	3.298297	3.058407	84.726318	171.630096	3.501519
84.726318	171.630096	3.501519	-1.341593	188.046158	-159.594772	-145.453888
-4.797594	225.861984	-13.324461	-0.941593	-9.206065	225.861984	-19.620411
-9.206065	225.861984	-19.620411	-0.941593	-9.206065	225.861984	-19.620411
-9.206065	225.861984	-19.620411	-0.941593	-96.795494	202.392471	-19.620411
-96.795494	202.392471	-19.620411	-0.541593	-147.811249	87.256805	-19.620411
-147.811249	87.256805	-19.620411	0.058407	94.783958	45.745991	3.298297
94.783958	45.745991	3.298297	3.058407	84.726318	171.630096	3.501519
84.726318	171.630096	3.501519	-1.341593	188.046158	-159.594772	-145.453888
-4.797594	225.861984	-13.324461	-0.941593	-9.206065	225.861984	-19.620411
-9.206065	225.861984	-19.620411	-0.941593	-9.206065	225.861984	-19.620411
-9.206065	225.861984	-19.620411	-0.941593	-96.795494	202.392471	-19.620411
-96.795494	202.392471	-19.620411	-0.541593	-147.811249	87.256805	-19.620411
-147.811249	87.256805	-19.620411	0.058407	94.783958	45.745991	3.298297
94.783958	45.745991	3.298297	3.058407	84.726318	171.630096	3.501519
84.726318	171.630096	3.501519	-1.341593	188.046158	-159.594772	-145.453888
-4.797594	225.861984	-13.324461	-0.941593	-9.206065	225.861984	-19.620411
-9.206065	225.861984	-19.620411	-0.941593	-9.206065	225.861984	-19.620411
-9.206065	225.861984	-19.620411	-0.941593	-96.795494	202.392471	-19.620411
-96.795494	202.392471	-19.620411	-0.541593	-147.811249	87.256805	-19.620411
-147.811249	87.256805	-19.620411	0.058407	94.783958	45.745991	3.298297
94.783958	45.745991	3.298297	3.058407	84.726318	171.630096	3.501519
84.726318	171.630096	3.501519	-1.341593	188.046158	-159.594772	-145.453888
-4.797594	225.861984	-13.324461	-0.941593	-9.206065	225.861984	-19.620411
-9.206065	225.861984	-19.620411	-0.941593	-9.206065	225.861984	-19.620411
-9.206065	225.861984	-19.620411	-0.941593	-96.795494	202.392471	-19.620411
-96.795494	202.392471	-19.620411	-0.541593	-147.811249	87.256805	-19.620411
-147.811249	87.256805	-19.620411	0.058407	94.783958	45.745991	3.298297
94.783958	45.745991	3.298297	3.058407	84.726318	171.630096	3.501519
84.726318	171.630096	3.501519	-1.341593	188.046158	-159.594772	-145.453888
-4.797594	225.861984	-13.324461	-0.941593	-9.206065	225.861984	-19.620411
-9.206065	225.861984	-19.620411	-0.941593	-9.206065	225.861984	-19.620411
-9.206065	225.861984	-19.620411	-0.941593	-96.795494	202.392471	-19.620411
-96.795494	202.392471	-19.620411	-0.541593	-147.811249	87.256805	-19.620411
-147.811249	87.256805	-19.620411	0.058407	94.783958	45.745991	3.298297
94.783958	45.745991	3.298297	3.058407	84.726318	171.630096	3.501519
84.726318	171.630096	3.501519	-1.341593	188.046158	-159.594772	-145.453888
-4.797594	225.861984	-13.324461	-0.941593	-9.206065	225.861984	-19.620411
-9.206065	225.861984	-19.620411	-0.941593	-9.206065	225.861984	-19.620411
-9.206065	225.861984	-19.620411	-0.941593	-96.795494	202.392471	-19.620411
-96.795494	202.392471	-19.620411	-0.541593	-147.811249	87.256805	-19.620411
-147.811249	87.256805	-19.620411	0.058407	94.783958	45.745991	3.298297
94.783958	45.745991	3.298297	3.058407	84.726318	171.630096	3.501519
84.726318	171.630096	3.501519	-1.341593	188.046158	-159.594772	-145.453888
-4.797594	225.861984	-13.324461	-0.941593	-9.206065	225.861984	-19.620411
-9.206065	225.861984	-19.620411	-0.941593	-9.206065	225.861984	-19.620411
-9.206065	225.861984	-19.620411	-0.941593	-96.795494	202.392471	-19.620411
-96.795494	202.392471	-19.620411	-0.541593	-147.811249	87.256805	-19.620411
-147.811249	87.256805	-19.620411	0.058407	94.783958	45.745991	3.298297
94.783958	45.745991	3.298297	3.058407	84.726318	171.630096	3.501519
84.726318	171.630096	3.501519	-1.341593	188.046158	-159.594772	-145.453888
-4.797594	225.861984	-13.324461	-0.941593	-9.206065	225.861984	-19.620411
-9.206065	225.861984	-19.620411	-0.941593	-9.206065	225.861984	-19.620411
-9.206065	225.861984	-19.620411	-0.941593	-96.795494	202.392471	-19.620411
-96.795494	202.392471	-19.620411	-0.541593	-147.811249	87.256805	-19.620411
-147.811249	87.256805	-19.620411	0.058407	94.783958	45.745991	3.298297
94.783958	45.745991	3.298297	3.058407	84.726318	171.630096	3.501519
84.726318	171.630096	3.501519	-1.341593	188.046158	-159.594772	-145.453888
-4.797594	225.861984	-13.324461	-0.941593	-9.206065	225.861984	-19.620411
-9.206065	225.861984	-19.620411	-0.941593	-9.206065	225.861984	-19.620411
-9.206065	225.861984	-19.620411	-0.941593	-96.795494	202.392471	-19.620411
-96.795494	202.392471	-19.620411	-0.541593	-147.811249	87.256805	-19.620411
-147.811249	87.256805	-19.620411	0.058407	94.783958	45.745991	3.298297
94.783958	45.745991	3.298297	3.058407	84.726318	171.630096	3.501519
84.726318	171.630096	3.501519	-1.341593	188.046158	-159.594772	-145.453888
-4.797594	225.861984	-13.324461	-0.941593	-9.206065	225.861984	-19.620411
-9.206065	225.861984	-19.620411	-0.941593	-9.206065	225.861984	-19.620411
-9.206065	225.861984	-19.620411	-0.941593	-96.795494	202.392471	-19.620411
-96.795494	202.392471	-19.620411	-0.541593	-147.811249	87.256805	-19.620411
-147.811249	87.256805	-19.620411	0.058407	94.783958	45.745991	3.298297
94.783958	45.745991	3.298297	3.058407	84.726318	171.630096	3.501519
84.726318	171.630096	3.501519	-1.341593	188.046158	-159.594772	-145.453888
-4.797594	225.861984	-13.324461	-0.941593	-9.206065	225.861984	-19.620411
-9.206065	225.861984	-19.620411	-0.941593	-9.206065	225.861984	-19.620411
-9.206065	225.861984	-19.620411	-0.941593	-96.795494	202.392471	-19.620411
-96.795494	202.392471	-19.620411	-0.541593	-147.811249	87.256805	-19.620411
-147.811249	87.256805	-19.620411	0.058407	94.783958	45.745991	3.298297
94.783958	45.745991	3.298297	3.058407	84.726318	171.630096	3.501519
84.726318	171.630096	3.501519	-1.341593	188.046158	-159.594772	-145.453888
