84.337509	77.835068	240.074112	3.058407	84.337509	77.835068	240.074112
84.337509	77.835068	240.074112	3.058407	50.546223	86.889412	240.074112
50.546223	86.889412	240.074112	-0.741593	1.974637	55.766003	240.074112
1.974637	55.766003	240.074112	-0.341593	2.250753	0.531829	239.767746
2.250753	0.531829	239.767746	-1.141593	-8.054075	-11.230837	234.078827
-8.054075	-11.230837	234.078827	-0.141593	-8.187244	-27.421045	229.511780
-8.187244	-27.421045	229.511780	0.858407	1.984412	-39.414371	227.290344
1.984412	-39.414371	227.290344	1.458407	16.072132	-41.769646	228.009750
16.072132	-41.769646	228.009750	1.658407	84.337509	-40.495571	229.721527
84.337509	-40.495571	229.721527	3.058407	122.884117	11.070389	233.329330
122.884117	11.070389	233.329330	3.058407	102.036720	67.616425	238.286087
102.036720	67.616425	238.286087	3.058407	0.000000	0.000000	0.000000
84.337509	77.835068	240.074112	3.058407	84.337509	77.835068	240.074112
84.337509	77.835068	240.074112	3.058407	50.546223	86.889412	240.074112
50.546223	86.889412	240.074112	-0.741593	1.974637	55.766003	240.074112
1.974637	55.766003	240.074112	-0.341593	2.250753	0.531829	239.767746
2.250753	0.531829	239.767746	-1.141593	-8.054075	-11.230837	234.078827
-8.054075	-11.230837	234.078827	-0.141593	-8.187244	-27.421045	229.511780
-8.187244	-27.421045	229.511780	0.858407	1.984412	-39.414371	227.290344
1.984412	-39.414371	227.290344	1.458407	16.072132	-41.769646	228.009750
16.072132	-41.769646	228.009750	1.658407	84.337509	-40.495571	229.721527
84.337509	-40.495571	229.721527	3.058407	122.884117	11.070389	233.329330
122.884117	11.070389	233.329330	3.058407	102.036720	67.616425	238.286087
102.036720	67.616425	238.286087	3.058407	0.000000	0.000000	0.000000
84.337509	77.835068	240.074112	3.058407	84.337509	77.835068	240.074112
84.337509	77.835068	240.074112	3.058407	50.546223	86.889412	240.074112
50.546223	86.889412	240.074112	-0.741593	1.974637	55.766003	240.074112
1.974637	55.766003	240.074112	-0.341593	2.250753	0.531829	239.767746
2.250753	0.531829	239.767746	-1.141593	-8.054075	-11.230837	234.078827
-8.054075	-11.230837	234.078827	-0.141593	-8.187244	-27.421045	229.511780
-8.187244	-27.421045	229.511780	0.858407	1.984412	-39.414371	227.290344
1.984412	-39.414371	227.290344	1.458407	16.072132	-41.769646	228.009750
16.072132	-41.769646	228.009750	1.658407	84.337509	-40.495571	229.721527
84.337509	-40.495571	229.721527	3.058407	122.884117	11.070389	233.329330
122.884117	11.070389	233.329330	3.058407	102.036720	67.616425	238.286087
102.036720	67.616425	238.286087	3.058407	0.000000	0.000000	0.000000
84.337509	77.835068	240.074112	3.058407	84.337509	77.835068	240.074112
84.337509	77.835068	240.074112	3.058407	50.546223	86.889412	240.074112
50.546223	86.889412	240.074112	-0.741593	1.974637	55.766003	240.074112
1.974637	55.766003	240.074112	-0.341593	2.250753	0.531829	239.767746
2.250753	0.531829	239.767746	-1.141593	-8.054075	-11.230837	234.078827
-8.054075	-11.230837	234.078827	-0.141593	-8.187244	-27.421045	229.511780
-8.187244	-27.421045	229.511780	0.858407	1.984412	-39.414371	227.290344
1.984412	-39.414371	227.290344	1.458407	16.072132	-41.769646	228.009750
16.072132	-41.769646	228.009750	1.658407	84.337509	-40.495571	229.721527
84.337509	-40.495571	229.721527	3.058407	122.884117	11.070389	233.329330
122.884117	11.070389	233.329330	3.058407	102.036720	67.616425	238.286087
102.036720	67.616425	238.286087	3.058407	0.000000	0.000000	0.000000
84.337509	77.835068	240.074112	3.058407	84.337509	77.835068	240.074112
84.337509	77.835068	240.074112	3.058407	50.546223	86.889412	240.074112
50.546223	86.889412	240.074112	-0.741593	1.974637	55.766003	240.074112
1.974637	55.766003	240.074112	-0.341593	2.250753	0.531829	239.767746
2.250753	0.531829	239.767746	-1.141593	-8.054075	-11.230837	234.078827
-8.054075	-11.230837	234.078827	-0.141593	-8.187244	-27.421045	229.511780
-8.187244	-27.421045	229.511780	0.858407	1.984412	-39.414371	227.290344
1.984412	-39.414371	227.290344	1.458407	16.072132	-41.769646	228.009750
16.072132	-41.769646	228.009750	1.658407	84.337509	-40.495571	229.721527
84.337509	-40.495571	229.721527	3.058407	122.884117	11.070389	233.329330
122.884117	11.070389	233.329330	3.058407	102.036720	67.616425	238.286087
102.036720	67.616425	238.286087	3.058407	0.000000	0.000000	0.000000
84.337509	77.835068	240.074112	3.058407	84.337509	77.835068	240.074112
84.337509	77.835068	240.074112	3.058407	50.546223	86.889412	240.074112
50.546223	86.889412	240.074112	-0.741593	1.974637	55.766003	240.074112
1.974637	55.766003	240.074112	-0.341593	2.250753	0.531829	239.767746
2.250753	0.531829	239.767746	-1.141593	-8.054075	-11.230837	234.078827
-8.054075	-11.230837	234.078827	-0.141593	-8.187244	-27.421045	229.511780
-8.187244	-27.421045	229.511780	0.858407	1.984412	-39.414371	227.290344
1.984412	-39.414371	227.290344	1.458407	16.072132	-41.769646	228.009750
16.072132	-41.769646	228.009750	1.658407	84.337509	-40.495571	229.721527
84.337509	-40.495571	229.721527	3.058407	122.884117	11.070389	233.329330
122.884117	11.070389	233.329330	3.058407	102.036720	67.616425	238.286087
102.036720	67.616425	238.286087	3.058407	0.000000	0.000000	0.000000
84.337509	77.835068	240.074112	3.058407	84.337509	77.835068	240.074112
84.337509	77.835068	240.074112	3.058407	50.546223	86.889412	240.074112
50.546223	86.889412	240.074112	-0.741593	1.974637	55.766003	240.074112
1.974637	55.766003	240.074112	-0.341593	2.250753	0.531829	239.767746
2.250753	0.531829	239.767746	-1.141593	-8.054075	-11.230837	234.078827
-8.054075	-11.230837	234.078827	-0.141593	-8.187244	-27.421045	229.511780
-8.187244	-27.421045	229.511780	0.858407	1.984412	-39.414371	227.290344
1.984412	-39.414371	227.290344	1.458407	16.072132	-41.769646	228.009750
16.072132	-41.769646	228.009750	1.658407	84.337509	-40.495571	229.721527
84.337509	-40.495571	229.721527	3.058407	122.884117	11.070389	233.329330
122.884117	11.070389	233.329330	3.058407	102.036720	67.616425	238.286087
102.036720	67.616425	238.286087	3.058407	0.000000	0.000000	0.000000
84.337509	77.835068	240.074112	3.058407	84.337509	77.835068	240.074112
84.337509	77.835068	240.074112	3.058407	50.546223	86.889412	240.074112
50.546223	86.889412	240.074112	-0.741593	1.974637	55.766003	240.074112
1.974637	55.766003	240.074112	-0.341593	2.250753	0.531829	239.767746
2.250753	0.531829	239.767746	-1.141593	-8.054075	-11.230837	234.078827
-8.054075	-11.230837	234.078827	-0.141593	-8.187244	-27.421045	229.511780
-8.187244	-27.421045	229.511780	0.858407	1.984412	-39.414371	227.290344
1.984412	-39.414371	227.290344	1.458407	16.072132	-41.769646	228.009750
16.072132	-41.769646	228.009750	1.658407	84.337509	-40.495571	229.721527
84.337509	-40.495571	229.721527	3.058407	122.884117	11.070389	233.329330
122.884117	11.070389	233.329330	3.058407	102.036720	67.616425	238.286087
102.036720	67.616425	238.286087	3.058407	0.000000	0.000000	0.000000
84.337509	77.835068	240.074112	3.058407	84.337509	77.835068	240.074112
84.337509	77.835068	240.074112	3.058407	50.546223	86.889412	240.074112
50.546223	86.889412	240.074112	-0.741593	1.974637	55.766003	240.074112
1.974637	55.766003	240.074112	-0.341593	2.250753	0.531829	239.767746
2.250753	0.531829	239.767746	-1.141593	-8.054075	-11.230837	234.078827
-8.054075	-11.230837	234.078827	-0.141593	-8.187244	-27.421045	229.511780
-8.187244	-27.421045	229.511780	0.858407	1.984412	-39.414371	227.290344
1.984412	-39.414371	227.290344	1.458407	16.072132	-41.769646	228.009750
16.072132	-41.769646	228.009750	1.658407	84.337509	-40.495571	229.721527
84.337509	-40.495571	229.721527	3.058407	122.884117	11.070389	233.329330
122.884117	11.070389	233.329330	3.058407	102.036720	67.616425	238.286087
102.036720	67.616425	238.286087	3.058407	0.000000	0.000000	0.000000
84.337509	77.835068	240.074112	3.058407	84.337509	77.835068	240.074112
84.337509	77.835068	240.074112	3.058407	50.546223	86.889412	240.074112
50.546223	86.889412	240.074112	-0.741593	1.974637	55.766003	240.074112
1.974637	55.766003	240.074112	-0.341593	2.250753	0.531829	239.767746
2.250753	0.531829	239.767746	-1.141593	-8.054075	-11.230837	234.078827
-8.054075	-11.230837	234.078827	-0.141593	-8.187244	-27.421045	229.511780
-8.187244	-27.421045	229.511780	0.858407	1.984412	-39.414371	227.290344
1.984412	-39.414371	227.290344	1.458407	16.072132	-41.769646	228.009750
16.072132	-41.769646	228.009750	1.658407	84.337509	-40.495571	229.721527
84.337509	-40.495571	229.721527	3.058407	122.884117	11.070389	233.329330
122.884117	11.070389	233.329330	3.058407	102.036720	67.616425	238.286087
102.036720	67.616425	238.286087	3.058407	0.000000	0.000000	0.000000
84.337509	77.835068	240.074112	3.058407	84.337509	77.835068	240.074112
84.337509	77.835068	240.074112	3.058407	50.546223	86.889412	240.074112
50.546223	86.889412	240.074112	-0.741593	1.974637	55.766003	240.074112
1.974637	55.766003	240.074112	-0.341593	2.250753	0.531829	239.767746
2.250753	0.531829	239.767746	-1.141593	-8.054075	-11.230837	234.078827
-8.054075	-11.230837	234.078827	-0.141593	-8.187244	-27.421045	229.511780
-8.187244	-27.421045	229.511780	0.858407	1.984412	-39.414371	227.290344
1.984412	-39.414371	227.290344	1.458407	16.072132	-41.769646	228.009750
16.072132	-41.769646	228.009750	1.658407	84.337509	-40.495571	229.721527
84.337509	-40.495571	229.721527	3.058407	122.884117	11.070389	233.329330
122.884117	11.070389	233.329330	3.058407	102.036720	67.616425	238.286087
102.036720	67.616425	238.286087	3.058407	0.000000	0.000000	0.000000
84.337509	77.835068	240.074112	3.058407	84.337509	77.835068	240.074112
84.337509	77.835068	240.074112	3.058407	50.546223	86.889412	240.074112
50.546223	86.889412	240.074112	-0.741593	1.974637	55.766003	240.074112
1.974637	55.766003	240.074112	-0.341593	2.250753	0.531829	239.767746
2.250753	0.531829	239.767746	-1.141593	-8.054075	-11.230837	234.078827
-8.054075	-11.230837	234.078827	-0.141593	-8.187244	-27.421045	229.511780
-8.187244	-27.421045	229.511780	0.858407	1.984412	-39.414371	227.290344
1.984412	-39.414371	227.290344	1.458407	16.072132	-41.769646	228.009750
16.072132	-41.769646	228.009750	1.658407	84.337509	-40.495571	229.721527
84.337509	-40.495571	229.721527	3.058407	122.884117	11.070389	233.329330
122.884117	11.070389	233.329330	3.058407	102.036720	67.616425	238.286087
102.036720	67.616425	238.286087	3.058407	0.000000	0.000000	0.000000
84.337509	77.835068	240.074112	3.058407	84.337509	77.835068	240.074112
84.337509	77.835068	240.074112	3.058407	50.546223	86.889412	240.074112
50.546223	86.889412	240.074112	-0.741593	1.974637	55.766003	240.074112
1.974637	55.766003	240.074112	-0.341593	2.250753	0.531829	239.767746
2.250753	0.531829	239.767746	-1.141593	-8.054075	-11.230837	234.078827
-8.054075	-11.230837	234.078827	-0.141593	-8.187244	-27.421045	229.511780
-8.187244	-27.421045	229.511780	0.858407	1.984412	-39.414371	227.290344
1.984412	-39.414371	227.290344	1.458407	16.072132	-41.769646	228.009750
16.072132	-41.769646	228.009750	1.658407	84.337509	-40.495571	229.721527
84.337509	-40.495571	229.721527	3.058407	122.884117	11.070389	233.329330
122.884117	11.070389	233.329330	3.058407	102.036720	67.616425	238.286087
102.036720	67.616425	238.286087	3.058407	0.000000	0.000000	0.000000
84.337509	77.835068	240.074112	3.058407	84.337509	77.835068	240.074112
84.337509	77.835068	240.074112	3.058407	50.546223	86.889412	240.074112
50.546223	86.889412	240.074112	-0.741593	1.974637	55.766003	240.074112
1.974637	55.766003	240.074112	-0.341593	2.250753	0.531829	239.767746
2.250753	0.531829	239.767746	-1.141593	-8.054075	-11.230837	234.078827
-8.054075	-11.230837	234.078827	-0.141593	-8.187244	-27.421045	229.511780
-8.187244	-27.421045	229.511780	0.858407	1.984412	-39.414371	227.290344
1.984412	-39.414371	227.290344	1.458407	16.072132	-41.769646	228.009750
16.072132	-41.769646	228.009750	1.658407	84.337509	-40.495571	229.721527
84.337509	-40.495571	229.721527	3.058407	122.884117	11.070389	233.329330
122.884117	11.070389	233.329330	3.058407	102.036720	67.616425	238.286087
102.036720	67.616425	238.286087	3.058407	0.000000	0.000000	0.000000
84.337509	77.835068	240.074112	3.058407	84.337509	77.835068	240.074112
84.337509	77.835068	240.074112	3.058407	50.546223	86.889412	240.074112
50.546223	86.889412	240.074112	-0.741593	1.974637	55.766003	240.074112
1.974637	55.766003	240.074112	-0.341593	2.250753	0.531829	239.767746
2.250753	0.531829	239.767746	-1.141593	-8.054075	-11.230837	234.078827
-8.054075	-11.230837	234.078827	-0.141593	-8.187244	-27.421045	229.511780
-8.187244	-27.421045	229.511780	0.858407	1.984412	-39.414371	227.290344
1.984412	-39.414371	227.290344	1.458407	16.072132	-41.769646	228.009750
16.072132	-41.769646	228.009750	1.658407	84.337509	-40.495571	229.721527
84.337509	-40.495571	229.721527	3.058407	122.884117	11.070389	233.329330
122.884117	11.070389	233.329330	3.058407	102.036720	67.616425	238.286087
102.036720	67.616425	238.286087	3.058407	0.000000	0.000000	0.000000
84.337509	77.835068	240.074112	3.058407	84.337509	77.835068	240.074112
84.337509	77.835068	240.074112	3.058407	50.546223	86.889412	240.074112
50.546223	86.889412	240.074112	-0.741593	1.974637	55.766003	240.074112
1.974637	55.766003	240.074112	-0.341593	2.250753	0.531829	239.767746
2.250753	0.531829	239.767746	-1.141593	-8.054075	-11.230837	234.078827
-8.054075	-11.230837	234.078827	-0.141593	-8.187244	-27.421045	229.511780
-8.187244	-27.421045	229.511780	0.858407	1.984412	-39.414371	227.290344
1.984412	-39.414371	227.290344	1.458407	16.072132	-41.769646	228.009750
16.072132	-41.769646	228.009750	1.658407	84.337509	-40.495571	229.721527
84.337509	-40.495571	229.721527	3.058407	122.884117	11.070389	233.329330
122.884117	11.070389	233.329330	3.058407	102.036720	67.616425	238.286087
102.036720	67.616425	238.286087	3.058407	0.000000	0.000000	0.000000
84.337509	77.835068	240.074112	3.058407	84.337509	77.835068	240.074112
84.337509	77.835068	240.074112	3.058407	50.546223	86.889412	240.074112
50.546223	86.889412	240.074112	-0.741593	1.974637	55.766003	240.074112
1.974637	55.766003	240.074112	-0.341593	2.250753	0.531829	239.767746
2.250753	0.531829	239.767746	-1.141593	-8.054075	-11.230837	234.078827
-8.054075	-11.230837	234.078827	-0.141593	-8.187244	-27.421045	229.511780
-8.187244	-27.421045	229.511780	0.858407	1.984412	-39.414371	227.290344
1.984412	-39.414371	227.290344	1.458407	16.072132	-41.769646	228.009750
16.072132	-41.769646	228.009750	1.658407	84.337509	-40.495571	229.721527
84.337509	-40.495571	229.721527	3.058407	122.884117	11.070389	233.329330
122.884117	11.070389	233.329330	3.058407	102.036720	67.616425	238.286087
102.036720	67.616425	238.286087	3.058407	0.000000	0.000000	0.000000
84.337509	77.835068	240.074112	3.058407	84.337509	77.835068	240.074112
84.337509	77.835068	240.074112	3.058407	50.546223	86.889412	240.074112
50.546223	86.889412	240.074112	-0.741593	1.974637	55.766003	240.074112
1.974637	55.766003	240.074112	-0.341593	2.250753	0.531829	239.767746
2.250753	0.531829	239.767746	-1.141593	-8.054075	-11.230837	234.078827
-8.054075	-11.230837	234.078827	-0.141593	-8.187244	-27.421045	229.511780
-8.187244	-27.421045	229.511780	0.858407	1.984412	-39.414371	227.290344
1.984412	-39.414371	227.290344	1.458407	16.072132	-41.769646	228.009750
16.072132	-41.769646	228.009750	1.658407	84.337509	-40.495571	229.721527
84.337509	-40.495571	229.721527	3.058407	122.884117	11.070389	233.329330
122.884117	11.070389	233.329330	3.058407	102.036720	67.616425	238.286087
102.036720	67.616425	238.286087	3.058407	0.000000	0.000000	0.000000
84.337509	77.835068	240.074112	3.058407	84.337509	77.835068	240.074112
84.337509	77.835068	240.074112	3.058407	50.546223	86.889412	240.074112
50.546223	86.889412	240.074112	-0.741593	1.974637	55.766003	240.074112
1.974637	55.766003	240.074112	-0.341593	2.250753	0.531829	239.767746
2.250753	0.531829	239.767746	-1.141593	-8.054075	-11.230837	234.078827
-8.054075	-11.230837	234.078827	-0.141593	-8.187244	-27.421045	229.511780
-8.187244	-27.421045	229.511780	0.858407	1.984412	-39.414371	227.290344
1.984412	-39.414371	227.290344	1.458407	16.072132	-41.769646	228.009750
16.072132	-41.769646	228.009750	1.658407	84.337509	-40.495571	229.721527
84.337509	-40.495571	229.721527	3.058407	122.884117	11.070389	233.329330
122.884117	11.070389	233.329330	3.058407	102.036720	67.616425	238.286087
102.036720	67.616425	238.286087	3.058407	0.000000	0.000000	0.000000
84.337509	77.835068	240.074112	3.058407	84.337509	77.835068	240.074112
84.337509	77.835068	240.074112	3.058407	50.546223	86.889412	240.074112
50.546223	86.889412	240.074112	-0.741593	1.974637	55.766003	240.074112
1.974637	55.766003	240.074112	-0.341593	2.250753	0.531829	239.767746
2.250753	0.531829	239.767746	-1.141593	-8.054075	-11.230837	234.078827
-8.054075	-11.230837	234.078827	-0.141593	-8.187244	-27.421045	229.511780
-8.187244	-27.421045	229.511780	0.858407	1.984412	-39.414371	227.290344
1.984412	-39.414371	227.290344	1.458407	16.072132	-41.769646	228.009750
16.072132	-41.769646	228.009750	1.658407	84.337509	-40.495571	229.721527
84.337509	-40.495571	229.721527	3.058407	122.884117	11.070389	233.329330
122.884117	11.070389	233.329330	3.058407	102.036720	67.616425	238.286087
102.036720	67.616425	238.286087	3.058407	0.000000	0.000000	0.000000
