23.047892	173.804321	20.800758	0	0	-0.45359611	0.89120736
23.048223	173.841583	20.796598	0	0	-0.45359611	0.89120736
23.049768	173.766373	20.805002	0	0	-0.92106097	0.38941839
23.051840	173.878220	20.792185	0	0	-0.92106097	0.38941839
23.053360	173.727692	20.809258	0	0	-0.92106097	0.38941839
23.058514	173.913376	20.789175	0	0	-0.87758258	0.4794255
23.058218	173.688309	20.813580	0	0	-0.92106097	0.38941839
23.072870	173.950012	20.783394	0	0	-0.87758258	0.4794255
23.076361	173.980194	20.794771	0	0	-0.87758258	0.4794255
23.076597	174.061371	20.773716	0	0	-0.92106097	0.38941839
22.712564	174.220947	20.882498	0	0	-0.87758258	0.4794255
23.032873	175.595963	20.305662	0	0	-0.45359611	0.89120736
21.444145	174.908127	21.178432	0	0	-0.95533648	0.29552023
22.630583	178.131714	21.184952	0	0	-0.92106097	0.38941839
19.890068	182.378006	22.593281	0	0	-0.45359611	0.89120736
16.987204	185.957428	21.033855	0	0	-0.45359611	0.89120736
19.098642	196.945038	21.855661	0	0	-0.95533648	0.29552023
42.607861	173.804321	48.735287	0	0	-0.69670669	0.71735611
42.610035	173.841583	48.733761	0	0	-0.69670669	0.71735611
42.607124	173.766373	48.735802	0	0	-0.69670669	0.71735611
42.614536	173.878220	48.730610	0	0	-0.69670669	0.71735611
42.607536	173.727692	48.735512	0	0	-0.69670669	0.71735611
42.620426	173.913376	48.726486	0	0	-0.69670669	0.71735611
42.608765	173.688309	48.734653	0	0	-0.69670669	0.71735611
42.632778	173.950012	48.717834	0	0	-0.69670669	0.71735611
42.629776	173.980194	48.719940	0	0	-0.69670669	0.71735611
42.639828	174.061371	48.712902	0	0	-0.69670669	0.71735611
42.344444	174.220947	48.919727	0	0	-0.69670669	0.71735611
42.830399	175.595963	48.579460	0	0	-0.62160997	0.7833269
41.354279	174.908127	49.613052	0	0	-0.76484218	0.64421769
42.147327	178.131714	49.057755	0	0	-0.69670669	0.71735611
39.646717	182.378006	50.808701	0	0	-0.69670669	0.71735611
38.431557	185.957428	51.659565	0	0	-0.62160997	0.7833269
15.426685	211.841599	24.976727	0	0	-0.92106097	0.38941839
39.462231	196.945038	50.937878	0	0	-0.87758258	0.4794255
24.523319	217.641068	27.786678	0	0	-0.82533563	0.56464246
69.756332	193.514481	29.725721	0	0	-0.54030229	0.84147099
35.531887	211.841599	53.689934	0	0	-0.69670669	0.71735611
31.573933	207.601089	-19.413857	0	0	-0.45359611	0.89120736
40.315578	217.641068	50.340359	0	0	-0.87758258	0.4794255
-50.141247	154.193359	20.800758	0	0	-0.62160997	0.7833269
-50.150539	154.228043	20.796598	0	0	-0.62160997	0.7833269
-50.131630	154.157471	20.805002	0	0	-0.62160997	0.7833269
-50.159454	154.261322	20.792185	0	0	-0.62160997	0.7833269
-50.121723	154.120499	20.809258	0	0	-0.62160997	0.7833269
-50.167797	154.292450	20.789175	0	0	-0.62160997	0.7833269
-50.111549	154.082535	20.813580	0	0	-0.62160997	0.7833269
-50.175995	154.323044	20.783394	0	0	-0.62160997	0.7833269
-50.183304	154.350327	20.794771	0	0	-0.62160997	0.7833269
-50.203583	154.425995	20.773716	0	0	-0.62160997	0.7833269
-50.267860	154.665894	20.882498	0	0	-0.62160997	0.7833269
-50.524628	155.624146	21.178432	0	0	-0.54030229	0.84147099
-50.590160	155.868729	20.305662	0	0	-0.62160997	0.7833269
-51.251049	158.335190	21.184952	0	0	-0.54030229	0.84147099
-52.496201	162.982162	22.593281	0	0	-0.69670669	0.71735611
-53.585510	167.047531	21.033855	0	0	-0.69670669	0.71735611
-56.190971	176.771240	21.855661	0	0	-0.54030229	0.84147099
8.857216	196.427780	-54.845093	0	0	-0.54030229	0.84147099
-60.161091	191.587921	24.976727	0	0	-0.54030229	0.84147099
-61.001598	194.724747	27.786678	0	0	-0.45359611	0.89120736
91.744133	134.142532	75.515907	0	0	-0.87758258	0.4794255
91.760353	134.170624	75.515907	0	0	-0.87758258	0.4794255
91.728165	134.114868	75.515907	0	0	-0.87758258	0.4794255
91.712318	134.087433	75.515907	0	0	-0.87758258	0.4794255
91.777115	134.199661	75.515907	0	0	-0.87758258	0.4794255
91.696480	134.059998	75.515907	0	0	-0.87758258	0.4794255
91.794006	134.228928	75.515907	0	0	-0.87758258	0.4794255
91.813461	134.262619	75.515907	0	0	-0.87758258	0.4794255
91.821152	134.275940	75.515907	0	0	-0.87758258	0.4794255
91.827400	134.286758	75.515907	0	0	-0.87758258	0.4794255
91.840698	134.309799	75.515907	0	0	-0.87758258	0.4794255
91.862610	134.347748	75.515907	0	0	-0.87758258	0.4794255
92.516174	135.479752	75.515907	0	0	-0.82533563	0.56464246
93.513618	137.207382	75.515907	0	0	-0.87758258	0.4794255
94.667191	139.205414	75.515907	0	0	-0.87758258	0.4794255
95.491409	140.632996	75.515907	0	0	-0.82533563	0.56464246
96.310715	142.052078	75.515907	0	0	-0.62160997	0.7833269
100.777039	149.787994	75.515907	0	0	-0.87758258	0.4794255
106.309456	159.370407	75.515907	0	0	-0.82533563	0.56464246
111.094856	167.658966	75.515907	0	0	-0.87758258	0.4794255
-56.229645	176.915573	-59.091858	0	0	-0.54030229	0.84147099
-86.494514	64.261917	20.800758	0	0	-0.36235775	0.93203909
-86.512985	64.280380	20.796598	0	0	-0.36235775	0.93203909
-86.474602	64.241997	20.805002	0	0	-0.36235775	0.93203909
-86.453468	64.220871	20.809258	0	0	-0.36235775	0.93203909
-86.529495	64.296890	20.792185	0	0	-0.36235775	0.93203909
-86.543732	64.311134	20.789175	0	0	-0.36235775	0.93203909
-86.554871	64.322273	20.783394	0	0	-0.36235775	0.93203909
-86.431351	64.198746	20.813580	0	0	-0.36235775	0.93203909
-86.568214	64.335617	20.794771	0	0	-0.36235775	0.93203909
-86.608681	64.376083	20.773716	0	0	-0.36235775	0.93203909
-86.870491	64.637886	20.882498	0	0	-0.36235775	0.93203909
-87.397842	65.165245	20.305662	0	0	-0.45359611	0.89120736
-87.848289	65.615692	21.178432	0	0	-0.36235775	0.93203909
-88.866867	66.634270	21.184952	0	0	-0.36235775	0.93203909
-92.360268	70.127670	22.593281	0	0	-0.45359611	0.89120736
-95.601410	73.368813	21.033855	0	0	-0.45359611	0.89120736
-100.039497	77.806900	21.855661	0	0	-0.26749883	0.96355818
-107.675179	85.442574	27.786678	0	0	-0.36235775	0.93203909
-109.323761	87.091156	24.976727	0	0	-0.36235775	0.93203909
101.963875	37.117836	74.567535	0	0	-0.95533648	0.29552023
101.948845	37.109158	74.567535	0	0	-0.95533648	0.29552023
101.980263	37.127296	74.567535	0	0	-0.95533648	0.29552023
101.998833	37.138020	74.567535	0	0	-0.95533648	0.29552023
101.934799	37.101048	74.567535	0	0	-0.95533648	0.29552023
101.921387	37.093304	74.567535	0	0	-0.95533648	0.29552023
102.019066	37.149700	74.567535	0	0	-0.95533648	0.29552023
101.892784	37.076790	74.567535	0	0	-0.95533648	0.29552023
102.045692	37.165073	74.567535	0	0	-0.95533648	0.29552023
102.061378	37.174129	74.567535	0	0	-0.95533648	0.29552023
102.096710	37.194527	74.567535	0	0	-0.95533648	0.29552023
102.680809	37.531757	74.567535	0	0	-0.95533648	0.29552023
101.239029	36.699345	74.567535	0	0	-0.95533648	0.29552023
102.728409	37.559242	74.567535	0	0	-0.95533648	0.29552023
103.308022	37.893879	74.567535	0	0	-0.95533648	0.29552023
103.524712	38.018986	74.567535	0	0	-0.98006658	0.19866933
98.594124	35.172306	74.567535	0	0	0.99913515	0.041580682
109.022163	41.192940	74.567535	0	0	-0.98006658	0.19866933
112.718597	43.327076	74.567535	0	0	-0.95533648	0.29552023
122.052315	48.715900	74.567535	0	0	-0.95533648	0.29552023
-117.857628	95.625023	-31.271576	0	0	-0.36235775	0.93203909
