-17.410006	8.817479	260.538788	-1.541593	-36.122330	19.779858	261.918915
-36.122330	19.779858	261.918915	-0.741593	-51.895340	14.384956	263.274658
-51.895340	14.384956	263.274658	-0.541593	-55.109726	8.817479	263.837097
-55.109726	8.817479	263.837097	-0.341593	-62.069031	1.858174	263.837097
-62.069031	1.858174	263.837097	-0.141593	-63.483280	-13.800205	263.634735
-63.483280	-13.800205	263.634735	-0.141593	-63.878899	-26.404243	262.244202
-63.878899	-26.404243	262.244202	0.458407	-57.424416	-37.312000	260.734436
-57.424416	-37.312000	260.734436	1.058407	-46.311188	-42.999668	259.509949
-46.311188	-42.999668	259.509949	1.458407	-34.031048	-42.928886	258.815735
-34.031048	-42.928886	258.815735	1.858407	-23.128649	-37.082207	258.849121
-23.128649	-37.082207	258.849121	2.458407	-11.294592	-16.479200	259.410767
-11.294592	-16.479200	259.410767	3.058407	0.000000	0.000000	0.000000
-17.410006	8.817479	260.538788	-1.541593	-36.122330	19.779858	261.918915
-36.122330	19.779858	261.918915	-0.741593	-51.895340	14.384956	263.274658
-51.895340	14.384956	263.274658	-0.541593	-55.109726	8.817479	263.837097
-55.109726	8.817479	263.837097	-0.341593	-62.069031	1.858174	263.837097
-62.069031	1.858174	263.837097	-0.141593	-63.483280	-13.800205	263.634735
-63.483280	-13.800205	263.634735	-0.141593	-63.878899	-26.404243	262.244202
-63.878899	-26.404243	262.244202	0.458407	-57.424416	-37.312000	260.734436
-57.424416	-37.312000	260.734436	1.058407	-46.311188	-42.999668	259.509949
-46.311188	-42.999668	259.509949	1.458407	-34.031048	-42.928886	258.815735
-34.031048	-42.928886	258.815735	1.858407	-23.128649	-37.082207	258.849121
-23.128649	-37.082207	258.849121	2.458407	-11.294592	-16.479200	259.410767
-11.294592	-16.479200	259.410767	3.058407	0.000000	0.000000	0.000000
-17.410006	8.817479	260.538788	-1.541593	-36.122330	19.779858	261.918915
-36.122330	19.779858	261.918915	-0.741593	-51.895340	14.384956	263.274658
-51.895340	14.384956	263.274658	-0.541593	-55.109726	8.817479	263.837097
-55.109726	8.817479	263.837097	-0.341593	-62.069031	1.858174	263.837097
-62.069031	1.858174	263.837097	-0.141593	-63.483280	-13.800205	263.634735
-63.483280	-13.800205	263.634735	-0.141593	-63.878899	-26.404243	262.244202
-63.878899	-26.404243	262.244202	0.458407	-57.424416	-37.312000	260.734436
-57.424416	-37.312000	260.734436	1.058407	-46.311188	-42.999668	259.509949
-46.311188	-42.999668	259.509949	1.458407	-34.031048	-42.928886	258.815735
-34.031048	-42.928886	258.815735	1.858407	-23.128649	-37.082207	258.849121
-23.128649	-37.082207	258.849121	2.458407	-11.294592	-16.479200	259.410767
-11.294592	-16.479200	259.410767	3.058407	0.000000	0.000000	0.000000
-17.410006	8.817479	260.538788	-1.541593	-36.122330	19.779858	261.918915
-36.122330	19.779858	261.918915	-0.741593	-51.895340	14.384956	263.274658
-51.895340	14.384956	263.274658	-0.541593	-55.109726	8.817479	263.837097
-55.109726	8.817479	263.837097	-0.341593	-62.069031	1.858174	263.837097
-62.069031	1.858174	263.837097	-0.141593	-63.483280	-13.800205	263.634735
-63.483280	-13.800205	263.634735	-0.141593	-63.878899	-26.404243	262.244202
-63.878899	-26.404243	262.244202	0.458407	-57.424416	-37.312000	260.734436
-57.424416	-37.312000	260.734436	1.058407	-46.311188	-42.999668	259.509949
-46.311188	-42.999668	259.509949	1.458407	-34.031048	-42.928886	258.815735
-34.031048	-42.928886	258.815735	1.858407	-23.128649	-37.082207	258.849121
-23.128649	-37.082207	258.849121	2.458407	-11.294592	-16.479200	259.410767
-11.294592	-16.479200	259.410767	3.058407	0.000000	0.000000	0.000000
-17.410006	8.817479	260.538788	-1.541593	-36.122330	19.779858	261.918915
-36.122330	19.779858	261.918915	-0.741593	-51.895340	14.384956	263.274658
-51.895340	14.384956	263.274658	-0.541593	-55.109726	8.817479	263.837097
-55.109726	8.817479	263.837097	-0.341593	-62.069031	1.858174	263.837097
-62.069031	1.858174	263.837097	-0.141593	-63.483280	-13.800205	263.634735
-63.483280	-13.800205	263.634735	-0.141593	-63.878899	-26.404243	262.244202
-63.878899	-26.404243	262.244202	0.458407	-57.424416	-37.312000	260.734436
-57.424416	-37.312000	260.734436	1.058407	-46.311188	-42.999668	259.509949
-46.311188	-42.999668	259.509949	1.458407	-34.031048	-42.928886	258.815735
-34.031048	-42.928886	258.815735	1.858407	-23.128649	-37.082207	258.849121
-23.128649	-37.082207	258.849121	2.458407	-11.294592	-16.479200	259.410767
-11.294592	-16.479200	259.410767	3.058407	0.000000	0.000000	0.000000
-17.410006	8.817479	260.538788	-1.541593	-36.122330	19.779858	261.918915
-36.122330	19.779858	261.918915	-0.741593	-51.895340	14.384956	263.274658
-51.895340	14.384956	263.274658	-0.541593	-55.109726	8.817479	263.837097
-55.109726	8.817479	263.837097	-0.341593	-62.069031	1.858174	263.837097
-62.069031	1.858174	263.837097	-0.141593	-63.483280	-13.800205	263.634735
-63.483280	-13.800205	263.634735	-0.141593	-63.878899	-26.404243	262.244202
-63.878899	-26.404243	262.244202	0.458407	-57.424416	-37.312000	260.734436
-57.424416	-37.312000	260.734436	1.058407	-46.311188	-42.999668	259.509949
-46.311188	-42.999668	259.509949	1.458407	-34.031048	-42.928886	258.815735
-34.031048	-42.928886	258.815735	1.858407	-23.128649	-37.082207	258.849121
-23.128649	-37.082207	258.849121	2.458407	-11.294592	-16.479200	259.410767
-11.294592	-16.479200	259.410767	3.058407	0.000000	0.000000	0.000000
-17.410006	8.817479	260.538788	-1.541593	-36.122330	19.779858	261.918915
-36.122330	19.779858	261.918915	-0.741593	-51.895340	14.384956	263.274658
-51.895340	14.384956	263.274658	-0.541593	-55.109726	8.817479	263.837097
-55.109726	8.817479	263.837097	-0.341593	-62.069031	1.858174	263.837097
-62.069031	1.858174	263.837097	-0.141593	-63.483280	-13.800205	263.634735
-63.483280	-13.800205	263.634735	-0.141593	-63.878899	-26.404243	262.244202
-63.878899	-26.404243	262.244202	0.458407	-57.424416	-37.312000	260.734436
-57.424416	-37.312000	260.734436	1.058407	-46.311188	-42.999668	259.509949
-46.311188	-42.999668	259.509949	1.458407	-34.031048	-42.928886	258.815735
-34.031048	-42.928886	258.815735	1.858407	-23.128649	-37.082207	258.849121
-23.128649	-37.082207	258.849121	2.458407	-11.294592	-16.479200	259.410767
-11.294592	-16.479200	259.410767	3.058407	0.000000	0.000000	0.000000
-17.410006	8.817479	260.538788	-1.541593	-36.122330	19.779858	261.918915
-36.122330	19.779858	261.918915	-0.741593	-51.895340	14.384956	263.274658
-51.895340	14.384956	263.274658	-0.541593	-55.109726	8.817479	263.837097
-55.109726	8.817479	263.837097	-0.341593	-62.069031	1.858174	263.837097
-62.069031	1.858174	263.837097	-0.141593	-63.483280	-13.800205	263.634735
-63.483280	-13.800205	263.634735	-0.141593	-63.878899	-26.404243	262.244202
-63.878899	-26.404243	262.244202	0.458407	-57.424416	-37.312000	260.734436
-57.424416	-37.312000	260.734436	1.058407	-46.311188	-42.999668	259.509949
-46.311188	-42.999668	259.509949	1.458407	-34.031048	-42.928886	258.815735
-34.031048	-42.928886	258.815735	1.858407	-23.128649	-37.082207	258.849121
-23.128649	-37.082207	258.849121	2.458407	-11.294592	-16.479200	259.410767
-11.294592	-16.479200	259.410767	3.058407	0.000000	0.000000	0.000000
-17.410006	8.817479	260.538788	-1.541593	-36.122330	19.779858	261.918915
-36.122330	19.779858	261.918915	-0.741593	-51.895340	14.384956	263.274658
-51.895340	14.384956	263.274658	-0.541593	-55.109726	8.817479	263.837097
-55.109726	8.817479	263.837097	-0.341593	-62.069031	1.858174	263.837097
-62.069031	1.858174	263.837097	-0.141593	-63.483280	-13.800205	263.634735
-63.483280	-13.800205	263.634735	-0.141593	-63.878899	-26.404243	262.244202
-63.878899	-26.404243	262.244202	0.458407	-57.424416	-37.312000	260.734436
-57.424416	-37.312000	260.734436	1.058407	-46.311188	-42.999668	259.509949
-46.311188	-42.999668	259.509949	1.458407	-34.031048	-42.928886	258.815735
-34.031048	-42.928886	258.815735	1.858407	-23.128649	-37.082207	258.849121
-23.128649	-37.082207	258.849121	2.458407	-11.294592	-16.479200	259.410767
-11.294592	-16.479200	259.410767	3.058407	0.000000	0.000000	0.000000
-17.410006	8.817479	260.538788	-1.541593	-36.122330	19.779858	261.918915
-36.122330	19.779858	261.918915	-0.741593	-51.895340	14.384956	263.274658
-51.895340	14.384956	263.274658	-0.541593	-55.109726	8.817479	263.837097
-55.109726	8.817479	263.837097	-0.341593	-62.069031	1.858174	263.837097
-62.069031	1.858174	263.837097	-0.141593	-63.483280	-13.800205	263.634735
-63.483280	-13.800205	263.634735	-0.141593	-63.878899	-26.404243	262.244202
-63.878899	-26.404243	262.244202	0.458407	-57.424416	-37.312000	260.734436
-57.424416	-37.312000	260.734436	1.058407	-46.311188	-42.999668	259.509949
-46.311188	-42.999668	259.509949	1.458407	-34.031048	-42.928886	258.815735
-34.031048	-42.928886	258.815735	1.858407	-23.128649	-37.082207	258.849121
-23.128649	-37.082207	258.849121	2.458407	-11.294592	-16.479200	259.410767
-11.294592	-16.479200	259.410767	3.058407	0.000000	0.000000	0.000000
-17.410006	8.817479	260.538788	-1.541593	-36.122330	19.779858	261.918915
-36.122330	19.779858	261.918915	-0.741593	-51.895340	14.384956	263.274658
-51.895340	14.384956	263.274658	-0.541593	-55.109726	8.817479	263.837097
-55.109726	8.817479	263.837097	-0.341593	-62.069031	1.858174	263.837097
-62.069031	1.858174	263.837097	-0.141593	-63.483280	-13.800205	263.634735
-63.483280	-13.800205	263.634735	-0.141593	-63.878899	-26.404243	262.244202
-63.878899	-26.404243	262.244202	0.458407	-57.424416	-37.312000	260.734436
-57.424416	-37.312000	260.734436	1.058407	-46.311188	-42.999668	259.509949
-46.311188	-42.999668	259.509949	1.458407	-34.031048	-42.928886	258.815735
-34.031048	-42.928886	258.815735	1.858407	-23.128649	-37.082207	258.849121
-23.128649	-37.082207	258.849121	2.458407	-11.294592	-16.479200	259.410767
-11.294592	-16.479200	259.410767	3.058407	0.000000	0.000000	0.000000
-17.410006	8.817479	260.538788	-1.541593	-36.122330	19.779858	261.918915
-36.122330	19.779858	261.918915	-0.741593	-51.895340	14.384956	263.274658
-51.895340	14.384956	263.274658	-0.541593	-55.109726	8.817479	263.837097
-55.109726	8.817479	263.837097	-0.341593	-62.069031	1.858174	263.837097
-62.069031	1.858174	263.837097	-0.141593	-63.483280	-13.800205	263.634735
-63.483280	-13.800205	263.634735	-0.141593	-63.878899	-26.404243	262.244202
-63.878899	-26.404243	262.244202	0.458407	-57.424416	-37.312000	260.734436
-57.424416	-37.312000	260.734436	1.058407	-46.311188	-42.999668	259.509949
-46.311188	-42.999668	259.509949	1.458407	-34.031048	-42.928886	258.815735
-34.031048	-42.928886	258.815735	1.858407	-23.128649	-37.082207	258.849121
-23.128649	-37.082207	258.849121	2.458407	-11.294592	-16.479200	259.410767
-11.294592	-16.479200	259.410767	3.058407	0.000000	0.000000	0.000000
-17.410006	8.817479	260.538788	-1.541593	-36.122330	19.779858	261.918915
-36.122330	19.779858	261.918915	-0.741593	-51.895340	14.384956	263.274658
-51.895340	14.384956	263.274658	-0.541593	-55.109726	8.817479	263.837097
-55.109726	8.817479	263.837097	-0.341593	-62.069031	1.858174	263.837097
-62.069031	1.858174	263.837097	-0.141593	-63.483280	-13.800205	263.634735
-63.483280	-13.800205	263.634735	-0.141593	-63.878899	-26.404243	262.244202
-63.878899	-26.404243	262.244202	0.458407	-57.424416	-37.312000	260.734436
-57.424416	-37.312000	260.734436	1.058407	-46.311188	-42.999668	259.509949
-46.311188	-42.999668	259.509949	1.458407	-34.031048	-42.928886	258.815735
-34.031048	-42.928886	258.815735	1.858407	-23.128649	-37.082207	258.849121
-23.128649	-37.082207	258.849121	2.458407	-11.294592	-16.479200	259.410767
-11.294592	-16.479200	259.410767	3.058407	0.000000	0.000000	0.000000
-17.410006	8.817479	260.538788	-1.541593	-36.122330	19.779858	261.918915
-36.122330	19.779858	261.918915	-0.741593	-51.895340	14.384956	263.274658
-51.895340	14.384956	263.274658	-0.541593	-55.109726	8.817479	263.837097
-55.109726	8.817479	263.837097	-0.341593	-62.069031	1.858174	263.837097
-62.069031	1.858174	263.837097	-0.141593	-63.483280	-13.800205	263.634735
-63.483280	-13.800205	263.634735	-0.141593	-63.878899	-26.404243	262.244202
-63.878899	-26.404243	262.244202	0.458407	-57.424416	-37.312000	260.734436
-57.424416	-37.312000	260.734436	1.058407	-46.311188	-42.999668	259.509949
-46.311188	-42.999668	259.509949	1.458407	-34.031048	-42.928886	258.815735
-34.031048	-42.928886	258.815735	1.858407	-23.128649	-37.082207	258.849121
-23.128649	-37.082207	258.849121	2.458407	-11.294592	-16.479200	259.410767
-11.294592	-16.479200	259.410767	3.058407	0.000000	0.000000	0.000000
-17.410006	8.817479	260.538788	-1.541593	-36.122330	19.779858	261.918915
-36.122330	19.779858	261.918915	-0.741593	-51.895340	14.384956	263.274658
-51.895340	14.384956	263.274658	-0.541593	-55.109726	8.817479	263.837097
-55.109726	8.817479	263.837097	-0.341593	-62.069031	1.858174	263.837097
-62.069031	1.858174	263.837097	-0.141593	-63.483280	-13.800205	263.634735
-63.483280	-13.800205	263.634735	-0.141593	-63.878899	-26.404243	262.244202
-63.878899	-26.404243	262.244202	0.458407	-57.424416	-37.312000	260.734436
-57.424416	-37.312000	260.734436	1.058407	-46.311188	-42.999668	259.509949
-46.311188	-42.999668	259.509949	1.458407	-34.031048	-42.928886	258.815735
-34.031048	-42.928886	258.815735	1.858407	-23.128649	-37.082207	258.849121
-23.128649	-37.082207	258.849121	2.458407	-11.294592	-16.479200	259.410767
-11.294592	-16.479200	259.410767	3.058407	0.000000	0.000000	0.000000
-17.410006	8.817479	260.538788	-1.541593	-36.122330	19.779858	261.918915
-36.122330	19.779858	261.918915	-0.741593	-51.895340	14.384956	263.274658
-51.895340	14.384956	263.274658	-0.541593	-55.109726	8.817479	263.837097
-55.109726	8.817479	263.837097	-0.341593	-62.069031	1.858174	263.837097
-62.069031	1.858174	263.837097	-0.141593	-63.483280	-13.800205	263.634735
-63.483280	-13.800205	263.634735	-0.141593	-63.878899	-26.404243	262.244202
-63.878899	-26.404243	262.244202	0.458407	-57.424416	-37.312000	260.734436
-57.424416	-37.312000	260.734436	1.058407	-46.311188	-42.999668	259.509949
-46.311188	-42.999668	259.509949	1.458407	-34.031048	-42.928886	258.815735
-34.031048	-42.928886	258.815735	1.858407	-23.128649	-37.082207	258.849121
-23.128649	-37.082207	258.849121	2.458407	-11.294592	-16.479200	259.410767
-11.294592	-16.479200	259.410767	3.058407	0.000000	0.000000	0.000000
-17.410006	8.817479	260.538788	-1.541593	-36.122330	19.779858	261.918915
-36.122330	19.779858	261.918915	-0.741593	-51.895340	14.384956	263.274658
-51.895340	14.384956	263.274658	-0.541593	-55.109726	8.817479	263.837097
-55.109726	8.817479	263.837097	-0.341593	-62.069031	1.858174	263.837097
-62.069031	1.858174	263.837097	-0.141593	-63.483280	-13.800205	263.634735
-63.483280	-13.800205	263.634735	-0.141593	-63.878899	-26.404243	262.244202
-63.878899	-26.404243	262.244202	0.458407	-57.424416	-37.312000	260.734436
-57.424416	-37.312000	260.734436	1.058407	-46.311188	-42.999668	259.509949
-46.311188	-42.999668	259.509949	1.458407	-34.031048	-42.928886	258.815735
-34.031048	-42.928886	258.815735	1.858407	-23.128649	-37.082207	258.849121
-23.128649	-37.082207	258.849121	2.458407	-11.294592	-16.479200	259.410767
-11.294592	-16.479200	259.410767	3.058407	0.000000	0.000000	0.000000
-17.410006	8.817479	260.538788	-1.541593	-36.122330	19.779858	261.918915
-36.122330	19.779858	261.918915	-0.741593	-51.895340	14.384956	263.274658
-51.895340	14.384956	263.274658	-0.541593	-55.109726	8.817479	263.837097
-55.109726	8.817479	263.837097	-0.341593	-62.069031	1.858174	263.837097
-62.069031	1.858174	263.837097	-0.141593	-63.483280	-13.800205	263.634735
-63.483280	-13.800205	263.634735	-0.141593	-63.878899	-26.404243	262.244202
-63.878899	-26.404243	262.244202	0.458407	-57.424416	-37.312000	260.734436
-57.424416	-37.312000	260.734436	1.058407	-46.311188	-42.999668	259.509949
-46.311188	-42.999668	259.509949	1.458407	-34.031048	-42.928886	258.815735
-34.031048	-42.928886	258.815735	1.858407	-23.128649	-37.082207	258.849121
-23.128649	-37.082207	258.849121	2.458407	-11.294592	-16.479200	259.410767
-11.294592	-16.479200	259.410767	3.058407	0.000000	0.000000	0.000000
-17.410006	8.817479	260.538788	-1.541593	-36.122330	19.779858	261.918915
-36.122330	19.779858	261.918915	-0.741593	-51.895340	14.384956	263.274658
-51.895340	14.384956	263.274658	-0.541593	-55.109726	8.817479	263.837097
-55.109726	8.817479	263.837097	-0.341593	-62.069031	1.858174	263.837097
-62.069031	1.858174	263.837097	-0.141593	-63.483280	-13.800205	263.634735
-63.483280	-13.800205	263.634735	-0.141593	-63.878899	-26.404243	262.244202
-63.878899	-26.404243	262.244202	0.458407	-57.424416	-37.312000	260.734436
-57.424416	-37.312000	260.734436	1.058407	-46.311188	-42.999668	259.509949
-46.311188	-42.999668	259.509949	1.458407	-34.031048	-42.928886	258.815735
-34.031048	-42.928886	258.815735	1.858407	-23.128649	-37.082207	258.849121
-23.128649	-37.082207	258.849121	2.458407	-11.294592	-16.479200	259.410767
-11.294592	-16.479200	259.410767	3.058407	0.000000	0.000000	0.000000
-17.410006	8.817479	260.538788	-1.541593	-36.122330	19.779858	261.918915
-36.122330	19.779858	261.918915	-0.741593	-51.895340	14.384956	263.274658
-51.895340	14.384956	263.274658	-0.541593	-55.109726	8.817479	263.837097
-55.109726	8.817479	263.837097	-0.341593	-62.069031	1.858174	263.837097
-62.069031	1.858174	263.837097	-0.141593	-63.483280	-13.800205	263.634735
-63.483280	-13.800205	263.634735	-0.141593	-63.878899	-26.404243	262.244202
-63.878899	-26.404243	262.244202	0.458407	-57.424416	-37.312000	260.734436
-57.424416	-37.312000	260.734436	1.058407	-46.311188	-42.999668	259.509949
-46.311188	-42.999668	259.509949	1.458407	-34.031048	-42.928886	258.815735
-34.031048	-42.928886	258.815735	1.858407	-23.128649	-37.082207	258.849121
-23.128649	-37.082207	258.849121	2.458407	-11.294592	-16.479200	259.410767
-11.294592	-16.479200	259.410767	3.058407	0.000000	0.000000	0.000000
