20.640759	-76.996033	-43.696106	0.000000	0.000000	2.658407
-8.132716	-128.569458	-64.902565	0.000000	0.000000	2.058407
-74.708786	-157.522903	-86.022156	0.000000	0.000000	1.458407
-153.722992	-134.994812	-101.203796	0.000000	0.000000	0.858407
-203.065964	-63.165638	-104.642303	0.000000	0.000000	0.458407
-202.472244	-1.387356	-94.033791	0.000000	0.000000	0.258407
-175.782257	44.100525	-74.381035	0.000000	0.000000	0.058407
-123.043594	73.235016	-52.954235	0.000000	0.000000	-0.141593
-56.690670	67.681122	-35.494671	0.000000	0.000000	-0.741593
20.640759	-76.996033	-43.696106	0.000000	0.000000	2.658407
-8.132716	-128.569458	-64.902565	0.000000	0.000000	2.058407
-74.708786	-157.522903	-86.022156	0.000000	0.000000	1.458407
-153.722992	-134.994812	-101.203796	0.000000	0.000000	0.858407
-203.065964	-63.165638	-104.642303	0.000000	0.000000	0.458407
-202.472244	-1.387356	-94.033791	0.000000	0.000000	0.258407
-175.782257	44.100525	-74.381035	0.000000	0.000000	0.058407
-123.043594	73.235016	-52.954235	0.000000	0.000000	-0.141593
-56.690670	67.681122	-35.494671	0.000000	0.000000	-0.741593
20.640759	-76.996033	-43.696106	0.000000	0.000000	2.658407
-8.132716	-128.569458	-64.902565	0.000000	0.000000	2.058407
-74.708786	-157.522903	-86.022156	0.000000	0.000000	1.458407
-153.722992	-134.994812	-101.203796	0.000000	0.000000	0.858407
-203.065964	-63.165638	-104.642303	0.000000	0.000000	0.458407
-202.472244	-1.387356	-94.033791	0.000000	0.000000	0.258407
-175.782257	44.100525	-74.381035	0.000000	0.000000	0.058407
-123.043594	73.235016	-52.954235	0.000000	0.000000	-0.141593
-56.690670	67.681122	-35.494671	0.000000	0.000000	-0.741593
20.640759	-76.996033	-43.696106	0.000000	0.000000	2.658407
-8.132716	-128.569458	-64.902565	0.000000	0.000000	2.058407
-74.708786	-157.522903	-86.022156	0.000000	0.000000	1.458407
-153.722992	-134.994812	-101.203796	0.000000	0.000000	0.858407
-203.065964	-63.165638	-104.642303	0.000000	0.000000	0.458407
-202.472244	-1.387356	-94.033791	0.000000	0.000000	0.258407
-175.782257	44.100525	-74.381035	0.000000	0.000000	0.058407
-123.043594	73.235016	-52.954235	0.000000	0.000000	-0.141593
-56.690670	67.681122	-35.494671	0.000000	0.000000	-0.741593
20.640759	-76.996033	-43.696106	0.000000	0.000000	2.658407
-8.132716	-128.569458	-64.902565	0.000000	0.000000	2.058407
-74.708786	-157.522903	-86.022156	0.000000	0.000000	1.458407
-153.722992	-134.994812	-101.203796	0.000000	0.000000	0.858407
-203.065964	-63.165638	-104.642303	0.000000	0.000000	0.458407
-202.472244	-1.387356	-94.033791	0.000000	0.000000	0.258407
-175.782257	44.100525	-74.381035	0.000000	0.000000	0.058407
-123.043594	73.235016	-52.954235	0.000000	0.000000	-0.141593
-56.690670	67.681122	-35.494671	0.000000	0.000000	-0.741593
20.640759	-76.996033	-43.696106	0.000000	0.000000	2.658407
-8.132716	-128.569458	-64.902565	0.000000	0.000000	2.058407
-74.708786	-157.522903	-86.022156	0.000000	0.000000	1.458407
-153.722992	-134.994812	-101.203796	0.000000	0.000000	0.858407
-203.065964	-63.165638	-104.642303	0.000000	0.000000	0.458407
-202.472244	-1.387356	-94.033791	0.000000	0.000000	0.258407
-175.782257	44.100525	-74.381035	0.000000	0.000000	0.058407
-123.043594	73.235016	-52.954235	0.000000	0.000000	-0.141593
-56.690670	67.681122	-35.494671	0.000000	0.000000	-0.741593
20.640759	-76.996033	-43.696106	0.000000	0.000000	2.658407
-8.132716	-128.569458	-64.902565	0.000000	0.000000	2.058407
-74.708786	-157.522903	-86.022156	0.000000	0.000000	1.458407
-153.722992	-134.994812	-101.203796	0.000000	0.000000	0.858407
-203.065964	-63.165638	-104.642303	0.000000	0.000000	0.458407
-202.472244	-1.387356	-94.033791	0.000000	0.000000	0.258407
-175.782257	44.100525	-74.381035	0.000000	0.000000	0.058407
-123.043594	73.235016	-52.954235	0.000000	0.000000	-0.141593
-56.690670	67.681122	-35.494671	0.000000	0.000000	-0.741593
20.640759	-76.996033	-43.696106	0.000000	0.000000	2.658407
-8.132716	-128.569458	-64.902565	0.000000	0.000000	2.058407
-74.708786	-157.522903	-86.022156	0.000000	0.000000	1.458407
-153.722992	-134.994812	-101.203796	0.000000	0.000000	0.858407
-203.065964	-63.165638	-104.642303	0.000000	0.000000	0.458407
-202.472244	-1.387356	-94.033791	0.000000	0.000000	0.258407
-175.782257	44.100525	-74.381035	0.000000	0.000000	0.058407
-123.043594	73.235016	-52.954235	0.000000	0.000000	-0.141593
-56.690670	67.681122	-35.494671	0.000000	0.000000	-0.741593
20.640759	-76.996033	-43.696106	0.000000	0.000000	2.658407
-8.132716	-128.569458	-64.902565	0.000000	0.000000	2.058407
-74.708786	-157.522903	-86.022156	0.000000	0.000000	1.458407
-153.722992	-134.994812	-101.203796	0.000000	0.000000	0.858407
-203.065964	-63.165638	-104.642303	0.000000	0.000000	0.458407
-202.472244	-1.387356	-94.033791	0.000000	0.000000	0.258407
-175.782257	44.100525	-74.381035	0.000000	0.000000	0.058407
-123.043594	73.235016	-52.954235	0.000000	0.000000	-0.141593
-56.690670	67.681122	-35.494671	0.000000	0.000000	-0.741593
20.640759	-76.996033	-43.696106	0.000000	0.000000	2.658407
-8.132716	-128.569458	-64.902565	0.000000	0.000000	2.058407
-74.708786	-157.522903	-86.022156	0.000000	0.000000	1.458407
-153.722992	-134.994812	-101.203796	0.000000	0.000000	0.858407
-203.065964	-63.165638	-104.642303	0.000000	0.000000	0.458407
-202.472244	-1.387356	-94.033791	0.000000	0.000000	0.258407
-175.782257	44.100525	-74.381035	0.000000	0.000000	0.058407
-123.043594	73.235016	-52.954235	0.000000	0.000000	-0.141593
-56.690670	67.681122	-35.494671	0.000000	0.000000	-0.741593
20.640759	-76.996033	-43.696106	0.000000	0.000000	2.658407
-8.132716	-128.569458	-64.902565	0.000000	0.000000	2.058407
-74.708786	-157.522903	-86.022156	0.000000	0.000000	1.458407
-153.722992	-134.994812	-101.203796	0.000000	0.000000	0.858407
-203.065964	-63.165638	-104.642303	0.000000	0.000000	0.458407
-202.472244	-1.387356	-94.033791	0.000000	0.000000	0.258407
-175.782257	44.100525	-74.381035	0.000000	0.000000	0.058407
-123.043594	73.235016	-52.954235	0.000000	0.000000	-0.141593
-56.690670	67.681122	-35.494671	0.000000	0.000000	-0.741593
20.640759	-76.996033	-43.696106	0.000000	0.000000	2.658407
-8.132716	-128.569458	-64.902565	0.000000	0.000000	2.058407
-74.708786	-157.522903	-86.022156	0.000000	0.000000	1.458407
-153.722992	-134.994812	-101.203796	0.000000	0.000000	0.858407
-203.065964	-63.165638	-104.642303	0.000000	0.000000	0.458407
-202.472244	-1.387356	-94.033791	0.000000	0.000000	0.258407
-175.782257	44.100525	-74.381035	0.000000	0.000000	0.058407
-123.043594	73.235016	-52.954235	0.000000	0.000000	-0.141593
-56.690670	67.681122	-35.494671	0.000000	0.000000	-0.741593
20.640759	-76.996033	-43.696106	0.000000	0.000000	2.658407
-8.132716	-128.569458	-64.902565	0.000000	0.000000	2.058407
-74.708786	-157.522903	-86.022156	0.000000	0.000000	1.458407
-153.722992	-134.994812	-101.203796	0.000000	0.000000	0.858407
-203.065964	-63.165638	-104.642303	0.000000	0.000000	0.458407
-202.472244	-1.387356	-94.033791	0.000000	0.000000	0.258407
-175.782257	44.100525	-74.381035	0.000000	0.000000	0.058407
-123.043594	73.235016	-52.954235	0.000000	0.000000	-0.141593
-56.690670	67.681122	-35.494671	0.000000	0.000000	-0.741593
20.640759	-76.996033	-43.696106	0.000000	0.000000	2.658407
-8.132716	-128.569458	-64.902565	0.000000	0.000000	2.058407
-74.708786	-157.522903	-86.022156	0.000000	0.000000	1.458407
-153.722992	-134.994812	-101.203796	0.000000	0.000000	0.858407
-203.065964	-63.165638	-104.642303	0.000000	0.000000	0.458407
-202.472244	-1.387356	-94.033791	0.000000	0.000000	0.258407
-175.782257	44.100525	-74.381035	0.000000	0.000000	0.058407
-123.043594	73.235016	-52.954235	0.000000	0.000000	-0.141593
-56.690670	67.681122	-35.494671	0.000000	0.000000	-0.741593
20.640759	-76.996033	-43.696106	0.000000	0.000000	2.658407
-8.132716	-128.569458	-64.902565	0.000000	0.000000	2.058407
-74.708786	-157.522903	-86.022156	0.000000	0.000000	1.458407
-153.722992	-134.994812	-101.203796	0.000000	0.000000	0.858407
-203.065964	-63.165638	-104.642303	0.000000	0.000000	0.458407
-202.472244	-1.387356	-94.033791	0.000000	0.000000	0.258407
-175.782257	44.100525	-74.381035	0.000000	0.000000	0.058407
-123.043594	73.235016	-52.954235	0.000000	0.000000	-0.141593
-56.690670	67.681122	-35.494671	0.000000	0.000000	-0.741593
20.640759	-76.996033	-43.696106	0.000000	0.000000	2.658407
-8.132716	-128.569458	-64.902565	0.000000	0.000000	2.058407
-74.708786	-157.522903	-86.022156	0.000000	0.000000	1.458407
-153.722992	-134.994812	-101.203796	0.000000	0.000000	0.858407
-203.065964	-63.165638	-104.642303	0.000000	0.000000	0.458407
-202.472244	-1.387356	-94.033791	0.000000	0.000000	0.258407
-175.782257	44.100525	-74.381035	0.000000	0.000000	0.058407
-123.043594	73.235016	-52.954235	0.000000	0.000000	-0.141593
-56.690670	67.681122	-35.494671	0.000000	0.000000	-0.741593
20.640759	-76.996033	-43.696106	0.000000	0.000000	2.658407
-8.132716	-128.569458	-64.902565	0.000000	0.000000	2.058407
-74.708786	-157.522903	-86.022156	0.000000	0.000000	1.458407
-153.722992	-134.994812	-101.203796	0.000000	0.000000	0.858407
-203.065964	-63.165638	-104.642303	0.000000	0.000000	0.458407
-202.472244	-1.387356	-94.033791	0.000000	0.000000	0.258407
-175.782257	44.100525	-74.381035	0.000000	0.000000	0.058407
-123.043594	73.235016	-52.954235	0.000000	0.000000	-0.141593
-56.690670	67.681122	-35.494671	0.000000	0.000000	-0.741593
20.640759	-76.996033	-43.696106	0.000000	0.000000	2.658407
-8.132716	-128.569458	-64.902565	0.000000	0.000000	2.058407
-74.708786	-157.522903	-86.022156	0.000000	0.000000	1.458407
-153.722992	-134.994812	-101.203796	0.000000	0.000000	0.858407
-203.065964	-63.165638	-104.642303	0.000000	0.000000	0.458407
-202.472244	-1.387356	-94.033791	0.000000	0.000000	0.258407
-175.782257	44.100525	-74.381035	0.000000	0.000000	0.058407
-123.043594	73.235016	-52.954235	0.000000	0.000000	-0.141593
-56.690670	67.681122	-35.494671	0.000000	0.000000	-0.741593
20.640759	-76.996033	-43.696106	0.000000	0.000000	2.658407
-8.132716	-128.569458	-64.902565	0.000000	0.000000	2.058407
-74.708786	-157.522903	-86.022156	0.000000	0.000000	1.458407
-153.722992	-134.994812	-101.203796	0.000000	0.000000	0.858407
-203.065964	-63.165638	-104.642303	0.000000	0.000000	0.458407
-202.472244	-1.387356	-94.033791	0.000000	0.000000	0.258407
-175.782257	44.100525	-74.381035	0.000000	0.000000	0.058407
-123.043594	73.235016	-52.954235	0.000000	0.000000	-0.141593
-56.690670	67.681122	-35.494671	0.000000	0.000000	-0.741593
20.640759	-76.996033	-43.696106	0.000000	0.000000	2.658407
-8.132716	-128.569458	-64.902565	0.000000	0.000000	2.058407
-74.708786	-157.522903	-86.022156	0.000000	0.000000	1.458407
-153.722992	-134.994812	-101.203796	0.000000	0.000000	0.858407
-203.065964	-63.165638	-104.642303	0.000000	0.000000	0.458407
-202.472244	-1.387356	-94.033791	0.000000	0.000000	0.258407
-175.782257	44.100525	-74.381035	0.000000	0.000000	0.058407
-123.043594	73.235016	-52.954235	0.000000	0.000000	-0.141593
-56.690670	67.681122	-35.494671	0.000000	0.000000	-0.741593
