17.076683	17.764071	156.136765	0	0	-0.62160997	0.7833269
17.086372	17.742729	156.103668	0	0	0.98999249	0.14112005
17.069431	17.788412	156.171326	0	0	-0.62160997	0.7833269
17.098722	17.723362	156.071518	0	0	0.98999249	0.14112005
17.065079	17.817364	156.208176	0	0	0.98999249	0.14112005
17.112780	17.705309	156.039963	0	0	0.98999249	0.14112005
17.058340	17.852007	156.248749	0	0	0.98999249	0.14112005
17.057037	17.893585	156.295273	0	0	0.98999249	0.14112005
17.022778	17.938808	156.357925	0	0	0.98999249	0.14112005
17.067188	17.921011	156.447861	0	0	0.98999249	0.14112005
17.300219	17.410412	156.471680	0	0	0.98999249	0.14112005
16.407038	17.645399	156.894928	0	0	0.98999249	0.14112005
16.428928	19.248867	157.939423	0	0	-0.62160997	0.7833269
14.352051	13.655800	160.451263	0	0	0.99913515	0.041580682
15.532173	12.475677	160.451263	0	0	0.98999249	0.14112005
24.637285	13.398953	155.372971	0	0	-0.92106097	0.38941839
24.628103	13.388509	155.341766	0	0	-0.82533563	0.56464246
24.648491	13.412640	155.405670	0	0	-0.92106097	0.38941839
24.620522	13.380650	155.311646	0	0	-0.82533563	0.56464246
24.662588	13.430938	155.440643	0	0	-0.82533563	0.56464246
24.613985	13.374485	155.282166	0	0	-0.82533563	0.56464246
24.678804	13.452330	155.478912	0	0	-0.82533563	0.56464246
24.699837	13.481012	155.523178	0	0	-0.82533563	0.56464246
24.715219	13.497574	155.580811	0	0	-0.82533563	0.56464246
24.725691	13.499373	155.674179	0	0	-0.82533563	0.56464246
24.567650	13.214558	155.737503	0	0	-0.69670669	0.71735611
24.472071	12.989050	156.080170	0	0	0.97095818	0.23924928
10.106354	20.789757	160.685135	0	0	-0.82533563	0.56464246
25.245255	14.158759	157.048767	0	0	-0.99500417	0.099833397
24.497202	12.481197	159.231323	0	0	-0.76484218	0.64421769
22.294228	8.571604	159.768143	0	0	0.97095818	0.23924928
19.326727	20.729794	168.757584	0	0	-0.69670669	0.71735611
27.436039	16.047880	167.938354	0	0	-0.76484218	0.64421769
0.853355	22.111097	156.136765	0	0	-0.82533563	0.56464246
0.848669	22.093609	156.103668	0	0	-0.76484218	0.64421769
0.858955	22.131996	156.171326	0	0	-0.82533563	0.56464246
0.844655	22.078627	156.071518	0	0	-0.76484218	0.64421769
0.865901	22.157919	156.208176	0	0	-0.76484218	0.64421769
0.841083	22.065296	156.039963	0	0	-0.76484218	0.64421769
0.874111	22.188559	156.248749	0	0	-0.76484218	0.64421769
0.884418	22.227026	156.295273	0	0	-0.76484218	0.64421769
0.893429	22.260654	156.357925	0	0	-0.76484218	0.64421769
0.891955	22.255152	156.447861	0	0	-0.76484218	0.64421769
0.779915	21.837013	156.471680	0	0	-0.69670669	0.71735611
0.778830	21.832964	156.894928	0	0	-0.69670669	0.71735611
1.181163	23.334494	157.939423	0	0	-0.82533563	0.56464246
1.142854	23.191521	160.685135	0	0	-0.95533648	0.29552023
-0.572205	16.790833	160.451263	0	0	-0.54030229	0.84147099
1.745510	25.440666	168.757584	0	0	-0.76484218	0.64421769
10.959811	17.824085	184.423264	0	0	-0.62160997	0.7833269
25.225924	9.587542	182.982056	0	0	-0.76484218	0.64421769
31.979208	-8.047859	153.529160	0	0	-0.98006658	0.19866933
31.975885	-8.046663	153.498337	0	0	-0.95533648	0.29552023
31.985716	-8.047350	153.561325	0	0	-0.98006658	0.19866933
31.975454	-8.043891	153.468430	0	0	-0.95533648	0.29552023
31.996483	-8.044588	153.595520	0	0	-0.95533648	0.29552023
31.976894	-8.040094	153.439087	0	0	-0.95533648	0.29552023
32.008064	-8.041677	153.632889	0	0	-0.95533648	0.29552023
32.026974	-8.035103	153.675873	0	0	-0.95533648	0.29552023
32.023365	-8.042973	153.733154	0	0	-0.95533648	0.29552023
32.053017	-8.035201	153.825684	0	0	-0.95533648	0.29552023
32.009850	-8.067413	153.897827	0	0	-0.92106097	0.38941839
31.457621	-8.422973	154.261414	0	0	-0.92106097	0.38941839
32.208469	-8.082101	155.178360	0	0	-0.99500417	0.099833397
-11.967987	9.981574	156.136765	0	0	-0.62160997	0.7833269
-11.962003	9.959240	156.103668	0	0	-0.62160997	0.7833269
-11.974559	10.006098	156.171326	0	0	-0.62160997	0.7833269
-11.956334	9.938084	156.071518	0	0	-0.62160997	0.7833269
-11.982088	10.034199	156.208176	0	0	-0.62160997	0.7833269
-11.950879	9.917725	156.039963	0	0	-0.62160997	0.7833269
-11.991200	10.068206	156.248749	0	0	-0.62160997	0.7833269
-12.001682	10.107324	156.295273	0	0	-0.62160997	0.7833269
-12.015283	10.158083	156.357925	0	0	-0.62160997	0.7833269
-12.007859	10.130376	156.447861	0	0	-0.62160997	0.7833269
-11.864599	9.595722	156.471680	0	0	-0.62160997	0.7833269
-11.983177	10.038263	156.894928	0	0	-0.62160997	0.7833269
-12.382578	11.528848	157.939423	0	0	-0.62160997	0.7833269
-11.651594	8.800776	160.135529	0	0	-0.69670669	0.71735611
28.235886	-10.611514	157.512878	0	0	-0.95533648	0.29552023
28.732647	-10.388213	158.141479	0	0	0.90407214	0.42737988
-13.191333	14.547161	160.685135	0	0	-0.54030229	0.84147099
35.493351	-7.271618	165.928787	0	-0	-1	-4.371139e-08
-12.558694	12.186120	168.757584	0	0	-0.62160997	0.7833269
0.458606	20.637875	184.423264	0	0	-0.95533648	0.29552023
-19.941685	4.880707	154.591019	0	0	-0.45359611	0.89120736
-19.939457	4.878477	154.556213	0	0	-0.45359611	0.89120736
-19.944010	4.883030	154.627304	0	0	-0.45359611	0.89120736
-19.937286	4.876307	154.522308	0	0	-0.45359611	0.89120736
-19.946486	4.885507	154.665970	0	0	-0.45359611	0.89120736
-19.935150	4.874171	154.488968	0	0	-0.45359611	0.89120736
-19.949232	4.888252	154.708832	0	0	-0.45359611	0.89120736
-19.952362	4.891383	154.757706	0	0	-0.45359611	0.89120736
-19.956665	4.895685	154.824890	0	0	-0.45359611	0.89120736
-19.960613	4.899634	154.886536	0	0	-0.45359611	0.89120736
-19.962124	4.901146	154.910141	0	0	-0.45359611	0.89120736
-19.992088	4.931110	155.378006	0	0	-0.45359611	0.89120736
-20.064875	5.003896	156.514465	0	0	-0.45359611	0.89120736
-20.200533	5.139553	158.632584	0	0	-0.45359611	0.89120736
21.441097	20.744846	195.273300	0	0	0.98999249	0.14112005
-20.271290	5.210310	159.737366	0	0	-0.36235775	0.93203909
-20.746334	5.685355	167.154587	0	0	-0.45359611	0.89120736
28.633703	-12.787992	181.330734	0	0	-0.92106097	0.38941839
-12.392744	11.566787	184.423264	0	0	-0.62160997	0.7833269
30.859365	11.326580	195.273300	0	0	0.97095818	0.23924928
0.167247	19.550508	195.273300	0	0	-0.87758258	0.4794255
17.076683	-28.316483	152.105240	0	-0	-1	-4.371139e-08
17.086372	-28.313770	152.074234	0	-0	-1	-4.371139e-08
17.069431	-28.319300	152.137436	0	-0	-1	-4.371139e-08
17.098722	-28.311127	152.044022	0	-0	-1	-4.371139e-08
17.065079	-28.322279	152.171478	0	-0	-1	-4.371139e-08
17.112780	-28.308525	152.014267	0	-0	-1	-4.371139e-08
17.058340	-28.325537	152.208740	0	-0	-1	-4.371139e-08
17.057037	-28.329262	152.251297	0	-0	-1	-4.371139e-08
17.022778	-28.334356	152.309540	0	-0	-1	-4.371139e-08
17.067188	-28.342300	152.400345	0	-0	-1	-4.371139e-08
17.300219	-28.348248	152.468323	0	0	-0.99500417	0.099833397
16.407038	-28.383211	152.867935	0	0	-0.99500417	0.099833397
16.428928	-28.461718	153.765289	0	0	0.99913515	0.041580682
-24.196373	-3.319725	153.020096	0	0	-0.16996714	0.98544973
-24.193384	-3.320526	152.985931	0	0	-0.16996714	0.98544973
-24.199478	-3.318893	153.055573	0	0	-0.16996714	0.98544973
-24.190462	-3.321309	152.952530	0	0	-0.16996714	0.98544973
-24.202766	-3.318012	153.093170	0	0	-0.16996714	0.98544973
-24.187580	-3.322082	152.919586	0	0	-0.16996714	0.98544973
-24.206409	-3.317036	153.134811	0	0	-0.16996714	0.98544973
-24.210541	-3.315929	153.182037	0	0	-0.16996714	0.98544973
-24.216330	-3.314378	153.248199	0	0	-0.16996714	0.98544973
-24.223021	-3.312585	153.324677	0	0	-0.16996714	0.98544973
-24.223761	-3.312387	153.333130	0	0	-0.16996714	0.98544973
-24.267006	-3.300799	153.827438	0	0	-0.16996714	0.98544973
-24.360741	-3.275683	154.898819	0	0	-0.16996714	0.98544973
15.532173	-28.731256	156.846130	0	0	-0.99500417	0.099833397
-24.571739	-3.219146	157.310562	0	0	0.1288445	0.99166481
-24.650139	-3.198139	158.206665	0	0	-0.16996714	0.98544973
10.106354	-28.688406	156.356354	0	-0	-1	-4.371139e-08
19.326727	-29.389746	164.372681	0	0	0.97095818	0.23924928
-25.280518	-3.029230	165.411926	0	0	-0.16996714	0.98544973
-21.763716	6.702737	183.039734	0	0	-0.45359611	0.89120736
-12.450575	11.782617	194.218109	0	0	-0.69670669	0.71735611
-22.389069	-11.953239	151.987320	0	0	0.029199523	0.9995736
-22.386166	-11.952461	151.954132	0	0	0.029199523	0.9995736
-22.392073	-11.954044	152.021652	0	0	0.029199523	0.9995736
-22.383322	-11.951699	151.921631	0	0	0.029199523	0.9995736
-22.395245	-11.954894	152.057907	0	0	0.029199523	0.9995736
-22.380512	-11.950947	151.889526	0	0	0.029199523	0.9995736
-22.398745	-11.955832	152.097931	0	0	0.029199523	0.9995736
-22.402708	-11.956894	152.143234	0	0	0.029199523	0.9995736
-22.408312	-11.958396	152.207275	0	0	0.029199523	0.9995736
-22.415815	-11.960406	152.293045	0	0	0.029199523	0.9995736
-22.417152	-11.960764	152.308334	0	0	0.029199523	0.9995736
-22.460182	-11.972294	152.800171	0	0	0.029199523	0.9995736
-22.547394	-11.995663	153.796982	0	0	0.029199523	0.9995736
-22.785950	-12.059584	156.523697	0	0	0.22720209	0.97384763
-22.830523	-12.071527	157.033173	0	0	0.029199523	0.9995736
41.275047	-6.713913	193.450790	0	0	0.90407214	0.42737988
-23.461145	-12.240501	164.241211	0	0	0.029199523	0.9995736
-18.444883	-19.141134	151.498108	0	0	0.22720209	0.97384763
-18.442827	-19.139078	151.466019	0	0	0.22720209	0.97384763
-18.447008	-19.143261	151.531311	0	0	0.22720209	0.97384763
-18.440815	-19.137066	151.434586	0	0	0.22720209	0.97384763
-18.449249	-19.145500	151.566284	0	0	0.22720209	0.97384763
-18.438826	-19.135077	151.403534	0	0	0.22720209	0.97384763
-18.451714	-19.147964	151.604767	0	0	0.22720209	0.97384763
-18.454506	-19.150757	151.648346	0	0	0.22720209	0.97384763
-18.458441	-19.154692	151.709793	0	0	0.22720209	0.97384763
-18.464045	-19.160295	151.797302	0	0	0.22720209	0.97384763
-18.466688	-19.162939	151.838577	0	0	0.22720209	0.97384763
-18.496252	-19.192503	152.300171	0	0	0.22720209	0.97384763
-18.555990	-19.252243	153.232925	0	0	0.22720209	0.97384763
-18.746761	-19.443012	156.211563	0	0	0.22720209	0.97384763
-18.749866	-19.446117	156.260040	0	0	0.22720209	0.97384763
-19.225399	-19.921650	163.684891	0	0	0.22720209	0.97384763
-9.521184	-28.304785	151.482742	0	0	0.66627604	0.74570519
-9.503289	-28.311916	151.451080	0	0	0.66627604	0.74570519
-9.538596	-28.298044	151.515533	0	0	0.66627604	0.74570519
-9.484287	-28.319759	151.420105	0	0	0.66627604	0.74570519
-9.555911	-28.291540	151.550110	0	0	0.66627604	0.74570519
-9.464589	-28.328043	151.389526	0	0	0.66627604	0.74570519
-9.577626	-28.282837	151.588058	0	0	0.66627604	0.74570519
-9.598492	-28.275145	151.631165	0	0	0.66627604	0.74570519
-9.646404	-28.253571	151.691422	0	0	0.66627604	0.74570519
-9.609269	-28.283968	151.780090	0	0	0.66627604	0.74570519
-9.215672	-28.516457	151.832001	0	0	0.66627604	0.74570519
-10.006606	-28.104374	152.273132	0	0	0.66627604	0.74570519
-10.724539	-27.782316	153.188187	0	0	0.50484609	0.86320938
-8.597254	-29.317715	156.229172	0	0	0.73739371	0.67546319
-12.340726	-27.129883	155.966492	0	0	0.50484609	0.86320938
-22.345568	7.284588	192.124603	0	0	-0.45359611	0.89120736
10.959811	-30.771976	180.171661	0	-0	-1	-4.371139e-08
-26.697546	-2.649538	181.608627	0	0	-0.16996714	0.98544973
-9.651713	-29.462337	163.687012	0	0	0.66627604	0.74570519
-24.889996	-12.623361	180.573044	0	0	0.029199523	0.9995736
-20.266426	-20.962677	179.939194	0	0	0.22720209	0.97384763
-27.474781	-2.441278	190.492477	0	0	0.1288445	0.99166481
-12.898247	-29.210581	179.748978	0	0	0.50484609	0.86320938
30.859365	-31.763376	191.503418	0	0	-0.98006658	0.19866933
-25.693666	-12.838704	189.759048	0	0	0.22720209	0.97384763
-20.901148	-21.597399	189.849579	0	0	0.22720209	0.97384763
1.909345	-38.816322	190.207703	0	0	0.97095818	0.23924928
30.080061	29.383810	236.568588	0	0	0.98999249	0.14112005
31.443329	28.020544	236.568588	0	0	0.98999249	0.14112005
38.766060	23.792761	235.828827	0	0	0.97095818	0.23924928
4.379857	35.272179	236.568588	0	0	-0.45359611	0.89120736
-13.569723	15.959332	236.568588	0	0	-0.62160997	0.7833269
50.680630	-5.299442	233.202499	0	0	0.90407214	0.42737988
-25.034395	9.973415	234.107254	0	0	-0.26749883	0.96355818
-31.087780	-1.473178	231.789230	0	0	0.1288445	0.99166481
31.443329	-35.221992	231.035583	0	0	0.73739371	0.67546319
-29.238745	-13.788605	230.279480	0	0	0.22720209	0.97384763
-23.454134	-24.150385	229.711273	0	0	0.22720209	0.97384763
-6.618074	-37.903740	229.908707	0	0	0.50484609	0.86320938
12.086462	11.390211	266.338562	0	0	-0.92106097	0.38941839
0.001482	18.931864	265.944427	0	0	-0.69670669	0.71735611
17.406336	-1.290093	267.098724	0	0	-0.99500417	0.099833397
-14.133796	18.064480	266.020142	0	0	-0.62160997	0.7833269
19.552698	-15.042253	267.584320	0	0	0.99913515	0.041580682
-27.092440	12.031461	266.241058	0	0	-0.26749883	0.96355818
14.583769	-29.644747	267.895233	0	0	0.98999249	0.14112005
-36.845921	-5.332991	266.728485	0	0	0.22720209	0.97384763
1.014406	-38.469379	268.153351	0	0	0.85688874	0.51550139
-32.496181	-22.528582	267.512146	0	0	0.32328956	0.94630009
-22.969347	-31.712528	268.130341	0	0	0.41614682	0.90929743
-14.973862	-36.956879	268.289551	0	0	0.58850112	0.8084964
