33.148460	175.129349	9.869798	0	0	-0.45359611	0.89120736
33.136700	175.165161	9.873762	0	0	-0.45359611	0.89120736
33.160652	175.093597	9.866420	0	0	-0.98006658	0.19866933
33.125847	175.201157	9.878887	0	0	-0.98006658	0.19866933
33.173088	175.057846	9.863399	0	0	-0.98006658	0.19866933
33.116142	175.237061	9.885214	0	0	-0.98006658	0.19866933
33.185627	175.022064	9.860555	0	0	-0.98006658	0.19866933
33.108334	175.273804	9.895302	0	0	-0.98006658	0.19866933
33.099640	175.306229	9.899665	0	0	-0.98006658	0.19866933
33.083202	175.348114	9.929420	0	0	-0.98006658	0.19866933
32.956638	175.295807	9.793756	0	0	-0.98006658	0.19866933
32.606663	175.476303	9.234913	0	0	-0.98006658	0.19866933
33.124722	176.621780	10.203444	0	0	-0.45359611	0.89120736
31.473610	178.115341	9.821469	0	0	-0.98006658	0.19866933
30.090551	181.846512	12.539579	0	0	-0.45359611	0.89120736
30.337749	187.907303	14.422195	0	0	-0.45359611	0.89120736
23.876556	189.756271	11.154256	0	0	-0.95533648	0.29552023
24.119528	192.807983	20.409740	0	0	-0.45359611	0.89120736
82.465500	146.656143	19.922039	0	0	-0.87758258	0.4794255
82.478073	146.677917	19.922039	0	0	-0.87758258	0.4794255
82.453072	146.634598	19.922039	0	0	-0.87758258	0.4794255
82.480293	146.681747	19.922039	0	0	-0.82533563	0.56464246
82.489624	146.697922	19.922039	0	0	-0.82533563	0.56464246
82.440697	146.613174	19.922039	0	0	-0.87758258	0.4794255
82.490944	146.700195	19.922039	0	0	-0.87758258	0.4794255
82.428337	146.591766	19.922039	0	0	-0.87758258	0.4794255
82.504066	146.722931	19.922039	0	0	-0.87758258	0.4794255
82.518021	146.747101	19.922039	0	0	-0.87758258	0.4794255
82.529892	146.767670	19.922039	0	0	-0.87758258	0.4794255
82.543915	146.791962	19.922039	0	0	-0.87758258	0.4794255
83.105812	147.765182	19.922039	0	0	-0.92106097	0.38941839
83.339767	148.170410	19.922039	0	0	-0.76484218	0.64421769
84.609642	150.369904	19.922039	0	0	-0.95533648	0.29552023
86.481171	153.611481	19.922039	0	0	-0.69670669	0.71735611
87.295845	155.022537	19.922039	0	0	-0.92106097	0.38941839
87.863342	156.005463	19.922039	0	0	-0.69670669	0.71735611
101.688721	178.590042	27.704062	0	0	-0.76484218	0.64421769
3.710209	235.157959	37.602165	0	0	-0.95533648	0.29552023
-49.452873	152.996384	9.869798	0	0	-0.62160997	0.7833269
-49.462616	153.032745	9.873762	0	0	-0.62160997	0.7833269
-49.443119	152.959976	9.866420	0	0	-0.62160997	0.7833269
-49.433350	152.923523	9.863399	0	0	-0.62160997	0.7833269
-49.472340	153.069031	9.878887	0	0	-0.62160997	0.7833269
-49.481964	153.104965	9.885214	0	0	-0.62160997	0.7833269
-49.423561	152.886993	9.860555	0	0	-0.62160997	0.7833269
-49.491676	153.141205	9.895302	0	0	-0.62160997	0.7833269
-49.500366	153.173630	9.899665	0	0	-0.62160997	0.7833269
-49.507336	153.199646	9.793756	0	0	-0.62160997	0.7833269
-49.511936	153.216812	9.929420	0	0	-0.62160997	0.7833269
-49.575909	153.455551	9.234913	0	0	-0.62160997	0.7833269
-49.827572	154.394791	10.203444	0	0	-0.62160997	0.7833269
-50.311565	156.201080	9.821469	0	0	-0.54030229	0.84147099
-51.337006	160.028061	12.539579	0	0	-0.69670669	0.71735611
-52.835648	165.621063	14.422195	0	0	-0.69670669	0.71735611
-53.730705	168.961472	11.154256	0	0	-0.45359611	0.89120736
-54.477356	171.748001	20.409740	0	0	-0.62160997	0.7833269
-66.432014	216.363419	37.602165	0	0	-0.16996714	0.98544973
102.523239	167.942963	96.813095	0	0	0.99913515	0.041580682
3.396511	231.081985	106.965698	0	0	-0.26749883	0.96355818
-6.836742	231.081985	107.860992	0	0	-0.26749883	0.96355818
101.155830	57.352577	19.922039	0	0	-0.95533648	0.29552023
101.136650	57.341503	19.922039	0	0	-0.95533648	0.29552023
101.142807	57.345055	19.922039	0	0	-0.95533648	0.29552023
101.163277	57.356873	19.922039	0	0	-0.95533648	0.29552023
101.149147	57.348713	19.922039	0	0	-0.95533648	0.29552023
101.130562	57.337982	19.922039	0	0	-0.95533648	0.29552023
101.171547	57.361645	19.922039	0	0	-0.95533648	0.29552023
101.181602	57.367451	19.922039	0	0	-0.95533648	0.29552023
101.185982	57.369980	19.922039	0	0	-0.95533648	0.29552023
101.189125	57.371796	19.922039	0	0	-0.95533648	0.29552023
101.194931	57.375149	19.922039	0	0	-0.95533648	0.29552023
101.077354	57.307266	19.922039	0	0	-0.95533648	0.29552023
100.893036	57.200848	19.922039	0	0	-0.95533648	0.29552023
101.764336	57.703892	19.922039	0	0	-0.98006658	0.19866933
100.528862	56.990593	19.922039	0	0	-0.92106097	0.38941839
101.777580	57.711544	19.922039	0	0	-0.98006658	0.19866933
102.032516	57.858727	19.922039	0	0	-0.92106097	0.38941839
104.574127	59.326130	19.922039	0	0	-0.98006658	0.19866933
105.063606	59.608730	19.922039	0	0	-0.95533648	0.29552023
-66.119537	215.197205	107.860992	0	0	-0.16996714	0.98544973
-76.383247	65.549690	9.866420	0	0	-0.36235775	0.93203909
-76.407227	65.573662	9.869798	0	0	-0.36235775	0.93203909
-76.431015	65.597450	9.873762	0	0	-0.36235775	0.93203909
-76.454430	65.620872	9.878887	0	0	-0.36235775	0.93203909
-76.359161	65.525597	9.863399	0	0	-0.36235775	0.93203909
-76.477234	65.643677	9.885214	0	0	-0.36235775	0.93203909
-76.334999	65.501434	9.860555	0	0	-0.36235775	0.93203909
-76.499512	65.665955	9.895302	0	0	-0.36235775	0.93203909
-76.520081	65.686516	9.899665	0	0	-0.36235775	0.93203909
-76.549232	65.715675	9.929420	0	0	-0.36235775	0.93203909
-76.586365	65.752800	9.793756	0	0	-0.36235775	0.93203909
-76.851601	66.018044	9.234913	0	0	-0.36235775	0.93203909
-77.165314	66.331749	10.203444	0	0	-0.36235775	0.93203909
-78.737648	67.904091	9.821469	0	0	-0.36235775	0.93203909
-81.294762	70.461205	12.539579	0	0	-0.45359611	0.89120736
-84.201561	73.367996	14.422195	0	0	-0.36235775	0.93203909
-88.356636	77.523079	11.154256	0	0	-0.36235775	0.93203909
-89.761002	78.927444	20.409740	0	0	-0.45359611	0.89120736
98.429543	48.755444	89.441780	0	0	0.99913515	0.041580682
-121.140656	110.307098	37.602165	0	0	-0.26749883	0.96355818
-24.867973	1.384566	15.999452	0	0	-0.16996714	0.98544973
-24.867973	1.384566	15.999452	0	0	-0.16996714	0.98544973
-24.867973	1.384566	15.999452	0	0	-0.16996714	0.98544973
-24.867973	1.384566	15.999452	0	0	-0.16996714	0.98544973
-24.867973	1.384566	15.999452	0	0	-0.16996714	0.98544973
-24.867973	1.384566	15.999452	0	0	-0.16996714	0.98544973
-24.867973	1.384566	15.999452	0	0	-0.16996714	0.98544973
-24.867973	1.384566	15.999452	0	0	-0.16996714	0.98544973
-24.867973	1.384566	15.999452	0	0	-0.16996714	0.98544973
-24.867973	1.384566	15.999452	0	0	-0.16996714	0.98544973
-24.867973	1.384566	15.999452	0	0	-0.16996714	0.98544973
-24.867973	1.384566	15.999452	0	0	-0.16996714	0.98544973
-24.867973	1.384566	15.999452	0	0	-0.16996714	0.98544973
-24.867973	1.384566	15.999452	0	0	-0.16996714	0.98544973
-24.867973	1.384566	15.999452	0	0	-0.16996714	0.98544973
-24.867973	1.384566	15.999452	0	0	-0.16996714	0.98544973
-27.350845	2.049850	15.462562	0	0	-0.16996714	0.98544973
-27.449759	2.076353	16.289511	0	0	-0.26749883	0.96355818
-58.515709	10.400450	19.779718	0	0	0	1
-74.513451	14.687033	21.577038	0	0	0.32328956	0.94630009
-124.376144	113.542587	107.860992	0	0	0.1288445	0.99166481
