64.307129	-39.149883	177.675461	0.000000	0.000000	3.058407
114.778984	-140.784180	177.675461	0.000000	0.000000	3.058407
51.997025	-235.311249	177.675461	0.000000	0.000000	2.858407
8.632411	-246.930756	177.675461	0.000000	0.000000	2.658407
8.632411	-246.930756	177.675461	0.000000	0.000000	2.658407
-26.151333	-246.930756	174.632278	0.000000	0.000000	2.458407
-115.782471	-175.099792	165.106674	0.000000	0.000000	2.058407
-99.609489	-59.450294	158.735580	0.000000	0.000000	1.658407
64.307129	-39.149883	177.675461	0.000000	0.000000	3.058407
114.778984	-140.784180	177.675461	0.000000	0.000000	3.058407
51.997025	-235.311249	177.675461	0.000000	0.000000	2.858407
8.632411	-246.930756	177.675461	0.000000	0.000000	2.658407
8.632411	-246.930756	177.675461	0.000000	0.000000	2.658407
-26.151333	-246.930756	174.632278	0.000000	0.000000	2.458407
-115.782471	-175.099792	165.106674	0.000000	0.000000	2.058407
-99.609489	-59.450294	158.735580	0.000000	0.000000	1.658407
64.307129	-39.149883	177.675461	0.000000	0.000000	3.058407
114.778984	-140.784180	177.675461	0.000000	0.000000	3.058407
51.997025	-235.311249	177.675461	0.000000	0.000000	2.858407
8.632411	-246.930756	177.675461	0.000000	0.000000	2.658407
8.632411	-246.930756	177.675461	0.000000	0.000000	2.658407
-26.151333	-246.930756	174.632278	0.000000	0.000000	2.458407
-115.782471	-175.099792	165.106674	0.000000	0.000000	2.058407
-99.609489	-59.450294	158.735580	0.000000	0.000000	1.658407
64.307129	-39.149883	177.675461	0.000000	0.000000	3.058407
114.778984	-140.784180	177.675461	0.000000	0.000000	3.058407
51.997025	-235.311249	177.675461	0.000000	0.000000	2.858407
8.632411	-246.930756	177.675461	0.000000	0.000000	2.658407
8.632411	-246.930756	177.675461	0.000000	0.000000	2.658407
-26.151333	-246.930756	174.632278	0.000000	0.000000	2.458407
-115.782471	-175.099792	165.106674	0.000000	0.000000	2.058407
-99.609489	-59.450294	158.735580	0.000000	0.000000	1.658407
64.307129	-39.149883	177.675461	0.000000	0.000000	3.058407
114.778984	-140.784180	177.675461	0.000000	0.000000	3.058407
51.997025	-235.311249	177.675461	0.000000	0.000000	2.858407
8.632411	-246.930756	177.675461	0.000000	0.000000	2.658407
8.632411	-246.930756	177.675461	0.000000	0.000000	2.658407
-26.151333	-246.930756	174.632278	0.000000	0.000000	2.458407
-115.782471	-175.099792	165.106674	0.000000	0.000000	2.058407
-99.609489	-59.450294	158.735580	0.000000	0.000000	1.658407
64.307129	-39.149883	177.675461	0.000000	0.000000	3.058407
114.778984	-140.784180	177.675461	0.000000	0.000000	3.058407
51.997025	-235.311249	177.675461	0.000000	0.000000	2.858407
8.632411	-246.930756	177.675461	0.000000	0.000000	2.658407
8.632411	-246.930756	177.675461	0.000000	0.000000	2.658407
-26.151333	-246.930756	174.632278	0.000000	0.000000	2.458407
-115.782471	-175.099792	165.106674	0.000000	0.000000	2.058407
-99.609489	-59.450294	158.735580	0.000000	0.000000	1.658407
64.307129	-39.149883	177.675461	0.000000	0.000000	3.058407
114.778984	-140.784180	177.675461	0.000000	0.000000	3.058407
51.997025	-235.311249	177.675461	0.000000	0.000000	2.858407
8.632411	-246.930756	177.675461	0.000000	0.000000	2.658407
8.632411	-246.930756	177.675461	0.000000	0.000000	2.658407
-26.151333	-246.930756	174.632278	0.000000	0.000000	2.458407
-115.782471	-175.099792	165.106674	0.000000	0.000000	2.058407
-99.609489	-59.450294	158.735580	0.000000	0.000000	1.658407
64.307129	-39.149883	177.675461	0.000000	0.000000	3.058407
114.778984	-140.784180	177.675461	0.000000	0.000000	3.058407
51.997025	-235.311249	177.675461	0.000000	0.000000	2.858407
8.632411	-246.930756	177.675461	0.000000	0.000000	2.658407
8.632411	-246.930756	177.675461	0.000000	0.000000	2.658407
-26.151333	-246.930756	174.632278	0.000000	0.000000	2.458407
-115.782471	-175.099792	165.106674	0.000000	0.000000	2.058407
-99.609489	-59.450294	158.735580	0.000000	0.000000	1.658407
64.307129	-39.149883	177.675461	0.000000	0.000000	3.058407
114.778984	-140.784180	177.675461	0.000000	0.000000	3.058407
51.997025	-235.311249	177.675461	0.000000	0.000000	2.858407
8.632411	-246.930756	177.675461	0.000000	0.000000	2.658407
8.632411	-246.930756	177.675461	0.000000	0.000000	2.658407
-26.151333	-246.930756	174.632278	0.000000	0.000000	2.458407
-115.782471	-175.099792	165.106674	0.000000	0.000000	2.058407
-99.609489	-59.450294	158.735580	0.000000	0.000000	1.658407
64.307129	-39.149883	177.675461	0.000000	0.000000	3.058407
114.778984	-140.784180	177.675461	0.000000	0.000000	3.058407
51.997025	-235.311249	177.675461	0.000000	0.000000	2.858407
8.632411	-246.930756	177.675461	0.000000	0.000000	2.658407
8.632411	-246.930756	177.675461	0.000000	0.000000	2.658407
-26.151333	-246.930756	174.632278	0.000000	0.000000	2.458407
-115.782471	-175.099792	165.106674	0.000000	0.000000	2.058407
-99.609489	-59.450294	158.735580	0.000000	0.000000	1.658407
64.307129	-39.149883	177.675461	0.000000	0.000000	3.058407
114.778984	-140.784180	177.675461	0.000000	0.000000	3.058407
51.997025	-235.311249	177.675461	0.000000	0.000000	2.858407
8.632411	-246.930756	177.675461	0.000000	0.000000	2.658407
8.632411	-246.930756	177.675461	0.000000	0.000000	2.658407
-26.151333	-246.930756	174.632278	0.000000	0.000000	2.458407
-115.782471	-175.099792	165.106674	0.000000	0.000000	2.058407
-99.609489	-59.450294	158.735580	0.000000	0.000000	1.658407
64.307129	-39.149883	177.675461	0.000000	0.000000	3.058407
114.778984	-140.784180	177.675461	0.000000	0.000000	3.058407
51.997025	-235.311249	177.675461	0.000000	0.000000	2.858407
8.632411	-246.930756	177.675461	0.000000	0.000000	2.658407
8.632411	-246.930756	177.675461	0.000000	0.000000	2.658407
-26.151333	-246.930756	174.632278	0.000000	0.000000	2.458407
-115.782471	-175.099792	165.106674	0.000000	0.000000	2.058407
-99.609489	-59.450294	158.735580	0.000000	0.000000	1.658407
64.307129	-39.149883	177.675461	0.000000	0.000000	3.058407
114.778984	-140.784180	177.675461	0.000000	0.000000	3.058407
51.997025	-235.311249	177.675461	0.000000	0.000000	2.858407
8.632411	-246.930756	177.675461	0.000000	0.000000	2.658407
8.632411	-246.930756	177.675461	0.000000	0.000000	2.658407
-26.151333	-246.930756	174.632278	0.000000	0.000000	2.458407
-115.782471	-175.099792	165.106674	0.000000	0.000000	2.058407
-99.609489	-59.450294	158.735580	0.000000	0.000000	1.658407
64.307129	-39.149883	177.675461	0.000000	0.000000	3.058407
114.778984	-140.784180	177.675461	0.000000	0.000000	3.058407
51.997025	-235.311249	177.675461	0.000000	0.000000	2.858407
8.632411	-246.930756	177.675461	0.000000	0.000000	2.658407
8.632411	-246.930756	177.675461	0.000000	0.000000	2.658407
-26.151333	-246.930756	174.632278	0.000000	0.000000	2.458407
-115.782471	-175.099792	165.106674	0.000000	0.000000	2.058407
-99.609489	-59.450294	158.735580	0.000000	0.000000	1.658407
64.307129	-39.149883	177.675461	0.000000	0.000000	3.058407
114.778984	-140.784180	177.675461	0.000000	0.000000	3.058407
51.997025	-235.311249	177.675461	0.000000	0.000000	2.858407
8.632411	-246.930756	177.675461	0.000000	0.000000	2.658407
8.632411	-246.930756	177.675461	0.000000	0.000000	2.658407
-26.151333	-246.930756	174.632278	0.000000	0.000000	2.458407
-115.782471	-175.099792	165.106674	0.000000	0.000000	2.058407
-99.609489	-59.450294	158.735580	0.000000	0.000000	1.658407
64.307129	-39.149883	177.675461	0.000000	0.000000	3.058407
114.778984	-140.784180	177.675461	0.000000	0.000000	3.058407
51.997025	-235.311249	177.675461	0.000000	0.000000	2.858407
8.632411	-246.930756	177.675461	0.000000	0.000000	2.658407
8.632411	-246.930756	177.675461	0.000000	0.000000	2.658407
-26.151333	-246.930756	174.632278	0.000000	0.000000	2.458407
-115.782471	-175.099792	165.106674	0.000000	0.000000	2.058407
-99.609489	-59.450294	158.735580	0.000000	0.000000	1.658407
64.307129	-39.149883	177.675461	0.000000	0.000000	3.058407
114.778984	-140.784180	177.675461	0.000000	0.000000	3.058407
51.997025	-235.311249	177.675461	0.000000	0.000000	2.858407
8.632411	-246.930756	177.675461	0.000000	0.000000	2.658407
8.632411	-246.930756	177.675461	0.000000	0.000000	2.658407
-26.151333	-246.930756	174.632278	0.000000	0.000000	2.458407
-115.782471	-175.099792	165.106674	0.000000	0.000000	2.058407
-99.609489	-59.450294	158.735580	0.000000	0.000000	1.658407
64.307129	-39.149883	177.675461	0.000000	0.000000	3.058407
114.778984	-140.784180	177.675461	0.000000	0.000000	3.058407
51.997025	-235.311249	177.675461	0.000000	0.000000	2.858407
8.632411	-246.930756	177.675461	0.000000	0.000000	2.658407
8.632411	-246.930756	177.675461	0.000000	0.000000	2.658407
-26.151333	-246.930756	174.632278	0.000000	0.000000	2.458407
-115.782471	-175.099792	165.106674	0.000000	0.000000	2.058407
-99.609489	-59.450294	158.735580	0.000000	0.000000	1.658407
64.307129	-39.149883	177.675461	0.000000	0.000000	3.058407
114.778984	-140.784180	177.675461	0.000000	0.000000	3.058407
51.997025	-235.311249	177.675461	0.000000	0.000000	2.858407
8.632411	-246.930756	177.675461	0.000000	0.000000	2.658407
8.632411	-246.930756	177.675461	0.000000	0.000000	2.658407
-26.151333	-246.930756	174.632278	0.000000	0.000000	2.458407
-115.782471	-175.099792	165.106674	0.000000	0.000000	2.058407
-99.609489	-59.450294	158.735580	0.000000	0.000000	1.658407
64.307129	-39.149883	177.675461	0.000000	0.000000	3.058407
114.778984	-140.784180	177.675461	0.000000	0.000000	3.058407
51.997025	-235.311249	177.675461	0.000000	0.000000	2.858407
8.632411	-246.930756	177.675461	0.000000	0.000000	2.658407
8.632411	-246.930756	177.675461	0.000000	0.000000	2.658407
-26.151333	-246.930756	174.632278	0.000000	0.000000	2.458407
-115.782471	-175.099792	165.106674	0.000000	0.000000	2.058407
-99.609489	-59.450294	158.735580	0.000000	0.000000	1.658407
