58.030651	227.682465	-49.224091	0.000000	0.000000	-0.941593
58.534409	227.619110	-48.503826	0.000000	0.000000	-0.941593
59.038204	227.549408	-47.782852	0.000000	0.000000	-0.941593
59.541954	227.473373	-47.061207	0.000000	0.000000	-0.941593
60.045582	227.390976	-46.338905	0.000000	0.000000	-0.941593
60.549007	227.302216	-45.615986	0.000000	0.000000	-0.941593
61.052147	227.207108	-44.892475	0.000000	0.000000	-0.941593
61.554928	227.105652	-44.168400	0.000000	0.000000	-0.941593
62.057262	226.997818	-43.443790	0.000000	0.000000	-0.941593
62.559074	226.883636	-42.718678	0.000000	0.000000	-0.941593
63.060280	226.763092	-41.993084	0.000000	0.000000	-0.941593
63.560806	226.636200	-41.267040	0.000000	0.000000	-0.941593
64.060562	226.502945	-40.540573	0.000000	0.000000	-0.941593
64.559479	226.363358	-39.813717	0.000000	0.000000	-0.941593
65.057465	226.217422	-39.086498	0.000000	0.000000	-0.941593
65.554451	226.065155	-38.358948	0.000000	0.000000	-0.941593
66.050354	225.906555	-37.631088	0.000000	0.000000	-0.941593
66.545082	225.741653	-36.902954	0.000000	0.000000	-0.941593
67.038574	225.570435	-36.174572	0.000000	0.000000	-0.941593
67.530739	225.392914	-35.445969	0.000000	0.000000	-0.941593
68.021500	225.209106	-34.717175	0.000000	0.000000	-0.941593
68.510780	225.019028	-33.988220	0.000000	0.000000	-0.941593
68.998489	224.822708	-33.259132	0.000000	0.000000	-0.941593
69.484558	224.620117	-32.529938	0.000000	0.000000	-0.941593
69.968910	224.411316	-31.800667	0.000000	0.000000	-0.941593
70.451454	224.196304	-31.071352	0.000000	0.000000	-0.941593
70.932121	223.975082	-30.342020	0.000000	0.000000	-0.941593
71.410828	223.747696	-29.612700	0.000000	0.000000	-0.941593
71.887497	223.514160	-28.883417	0.000000	0.000000	-0.941593
72.362053	223.274475	-28.154203	0.000000	0.000000	-0.941593
72.834419	223.028687	-27.425087	0.000000	0.000000	-0.941593
73.304512	222.776810	-26.696096	0.000000	0.000000	-0.941593
73.772255	222.518860	-25.967255	0.000000	0.000000	-0.941593
74.237572	222.254868	-25.238607	0.000000	0.000000	-0.941593
74.700386	221.984863	-24.510162	0.000000	0.000000	-0.941593
75.160629	221.708862	-23.781963	0.000000	0.000000	-0.941593
75.618210	221.426910	-23.054035	0.000000	0.000000	-0.941593
76.073059	221.139008	-22.326403	0.000000	0.000000	-0.941593
76.525101	220.845215	-21.599102	0.000000	0.000000	-0.941593
76.974266	220.545532	-20.872152	0.000000	0.000000	-0.941593
77.420464	220.240021	-20.145592	0.000000	0.000000	-0.941593
77.863640	219.928696	-19.419441	0.000000	0.000000	-0.941593
78.303703	219.611588	-18.693731	0.000000	0.000000	-0.941593
78.740585	219.288742	-17.968494	0.000000	0.000000	-0.941593
79.174217	218.960190	-17.243757	0.000000	0.000000	-0.941593
79.604523	218.625961	-16.519548	0.000000	0.000000	-0.941593
80.837723	218.040833	-16.386011	0.000000	0.000000	-0.941593
82.265198	217.377487	-16.400356	0.000000	0.000000	-0.941593
83.684319	216.696228	-16.414713	0.000000	0.000000	-0.941593
85.094879	215.997147	-16.429106	0.000000	0.000000	-0.941593
86.496643	215.280365	-16.443523	0.000000	0.000000	-0.941593
87.889389	214.546005	-16.457958	0.000000	0.000000	-0.941593
89.272903	213.794159	-16.472424	0.000000	0.000000	-0.941593
90.646957	213.024948	-16.486908	0.000000	0.000000	-0.941593
92.011330	212.238495	-16.501410	0.000000	0.000000	-0.941593
93.365822	211.434921	-16.515942	0.000000	0.000000	-0.941593
94.710213	210.614365	-16.530487	0.000000	0.000000	-0.941593
96.044281	209.776932	-16.545053	0.000000	0.000000	-1.141593
97.367828	208.922760	-16.559647	0.000000	0.000000	-1.141593
98.680626	208.051987	-16.574255	0.000000	0.000000	-1.141593
99.982491	207.164749	-16.588882	0.000000	0.000000	-1.141593
101.273193	206.261169	-16.603529	0.000000	0.000000	-1.141593
102.552544	205.341415	-16.618187	0.000000	0.000000	-1.141593
103.820335	204.405609	-16.632870	0.000000	0.000000	-1.141593
105.076363	203.453903	-16.647558	0.000000	0.000000	-1.141593
106.320427	202.486435	-16.662271	0.000000	0.000000	-1.141593
107.552338	201.503387	-16.677000	0.000000	0.000000	-1.141593
108.771904	200.504883	-16.691740	0.000000	0.000000	-1.141593
109.978912	199.491089	-16.706497	0.000000	0.000000	-1.141593
111.173187	198.462158	-16.721264	0.000000	0.000000	-1.141593
112.354538	197.418243	-16.736042	0.000000	0.000000	-1.141593
113.522766	196.359543	-16.750835	0.000000	0.000000	-1.141593
114.677696	195.286179	-16.765638	0.000000	0.000000	-1.141593
115.819153	194.198349	-16.780453	0.000000	0.000000	-1.141593
116.946945	193.096207	-16.795290	0.000000	0.000000	-1.141593
118.060890	191.979935	-16.810127	0.000000	0.000000	-1.141593
119.160812	190.849701	-16.824972	0.000000	0.000000	-1.141593
120.246544	189.705688	-16.839815	0.000000	0.000000	-1.141593
121.317909	188.548065	-16.854691	0.000000	0.000000	-1.141593
122.374733	187.377029	-16.869556	0.000000	0.000000	-1.141593
123.416855	186.192734	-16.884430	0.000000	0.000000	-1.141593
124.444099	184.995407	-16.899315	0.000000	0.000000	-1.141593
125.456322	183.785202	-16.914206	0.000000	0.000000	-1.141593
126.453346	182.562302	-16.929100	0.000000	0.000000	-1.141593
127.435013	181.326935	-16.943996	0.000000	0.000000	-1.141593
128.401169	180.079269	-16.958906	0.000000	0.000000	-1.141593
129.351669	178.819519	-16.973803	0.000000	0.000000	-1.141593
130.286362	177.547852	-16.988724	0.000000	0.000000	-1.141593
131.205078	176.264481	-17.003632	0.000000	0.000000	-1.141593
132.107681	174.969620	-17.018545	0.000000	0.000000	-1.341593
132.994049	173.663452	-17.033459	0.000000	0.000000	-1.341593
133.864014	172.346191	-17.048372	0.000000	0.000000	-1.341593
134.717453	171.018036	-17.063293	0.000000	0.000000	-1.341593
135.554214	169.679230	-17.078197	0.000000	0.000000	-1.341593
136.374191	168.329926	-17.093121	0.000000	0.000000	-1.341593
137.177231	166.970367	-17.108027	0.000000	0.000000	-1.341593
137.963196	165.600784	-17.122934	0.000000	0.000000	-1.341593
138.731995	164.221359	-17.137840	0.000000	0.000000	-1.341593
139.483490	162.832306	-17.152750	0.000000	0.000000	-1.341593
140.217545	161.433868	-17.167650	0.000000	0.000000	-1.341593
140.934052	160.026245	-17.182537	0.000000	0.000000	-1.341593
141.632904	158.609680	-17.197414	0.000000	0.000000	3.058407
142.313995	157.184372	-17.212305	0.000000	0.000000	3.058407
142.977188	155.750549	-17.227175	0.000000	0.000000	3.058407
143.622421	154.308441	-17.242050	0.000000	0.000000	3.058407
144.249557	152.858261	-17.256910	0.000000	0.000000	3.058407
144.858490	151.400269	-17.271761	0.000000	0.000000	3.058407
145.449158	149.934662	-17.286602	0.000000	0.000000	3.058407
146.021439	148.461685	-17.301434	0.000000	0.000000	3.058407
146.575241	146.981567	-17.316256	0.000000	0.000000	3.058407
147.110489	145.494522	-17.331076	0.000000	0.000000	3.058407
147.627090	144.000824	-17.345875	0.000000	0.000000	3.058407
148.124954	142.500656	-17.360666	0.000000	0.000000	3.058407
148.604019	140.994293	-17.375443	0.000000	0.000000	3.058407
149.064194	139.481964	-17.390200	0.000000	0.000000	3.058407
149.505402	137.963898	-17.404959	0.000000	0.000000	3.058407
149.927597	136.440323	-17.419697	0.000000	0.000000	3.058407
150.330673	134.911484	-17.434418	0.000000	0.000000	3.058407
150.714600	133.377655	-17.449123	0.000000	0.000000	3.058407
151.079300	131.839035	-17.463814	0.000000	0.000000	3.058407
151.424698	130.295883	-17.478485	0.000000	0.000000	3.058407
151.750763	128.748428	-17.493143	0.000000	0.000000	3.058407
152.057449	127.196930	-17.507782	0.000000	0.000000	3.058407
152.344666	125.641632	-17.522400	0.000000	0.000000	3.058407
152.612411	124.082756	-17.537004	0.000000	0.000000	3.058407
152.860611	122.520561	-17.551592	0.000000	0.000000	3.058407
153.089249	120.955315	-17.566153	0.000000	0.000000	3.058407
153.298264	119.387230	-17.580692	0.000000	0.000000	3.058407
153.487625	117.816559	-17.595215	0.000000	0.000000	3.058407
153.657318	116.243568	-17.609713	0.000000	0.000000	3.058407
153.807312	114.668472	-17.624191	0.000000	0.000000	3.058407
153.937561	113.091553	-17.638643	0.000000	0.000000	3.058407
154.048065	111.513039	-17.653074	0.000000	0.000000	3.058407
154.138794	109.933167	-17.667484	0.000000	0.000000	3.058407
154.209732	108.352203	-17.681873	0.000000	0.000000	3.058407
154.260864	106.770401	-17.696224	0.000000	0.000000	3.058407
154.292191	105.187996	-17.710556	0.000000	0.000000	3.058407
154.303696	103.605232	-17.724863	0.000000	0.000000	3.058407
154.295380	102.022385	-17.739140	0.000000	0.000000	3.058407
154.267242	100.439659	-17.753399	0.000000	0.000000	3.058407
154.219299	98.857346	-17.767622	0.000000	0.000000	3.058407
154.151535	97.275681	-17.781815	0.000000	0.000000	3.058407
154.063965	95.694901	-17.795979	0.000000	0.000000	3.058407
153.956604	94.115265	-17.810116	0.000000	0.000000	3.058407
153.829468	92.537010	-17.824221	0.000000	0.000000	3.058407
153.682587	90.960396	-17.838303	0.000000	0.000000	3.058407
153.515961	89.385666	-17.852345	0.000000	0.000000	3.058407
153.329620	87.813057	-17.866362	0.000000	0.000000	3.058407
153.123596	86.242851	-17.880335	0.000000	0.000000	3.058407
152.897934	84.675262	-17.894276	0.000000	0.000000	3.058407
152.652634	83.110535	-17.908192	0.000000	0.000000	3.058407
152.387772	81.548927	-17.922077	0.000000	0.000000	3.058407
152.103363	79.990692	-17.935925	0.000000	0.000000	3.058407
151.799454	78.436066	-17.949732	0.000000	0.000000	3.058407
151.476089	76.885284	-17.963501	0.000000	0.000000	3.058407
151.133331	75.338593	-17.977249	0.000000	0.000000	3.058407
150.771225	73.796265	-17.990942	0.000000	0.000000	3.058407
150.389816	72.258499	-18.004612	0.000000	0.000000	3.058407
149.989182	70.725563	-18.018236	0.000000	0.000000	3.058407
149.569366	69.197685	-18.031826	0.000000	0.000000	3.058407
149.130447	67.675133	-18.045372	0.000000	0.000000	3.058407
148.672470	66.158104	-18.058880	0.000000	0.000000	3.058407
148.195541	64.646858	-18.072357	0.000000	0.000000	3.058407
147.699707	63.141644	-18.085781	0.000000	0.000000	3.058407
147.185059	61.642677	-18.099171	0.000000	0.000000	3.058407
146.651672	60.150211	-18.112516	0.000000	0.000000	3.058407
146.099609	58.664467	-18.125820	0.000000	0.000000	3.058407
145.528992	57.185688	-18.139082	0.000000	0.000000	3.058407
144.939880	55.714096	-18.152302	0.000000	0.000000	3.058407
144.332367	54.249931	-18.165476	0.000000	0.000000	3.058407
143.706558	52.793423	-18.178604	0.000000	0.000000	3.058407
143.062561	51.344799	-18.191696	0.000000	0.000000	3.058407
142.400452	49.904289	-18.204731	0.000000	0.000000	3.058407
141.720337	48.472115	-18.217726	0.000000	0.000000	3.058407
141.022339	47.048504	-18.230675	0.000000	0.000000	3.058407
140.306549	45.633675	-18.243586	0.000000	0.000000	3.058407
139.573074	44.227859	-18.256435	0.000000	0.000000	3.058407
138.822052	42.831280	-18.269243	0.000000	0.000000	3.058407
138.053589	41.444149	-18.282001	0.000000	0.000000	3.058407
137.267792	40.066685	-18.294710	0.000000	0.000000	3.058407
136.464798	38.699108	-18.307371	0.000000	0.000000	3.058407
135.644730	37.341633	-18.319981	0.000000	0.000000	3.058407
134.807709	35.994465	-18.332541	0.000000	0.000000	3.058407
133.953873	34.657833	-18.345051	0.000000	0.000000	3.058407
133.083344	33.331932	-18.357513	0.000000	0.000000	3.058407
132.196259	32.016975	-18.369915	0.000000	0.000000	3.058407
131.292770	30.713175	-18.382271	0.000000	0.000000	3.058407
130.373016	29.420725	-18.394571	0.000000	0.000000	3.058407
129.437134	28.139837	-18.406822	0.000000	0.000000	3.058407
128.485260	26.870707	-18.419016	0.000000	0.000000	3.058407
127.517548	25.613543	-18.431158	0.000000	0.000000	3.058407
144.008591	31.034386	-18.443245	0.000000	0.000000	3.058407
176.355591	42.157055	-18.455275	0.000000	0.000000	0.000000
228.361496	60.039379	-18.467247	0.000000	0.000000	3.058407
325.772949	93.534241	-18.479170	0.000000	0.000000	0.000000
-324.876831	226.608582	-303.383423	0.000000	0.000000	0.000000
-178.582428	119.989365	-176.622391	0.000000	0.000000	0.000000
-121.912361	78.688881	-127.514732	0.000000	0.000000	0.000000
-91.817047	56.756222	-101.432251	0.000000	0.000000	0.000000
-78.774567	47.543633	-88.067451	0.000000	0.000000	-0.541593
-81.856300	50.827942	-83.418137	0.000000	0.000000	-0.141593
-84.609764	53.920975	-78.146210	0.000000	0.000000	-0.141593
-86.947739	56.742908	-72.290741	0.000000	0.000000	0.058407
-88.788422	59.214539	-65.918999	0.000000	0.000000	0.058407
-89.818054	61.059803	-62.184746	0.000000	0.000000	0.058407
-90.362358	62.528229	-62.184746	0.000000	0.000000	0.058407
-90.888168	64.003372	-62.184746	0.000000	0.000000	0.058407
-91.395401	65.485008	-62.184746	0.000000	0.000000	0.058407
-91.883972	66.972908	-62.184746	0.000000	0.000000	0.058407
-92.353813	68.466820	-62.184746	0.000000	0.000000	0.058407
-92.804840	69.966530	-62.184746	0.000000	0.000000	0.058407
-93.236984	71.471779	-62.184746	0.000000	0.000000	0.058407
-93.650185	72.982353	-62.184746	0.000000	0.000000	0.058407
-94.044373	74.497986	-62.184746	0.000000	0.000000	0.058407
-94.419479	76.018463	-62.184746	0.000000	0.000000	0.058407
-94.775452	77.543526	-62.184746	0.000000	0.000000	0.058407
-95.112228	79.072937	-62.184746	0.000000	0.000000	0.058407
-95.429764	80.606468	-62.184746	0.000000	0.000000	0.058407
-95.728004	82.143860	-62.184746	0.000000	0.000000	0.058407
-96.006897	83.684883	-62.184746	0.000000	0.000000	0.058407
-96.266403	85.229294	-62.184746	0.000000	0.000000	0.058407
-96.506485	86.776840	-62.184746	0.000000	0.000000	0.058407
-96.727104	88.327278	-62.184746	0.000000	0.000000	0.058407
-96.928215	89.880363	-62.184746	0.000000	0.000000	0.058407
-97.109802	91.435867	-62.184746	0.000000	0.000000	0.058407
-97.271828	92.993515	-62.184746	0.000000	0.000000	0.058407
-97.414261	94.553093	-62.184746	0.000000	0.000000	0.058407
-97.537094	96.114319	-62.184746	0.000000	0.000000	0.058407
-97.640289	97.676987	-62.184746	0.000000	0.000000	0.058407
-97.723846	99.240799	-62.184746	0.000000	0.000000	-0.141593
-97.787743	100.805565	-62.184746	0.000000	0.000000	-0.141593
-97.831970	102.370987	-62.184746	0.000000	0.000000	-0.141593
-97.856529	103.936852	-62.184746	0.000000	0.000000	-0.141593
-97.861404	105.502907	-62.184746	0.000000	0.000000	-0.141593
-97.846603	107.068886	-62.184746	0.000000	0.000000	-0.141593
-97.812119	108.634567	-62.184746	0.000000	0.000000	-0.141593
-97.757965	110.199699	-62.184746	0.000000	0.000000	-0.141593
-97.684151	111.764008	-62.184746	0.000000	0.000000	-0.141593
-97.590683	113.327271	-62.184746	0.000000	0.000000	-0.141593
-97.477585	114.889229	-62.184746	0.000000	0.000000	-0.141593
-97.344864	116.449661	-62.184746	0.000000	0.000000	-0.141593
-97.192543	118.008293	-62.184746	0.000000	0.000000	-0.141593
-97.020645	119.564896	-62.184746	0.000000	0.000000	-0.141593
-96.829208	121.119209	-62.184746	0.000000	0.000000	-0.141593
-96.618248	122.670982	-62.184746	0.000000	0.000000	-0.141593
-96.387810	124.220001	-62.184746	0.000000	0.000000	-0.141593
-96.137924	125.765999	-62.184746	0.000000	0.000000	-0.141593
-95.868629	127.308723	-62.184746	0.000000	0.000000	-0.141593
-95.579971	128.847946	-62.184746	0.000000	0.000000	-0.141593
-95.271988	130.383423	-62.184746	0.000000	0.000000	-0.141593
-94.944740	131.914917	-62.184746	0.000000	0.000000	-0.141593
-94.598274	133.442169	-62.184746	0.000000	0.000000	-0.141593
-94.232643	134.964935	-62.184746	0.000000	0.000000	-0.141593
-93.847908	136.483002	-62.184746	0.000000	0.000000	-0.141593
-93.444122	137.996124	-62.184746	0.000000	0.000000	-0.141593
-93.021355	139.504028	-62.184746	0.000000	0.000000	-0.141593
-92.579674	141.006516	-62.184746	0.000000	0.000000	-0.141593
-92.119148	142.503326	-62.184746	0.000000	0.000000	-0.141593
-91.639854	143.994232	-62.184746	0.000000	0.000000	-0.141593
-91.141853	145.479004	-62.184746	0.000000	0.000000	-0.141593
-90.625244	146.957397	-62.184746	0.000000	0.000000	-0.141593
-90.090088	148.429184	-62.184746	0.000000	0.000000	-0.141593
-89.536491	149.894119	-62.184746	0.000000	0.000000	-0.141593
-88.964523	151.351990	-62.184746	0.000000	0.000000	-0.141593
-88.374275	152.802567	-62.184746	0.000000	0.000000	-0.341593
-87.765854	154.245605	-62.184746	0.000000	0.000000	-0.341593
-87.139343	155.680878	-62.184746	0.000000	0.000000	-0.341593
-86.494850	157.108170	-62.184746	0.000000	0.000000	-0.341593
-85.832466	158.527252	-62.184746	0.000000	0.000000	-0.341593
-85.152306	159.937897	-62.184746	0.000000	0.000000	-0.341593
-84.454475	161.339890	-62.184746	0.000000	0.000000	-0.341593
-83.739082	162.733002	-62.184746	0.000000	0.000000	-0.341593
-83.006241	164.117004	-62.184746	0.000000	0.000000	-0.341593
-82.256065	165.491684	-62.184746	0.000000	0.000000	-0.341593
-81.488670	166.856842	-62.184746	0.000000	0.000000	-0.341593
-80.704185	168.212250	-62.184746	0.000000	0.000000	-0.341593
-79.902725	169.557678	-62.184746	0.000000	0.000000	-0.341593
-79.084427	170.892944	-62.184746	0.000000	0.000000	-0.341593
-78.249413	172.217819	-62.184746	0.000000	0.000000	-0.341593
-77.397812	173.532089	-62.184746	0.000000	0.000000	-0.341593
-76.529770	174.835556	-62.184746	0.000000	0.000000	-0.341593
-75.645416	176.128021	-62.184746	0.000000	0.000000	-0.341593
-74.744888	177.409271	-62.184746	0.000000	0.000000	-0.341593
-73.828331	178.679092	-62.184746	0.000000	0.000000	-0.341593
-72.895889	179.937302	-62.184746	0.000000	0.000000	-0.341593
-71.947708	181.183701	-62.184746	0.000000	0.000000	-0.341593
-70.983948	182.418076	-62.184746	0.000000	0.000000	-0.341593
-70.004745	183.640259	-62.184746	0.000000	0.000000	-0.341593
-69.010269	184.850021	-62.184746	0.000000	0.000000	-0.341593
-68.000656	186.047195	-62.184746	0.000000	0.000000	-0.341593
-66.976089	187.231598	-62.184746	0.000000	0.000000	-0.341593
-65.936722	188.403030	-62.184746	0.000000	0.000000	-0.341593
-64.882713	189.561295	-62.184746	0.000000	0.000000	-0.341593
-63.814232	190.706238	-62.184746	0.000000	0.000000	-0.341593
-62.731449	191.837662	-62.184746	0.000000	0.000000	-0.341593
-61.634533	192.955383	-62.184746	0.000000	0.000000	-0.341593
-60.523655	194.059250	-62.184746	0.000000	0.000000	-0.341593
-59.398998	195.149048	-62.184746	0.000000	0.000000	-0.541593
-58.260735	196.224640	-62.184746	0.000000	0.000000	-0.541593
-57.109043	197.285843	-62.184746	0.000000	0.000000	-0.541593
-55.944115	198.332489	-62.184746	0.000000	0.000000	-0.541593
-54.766117	199.364410	-62.184746	0.000000	0.000000	-0.541593
-53.575245	200.381454	-62.184746	0.000000	0.000000	-0.541593
-52.371696	201.383453	-62.184746	0.000000	0.000000	-0.541593
-51.155647	202.370239	-62.184746	0.000000	0.000000	-0.541593
-49.927288	203.341675	-62.184746	0.000000	0.000000	-0.541593
-48.686825	204.297592	-62.184746	0.000000	0.000000	-0.541593
-47.434448	205.237854	-62.184746	0.000000	0.000000	-0.541593
-46.170353	206.162292	-62.184746	0.000000	0.000000	-0.541593
-44.894741	207.070786	-62.184746	0.000000	0.000000	-0.541593
-43.607811	207.963181	-62.184746	0.000000	0.000000	-0.541593
-42.309772	208.839325	-62.184746	0.000000	0.000000	-0.541593
-41.000828	209.699081	-62.184746	0.000000	0.000000	-0.541593
-39.681179	210.542328	-62.184746	0.000000	0.000000	-0.541593
-38.351040	211.368927	-62.184746	0.000000	0.000000	-0.541593
-37.010620	212.178757	-62.184746	0.000000	0.000000	-0.541593
-35.660130	212.971664	-62.184746	0.000000	0.000000	-0.541593
-34.299778	213.747543	-62.184746	0.000000	0.000000	-0.541593
-32.929787	214.506271	-62.184746	0.000000	0.000000	-0.541593
-31.550371	215.247711	-62.184746	0.000000	0.000000	-0.541593
-30.161745	215.971771	-62.184746	0.000000	0.000000	-0.541593
-28.764132	216.678314	-62.184746	0.000000	0.000000	-0.541593
-27.357748	217.367249	-62.184746	0.000000	0.000000	-0.541593
-25.942818	218.038452	-62.184746	0.000000	0.000000	-0.541593
-24.519569	218.691818	-62.184746	0.000000	0.000000	-0.541593
-23.088219	219.327255	-62.184746	0.000000	0.000000	-0.541593
-21.648998	219.944656	-62.184746	0.000000	0.000000	-0.541593
-20.202133	220.543915	-62.184746	0.000000	0.000000	-0.541593
-18.747850	221.124954	-62.184746	0.000000	0.000000	-0.541593
-17.286383	221.687668	-62.184746	0.000000	0.000000	-0.541593
-15.817958	222.231979	-62.184746	0.000000	0.000000	-0.741593
-14.342813	222.757782	-62.184746	0.000000	0.000000	-0.741593
-12.861173	223.265015	-62.184746	0.000000	0.000000	-0.741593
-11.373277	223.753586	-62.184746	0.000000	0.000000	-0.741593
-9.879359	224.223434	-62.184746	0.000000	0.000000	-0.741593
-8.379656	224.674454	-62.184746	0.000000	0.000000	-0.741593
-6.874403	225.106613	-62.184746	0.000000	0.000000	-0.741593
-5.363839	225.519806	-62.184746	0.000000	0.000000	-0.741593
-3.848201	225.913986	-62.184746	0.000000	0.000000	-0.741593
-2.327731	226.289093	-62.184746	0.000000	0.000000	-0.741593
-0.802666	226.645065	-62.184746	0.000000	0.000000	-0.741593
0.726751	226.981842	-62.184746	0.000000	0.000000	-0.741593
2.260280	227.299377	-62.184746	0.000000	0.000000	-0.741593
3.797677	227.597626	-62.184746	0.000000	0.000000	-0.741593
5.338701	227.876511	-62.184746	0.000000	0.000000	-0.741593
6.883108	228.136017	-62.184746	0.000000	0.000000	-0.741593
8.430654	228.376099	-62.184746	0.000000	0.000000	-0.741593
9.981094	228.596725	-62.184746	0.000000	0.000000	-0.741593
11.534184	228.797836	-62.184746	0.000000	0.000000	-0.741593
13.089680	228.979416	-62.184746	0.000000	0.000000	-0.741593
14.647333	229.141449	-62.184746	0.000000	0.000000	-0.741593
16.206902	229.283875	-62.184746	0.000000	0.000000	-0.741593
17.768133	229.406708	-62.184746	0.000000	0.000000	-0.741593
19.330788	229.509903	-62.184746	0.000000	0.000000	-0.741593
20.894615	229.593460	-62.184746	0.000000	0.000000	-0.741593
22.459368	229.657364	-62.184746	0.000000	0.000000	-0.741593
24.024803	229.701584	-62.184746	0.000000	0.000000	-0.741593
25.590666	229.726151	-62.184746	0.000000	0.000000	-0.741593
27.156717	229.731018	-62.184746	0.000000	0.000000	-0.741593
28.722704	229.716217	-62.184746	0.000000	0.000000	-0.741593
30.288383	229.681732	-62.184746	0.000000	0.000000	-0.741593
31.853504	229.627579	-62.184746	0.000000	0.000000	-0.741593
33.417824	229.553772	-62.184746	0.000000	0.000000	-0.941593
34.981091	229.460297	-62.184746	0.000000	0.000000	-0.941593
36.543053	229.347198	-62.184746	0.000000	0.000000	-0.941593
38.103481	229.214478	-62.184746	0.000000	0.000000	-0.941593
39.662113	229.062164	-62.184746	0.000000	0.000000	-0.941593
41.218708	228.890259	-62.184746	0.000000	0.000000	-0.941593
42.773022	228.698822	-62.184746	0.000000	0.000000	-0.941593
44.324802	228.487869	-62.184746	0.000000	0.000000	-0.941593
45.873817	228.257431	-62.184746	0.000000	0.000000	-0.941593
47.419811	228.007538	-62.184746	0.000000	0.000000	-0.941593
48.955681	227.739487	-62.184746	0.000000	0.000000	-0.941593
49.059341	227.750595	-62.035851	0.000000	0.000000	-0.941593
49.548981	227.799332	-61.333126	0.000000	0.000000	-0.941593
50.040058	227.841995	-60.629192	0.000000	0.000000	-0.941593
50.532505	227.878555	-59.924068	0.000000	0.000000	-0.941593
51.026237	227.908997	-59.217793	0.000000	0.000000	-0.941593
51.521187	227.933289	-58.510384	0.000000	0.000000	-0.941593
52.017273	227.951431	-57.801872	0.000000	0.000000	-0.941593
52.514420	227.963379	-57.092293	0.000000	0.000000	-0.941593
53.012547	227.969147	-56.381664	0.000000	0.000000	-0.941593
53.511581	227.968689	-55.670017	0.000000	0.000000	-0.941593
54.011440	227.961990	-54.957386	0.000000	0.000000	-0.941593
54.512047	227.949051	-54.243790	0.000000	0.000000	-0.941593
55.013325	227.929855	-53.529263	0.000000	0.000000	-0.941593
55.515194	227.904373	-52.813831	0.000000	0.000000	-0.941593
56.017578	227.872620	-52.097523	0.000000	0.000000	-0.941593
56.520393	227.834549	-51.380363	0.000000	0.000000	-0.941593
57.023563	227.790176	-50.662388	0.000000	0.000000	-0.941593
57.527008	227.739487	-49.943623	0.000000	0.000000	-0.941593
