9.808486	-0.336143	-0.845657	0	0	0.97095818	0.23924928
9.858569	-0.359671	-0.850962	0	0	0.97095818	0.23924928
9.688218	-0.329674	-0.892725	0	0	0.97095818	0.23924928
9.888448	-0.206988	-0.794717	0	0	0.97095818	0.23924928
9.912185	-0.153969	-0.892197	0	0	0.97095818	0.23924928
9.752701	-0.545815	-0.943836	0	0	0.97095818	0.23924928
9.879064	-0.476610	-1.029102	0	0	-0.82533563	0.56464246
10.004223	0.005654	-0.989302	0	0	-0.82533563	0.56464246
10.025381	-0.011931	-1.055658	0	0	-0.76484218	0.64421769
10.115677	-0.063098	-1.080981	0	0	0.97095818	0.23924928
10.286332	-0.046694	-1.056591	0	0	0.97095818	0.23924928
10.154870	-0.415615	-1.344189	0	0	-0.76484218	0.64421769
10.529617	-0.042765	-1.254545	0	0	-0.76484218	0.64421769
10.760617	0.381409	-1.604410	0	0	-0.76484218	0.64421769
11.042707	0.671832	-0.858623	0	0	-0.76484218	0.64421769
11.235391	-1.066032	-1.028161	0	0	-0.82533563	0.56464246
11.559940	-0.559661	-1.232030	0	0	-0.95533648	0.29552023
11.397798	-0.535855	-1.712196	0	0	0.97095818	0.23924928
11.654744	-0.567979	-0.764318	0	0	-0.82533563	0.56464246
11.601007	-0.420880	-1.390853	0	0	0.97095818	0.23924928
11.624459	-0.512024	-0.164229	0	0	0.97095818	0.23924928
11.858568	-0.551677	-0.433837	0	0	0.97095818	0.23924928
11.903191	-0.293666	-2.023956	0	0	0.97095818	0.23924928
12.238707	-0.354777	-1.353799	0	0	0.98999249	0.14112005
11.135749	-2.509559	-0.712726	0	0	-0.82533563	0.56464246
11.830090	-0.523593	-2.399669	0	-0	-1	-4.371139e-08
11.064308	-2.528702	-1.874346	0	0	0.99913515	0.041580682
12.451173	0.226039	-0.445173	0	0	-0.76484218	0.64421769
12.503258	0.276074	-0.358873	0	0	0.98999249	0.14112005
11.140749	-2.813982	-1.874346	0	0	0.99913515	0.041580682
7.818418	-3.398436	-0.926625	0	0	0.97095818	0.23924928
4.881316	-4.185430	-1.474820	0	0	0.97095818	0.23924928
4.858004	4.614339	-0.845657	0	0	-0.87758258	0.4794255
4.871281	4.627617	-0.850962	0	0	-0.87758258	0.4794255
4.801104	4.557440	-0.892725	0	0	-0.87758258	0.4794255
4.962562	4.718898	-0.794717	0	0	-0.87758258	0.4794255
4.823059	4.579395	-1.029102	0	0	-0.92106097	0.38941839
5.000940	4.757276	-0.892197	0	0	-0.87758258	0.4794255
4.725275	4.481610	-0.943836	0	0	-0.92106097	0.38941839
5.126770	4.883106	-0.989302	0	0	-0.92106097	0.38941839
5.128557	4.884893	-1.055658	0	0	-0.95533648	0.29552023
5.148121	4.904457	-1.080981	0	0	-0.87758258	0.4794255
5.206511	4.962847	-1.028161	0	0	0.99913515	0.041580682
4.991459	4.747795	-1.344189	0	0	-0.95533648	0.29552023
5.241651	4.997987	-1.056591	0	0	-0.87758258	0.4794255
5.365258	5.121594	-1.254545	0	0	-0.95533648	0.29552023
4.213862	3.970198	-0.795844	0	0	0.99913515	0.041580682
5.665215	5.421551	-0.764318	0	0	-0.92106097	0.38941839
5.621972	5.378308	-1.232030	0	0	-0.92106097	0.38941839
4.285216	4.041552	-1.874346	0	0	-0.98006658	0.19866933
5.552803	5.309139	-1.712196	0	0	-0.92106097	0.38941839
5.711895	5.468232	-1.390853	0	0	-0.92106097	0.38941839
5.678050	5.434386	-0.164229	0	0	-0.69670669	0.71735611
5.775278	5.531613	-0.433837	0	0	-0.87758258	0.4794255
5.692845	5.449182	-1.604410	0	0	-0.98006658	0.19866933
5.074592	4.830927	0.525238	0	0	0.99913515	0.041580682
5.979102	5.735437	-0.858623	0	0	-0.95533648	0.29552023
6.063797	5.820133	-1.353799	0	0	-0.87758258	0.4794255
3.696098	3.452434	-1.590528	0	0	-0.82533563	0.56464246
3.695729	3.452065	-1.594055	0	0	-0.62160997	0.7833269
5.926595	5.682930	-2.023956	0	0	-0.92106097	0.38941839
5.775081	5.531416	-2.399669	0	0	-0.92106097	0.38941839
6.460438	6.216774	-0.445173	0	0	-0.92106097	0.38941839
8.961740	-7.665374	-0.926625	0	0	0.94222235	0.33498812
6.511498	6.267834	-0.358873	0	0	-0.87758258	0.4794255
10.084208	-2.791319	-7.881329	0	0	-0.87758258	0.4794255
4.193923	-4.369616	-3.810401	0	0	0	1
13.583893	-6.875339	-1.506267	0	0	-0.95533648	0.29552023
13.611209	-6.859434	-1.507589	0	0	-0.95533648	0.29552023
13.494200	-6.921827	-1.558685	0	0	-0.95533648	0.29552023
13.701728	-6.811783	-1.461955	0	0	-0.92106097	0.38941839
13.568634	-6.867133	-1.674693	0	0	-0.98006658	0.19866933
13.447584	-6.945541	-1.590357	0	0	-0.95533648	0.29552023
13.738128	-6.780696	-1.561651	0	0	-0.92106097	0.38941839
10.179058	-3.145307	-7.881329	0	0	-0.87758258	0.4794255
13.871709	-6.693028	-1.666024	0	0	-0.98006658	0.19866933
13.877181	-6.683444	-1.729636	0	0	-0.98006658	0.19866933
13.921987	-6.655820	-1.746999	0	0	-0.95533648	0.29552023
13.788545	-6.709325	-1.980000	0	0	-0.98006658	0.19866933
14.058411	-6.580125	-1.716619	0	0	-0.95533648	0.29552023
13.476177	-6.859061	-2.282993	0	-0	-1	-4.371139e-08
14.234431	-6.459691	-1.902804	0	0	-0.98006658	0.19866933
14.335207	-6.435072	-1.570559	0	0	0.99913515	0.041580682
14.575210	-6.225657	-2.271877	0	0	-0.99500417	0.099833397
14.787986	-6.150798	-1.796865	0	0	-0.95533648	0.29552023
14.875998	-6.147354	-1.327964	0	0	-0.98006658	0.19866933
14.655456	-6.178284	-2.282212	0	0	-0.95533648	0.29552023
14.944490	-6.086254	-1.541347	0	0	-0.98006658	0.19866933
14.871606	-6.085723	-1.963133	0	0	-0.95533648	0.29552023
14.903323	-6.191182	-0.737956	0	0	-0.87758258	0.4794255
15.050605	-6.080447	-0.992371	0	0	-0.92106097	0.38941839
15.126000	-5.875735	-2.587874	0	0	-0.95533648	0.29552023
15.381106	-5.797572	-1.903648	0	0	-0.95533648	0.29552023
14.955920	-5.937689	-2.946618	0	0	-0.95533648	0.29552023
15.829895	-5.626079	-1.036373	0	0	-0.98006658	0.19866933
15.894305	-5.597392	-0.952229	0	0	-0.95533648	0.29552023
10.996478	-2.546877	7.046705	0	0	-0.76484218	0.64421769
4.010423	-4.418785	-5.450596	0	0	0	1
3.321593	3.077929	-5.167854	0	0	0	1
9.794168	-9.107181	-1.072281	0	0	0.98999249	0.14112005
11.526740	-2.404794	7.785630	0	0	0.94222235	0.33498812
3.130729	2.887065	-6.991003	0	0	0.99913515	0.041580682
5.884571	-9.547070	-1.163812	0	0	0.90407214	0.42737988
3.638708	3.395044	-7.881329	0	0	-0.69670669	0.71735611
12.349929	-6.905365	-8.261182	0	0	-0.92106097	0.38941839
8.143370	7.899705	5.235321	0	0	0.98999249	0.14112005
12.432531	-2.162087	9.047857	0	0	0	1
12.452953	-2.271228	9.054188	0	0	0	1
6.274858	-11.151421	-0.949875	0	0	0	1
13.461990	-11.191210	-0.712726	0	0	-0.92106097	0.38941839
5.837522	-10.900589	-3.659005	0	0	-0.95533648	0.29552023
4.654540	-10.583610	-5.006348	0	0	0.90407214	0.42737988
12.439776	4.313756	10.307824	0	0	-0.69670669	0.71735611
10.093888	9.850224	8.229054	0	0	-0.69670669	0.71735611
13.818023	-7.882607	9.802455	0	0	0.90407214	0.42737988
5.214088	-13.227278	-3.659005	0	0	-0.98006658	0.19866933
15.255249	-7.259789	11.851135	0	0	0	1
13.217842	-12.878139	8.032694	0	0	0	1
10.497503	10.253839	-13.841323	0	0	-0.87758258	0.4794255
13.207569	-14.363494	7.732142	0	0	-0.92106097	0.38941839
5.142356	-15.923381	-5.232356	0	0	0	1
9.808486	-18.149464	-2.404120	0	-0	-1	-4.371139e-08
9.858569	-18.149181	-2.407343	0	-0	-1	-4.371139e-08
9.888448	-18.152905	-2.364781	0	-0	-1	-4.371139e-08
9.752701	-18.142532	-2.483349	0	-0	-1	-4.371139e-08
9.912185	-18.144039	-2.466125	0	0	-0.99500417	0.099833397
9.688218	-18.145327	-2.451392	0	-0	-1	-4.371139e-08
9.879064	-18.134604	-2.573976	0	0	0.99913515	0.041580682
10.004223	-18.134396	-2.576351	0	0	0.99913515	0.041580682
10.025381	-18.128767	-2.640676	0	0	0.99913515	0.041580682
10.115677	-18.126957	-2.661364	0	-0	-1	-4.371139e-08
10.286332	-18.128950	-2.638583	0	-0	-1	-4.371139e-08
10.154870	-18.106783	-2.891966	0	-0	-1	-4.371139e-08
10.529617	-18.111732	-2.835375	0	0	0.99913515	0.041580682
8.961740	-18.198107	-1.848119	0	-0	-1	-4.371139e-08
11.042707	-18.140680	-2.504505	0	-0	-1	-4.371139e-08
10.760617	-18.078135	-3.219410	0	0	0.99913515	0.041580682
11.235390	-18.139162	-2.521867	0	0	0.99913515	0.041580682
11.140749	-18.078970	-3.209859	0	-0	-1	-4.371139e-08
11.559940	-18.117615	-2.768152	0	-0	-1	-4.371139e-08
11.397798	-18.075745	-3.246737	0	-0	-1	-4.371139e-08
11.654744	-18.158287	-2.303270	0	0	0.99913515	0.041580682
11.601007	-18.102770	-2.937818	0	-0	-1	-4.371139e-08
11.624459	-18.209963	-1.712598	0	0	-0.99500417	0.099833397
11.858568	-18.186855	-1.976716	0	-0	-1	-4.371139e-08
11.903191	-18.046835	-3.577157	0	-0	-1	-4.371139e-08
12.238707	-18.105486	-2.906785	0	-0	-1	-4.371139e-08
11.830090	-18.015961	-3.930053	0	-0	-1	-4.371139e-08
22.322950	0.488042	-13.841323	0	0	-0.98006658	0.19866933
12.451173	-18.179964	-2.055490	0	-0	-1	-4.371139e-08
12.503258	-18.187077	-1.974189	0	-0	-1	-4.371139e-08
6.317812	-18.163300	-2.245975	0	0	0.73739371	0.67546319
16.471313	-13.749905	9.602675	0	0	0.80114363	0.59847213
13.461990	-18.243462	-1.329718	0	0	-0.98006658	0.19866933
5.471190	-18.000370	-4.108266	0	0	0	1
23.076834	-2.325491	-13.841323	0	-0	-1	-4.371139e-08
5.309055	-17.885212	-5.424528	0	0	0.85688874	0.51550139
10.179058	-17.559937	-9.142446	0	0	0.80114363	0.59847213
26.459160	-0.709082	11.038205	0	0	0.94222235	0.33498812
13.292525	-18.968462	6.957085	0	0	0.73739371	0.67546319
13.439972	-18.985483	7.151639	0	0	0	1
13.612309	-19.005379	7.379037	0	0	-0.95533648	0.29552023
30.471760	2.459893	2.601527	0	0	-0.99500417	0.099833397
22.531578	16.212690	3.990879	0	0	-0.99500417	0.099833397
22.531578	-18.443684	0.958839	0	0	0.99913515	0.041580682
19.493967	19.250301	3.990879	0	0	-0.98006658	0.19866933
16.199362	-19.204985	9.660539	0	0	-0.95533648	0.29552023
16.215528	17.052074	12.831803	0	0	0.98999249	0.14112005
16.199362	17.061407	12.833437	0	0	0.98999249	0.14112005
15.173959	-21.896431	8.916265	0	0	0.80114363	0.59847213
27.412394	-0.774461	17.133120	0	0	0.90407214	0.42737988
18.439137	-19.562590	13.747984	0	0	0	1
23.076834	-17.036238	-15.128346	0	0	0.99913515	0.041580682
1.087506	23.407150	-7.591657	0	0	-0.98006658	0.19866933
1.086858	23.404732	-7.599331	0	0	-0.98006658	0.19866933
1.089004	23.412741	-7.573919	0	0	-0.98006658	0.19866933
1.086026	23.401625	-7.609194	0	0	-0.98006658	0.19866933
1.083295	23.391432	-7.641532	0	0	-0.98006658	0.19866933
1.081449	23.384544	-7.663390	0	0	-0.98006658	0.19866933
1.080675	23.381655	-7.672560	0	0	-0.98006658	0.19866933
1.095016	23.435175	-7.502729	0	0	-0.98006658	0.19866933
1.078094	23.372021	-7.703129	0	0	-0.98006658	0.19866933
1.100036	23.453913	-7.443273	0	0	-0.98006658	0.19866933
1.074611	23.359026	-7.744367	0	0	-0.98006658	0.19866933
1.070583	23.343990	-7.792076	0	0	-0.98006658	0.19866933
1.068004	23.334368	-7.822614	0	0	-0.98006658	0.19866933
1.065219	23.323975	-7.855594	0	0	-0.98006658	0.19866933
1.063939	23.319197	-7.870754	0	0	-0.95533648	0.29552023
1.063931	23.319164	-7.870856	0	0	-0.98006658	0.19866933
1.118713	23.523615	-7.222091	0	0	-0.98006658	0.19866933
1.055412	23.287373	-7.971738	0	0	-0.98006658	0.19866933
1.052994	23.278347	-8.000378	0	0	-0.98006658	0.19866933
1.049780	23.266356	-8.038429	0	0	0	1
1.126963	23.554405	-7.124386	0	0	-0.98006658	0.19866933
1.146984	23.629124	-6.887288	0	0	-0.95533648	0.29552023
1.026813	23.180639	-8.310423	0	0	-0.98006658	0.19866933
1.148621	23.635235	-6.867896	0	0	-0.98006658	0.19866933
1.156747	23.665558	-6.771672	0	0	-0.98006658	0.19866933
1.012102	23.125738	-8.484639	0	0	-0.98006658	0.19866933
0.977428	22.996330	-8.895275	0	0	-0.98006658	0.19866933
0.957992	22.923796	-9.125448	0	0	-0.98006658	0.19866933
0.899599	22.705870	-9.816975	0	0	-0.98006658	0.19866933
0.869087	22.591999	-10.178309	0	0	-0.45359611	0.89120736
0.860126	22.558554	-10.284437	0	0	-0.98006658	0.19866933
1.391815	24.542847	-3.987849	0	0	-0.36235775	0.93203909
0.533152	21.338274	-14.156651	0	0	-0.98006658	0.19866933
0.485388	21.160013	-14.722309	0	0	-0.45359611	0.89120736
1.737128	25.831573	0.101559	0	0	0	1
0.347773	20.646429	-16.352022	0	0	0	1
17.577360	18.333847	18.986828	0	0	-0.54030229	0.84147099
16.476469	19.470591	18.650389	0	0	-0.54030229	0.84147099
0.133370	19.846266	-18.891113	0	0	-0.82533563	0.56464246
2.153600	27.385866	0.960447	0	0	0	1
11.403340	-28.010939	-9.310447	0	-0	-1	-4.371139e-08
11.408128	-28.015202	-9.295606	0	-0	-1	-4.371139e-08
11.414115	-28.020533	-9.277046	0	-0	-1	-4.371139e-08
11.388131	-27.997395	-9.357592	0	-0	-1	-4.371139e-08
11.418948	-28.024837	-9.262063	0	-0	-1	-4.371139e-08
11.385554	-27.995100	-9.365581	0	-0	-1	-4.371139e-08
11.379491	-27.989700	-9.384377	0	-0	-1	-4.371139e-08
11.429338	-28.034090	-9.229858	0	0	0	1
11.434039	-28.038277	-9.215284	0	-0	-1	-4.371139e-08
11.370627	-27.981808	-9.411849	0	-0	-1	-4.371139e-08
11.365296	-27.977060	-9.428375	0	-0	-1	-4.371139e-08
11.354760	-27.967678	-9.461038	0	-0	-1	-4.371139e-08
11.344980	-27.958967	-9.491354	0	-0	-1	-4.371139e-08
11.339949	-27.954489	-9.506949	0	0	0	1
11.469364	-28.069733	-9.105782	0	-0	-1	-4.371139e-08
11.332509	-27.947863	-9.530010	0	-0	-1	-4.371139e-08
11.479789	-28.079016	-9.073470	0	0	0.99913515	0.041580682
11.322742	-27.939165	-9.560285	0	-0	-1	-4.371139e-08
11.304391	-27.922823	-9.617171	0	-0	-1	-4.371139e-08
11.535874	-28.128960	-8.899614	0	-0	-1	-4.371139e-08
11.263395	-27.886316	-9.744252	0	-0	-1	-4.371139e-08
11.242343	-27.867569	-9.809509	0	-0	-1	-4.371139e-08
11.224524	-27.851702	-9.864747	0	0	0	1
11.605485	-28.190950	-8.683831	0	-0	-1	-4.371139e-08
11.172796	-27.805637	-10.025091	0	0	0.99913515	0.041580682
11.700088	-28.275192	-8.390581	0	-0	-1	-4.371139e-08
11.711936	-28.285744	-8.353853	0	-0	-1	-4.371139e-08
11.724210	-28.296675	-8.315805	0	-0	-1	-4.371139e-08
11.761604	-28.329975	-8.199889	0	0	0	1
11.833551	-28.394043	-7.976866	0	0	0.66627604	0.74570519
11.879486	-28.434948	-7.834476	0	-0	-1	-4.371139e-08
10.598971	-27.294643	-11.803851	0	0	0.73739371	0.67546319
12.541630	-29.024591	-5.781943	0	0	0	1
12.607702	-29.083429	-5.577131	0	0	0	1
9.742461	-26.531918	-14.458885	0	0	0.73739371	0.67546319
9.674335	-26.471251	-14.670063	0	-0	-1	-4.371139e-08
28.729107	-19.425278	12.178514	0	0	-0.98006658	0.19866933
9.339684	-26.118933	-16.245012	0	0	0.94222235	0.33498812
14.323995	-30.611795	-0.256918	0	0	-0.99500417	0.099833397
8.229156	-25.184311	-19.149874	0	0	0.99913515	0.041580682
14.812162	-31.046511	1.256317	0	0	0	1
15.436644	-31.602615	3.192102	0	0	-0.99500417	0.099833397
25.152328	-20.055738	19.384695	0	0	-0.95533648	0.29552023
15.829240	-31.952225	4.409084	0	0	0.58850112	0.8084964
3.262212	31.523262	3.246735	0	0	-0.36235775	0.93203909
16.327948	-32.396324	5.954991	0	0	0.80114363	0.59847213
16.538019	-32.583397	6.606179	0	0	0	1
16.882050	-32.889755	7.672612	0	0	-0.99500417	0.099833397
17.254124	-33.221088	8.825976	0	0	-0.99500417	0.099833397
17.614248	-33.541782	9.942301	0	0	0.99913515	0.041580682
41.386414	7.585219	14.244907	0	0	-0.76484218	0.64421769
37.758781	4.781899	21.262180	0	0	-0.82533563	0.56464246
28.729107	29.508312	16.459648	0	0	0.98999249	0.14112005
25.152328	26.616919	23.468025	0	0	-0.99500417	0.099833397
5.618466	40.316925	8.106035	0	0	0	1
5.622937	40.333607	8.115254	0	0	-0.99500417	0.099833397
48.347996	-17.648363	-8.131720	0	0	-0.98006658	0.19866933
23.259714	-37.489445	16.755108	0	0	0.97095818	0.23924928
48.105610	-20.643379	26.101479	0	0	-0.99500417	0.099833397
41.849541	-44.595051	-19.149874	0	0	0.90407214	0.42737988
70.565804	26.356197	-4.802661	0	0	-0.92106097	0.38941839
14.611215	73.878319	-0.915048	0	0	-0.45359611	0.89120736
48.347996	64.838577	-0.915048	0	0	-0.82533563	0.56464246
71.728043	-22.282557	44.837364	0	-0	-1	-4.371139e-08
16.761417	81.902977	-14.495585	0	0	-0.45359611	0.89120736
83.031792	30.065926	29.719212	0	0	-0.92106097	0.38941839
94.163490	-16.728565	-18.645060	0	0	-0.98006658	0.19866933
15.788052	78.270332	-46.228821	0	0	-0.54030229	0.84147099
101.737389	-16.684399	-19.149874	0	0	0.97095818	0.23924928
57.687057	85.027992	34.862553	0	0	-0.82533563	0.56464246
48.105610	90.559837	35.830502	0	0	0.99913515	0.041580682
21.025295	97.815987	35.830502	0	0	-0.76484218	0.64421769
80.557396	80.313728	-14.495585	0	0	0.99913515	0.041580682
101.737389	59.133739	-14.495585	0	0	0.98999249	0.14112005
107.668175	48.861309	-15.533339	0	0	0.97095818	0.23924928
105.067757	40.782677	49.573288	0	0	-0.76484218	0.64421769
25.476778	114.429153	49.059795	0	0	0	1
71.728043	98.528763	55.406986	0	0	-0.54030229	0.84147099
152.179504	74.207962	-12.049187	0	0	-0.92106097	0.38941839
131.054474	130.810806	-46.228821	0	0	0.99913515	0.041580682
45.144287	187.829300	-1.897699	0	0	-0.95533648	0.29552023
102.781769	169.718872	-2.768346	0	0	-0.82533563	0.56464246
94.163490	174.694641	-1.897699	0	0	-0.82533563	0.56464246
167.618835	-117.207985	-19.149874	0	0	0.99913515	0.041580682
234.189056	57.257397	-46.228821	0	0	0.99913515	0.041580682
245.016525	-16.684399	-19.149874	0	0	0.99913515	0.041580682
245.016525	16.848745	-46.228821	0	0	0.99913515	0.041580682
