-80.332268	52.575729	32.245079	0	0	-0.070737201	0.99749499
-80.339256	53.636368	32.252163	0	0	-0.76484218	0.64421769
-80.389450	54.620117	32.294193	0	0	-0.76484218	0.64421769
-80.419594	55.144855	32.348610	0	0	-0.76484218	0.64421769
-80.211105	49.531010	32.287743	0	0	-0.070737201	0.99749499
-80.364563	49.058937	32.204750	0	0	-0.76484218	0.64421769
-76.843361	54.590050	31.892616	0	0	-0.070737201	0.99749499
-80.188667	48.483402	32.402580	0	0	-0.76484218	0.64421769
-77.300392	55.390854	31.945168	0	0	-0.69670669	0.71735611
-77.732811	56.153931	32.025810	0	0	-0.69670669	0.71735611
-77.961922	56.563797	32.100327	0	0	-0.69670669	0.71735611
-75.500786	52.250515	31.811892	0	0	-0.82533563	0.56464246
-75.343399	51.957905	31.697496	0	0	-0.45359611	0.89120736
-78.566856	54.526768	27.797638	0	0	-0.070737201	0.99749499
-75.036232	51.458160	31.882065	0	0	-0.54030229	0.84147099
-78.913353	47.053482	32.276558	0	0	-0.82533563	0.56464246
-79.382530	46.874207	33.177986	0	0	-0.82533563	0.56464246
-77.564766	55.105324	27.696404	0	0	-0.070737201	0.99749499
-79.455360	46.804367	33.095055	0	0	-0.82533563	0.56464246
-79.496254	46.786331	33.059067	0	0	-0.82533563	0.56464246
-78.851242	46.752605	33.316883	0	0	-0.82533563	0.56464246
-74.324051	50.100254	31.171202	0	0	-0.070737201	0.99749499
-74.080292	49.935459	32.642338	0	0	-0.36235775	0.93203909
-74.080551	49.913090	32.511955	0	0	-0.36235775	0.93203909
-81.595451	45.902107	31.905783	0	0	0.029199523	0.9995736
-74.075134	49.910641	32.551529	0	0	-0.36235775	0.93203909
-74.105141	49.829506	31.790819	0	0	-0.87758258	0.4794255
-73.881744	49.621746	32.814846	0	0	-0.070737201	0.99749499
-72.900505	47.524559	30.542320	0	0	-0.87758258	0.4794255
-82.315956	42.088551	31.493498	0	0	-0.82533563	0.56464246
-77.651199	44.689159	21.268690	0	0	-0.070737201	0.99749499
-73.594109	47.031517	20.858831	0	0	-0.070737201	0.99749499
-96.304863	36.603130	32.245079	0	0	-0.54030229	0.84147099
-96.838676	37.136944	32.252163	0	0	-0.26749883	0.96355818
-97.355652	37.653915	32.294193	0	0	-0.26749883	0.96355818
-97.633095	37.931358	32.348610	0	0	-0.26749883	0.96355818
-94.721924	35.020191	32.287743	0	0	-0.45359611	0.89120736
-94.562614	34.860886	32.204750	0	0	-0.26749883	0.96355818
-94.186897	34.485165	32.402580	0	0	-0.26749883	0.96355818
-93.599648	33.897915	31.905783	0	0	-0.45359611	0.89120736
-96.397682	36.695946	27.797638	0	0	0.1288445	0.99166481
-92.992157	33.290424	33.059067	0	0	-0.36235775	0.93203909
-92.980728	33.278999	33.095055	0	0	-0.36235775	0.93203909
-92.979233	33.277504	33.177986	0	0	-0.36235775	0.93203909
-92.834282	33.132553	32.276558	0	0	-0.26749883	0.96355818
-92.652786	32.951057	33.316883	0	0	-0.16996714	0.98544973
-92.053116	32.351387	31.493498	0	0	-0.76484218	0.64421769
-80.108925	63.630798	11.239163	0	0	-0.82533563	0.56464246
-80.550461	63.375881	10.511040	0	0	-0.82533563	0.56464246
-91.021042	31.319309	21.268690	0	0	0.029199523	0.9995736
-101.814034	42.112301	10.511040	0	0	-0.76484218	0.64421769
-92.654327	84.982849	49.080044	0	0	-0.070737201	0.99749499
-92.803970	90.031769	17.835325	0	0	-0.82533563	0.56464246
-121.268738	61.567001	17.835325	0	0	-0.76484218	0.64421769
-115.466927	71.811989	51.384644	0	0	0.029199523	0.9995736
-123.490326	63.788593	51.384644	0	0	0.1288445	0.99166481
-96.356758	-7.228468	32.245079	0	0	-0.16996714	0.98544973
-96.628433	-7.155673	32.252163	0	0	-0.070737201	0.99749499
-96.921204	-7.077225	32.294193	0	0	-0.070737201	0.99749499
-95.866913	-7.359720	31.905783	0	0	-0.16996714	0.98544973
-97.080513	-7.034537	32.348610	0	0	-0.070737201	0.99749499
-95.507690	-7.455975	32.204750	0	0	-0.070737201	0.99749499
-95.482529	-7.462717	32.287743	0	0	-0.16996714	0.98544973
-95.585762	-7.435055	31.493498	0	0	-0.070737201	0.99749499
-95.199692	-7.538503	32.402580	0	0	-0.070737201	0.99749499
-94.129395	-7.825288	33.059067	0	0	-0.070737201	0.99749499
-94.095749	-7.834303	33.095055	0	0	-0.16996714	0.98544973
-94.045258	-7.847832	33.177986	0	0	-0.070737201	0.99749499
-93.652328	-7.953117	32.276558	0	0	-0.070737201	0.99749499
-93.519157	-7.988801	33.316883	0	0	-0.070737201	0.99749499
-95.197365	-7.539126	27.797638	0	0	-0.26749883	0.96355818
-91.883636	-8.427036	21.268690	0	0	-0.16996714	0.98544973
-99.260368	-6.450448	10.511040	0	0	0.22720209	0.97384763
-117.357018	-1.601465	17.835325	0	0	0.32328956	0.94630009
-133.946899	2.843781	51.384644	0	0	0.22720209	0.97384763
-58.423420	-29.189205	32.245079	0	0	0.029199523	0.9995736
-58.480114	-29.204397	32.276558	0	0	0.1288445	0.99166481
-58.164776	-29.119902	32.252163	0	0	0.22720209	0.97384763
-57.965675	-29.066553	32.294193	0	0	0.22720209	0.97384763
-57.862617	-29.038939	32.348610	0	0	0.22720209	0.97384763
-59.071552	-29.362871	32.287743	0	0	0.1288445	0.99166481
-59.312519	-29.427439	32.402580	0	0	0.1288445	0.99166481
-59.332752	-29.432859	32.204750	0	0	0.1288445	0.99166481
-59.090759	-29.368017	33.059067	0	0	0.1288445	0.99166481
-59.048096	-29.356586	33.095055	0	0	0.1288445	0.99166481
-58.497383	-29.209023	33.316883	0	0	0.1288445	0.99166481
-58.962685	-29.333700	33.177986	0	0	0.1288445	0.99166481
-61.270390	-29.952049	31.905783	0	0	0.1288445	0.99166481
-62.896019	-30.387634	31.493498	0	0	0.1288445	0.99166481
-56.288509	-28.617157	27.797638	0	0	0.029199523	0.9995736
-57.893589	-29.047237	21.268690	0	0	0.1288445	0.99166481
-60.695663	-29.798052	17.835325	0	0	0.32328956	0.94630009
-55.926956	-28.520279	10.511040	0	0	0.22720209	0.97384763
-38.486107	-25.366253	29.933279	0	0	0.32328956	0.94630009
-38.489101	-25.369247	29.980028	0	0	0.32328956	0.94630009
-38.482586	-25.362732	29.878311	0	0	0.32328956	0.94630009
-38.482269	-25.362415	29.873373	0	0	0.32328956	0.94630009
-38.481144	-25.361288	29.855757	0	0	0.32328956	0.94630009
-38.496845	-25.376991	30.100929	0	0	0.32328956	0.94630009
-38.497986	-25.378130	30.118736	0	0	0.32328956	0.94630009
-38.500713	-25.380857	30.161316	0	0	0.32328956	0.94630009
-38.504803	-25.384947	30.225168	0	0	0.32328956	0.94630009
-38.512177	-25.392324	30.340342	0	0	0.32328956	0.94630009
-38.557968	-25.438114	31.055309	0	0	0.32328956	0.94630009
-38.560017	-25.440161	31.087261	0	0	0.32328956	0.94630009
-38.564705	-25.444849	31.160454	0	0	0.32328956	0.94630009
-38.571861	-25.452005	31.272194	0	0	0.32328956	0.94630009
-38.188461	-25.068609	25.285942	0	0	0.32328956	0.94630009
-37.810013	-24.690157	19.376888	0	0	0.32328956	0.94630009
-37.631176	-24.511320	16.584578	0	0	0	1
-37.710541	-24.590685	14.677206	0	0	0	1
-39.766632	-26.646778	49.927052	0	0	0.41614682	0.90929743
-86.395439	-36.684284	51.384644	0	0	0.1288445	0.99166481
-53.946026	-40.826172	54.467438	0	0	0.85688874	0.51550139
-130.452667	144.234177	13.547933	0	0	-0.070737201	0.99749499
-248.737610	102.329071	13.113739	0	0	0.22720209	0.97384763
-271.589203	62.748955	11.752740	0	0	0.22720209	0.97384763
-277.345215	41.267242	11.752740	0	0	0.32328956	0.94630009
-234.325256	-76.321960	11.752740	0	0	0.50484609	0.86320938
