133.053635	-15.200455	-15.526404	0	0	-0.98006658	0.19866933
132.765640	-14.223632	-15.324747	0	-0	-1	-4.371139e-08
133.339005	-16.226282	-15.726227	0	0	-0.98006658	0.19866933
133.735184	-16.812935	-15.973126	0	-0	-1	-4.371139e-08
132.509705	-13.321380	-15.145544	0	0	-0.99500417	0.099833397
133.739502	-17.196215	-16.006653	0	-0	-1	-4.371139e-08
133.778244	-17.310411	-16.033779	0	-0	-1	-4.371139e-08
133.853836	-17.408638	-16.086706	0	-0	-1	-4.371139e-08
133.934387	-17.428627	-16.143116	0	0	-0.99500417	0.099833397
133.505280	-12.788370	-15.842647	0	-0	-1	-4.371139e-08
132.269638	-12.484918	-14.977442	0	-0	-1	-4.371139e-08
137.726135	-17.959723	-6.810738	0	0	0.97095818	0.23924928
137.877731	-18.885406	-7.226755	0	0	-0.92106097	0.38941839
137.598328	-17.100029	-6.432259	0	0	0.97095818	0.23924928
138.611450	-19.628250	-7.931755	0	0	0.97095818	0.23924928
138.016769	-19.863981	-7.653664	0	0	-0.92106097	0.38941839
137.476532	-16.304092	-6.079738	0	0	0.97095818	0.23924928
138.400604	-20.468000	-8.097893	0	0	0.97095818	0.23924928
138.376831	-20.706139	-8.166855	0	0	0.97095818	0.23924928
138.436798	-20.810497	-8.239752	0	0	0.97095818	0.23924928
138.513306	-20.842516	-8.297355	0	0	0.97095818	0.23924928
137.133408	-21.004175	-7.517186	0	0	0.97095818	0.23924928
147.772690	-11.041195	-10.480741	0	0	-0.87758258	0.4794255
142.353043	-1.066238	-22.037920	0	0	-0.92106097	0.38941839
152.862259	2.449002	-8.844073	0	0	-0.82533563	0.56464246
140.056458	-29.468138	7.657341	0	0	-0.95533648	0.29552023
139.939682	-28.712675	8.156330	0	0	-0.95533648	0.29552023
140.201141	-30.279564	7.114639	0	0	-0.95533648	0.29552023
141.609268	-30.451227	6.517554	0	0	-0.92106097	0.38941839
139.827026	-28.013617	8.619683	0	0	-0.95533648	0.29552023
140.326294	-31.139601	6.549297	0	0	-0.95533648	0.29552023
140.980865	-31.480726	6.113270	0	0	-0.92106097	0.38941839
140.845139	-31.772821	5.983663	0	0	-0.92106097	0.38941839
140.897675	-31.876572	5.902359	0	0	-0.92106097	0.38941839
140.967514	-31.921118	5.850892	0	0	-0.92106097	0.38941839
146.282318	-28.409700	6.119478	0	0	-0.92106097	0.38941839
135.767914	-35.070671	5.761414	0	0	0.94222235	0.33498812
148.590942	-20.151674	10.318862	0	0	-0.87758258	0.4794255
151.866150	7.454130	-6.487727	0	0	-0.87758258	0.4794255
112.680977	8.626671	-11.961580	0	0	-0.95533648	0.29552023
112.573288	8.518974	-11.858569	0	0	-0.87758258	0.4794255
112.530869	8.476558	-11.817997	0	0	-0.87758258	0.4794255
112.517967	8.463660	-11.805661	0	0	-0.87758258	0.4794255
112.500153	8.445840	-11.788616	0	0	-0.92106097	0.38941839
112.492859	8.438551	-11.781644	0	0	-0.92106097	0.38941839
112.861336	8.807024	-12.134089	0	0	-0.95533648	0.29552023
113.025467	8.971160	-12.291085	0	0	-0.92106097	0.38941839
113.181564	9.127254	-12.440390	0	0	-0.92106097	0.38941839
113.324966	9.270656	-12.577553	0	0	-0.92106097	0.38941839
115.083168	11.028858	-14.259275	0	0	-0.87758258	0.4794255
150.657333	-13.181234	13.822271	0	0	-0.95533648	0.29552023
145.902588	17.448400	-24.523340	0	0	-0.87758258	0.4794255
143.473541	18.818686	-22.822504	0	0	-0.82533563	0.56464246
124.330574	20.276260	-23.104427	0	0	-0.87758258	0.4794255
170.056274	-21.339376	-27.598885	0	0	-0.95533648	0.29552023
165.836105	-8.652205	-38.480934	0	0	-0.98006658	0.19866933
167.182510	-41.736210	-9.278922	0	0	-0.95533648	0.29552023
131.723175	27.668867	-30.175467	0	0	-0.95533648	0.29552023
133.615021	29.560703	-31.985010	0	0	-0.87758258	0.4794255
133.735184	-44.076435	22.963184	0	0	-0.99500417	0.099833397
131.255035	-43.047981	23.683317	0	0	-0.99500417	0.099833397
131.495209	-43.830273	23.135550	0	-0	-1	-4.371139e-08
131.053528	-42.321846	24.191761	0	0	-0.99500417	0.099833397
130.861526	-41.649330	24.662663	0	0	-0.99500417	0.099833397
131.716080	-44.655781	22.557522	0	-0	-1	-4.371139e-08
132.733704	-45.024273	22.299503	0	0	-0.99500417	0.099833397
132.182159	-40.551186	25.431591	0	0	-0.99500417	0.099833397
132.495270	-45.299633	22.106693	0	0	-0.99500417	0.099833397
130.495560	-44.316257	22.795259	0	0	-0.98006658	0.19866933
132.544601	-45.408024	22.030796	0	0	-0.99500417	0.099833397
132.600281	-45.464645	21.991150	0	0	-0.99500417	0.099833397
126.882530	-40.551186	25.431591	0	0	0.90407214	0.42737988
142.001938	-40.551186	25.431591	0	0	0.99913515	0.041580682
143.631546	-40.551186	25.431591	0	0	-0.99500417	0.099833397
122.903214	-48.428696	19.915699	0	0	0.85688874	0.51550139
135.920486	31.866169	-34.190189	0	0	-0.95533648	0.29552023
166.954132	3.376617	18.157339	0	0	-0.98006658	0.19866933
148.081451	-61.089264	11.050674	0	0	-0.98006658	0.19866933
160.591782	-40.551186	25.431591	0	0	-0.99500417	0.099833397
168.983734	31.017134	-8.618285	0	0	-0.92106097	0.38941839
171.369217	11.611724	21.605352	0	0	-0.95533648	0.29552023
185.661514	23.070526	-27.512478	0	0	0.98999249	0.14112005
188.102371	21.661295	-23.487297	0	0	0.98999249	0.14112005
156.718201	46.595074	-32.096508	0	0	-0.99500417	0.099833397
106.245712	-62.775963	25.474026	0	0	0.97095818	0.23924928
105.191887	-62.167538	25.474026	0	0	0.94222235	0.33498812
106.325256	-62.821888	25.474026	0	0	0.97095818	0.23924928
106.375099	-62.850662	25.474026	0	0	0.97095818	0.23924928
106.375664	-62.850990	25.474026	0	0	0.97095818	0.23924928
104.582039	-61.815437	25.474026	0	0	0.94222235	0.33498812
106.960243	-63.188499	25.474026	0	0	0.97095818	0.23924928
103.978928	-61.467232	25.474026	0	0	0.97095818	0.23924928
103.437103	-61.154411	25.474026	0	0	0.97095818	0.23924928
102.930908	-60.862160	25.474026	0	0	0.97095818	0.23924928
97.711998	-57.849022	25.474026	0	0	0.99913515	0.041580682
114.186234	-67.360428	25.474026	0	0	-0.99500417	0.099833397
97.093575	-57.491974	25.474026	0	0	0.98999249	0.14112005
93.629669	-55.492085	25.474026	0	0	0.98999249	0.14112005
197.657303	2.293201	6.751061	0	0	0.97095818	0.23924928
90.366531	-53.608112	25.474026	0	0	0.98999249	0.14112005
173.906036	42.175781	-7.696474	0	0	-0.95533648	0.29552023
185.661514	-40.551186	25.431591	0	0	0.90407214	0.42737988
86.985161	-51.655876	25.474026	0	0	0.73739371	0.67546319
85.703835	-50.916103	25.474026	0	0	0.97095818	0.23924928
146.103027	48.962837	-46.350471	0	0	-0.87758258	0.4794255
156.393173	52.338863	-27.512478	0	0	-0.76484218	0.64421769
128.634949	-75.702393	25.474026	0	0	-0.99500417	0.099833397
81.271019	-48.356819	25.474026	0	0	0.98999249	0.14112005
181.767288	23.812634	25.363546	0	0	-0.95533648	0.29552023
160.591782	60.489689	-18.115133	0	-0	-1	-4.371139e-08
170.725250	54.639126	-1.404192	0	0	-0.69670669	0.71735611
159.929810	59.654770	-34.345303	0	0	-0.76484218	0.64421769
147.304443	61.775322	-51.564709	0	0	-0.82533563	0.56464246
196.716492	92.662186	10.537303	0	0	0.99913515	0.041580682
303.865570	27.804644	10.537303	0	0	0.99913515	0.041580682
251.863586	-146.848480	25.474026	0	0	0.99913515	0.041580682
319.345337	-29.966654	10.537303	0	0	0.99913515	0.041580682
319.345337	-40.551186	25.431591	0	0	0.99913515	0.041580682
