-90.568695	-1.087040	-14.747556	0	0	-0.54030229	0.84147099
-90.533417	-1.100111	-14.738403	0	0	-0.16996714	0.98544973
-90.494072	-1.114685	-14.728198	0	0	-0.36235775	0.93203909
-90.666016	-1.050986	-14.772800	0	0	-0.16996714	0.98544973
-90.463257	-1.126102	-14.720204	0	0	-0.16996714	0.98544973
-90.454575	-1.129319	-14.717952	0	0	-0.16996714	0.98544973
-90.772263	-1.011625	-14.800362	0	0	-0.26749883	0.96355818
-90.889862	-0.968058	-14.830868	0	0	-0.16996714	0.98544973
-90.244057	-1.207308	-14.663342	0	0	-0.26749883	0.96355818
-89.860420	-1.349433	-14.563826	0	0	-0.36235775	0.93203909
-90.928589	-2.791452	-15.264405	0	0	-0.16996714	0.98544973
-91.154961	-2.765474	-15.336467	0	0	-0.45359611	0.89120736
-91.008156	-2.917310	-15.320840	0	0	-0.54030229	0.84147099
-91.032814	-3.123245	-15.376798	0	0	-0.45359611	0.89120736
-91.354591	-3.053555	-15.471680	0	0	-0.54030229	0.84147099
-91.167038	-3.185120	-15.437333	0	0	0	1
-91.142860	-3.237146	-15.440989	0	0	-0.45359611	0.89120736
-90.846840	-3.320969	-15.358243	0	0	-0.36235775	0.93203909
-90.456787	-3.440594	-15.251329	0	0	-0.36235775	0.93203909
-91.584755	-3.404710	-15.631956	0	0	-0.54030229	0.84147099
-87.978706	-2.046550	-14.075700	0	0	-0.54030229	0.84147099
-86.928635	-2.435566	-13.803308	0	0	-0.45359611	0.89120736
-88.894417	-5.257491	-15.131349	0	0	-0.54030229	0.84147099
-87.512848	-4.484093	-14.476793	0	0	-0.54030229	0.84147099
-77.954956	-1.489951	-14.000017	0	0	0	1
-77.882675	-2.809305	-13.174659	0	0	0	1
-99.781029	-9.209517	-19.795502	0	0	0	1
-99.781029	-9.209517	-19.795502	0	0	0	1
-99.781029	-9.209517	-19.795502	0	0	0	1
-99.781029	-9.209517	-19.795502	0	0	0	1
-99.781029	-9.209517	-19.795502	0	0	0	1
-99.781029	-9.209517	-19.795502	0	0	0	1
-99.781029	-9.209517	-19.795502	0	0	0	1
-99.781029	-9.209517	-19.795502	0	0	0	1
-99.781029	-9.209517	-19.795502	0	0	0	1
-99.781029	-9.209517	-19.795502	0	0	0	1
-99.781029	-9.209517	-19.795502	0	0	0	1
-99.781029	-9.209517	-19.795502	0	0	0	1
-99.781029	-9.209517	-19.795502	0	0	0	1
-99.781029	-9.209517	-19.795502	0	0	0	1
-99.781029	-9.209517	-19.795502	0	0	0	1
-99.781029	-9.209517	-19.795502	0	0	0	1
-99.781029	-9.209517	-19.795502	0	0	0	1
-99.781029	-9.209517	-19.795502	0	0	0	1
-99.781029	-9.209517	-19.795502	0	0	0	1
-77.725342	-5.681086	-11.378135	0	0	0	1
-77.725342	-5.681086	-11.378135	0	0	0	1
-77.725342	-5.681086	-11.378135	0	0	0	1
-77.725342	-5.681086	-11.378135	0	0	0	1
-77.725342	-5.681086	-11.378135	0	0	0	1
-72.248314	8.599535	-21.530169	0	0	-0.69670669	0.71735611
-71.821381	9.898698	-22.439852	0	0	-0.69670669	0.71735611
-70.123756	15.064640	-26.057083	0	0	0	1
-69.407188	17.245199	-27.583927	0	0	0	1
-69.407188	17.245199	-27.583927	0	0	0	1
-69.407188	17.245199	-27.583927	0	0	0	1
-123.546883	-37.206467	-34.441055	0	0	0.029199523	0.9995736
-123.546883	-37.206467	-34.441055	0	0	0.029199523	0.9995736
-123.546883	-37.206467	-34.441055	0	0	0.029199523	0.9995736
-123.546883	-37.206467	-34.441055	0	0	0.029199523	0.9995736
-123.546883	-37.206467	-34.441055	0	0	0.32328956	0.94630009
-123.546883	-37.206467	-34.441055	0	0	0.029199523	0.9995736
-123.546883	-37.206467	-34.441055	0	0	0.029199523	0.9995736
-123.546883	-37.206467	-34.441055	0	0	0.029199523	0.9995736
-123.546883	-37.206467	-34.441055	0	0	0.32328956	0.94630009
-123.546883	-37.206467	-34.441055	0	0	0.029199523	0.9995736
-123.546883	-37.206467	-34.441055	0	0	0.32328956	0.94630009
-123.546883	-37.206467	-34.441055	0	0	0.32328956	0.94630009
-123.546883	-37.206467	-34.441055	0	0	0.029199523	0.9995736
-123.546883	-37.206467	-34.441055	0	0	0.32328956	0.94630009
-123.546883	-37.206467	-34.441055	0	0	0.32328956	0.94630009
-123.546883	-37.206467	-34.441055	0	0	0.029199523	0.9995736
-123.546883	-37.206467	-34.441055	0	0	0.029199523	0.9995736
-123.546883	-37.206467	-34.441055	0	0	0.32328956	0.94630009
-123.546883	-37.206467	-34.441055	0	0	0.029199523	0.9995736
-75.743500	40.892651	-44.142052	0	0	-0.69670669	0.71735611
-34.500484	-13.346556	-14.914704	0	0	0	1
-34.500484	-13.346556	-14.914704	0	0	0	1
-34.500484	-13.346556	-14.914704	0	0	0	1
-34.500484	-13.346556	-14.914704	0	0	0	1
-34.500484	-13.346556	-14.914704	0	0	0	1
-34.500484	-13.346556	-14.914704	0	0	0	1
-34.500484	-13.346556	-14.914704	0	0	0	1
-34.500484	-13.346556	-14.914704	0	0	0	1
-34.500484	-13.346556	-14.914704	0	0	0	1
-34.500484	-13.346556	-14.914704	0	0	0	1
-34.500484	-13.346556	-14.914704	0	0	0	1
-34.500484	-13.346556	-14.914704	0	0	0	1
-33.232346	-17.937525	-12.240578	0	0	0	1
-33.232346	-17.937525	-12.240578	0	0	0	1
-33.232346	-17.937525	-12.240578	0	0	0	1
-33.232346	-17.937525	-12.240578	0	0	0	1
-33.232346	-17.937525	-12.240578	0	0	0	1
-33.232346	-17.937525	-12.240578	0	0	0	1
-33.232346	-17.937525	-12.240578	0	0	0	1
-33.232346	-17.937525	-12.240578	0	0	0	1
-33.232346	-17.937525	-12.240578	0	0	0	1
-33.232346	-17.937525	-12.240578	0	0	0	1
-33.232346	-17.937525	-12.240578	0	0	0	1
-33.232346	-17.937525	-12.240578	0	0	0	1
-71.236984	-64.122040	-25.912275	0	0	0	1
-71.236984	-64.122040	-25.912275	0	0	0	1
-71.236984	-64.122040	-25.912275	0	0	0	1
-71.236984	-64.122040	-25.912275	0	0	0	1
-71.236984	-64.122040	-25.912275	0	0	0	1
-71.236984	-64.122040	-25.912275	0	0	0	1
-71.236984	-64.122040	-25.912275	0	0	0	1
-71.236984	-64.122040	-25.912275	0	0	0	1
-71.236984	-64.122040	-25.912275	0	0	0	1
-71.236984	-64.122040	-25.912275	0	0	0	1
-71.236984	-64.122040	-25.912275	0	0	0	1
-71.236984	-64.122040	-25.912275	0	0	0	1
-71.236984	-64.122040	-25.912275	0	0	0	1
-71.236984	-64.122040	-25.912275	0	0	0	1
-71.236984	-64.122040	-25.912275	0	0	0	1
-71.236984	-64.122040	-25.912275	0	0	0	1
-71.236984	-64.122040	-25.912275	0	0	0	1
-71.236984	-64.122040	-25.912275	0	0	0	1
-71.236984	-64.122040	-25.912275	0	0	0	1
-105.454750	-66.057777	-34.851860	0	0	0.32328956	0.94630009
-105.454750	-66.057777	-34.851860	0	0	0.32328956	0.94630009
-105.454750	-66.057777	-34.851860	0	0	0.32328956	0.94630009
-105.454750	-66.057777	-34.851860	0	0	0.32328956	0.94630009
-105.454750	-66.057777	-34.851860	0	0	0.32328956	0.94630009
-105.454750	-66.057777	-34.851860	0	0	0.32328956	0.94630009
-105.454750	-66.057777	-34.851860	0	0	0.66627604	0.74570519
-105.454750	-66.057777	-34.851860	0	0	0.32328956	0.94630009
-105.454750	-66.057777	-34.851860	0	0	0.32328956	0.94630009
-105.454750	-66.057777	-34.851860	0	0	0.32328956	0.94630009
-105.454750	-66.057777	-34.851860	0	0	0.32328956	0.94630009
-105.454750	-66.057777	-34.851860	0	0	0.32328956	0.94630009
-105.454750	-66.057777	-34.851860	0	0	0.32328956	0.94630009
-105.219345	-66.572449	-34.889297	0	0	0.32328956	0.94630009
-100.450684	-76.998322	-35.647732	0	0	0.58850112	0.8084964
-99.363373	-79.375549	-35.820663	0	0	0.66627604	0.74570519
-46.199188	-69.368225	-35.603718	0	0	0.73739371	0.67546319
-46.199188	-69.368225	-35.603718	0	0	0.73739371	0.67546319
-46.199188	-69.368225	-35.603718	0	0	0.73739371	0.67546319
-46.199188	-69.368225	-35.603718	0	0	0.73739371	0.67546319
-46.199188	-69.368225	-35.603718	0	0	0.80114363	0.59847213
-46.199188	-69.368225	-35.603718	0	0	0.73739371	0.67546319
-46.199188	-69.368225	-35.603718	0	0	0.73739371	0.67546319
-46.199188	-69.368225	-35.603718	0	0	0.73739371	0.67546319
-46.199188	-69.368225	-35.603718	0	0	0.73739371	0.67546319
-46.199188	-69.368225	-35.603718	0	0	0.73739371	0.67546319
-46.199188	-69.368225	-35.603718	0	0	0.73739371	0.67546319
-46.199188	-69.368225	-35.603718	0	0	0.73739371	0.67546319
-46.199188	-69.368225	-35.603718	0	0	0.73739371	0.67546319
-46.199188	-69.368225	-35.603718	0	0	0.73739371	0.67546319
-46.199188	-69.368225	-35.603718	0	0	0.73739371	0.67546319
-46.185608	-69.389618	-35.618690	0	0	0	1
-43.400410	-73.775909	-38.690010	0	0	0.80114363	0.59847213
-94.965660	-88.990410	-36.520100	0	0	0	1
-94.863319	-89.214149	-36.536377	0	0	0.73739371	0.67546319
-9.729967	29.667002	-47.103306	0	0	0	1
-9.729967	29.667002	-47.103306	0	0	0	1
-9.729967	29.667002	-47.103306	0	0	0	1
-9.729967	29.667002	-47.103306	0	0	0	1
-9.729967	29.667002	-47.103306	0	0	0	1
-9.729967	29.667002	-47.103306	0	0	0	1
-9.729967	29.667002	-47.103306	0	0	0	1
-9.729967	29.667002	-47.103306	0	0	0	1
-9.729967	29.667002	-47.103306	0	0	0	1
-9.729967	29.667002	-47.103306	0	0	0	1
-9.729967	29.667002	-47.103306	0	0	0	1
-9.729967	29.667002	-47.103306	0	0	0	1
-9.729967	29.667002	-47.103306	0	0	0	1
-9.729967	29.667002	-47.103306	0	0	0	1
-9.729967	29.667002	-47.103306	0	0	0	1
-9.729967	29.667002	-47.103306	0	0	0	1
-9.729967	29.667002	-47.103306	0	0	0	1
-9.729967	29.667002	-47.103306	0	0	0	1
-41.437183	-76.867722	-40.854916	0	0	0	1
-91.681862	-96.169876	-37.042374	0	0	0	1
-38.213497	-81.944572	-44.409767	0	0	0	1
-13.453291	-65.991615	-42.912422	0	0	0.90407214	0.42737988
-13.453291	-65.991615	-42.912422	0	0	0.90407214	0.42737988
-13.453291	-65.991615	-42.912422	0	0	0.90407214	0.42737988
-13.453291	-65.991615	-42.912422	0	0	0.90407214	0.42737988
-13.453291	-65.991615	-42.912422	0	0	0.90407214	0.42737988
-13.453291	-65.991615	-42.912422	0	0	0.90407214	0.42737988
-13.453291	-65.991615	-42.912422	0	0	0.90407214	0.42737988
-13.453291	-65.991615	-42.912422	0	0	0.90407214	0.42737988
-13.453291	-65.991615	-42.912422	0	0	0.90407214	0.42737988
-13.453291	-65.991615	-42.912422	0	0	0.90407214	0.42737988
-13.453291	-65.991615	-42.912422	0	0	0.90407214	0.42737988
-13.453291	-65.991615	-42.912422	0	0	0.90407214	0.42737988
12.246008	-0.820871	-35.227859	0	0	-0.87758258	0.4794255
13.124840	-0.585389	-42.559917	0	0	0.99913515	0.041580682
15.110309	-11.510587	-35.227859	0	0	0.97095818	0.23924928
-91.816620	91.438011	-79.534294	0	0	-0.62160997	0.7833269
-151.285889	71.840973	-84.141136	0	0	-0.45359611	0.89120736
22.385792	-35.147732	-42.559917	0	0	0.90407214	0.42737988
9.132916	48.529884	-65.145676	0	0	-0.87758258	0.4794255
23.749228	-37.509274	-38.665543	0	0	0.90407214	0.42737988
29.552568	-27.888000	-34.862999	0	0	0.90407214	0.42737988
33.459930	4.863383	-39.729053	0	0	0	1
-195.416473	16.415924	-86.760162	0	0	-0.070737201	0.99749499
35.491879	5.407841	-40.470978	0	0	0	1
36.571529	5.697133	-40.865189	0	0	0	1
32.438976	4.589818	-61.786221	0	0	-0.95533648	0.29552023
38.837135	6.304200	-41.692429	0	0	-0.98006658	0.19866933
44.744270	-13.688965	-32.708488	0	0	-0.95533648	0.29552023
45.033192	-14.172017	-31.965485	0	0	-0.95533648	0.29552023
46.146160	-19.465542	-35.048725	0	0	0.94222235	0.33498812
48.354168	-12.130374	-31.816051	0	0	0	1
45.168404	-31.373100	-41.019157	0	0	0	1
35.869427	-45.556946	-63.813381	0	0	0.99913515	0.041580682
-199.573364	-57.577702	-87.675377	0	0	0.22720209	0.97384763
15.864327	-95.309235	-70.954765	0	0	0.94222235	0.33498812
-159.599670	-120.202705	-86.641548	0	0	0.50484609	0.86320938
-29.101776	-133.176636	-80.282852	0	0	0.80114363	0.59847213
-93.440865	-146.988068	-83.935692	0	0	0.73739371	0.67546319
42.453156	81.850121	-90.461800	0	0	0	1
92.182381	-6.587829	-43.873562	0	0	0.98999249	0.14112005
73.807106	58.021954	-81.404320	0	0	0	1
89.833946	33.436310	-68.881493	0	0	0	1
76.458984	487.086792	-354.909729	0	0	0	1
76.458984	487.086792	-354.909729	0	0	0	1
76.458984	487.086792	-354.909729	0	0	0	1
76.458984	487.086792	-354.909729	0	0	0	1
76.458984	487.086792	-354.909729	0	0	0	1
76.458984	487.086792	-354.909729	0	0	0	1
76.458984	487.086792	-354.909729	0	0	0	1
76.458984	487.086792	-354.909729	0	0	0	1
76.458984	487.086792	-354.909729	0	0	0	1
76.458984	487.086792	-354.909729	0	0	0	1
76.458984	487.086792	-354.909729	0	0	0	1
76.458984	487.086792	-354.909729	0	0	0	1
76.458984	487.086792	-354.909729	0	0	0	1
76.458984	487.086792	-354.909729	0	0	0	1
76.458984	487.086792	-354.909729	0	0	0	1
76.458984	487.086792	-354.909729	0	0	0	1
76.458984	487.086792	-354.909729	0	0	0	1
76.458984	487.086792	-354.909729	0	0	0	1
76.458984	487.086792	-354.909729	0	0	0	1
76.458984	487.086792	-354.909729	0	0	0	1
