-56.103111	78.596878	4.032920	-0.141593	-179.709198	96.970436	10.772658
-179.709198	96.970436	10.772658	0.458407	-257.424225	0.141160	21.065958
-257.424225	0.141160	21.065958	0.858407	-257.424225	-37.635925	24.371025
-257.424225	-37.635925	24.371025	1.058407	-257.424225	-37.635925	24.371025
-257.424225	-37.635925	24.371025	1.058407	-248.303223	-71.675995	24.371025
-248.303223	-71.675995	24.371025	1.258407	-148.795120	-146.265030	24.371025
-148.795120	-146.265030	24.371025	1.658407	-32.531700	-90.242165	37.458481
-32.531700	-90.242165	37.458481	2.458407	-11.460121	-39.192230	232.035263
-56.103111	78.596878	4.032920	-0.141593	-179.709198	96.970436	10.772658
-179.709198	96.970436	10.772658	0.458407	-257.424225	0.141160	21.065958
-257.424225	0.141160	21.065958	0.858407	-257.424225	-37.635925	24.371025
-257.424225	-37.635925	24.371025	1.058407	-257.424225	-37.635925	24.371025
-257.424225	-37.635925	24.371025	1.058407	-248.303223	-71.675995	24.371025
-248.303223	-71.675995	24.371025	1.258407	-148.795120	-146.265030	24.371025
-148.795120	-146.265030	24.371025	1.658407	-32.531700	-90.242165	37.458481
-32.531700	-90.242165	37.458481	2.458407	-11.460121	-39.192230	232.035263
-56.103111	78.596878	4.032920	-0.141593	-179.709198	96.970436	10.772658
-179.709198	96.970436	10.772658	0.458407	-257.424225	0.141160	21.065958
-257.424225	0.141160	21.065958	0.858407	-257.424225	-37.635925	24.371025
-257.424225	-37.635925	24.371025	1.058407	-257.424225	-37.635925	24.371025
-257.424225	-37.635925	24.371025	1.058407	-248.303223	-71.675995	24.371025
-248.303223	-71.675995	24.371025	1.258407	-148.795120	-146.265030	24.371025
-148.795120	-146.265030	24.371025	1.658407	-32.531700	-90.242165	37.458481
-32.531700	-90.242165	37.458481	2.458407	-11.460121	-39.192230	232.035263
-56.103111	78.596878	4.032920	-0.141593	-179.709198	96.970436	10.772658
-179.709198	96.970436	10.772658	0.458407	-257.424225	0.141160	21.065958
-257.424225	0.141160	21.065958	0.858407	-257.424225	-37.635925	24.371025
-257.424225	-37.635925	24.371025	1.058407	-257.424225	-37.635925	24.371025
-257.424225	-37.635925	24.371025	1.058407	-248.303223	-71.675995	24.371025
-248.303223	-71.675995	24.371025	1.258407	-148.795120	-146.265030	24.371025
-148.795120	-146.265030	24.371025	1.658407	-32.531700	-90.242165	37.458481
-32.531700	-90.242165	37.458481	2.458407	-11.460121	-39.192230	232.035263
-56.103111	78.596878	4.032920	-0.141593	-179.709198	96.970436	10.772658
-179.709198	96.970436	10.772658	0.458407	-257.424225	0.141160	21.065958
-257.424225	0.141160	21.065958	0.858407	-257.424225	-37.635925	24.371025
-257.424225	-37.635925	24.371025	1.058407	-257.424225	-37.635925	24.371025
-257.424225	-37.635925	24.371025	1.058407	-248.303223	-71.675995	24.371025
-248.303223	-71.675995	24.371025	1.258407	-148.795120	-146.265030	24.371025
-148.795120	-146.265030	24.371025	1.658407	-32.531700	-90.242165	37.458481
-32.531700	-90.242165	37.458481	2.458407	-11.460121	-39.192230	232.035263
-56.103111	78.596878	4.032920	-0.141593	-179.709198	96.970436	10.772658
-179.709198	96.970436	10.772658	0.458407	-257.424225	0.141160	21.065958
-257.424225	0.141160	21.065958	0.858407	-257.424225	-37.635925	24.371025
-257.424225	-37.635925	24.371025	1.058407	-257.424225	-37.635925	24.371025
-257.424225	-37.635925	24.371025	1.058407	-248.303223	-71.675995	24.371025
-248.303223	-71.675995	24.371025	1.258407	-148.795120	-146.265030	24.371025
-148.795120	-146.265030	24.371025	1.658407	-32.531700	-90.242165	37.458481
-32.531700	-90.242165	37.458481	2.458407	-11.460121	-39.192230	232.035263
-56.103111	78.596878	4.032920	-0.141593	-179.709198	96.970436	10.772658
-179.709198	96.970436	10.772658	0.458407	-257.424225	0.141160	21.065958
-257.424225	0.141160	21.065958	0.858407	-257.424225	-37.635925	24.371025
-257.424225	-37.635925	24.371025	1.058407	-257.424225	-37.635925	24.371025
-257.424225	-37.635925	24.371025	1.058407	-248.303223	-71.675995	24.371025
-248.303223	-71.675995	24.371025	1.258407	-148.795120	-146.265030	24.371025
-148.795120	-146.265030	24.371025	1.658407	-32.531700	-90.242165	37.458481
-32.531700	-90.242165	37.458481	2.458407	-11.460121	-39.192230	232.035263
-56.103111	78.596878	4.032920	-0.141593	-179.709198	96.970436	10.772658
-179.709198	96.970436	10.772658	0.458407	-257.424225	0.141160	21.065958
-257.424225	0.141160	21.065958	0.858407	-257.424225	-37.635925	24.371025
-257.424225	-37.635925	24.371025	1.058407	-257.424225	-37.635925	24.371025
-257.424225	-37.635925	24.371025	1.058407	-248.303223	-71.675995	24.371025
-248.303223	-71.675995	24.371025	1.258407	-148.795120	-146.265030	24.371025
-148.795120	-146.265030	24.371025	1.658407	-32.531700	-90.242165	37.458481
-32.531700	-90.242165	37.458481	2.458407	-11.460121	-39.192230	232.035263
-56.103111	78.596878	4.032920	-0.141593	-179.709198	96.970436	10.772658
-179.709198	96.970436	10.772658	0.458407	-257.424225	0.141160	21.065958
-257.424225	0.141160	21.065958	0.858407	-257.424225	-37.635925	24.371025
-257.424225	-37.635925	24.371025	1.058407	-257.424225	-37.635925	24.371025
-257.424225	-37.635925	24.371025	1.058407	-248.303223	-71.675995	24.371025
-248.303223	-71.675995	24.371025	1.258407	-148.795120	-146.265030	24.371025
-148.795120	-146.265030	24.371025	1.658407	-32.531700	-90.242165	37.458481
-32.531700	-90.242165	37.458481	2.458407	-11.460121	-39.192230	232.035263
-56.103111	78.596878	4.032920	-0.141593	-179.709198	96.970436	10.772658
-179.709198	96.970436	10.772658	0.458407	-257.424225	0.141160	21.065958
-257.424225	0.141160	21.065958	0.858407	-257.424225	-37.635925	24.371025
-257.424225	-37.635925	24.371025	1.058407	-257.424225	-37.635925	24.371025
-257.424225	-37.635925	24.371025	1.058407	-248.303223	-71.675995	24.371025
-248.303223	-71.675995	24.371025	1.258407	-148.795120	-146.265030	24.371025
-148.795120	-146.265030	24.371025	1.658407	-32.531700	-90.242165	37.458481
-32.531700	-90.242165	37.458481	2.458407	-11.460121	-39.192230	232.035263
-56.103111	78.596878	4.032920	-0.141593	-179.709198	96.970436	10.772658
-179.709198	96.970436	10.772658	0.458407	-257.424225	0.141160	21.065958
-257.424225	0.141160	21.065958	0.858407	-257.424225	-37.635925	24.371025
-257.424225	-37.635925	24.371025	1.058407	-257.424225	-37.635925	24.371025
-257.424225	-37.635925	24.371025	1.058407	-248.303223	-71.675995	24.371025
-248.303223	-71.675995	24.371025	1.258407	-148.795120	-146.265030	24.371025
-148.795120	-146.265030	24.371025	1.658407	-32.531700	-90.242165	37.458481
-32.531700	-90.242165	37.458481	2.458407	-11.460121	-39.192230	232.035263
-56.103111	78.596878	4.032920	-0.141593	-179.709198	96.970436	10.772658
-179.709198	96.970436	10.772658	0.458407	-257.424225	0.141160	21.065958
-257.424225	0.141160	21.065958	0.858407	-257.424225	-37.635925	24.371025
-257.424225	-37.635925	24.371025	1.058407	-257.424225	-37.635925	24.371025
-257.424225	-37.635925	24.371025	1.058407	-248.303223	-71.675995	24.371025
-248.303223	-71.675995	24.371025	1.258407	-148.795120	-146.265030	24.371025
-148.795120	-146.265030	24.371025	1.658407	-32.531700	-90.242165	37.458481
-32.531700	-90.242165	37.458481	2.458407	-11.460121	-39.192230	232.035263
-56.103111	78.596878	4.032920	-0.141593	-179.709198	96.970436	10.772658
-179.709198	96.970436	10.772658	0.458407	-257.424225	0.141160	21.065958
-257.424225	0.141160	21.065958	0.858407	-257.424225	-37.635925	24.371025
-257.424225	-37.635925	24.371025	1.058407	-257.424225	-37.635925	24.371025
-257.424225	-37.635925	24.371025	1.058407	-248.303223	-71.675995	24.371025
-248.303223	-71.675995	24.371025	1.258407	-148.795120	-146.265030	24.371025
-148.795120	-146.265030	24.371025	1.658407	-32.531700	-90.242165	37.458481
-32.531700	-90.242165	37.458481	2.458407	-11.460121	-39.192230	232.035263
-56.103111	78.596878	4.032920	-0.141593	-179.709198	96.970436	10.772658
-179.709198	96.970436	10.772658	0.458407	-257.424225	0.141160	21.065958
-257.424225	0.141160	21.065958	0.858407	-257.424225	-37.635925	24.371025
-257.424225	-37.635925	24.371025	1.058407	-257.424225	-37.635925	24.371025
-257.424225	-37.635925	24.371025	1.058407	-248.303223	-71.675995	24.371025
-248.303223	-71.675995	24.371025	1.258407	-148.795120	-146.265030	24.371025
-148.795120	-146.265030	24.371025	1.658407	-32.531700	-90.242165	37.458481
-32.531700	-90.242165	37.458481	2.458407	-11.460121	-39.192230	232.035263
-56.103111	78.596878	4.032920	-0.141593	-179.709198	96.970436	10.772658
-179.709198	96.970436	10.772658	0.458407	-257.424225	0.141160	21.065958
-257.424225	0.141160	21.065958	0.858407	-257.424225	-37.635925	24.371025
-257.424225	-37.635925	24.371025	1.058407	-257.424225	-37.635925	24.371025
-257.424225	-37.635925	24.371025	1.058407	-248.303223	-71.675995	24.371025
-248.303223	-71.675995	24.371025	1.258407	-148.795120	-146.265030	24.371025
-148.795120	-146.265030	24.371025	1.658407	-32.531700	-90.242165	37.458481
-32.531700	-90.242165	37.458481	2.458407	-11.460121	-39.192230	232.035263
-56.103111	78.596878	4.032920	-0.141593	-179.709198	96.970436	10.772658
-179.709198	96.970436	10.772658	0.458407	-257.424225	0.141160	21.065958
-257.424225	0.141160	21.065958	0.858407	-257.424225	-37.635925	24.371025
-257.424225	-37.635925	24.371025	1.058407	-257.424225	-37.635925	24.371025
-257.424225	-37.635925	24.371025	1.058407	-248.303223	-71.675995	24.371025
-248.303223	-71.675995	24.371025	1.258407	-148.795120	-146.265030	24.371025
-148.795120	-146.265030	24.371025	1.658407	-32.531700	-90.242165	37.458481
-32.531700	-90.242165	37.458481	2.458407	-11.460121	-39.192230	232.035263
-56.103111	78.596878	4.032920	-0.141593	-179.709198	96.970436	10.772658
-179.709198	96.970436	10.772658	0.458407	-257.424225	0.141160	21.065958
-257.424225	0.141160	21.065958	0.858407	-257.424225	-37.635925	24.371025
-257.424225	-37.635925	24.371025	1.058407	-257.424225	-37.635925	24.371025
-257.424225	-37.635925	24.371025	1.058407	-248.303223	-71.675995	24.371025
-248.303223	-71.675995	24.371025	1.258407	-148.795120	-146.265030	24.371025
-148.795120	-146.265030	24.371025	1.658407	-32.531700	-90.242165	37.458481
-32.531700	-90.242165	37.458481	2.458407	-11.460121	-39.192230	232.035263
-56.103111	78.596878	4.032920	-0.141593	-179.709198	96.970436	10.772658
-179.709198	96.970436	10.772658	0.458407	-257.424225	0.141160	21.065958
-257.424225	0.141160	21.065958	0.858407	-257.424225	-37.635925	24.371025
-257.424225	-37.635925	24.371025	1.058407	-257.424225	-37.635925	24.371025
-257.424225	-37.635925	24.371025	1.058407	-248.303223	-71.675995	24.371025
-248.303223	-71.675995	24.371025	1.258407	-148.795120	-146.265030	24.371025
-148.795120	-146.265030	24.371025	1.658407	-32.531700	-90.242165	37.458481
-32.531700	-90.242165	37.458481	2.458407	-11.460121	-39.192230	232.035263
-56.103111	78.596878	4.032920	-0.141593	-179.709198	96.970436	10.772658
-179.709198	96.970436	10.772658	0.458407	-257.424225	0.141160	21.065958
-257.424225	0.141160	21.065958	0.858407	-257.424225	-37.635925	24.371025
-257.424225	-37.635925	24.371025	1.058407	-257.424225	-37.635925	24.371025
-257.424225	-37.635925	24.371025	1.058407	-248.303223	-71.675995	24.371025
-248.303223	-71.675995	24.371025	1.258407	-148.795120	-146.265030	24.371025
-148.795120	-146.265030	24.371025	1.658407	-32.531700	-90.242165	37.458481
-32.531700	-90.242165	37.458481	2.458407	-11.460121	-39.192230	232.035263
-56.103111	78.596878	4.032920	-0.141593	-179.709198	96.970436	10.772658
-179.709198	96.970436	10.772658	0.458407	-257.424225	0.141160	21.065958
-257.424225	0.141160	21.065958	0.858407	-257.424225	-37.635925	24.371025
-257.424225	-37.635925	24.371025	1.058407	-257.424225	-37.635925	24.371025
-257.424225	-37.635925	24.371025	1.058407	-248.303223	-71.675995	24.371025
-248.303223	-71.675995	24.371025	1.258407	-148.795120	-146.265030	24.371025
-148.795120	-146.265030	24.371025	1.658407	-32.531700	-90.242165	37.458481
-32.531700	-90.242165	37.458481	2.458407	-11.460121	-39.192230	232.035263
