-24.488394	-32.239029	69.490250	0	0	-0.070737201	0.99749499
-24.550871	-32.040619	69.679451	0	0	0.90407214	0.42737988
-24.387106	-32.610229	69.236961	0	0	0.90407214	0.42737988
-24.853092	-31.958639	69.872482	0	0	-0.16996714	0.98544973
-24.040129	-32.448238	69.134773	0	0	-0.070737201	0.99749499
-23.699015	-32.374176	68.969765	0	0	-0.070737201	0.99749499
-23.431643	-31.681126	68.988106	0	0	0.90407214	0.42737988
-23.108475	-31.551657	68.872223	0	0	-0.070737201	0.99749499
-22.678679	-31.208139	68.801819	0	0	-0.070737201	0.99749499
-22.401672	-30.962650	68.673531	0	0	-0.070737201	0.99749499
-22.181316	-30.210400	68.645279	0	0	0.90407214	0.42737988
-21.750149	-29.131601	68.827614	0	0	0.90407214	0.42737988
-22.669064	-28.507259	68.805313	0	0	0.80114363	0.59847213
-21.052647	-28.762606	68.848145	0	0	-0.070737201	0.99749499
-20.310732	-28.242350	68.970215	0	0	0.94222235	0.33498812
-30.042963	-29.032097	68.929108	0	0	0.66627604	0.74570519
-29.987904	-28.901546	69.130188	0	0	-0.070737201	0.99749499
-30.157534	-29.278673	68.654015	0	0	-0.16996714	0.98544973
-29.991516	-29.012203	68.533546	0	0	0.58850112	0.8084964
-30.044466	-28.961399	69.348030	0	0	0.85688874	0.51550139
-29.860062	-28.817095	68.347359	0	0	0.58850112	0.8084964
-19.713634	-27.886776	68.994774	0	0	-0.070737201	0.99749499
-29.495255	-28.180298	68.375542	0	0	-0.16996714	0.98544973
-29.348272	-27.949108	68.241859	0	0	0.58850112	0.8084964
-21.315315	-26.331591	69.587563	0	0	0.90407214	0.42737988
-29.085463	-27.509180	68.154579	0	0	0.50484609	0.86320938
-28.899494	-27.211132	68.017097	0	0	0.58850112	0.8084964
-20.869980	-26.297873	69.856316	0	0	0.90407214	0.42737988
-28.517765	-26.552048	68.005150	0	0	-0.16996714	0.98544973
-20.528708	-26.300987	69.543182	0	0	0.90407214	0.42737988
-20.285561	-26.391062	69.573944	0	0	-0.070737201	0.99749499
-20.170309	-26.416109	69.567947	0	0	-0.070737201	0.99749499
-20.372383	-26.260439	69.525177	0	0	-0.070737201	0.99749499
-19.923573	-26.461533	69.620262	0	0	-0.070737201	0.99749499
-19.775446	-26.536852	69.678909	0	0	0.90407214	0.42737988
-19.576580	-26.574827	69.764519	0	0	-0.070737201	0.99749499
-19.397945	-26.604340	69.852890	0	0	0.90407214	0.42737988
-27.957642	-25.547703	68.200516	0	0	-0.16996714	0.98544973
-27.922634	-25.474108	68.274574	0	0	0.73739371	0.67546319
-18.861134	-27.369961	71.980011	0	0	-0.070737201	0.99749499
-27.622271	-24.969631	68.184464	0	0	0.50484609	0.86320938
-16.445557	-34.394100	69.490250	0	0	0.94222235	0.33498812
-16.400139	-34.224602	69.679451	0	0	0.32328956	0.94630009
-16.467831	-34.477230	69.134773	0	0	0.90407214	0.42737988
-16.531572	-34.715115	69.236961	0	0	0.22720209	0.97384763
-16.399889	-34.223667	69.872482	0	0	0.94222235	0.33498812
-16.426466	-34.322853	68.969765	0	0	0.90407214	0.42737988
-16.235292	-33.609383	68.988106	0	0	0.22720209	0.97384763
-16.181276	-33.407795	68.872223	0	0	0.94222235	0.33498812
-16.066607	-32.979839	68.801819	0	0	0.80114363	0.59847213
-27.218178	-24.254333	68.272400	0	0	-0.16996714	0.98544973
-15.986678	-32.681541	68.673531	0	0	0.73739371	0.67546319
-15.783854	-31.924595	68.645279	0	0	0.22720209	0.97384763
-26.914551	-23.729326	68.267311	0	0	0.58850112	0.8084964
-15.485272	-30.810270	68.827614	0	0	0.73739371	0.67546319
-26.700369	-23.222528	69.043549	0	0	-0.16996714	0.98544973
-15.390742	-30.457479	68.805313	0	0	0.80114363	0.59847213
-15.346299	-30.291616	68.848145	0	0	0.029199523	0.9995736
-26.592216	-22.994139	69.278236	0	0	-0.16996714	0.98544973
-26.482748	-22.863422	68.941681	0	0	-0.070737201	0.99749499
-26.461596	-22.825327	68.950020	0	0	0.85688874	0.51550139
-26.442438	-22.794893	68.934319	0	0	0.85688874	0.51550139
-26.423996	-22.766539	68.913818	0	0	0.85688874	0.51550139
-15.166536	-29.620733	68.970215	0	0	0.97095818	0.23924928
-26.402802	-22.720749	68.965706	0	0	0.85688874	0.51550139
-26.401703	-22.711182	69.009506	0	0	0.029199523	0.9995736
-26.373610	-22.650562	69.077858	0	0	0.85688874	0.51550139
-26.698946	-22.844797	71.188210	0	0	-0.16996714	0.98544973
-26.347260	-22.592152	69.150848	0	0	0.029199523	0.9995736
-15.037645	-29.139704	68.994774	0	0	0.029199523	0.9995736
-14.756141	-28.089115	69.587563	0	0	0.94222235	0.33498812
-14.851335	-28.444384	71.980011	0	0	0.029199523	0.9995736
-14.717879	-27.946323	69.856316	0	0	0.029199523	0.9995736
-14.704305	-27.895660	69.678909	0	0	0.66627604	0.74570519
-14.702028	-27.887165	69.573944	0	0	0.94222235	0.33498812
-14.700570	-27.881721	69.567947	0	0	0.029199523	0.9995736
-14.700478	-27.881376	69.764519	0	0	0.029199523	0.9995736
-14.695798	-27.863911	69.543182	0	0	0.41614682	0.90929743
-14.695397	-27.862419	69.620262	0	0	0.029199523	0.9995736
-14.695889	-27.864252	69.852890	0	0	0.80114363	0.59847213
-14.675188	-27.786997	69.525177	0	0	0.94222235	0.33498812
-13.453060	-13.681537	64.947151	0	0	0.85688874	0.51550139
-35.912464	-12.451958	67.491295	0	0	0.41614682	0.90929743
-35.882393	-12.413845	67.696693	0	0	0.029199523	0.9995736
-35.984825	-12.522391	67.207626	0	0	0.029199523	0.9995736
-36.082787	-12.508241	67.907539	0	0	0.41614682	0.90929743
-35.649887	-12.339550	67.103333	0	0	0.32328956	0.94630009
-35.354412	-12.186436	66.930336	0	0	0.32328956	0.94630009
-34.856354	-11.892949	66.989044	0	0	0.029199523	0.9995736
-34.552696	-11.729685	66.869743	0	0	0.32328956	0.94630009
-11.621318	-13.681537	65.107407	0	0	0.85688874	0.51550139
-34.078857	-11.462449	66.807045	0	0	0.32328956	0.94630009
-33.759518	-11.290288	66.686165	0	0	0.32328956	0.94630009
-33.269344	-11.005372	66.705132	0	0	0.1288445	0.99166481
-2.111619	-26.243191	69.490250	0	0	0.90407214	0.42737988
-2.165407	-26.042452	69.679451	0	0	0.73739371	0.67546319
-2.012035	-26.614847	69.236961	0	0	0.73739371	0.67546319
-2.029289	-26.550451	69.134773	0	0	0.90407214	0.42737988
-2.206147	-25.890409	69.872482	0	0	0.85688874	0.51550139
-2.180306	-25.986849	68.988106	0	0	0.66627604	0.74570519
-2.024954	-26.566631	68.969765	0	0	0.90407214	0.42737988
-2.191026	-25.946842	68.872223	0	0	0.90407214	0.42737988
-2.248114	-25.733786	68.801819	0	0	0.90407214	0.42737988
-2.290930	-25.573994	68.673531	0	0	0.90407214	0.42737988
-32.911148	-10.767447	67.013176	0	0	0.66627604	0.74570519
-2.464232	-24.927221	68.645279	0	0	0.66627604	0.74570519
-10.944253	-13.862956	65.107407	0	0	0.90407214	0.42737988
-32.489479	-10.530533	66.948471	0	0	0.029199523	0.9995736
-2.705049	-24.028482	68.827614	0	0	0.66627604	0.74570519
-2.750574	-23.858580	68.848145	0	0	0.94222235	0.33498812
-2.830939	-23.558653	68.970215	0	0	0.66627604	0.74570519
-2.879835	-23.376173	68.994774	0	0	0.94222235	0.33498812
-2.922690	-23.216234	68.805313	0	0	0.85688874	0.51550139
-31.807354	-10.134905	66.966316	0	0	0.32328956	0.94630009
-2.951931	-23.107103	71.980011	0	0	0.99913515	0.041580682
-3.179297	-22.258566	69.852890	0	0	0.73739371	0.67546319
-3.198641	-22.186373	69.764519	0	0	0.90407214	0.42737988
-3.221456	-22.101225	69.678909	0	0	0.73739371	0.67546319
-3.250209	-21.993919	69.620262	0	0	0.90407214	0.42737988
-3.278093	-21.889853	69.567947	0	0	0.90407214	0.42737988
-3.292075	-21.837671	69.573944	0	0	0.90407214	0.42737988
-31.031242	-9.673881	67.094368	0	0	0.029199523	0.9995736
-30.992290	-9.570578	67.894310	0	0	0.32328956	0.94630009
-3.330547	-21.694092	69.525177	0	0	0.90407214	0.42737988
-3.330881	-21.692844	69.543182	0	0	0.73739371	0.67546319
-3.354521	-21.604620	69.856316	0	0	0.66627604	0.74570519
-3.375923	-21.524746	69.587563	0	0	0.50484609	0.86320938
-30.654621	-9.350377	68.144226	0	0	0.1288445	0.99166481
-30.430553	-9.324529	67.119553	0	0	0.32328956	0.94630009
-30.385763	-9.228067	67.818420	0	0	0.029199523	0.9995736
-18.448746	-9.739720	64.417679	0	0	0.66627604	0.74570519
-30.250017	-9.151876	67.796814	0	0	0.41614682	0.90929743
-30.242985	-9.144300	67.831619	0	0	0.41614682	0.90929743
-30.166830	-9.101628	67.818787	0	0	0.41614682	0.90929743
-12.554217	-17.798153	54.673332	0	0	0.029199523	0.9995736
-30.003099	-9.003282	67.856567	0	0	0.41614682	0.90929743
-29.926636	-8.954477	67.902679	0	0	0.029199523	0.9995736
-29.797144	-8.872293	67.976151	0	0	0.41614682	0.90929743
-29.679348	-8.796431	68.053879	0	0	0.029199523	0.9995736
-29.697067	-8.601575	70.083969	0	0	0.50484609	0.86320938
-13.384903	-10.686342	64.168114	0	0	0.58850112	0.8084964
-5.869945	-16.523563	64.688744	0	0	0.32328956	0.94630009
-13.467751	-8.852333	67.023491	0	0	0.029199523	0.9995736
-14.065933	-8.254150	67.023491	0	0	0.029199523	0.9995736
-16.885624	-6.626201	66.738632	0	0	-0.16996714	0.98544973
-9.751164	-9.410289	67.023491	0	0	0.41614682	0.90929743
-5.889062	-12.145583	65.107407	0	0	0.97095818	0.23924928
-2.712813	-20.379475	55.473831	0	-0	-1	-4.371139e-08
-6.532471	-9.744349	66.716515	0	0	0.80114363	0.59847213
-11.803117	-18.300703	46.088219	0	0	0.029199523	0.9995736
-16.106251	-7.484124	54.120785	0	0	-0.16996714	0.98544973
-18.072866	-2.507129	63.978535	0	0	-0.45359611	0.89120736
-17.661875	-2.025797	66.394279	0	0	-0.26749883	0.96355818
1.481016	-15.465767	65.227295	0	0	0.50484609	0.86320938
-2.003546	-9.754182	69.490250	0	0	0.94222235	0.33498812
-2.133989	-9.623738	69.679451	0	0	0.90407214	0.42737988
-1.767302	-9.990425	69.236961	0	0	0.90407214	0.42737988
-2.275667	-9.482060	69.852890	0	0	0.90407214	0.42737988
-1.913055	-9.844673	68.970215	0	0	0.90407214	0.42737988
-1.792293	-9.965434	68.994774	0	0	0.97095818	0.23924928
-1.674810	-10.082918	69.134773	0	0	0.94222235	0.33498812
-2.326090	-9.431638	69.872482	0	0	0.94222235	0.33498812
-2.379740	-9.377987	69.764519	0	0	0.94222235	0.33498812
-1.754122	-10.003606	68.988106	0	0	0.90407214	0.42737988
-2.023885	-9.733843	68.848145	0	0	0.97095818	0.23924928
-2.188138	-9.569590	68.827614	0	0	0.90407214	0.42737988
-2.498161	-9.259567	69.678909	0	0	0.90407214	0.42737988
-1.657273	-10.100454	68.872223	0	0	0.94222235	0.33498812
-1.541282	-10.216445	68.969765	0	0	0.94222235	0.33498812
-2.609883	-9.147844	69.620262	0	0	0.94222235	0.33498812
-1.864323	-9.893405	68.645279	0	0	0.90407214	0.42737988
-1.614134	-10.143594	68.801819	0	0	0.97095818	0.23924928
-1.598374	-10.159353	68.673531	0	0	0.97095818	0.23924928
-2.755964	-9.001763	69.567947	0	0	0.94222235	0.33498812
-2.826113	-8.931615	69.573944	0	0	0.94222235	0.33498812
-2.934837	-8.822891	69.525177	0	0	0.94222235	0.33498812
-2.992724	-8.765003	69.543182	0	0	0.90407214	0.42737988
-2.959766	-8.797961	68.805313	0	0	0.94222235	0.33498812
-3.164917	-8.592811	69.856316	0	0	0.90407214	0.42737988
-3.370726	-8.387002	69.587563	0	0	0.85688874	0.51550139
-1.624449	-10.133278	71.980011	0	0	0.97095818	0.23924928
-3.655569	-8.102159	66.366478	0	0	0.98999249	0.14112005
-3.745260	-8.012467	64.966057	0	0	0.98999249	0.14112005
-13.945707	-2.028000	63.916073	0	0	0.22720209	0.97384763
-9.145978	-15.789935	92.924553	0	0	0.58850112	0.8084964
1.758170	-17.798153	55.925503	0	0	-0.99500417	0.099833397
-17.197559	-10.892812	45.442604	0	0	-0.16996714	0.98544973
-4.366716	-18.300703	46.738819	0	-0	-1	-4.371139e-08
-4.248304	-18.268974	46.738819	0	-0	-1	-4.371139e-08
-24.488394	2.103200	66.485695	0	0	0.029199523	0.9995736
-24.550871	2.121135	66.690689	0	0	-0.070737201	0.99749499
-24.387106	2.078389	66.202103	0	0	-0.070737201	0.99749499
-24.853092	2.138517	66.889366	0	0	0.029199523	0.9995736
-24.040129	2.070748	66.114754	0	0	0.029199523	0.9995736
-23.699015	2.056983	65.957428	0	0	0.029199523	0.9995736
-23.431643	2.063841	66.035805	0	0	-0.070737201	0.99749499
-23.108475	2.054763	65.932045	0	0	0.029199523	0.9995736
-22.669064	2.072078	66.129967	0	0	-0.69670669	0.71735611
-22.678679	2.051259	65.891998	0	0	0.029199523	0.9995736
-22.401672	2.041985	65.785995	0	0	0.029199523	0.9995736
-22.181316	2.045247	65.823280	0	0	-0.070737201	0.99749499
-21.750149	2.069272	66.097893	0	0	-0.070737201	0.99749499
-21.315315	2.156523	67.095177	0	0	0.1288445	0.99166481
-21.052647	2.073858	66.150307	0	0	0.029199523	0.9995736
-20.869980	2.180114	67.364815	0	0	-0.070737201	0.99749499
-20.528708	2.152902	67.053787	0	0	-0.070737201	0.99749499
-20.372383	2.151647	67.039436	0	0	0.029199523	0.9995736
-20.310732	2.088408	66.316612	0	0	-0.070737201	0.99749499
-20.285561	2.154889	67.076492	0	0	0.029199523	0.9995736
-20.170309	2.154178	67.068375	0	0	0.029199523	0.9995736
-19.923573	2.158375	67.116341	0	0	0.029199523	0.9995736
-19.775446	2.162895	67.168007	0	0	-0.070737201	0.99749499
-19.713634	2.093241	66.371857	0	0	0.029199523	0.9995736
-19.576580	2.170040	67.249672	0	0	0.029199523	0.9995736
-19.397945	2.177488	67.334808	0	0	-0.070737201	0.99749499
-2.332257	-5.139814	68.187111	0	0	0.97095818	0.23924928
-2.316716	-5.143978	68.364738	0	0	0.97095818	0.23924928
-2.347857	-5.135634	68.008804	0	0	0.97095818	0.23924928
-2.352712	-5.134333	67.953308	0	0	0.97095818	0.23924928
-2.311739	-5.145312	68.421631	0	0	0.97095818	0.23924928
-2.353797	-5.134042	67.940903	0	0	0.97095818	0.23924928
-2.310139	-5.145741	68.439911	0	0	0.97095818	0.23924928
-2.309681	-5.145863	68.445152	0	0	0.97095818	0.23924928
-2.359275	-5.132575	67.878296	0	0	0.97095818	0.23924928
-2.304983	-5.147122	68.498856	0	0	0.97095818	0.23924928
-2.304577	-5.147231	68.503494	0	0	0.97095818	0.23924928
-2.302427	-5.147807	68.528069	0	0	0.97095818	0.23924928
-2.298072	-5.148974	68.577850	0	0	0.97095818	0.23924928
-2.368943	-5.129984	67.767784	0	0	0.97095818	0.23924928
-2.368964	-5.129979	67.767540	0	0	0.97095818	0.23924928
-2.371155	-5.129392	67.742508	0	0	0.97095818	0.23924928
-2.291705	-5.150680	68.650627	0	0	0.97095818	0.23924928
-2.375291	-5.128284	67.695229	0	0	0.97095818	0.23924928
-2.376809	-5.127876	67.677879	0	0	0.97095818	0.23924928
-2.285105	-5.152448	68.726051	0	0	0.97095818	0.23924928
-2.380355	-5.126926	67.637352	0	0	0.97095818	0.23924928
-2.282689	-5.153096	68.753677	0	0	0.97095818	0.23924928
-2.385473	-5.125555	67.578850	0	0	0.97095818	0.23924928
-2.389883	-5.124373	67.528442	0	0	0.97095818	0.23924928
-2.273604	-5.155530	68.857521	0	0	0.97095818	0.23924928
-2.392192	-5.123755	67.502052	0	0	0.97095818	0.23924928
-18.861134	2.356358	69.379295	0	0	0.1288445	0.99166481
-2.515979	-5.090586	66.087158	0	0	-0.99500417	0.099833397
-2.083386	-5.206499	71.031715	0	0	0.97095818	0.23924928
-2.652650	-5.053965	64.525002	0	0	0.99913515	0.041580682
-12.475329	0.717602	63.909168	0	0	-0.26749883	0.96355818
3.899297	-15.657024	55.925503	0	0	-0.98006658	0.19866933
-14.065933	2.071218	66.120140	0	0	-0.36235775	0.93203909
4.240418	-10.686342	65.710129	0	0	0.73739371	0.67546319
-15.870135	-5.629959	92.574440	0	0	0.32328956	0.94630009
-11.623633	-9.301167	44.036713	0	0	0.80114363	0.59847213
-3.319464	-2.267017	66.935585	0	-0	-1	-4.371139e-08
-3.317357	-2.266452	66.959679	0	0	-0.99500417	0.099833397
-3.324744	-2.268432	66.875237	0	-0	-1	-4.371139e-08
-3.303116	-2.262636	67.122444	0	0	-0.99500417	0.099833397
-3.341430	-2.272902	66.684517	0	-0	-1	-4.371139e-08
-3.342028	-2.273063	66.677681	0	-0	-1	-4.371139e-08
-3.347333	-2.274484	66.617043	0	0	-0.99500417	0.099833397
-3.349855	-2.275160	66.588211	0	-0	-1	-4.371139e-08
-3.288494	-2.258718	67.289581	0	-0	-1	-4.371139e-08
-3.353880	-2.276239	66.542206	0	0	-0.99500417	0.099833397
-3.357497	-2.277208	66.500870	0	-0	-1	-4.371139e-08
-3.358912	-2.277587	66.484695	0	-0	-1	-4.371139e-08
-3.361220	-2.278205	66.458321	0	0	-0.99500417	0.099833397
-3.363368	-2.278781	66.433769	0	0	-0.99500417	0.099833397
-3.274912	-2.255079	67.444817	0	0	-0.99500417	0.099833397
-3.273023	-2.254573	67.466415	0	-0	-1	-4.371139e-08
-3.272729	-2.254494	67.469765	0	-0	-1	-4.371139e-08
-3.268397	-2.253334	67.519287	0	0	-0.99500417	0.099833397
-3.268094	-2.253252	67.522758	0	0	-0.99500417	0.099833397
-3.371145	-2.280865	66.344864	0	0	-0.99500417	0.099833397
-3.371897	-2.281066	66.336273	0	-0	-1	-4.371139e-08
-3.261773	-2.251559	67.595001	0	0	-0.99500417	0.099833397
-3.255712	-2.249935	67.664276	0	-0	-1	-4.371139e-08
-3.248141	-2.247906	67.750816	0	-0	-1	-4.371139e-08
-3.246851	-2.247560	67.765556	0	-0	-1	-4.371139e-08
-3.237886	-2.245158	67.868027	0	-0	-1	-4.371139e-08
-3.405603	-2.290098	65.951019	0	0	-0.99500417	0.099833397
-3.564355	-2.332635	64.136467	0	-0	-1	-4.371139e-08
-11.621318	1.863629	63.747383	0	0	-0.69670669	0.71735611
-3.050784	-2.195024	70.006615	0	-0	-1	-4.371139e-08
-9.655359	1.910429	64.282303	0	0	-0.69670669	0.71735611
-7.631625	-9.917192	44.371525	0	0	0.94222235	0.33498812
-11.834926	0.077199	53.910072	0	0	-0.45359611	0.89120736
-6.869475	1.344322	66.136284	0	0	0	1
-6.869411	1.344563	66.139030	0	0	0	1
-6.871095	1.338277	66.067184	0	0	0	1
-6.864642	1.362361	66.342461	0	0	0	1
-6.875396	1.322225	65.883713	0	0	0	1
-6.876000	1.319971	65.857948	0	0	0	1
-6.876753	1.317159	65.825798	0	0	0	1
-6.877004	1.316223	65.815109	0	0	0	1
-6.877857	1.313039	65.778717	0	0	0	1
-6.860151	1.379118	66.534004	0	0	0	1
-6.879375	1.307374	65.713959	0	0	0	1
-6.881357	1.299977	65.629410	0	0	0	1
-6.881630	1.298958	65.617767	0	0	0	1
-6.882334	1.296331	65.587738	0	0	0	1
-6.883673	1.291334	65.530624	0	0	0	1
-6.854193	1.401356	66.788177	0	0	0	1
-6.884666	1.287626	65.488235	0	0	0	1
-6.853942	1.402292	66.798889	0	0	0	1
-6.853405	1.404297	66.821793	0	0	0	1
-6.853401	1.404312	66.821968	0	0	0	1
-6.853277	1.404773	66.827232	0	0	0	1
-6.852146	1.408993	66.875481	0	0	0	1
-6.850855	1.413812	66.930557	0	0	0	1
-6.848834	1.421358	67.016800	0	0	0	1
-6.846840	1.428795	67.101814	0	0	0	1
-6.846741	1.429165	67.106041	0	0	0	1
-6.897801	1.238606	64.927933	0	0	0	1
-4.556670	0.058748	66.145149	0	0	-0.95533648	0.29552023
-4.556448	0.058971	66.148621	0	0	-0.95533648	0.29552023
-4.551011	0.064407	66.233498	0	0	-0.95533648	0.29552023
-4.544097	0.071321	66.341454	0	0	-0.95533648	0.29552023
-4.569337	0.046081	65.947365	0	0	-0.95533648	0.29552023
-4.573383	0.042035	65.884193	0	0	-0.87758258	0.4794255
-4.573858	0.041560	65.876778	0	0	-0.95533648	0.29552023
-4.574980	0.040438	65.859253	0	0	-0.95533648	0.29552023
-4.577596	0.037823	65.818420	0	0	-0.95533648	0.29552023
-4.578279	0.037140	65.807755	0	0	-0.95533648	0.29552023
-4.532732	0.082687	66.518913	0	0	-0.95533648	0.29552023
-4.581999	0.033419	65.749664	0	0	-0.95533648	0.29552023
-4.587071	0.028347	65.670464	0	0	-0.95533648	0.29552023
-4.587519	0.027899	65.663483	0	0	-0.95533648	0.29552023
-4.588845	0.026573	65.642769	0	0	-0.95533648	0.29552023
-4.592230	0.023188	65.589920	0	0	-0.95533648	0.29552023
-4.592706	0.022712	65.582481	0	0	-0.95533648	0.29552023
-4.594869	0.020549	65.548721	0	0	-0.95533648	0.29552023
-4.513543	0.101875	66.818512	0	0	-0.95533648	0.29552023
-4.513381	0.102037	66.821053	0	0	-0.95533648	0.29552023
-4.513038	0.102380	66.826401	0	0	-0.95533648	0.29552023
-4.510475	0.104943	66.866425	0	0	-0.95533648	0.29552023
-4.510461	0.104957	66.866638	0	0	-0.95533648	0.29552023
-4.506332	0.109086	66.931099	0	0	-0.95533648	0.29552023
-4.502311	0.113107	66.993896	0	0	-0.95533648	0.29552023
-4.496218	0.119200	67.089027	0	0	-0.95533648	0.29552023
-4.494522	0.120897	67.115509	0	0	-0.95533648	0.29552023
-4.489997	0.125421	67.186157	0	0	-0.95533648	0.29552023
-6.926555	1.131297	63.701397	0	0	0	1
-8.117280	2.049219	65.982613	0	0	-0.76484218	0.64421769
-4.707238	-0.091819	63.794220	0	0	-0.95533648	0.29552023
-6.798547	1.609029	69.161896	0	0	0	1
-4.355803	0.259615	69.281433	0	0	-0.87758258	0.4794255
-6.564640	-9.301167	44.479317	0	0	0.97095818	0.23924928
-13.722355	-5.168659	43.756222	0	0	-0.16996714	0.98544973
5.186764	-7.154530	65.710129	0	0	0.80114363	0.59847213
1.088130	-12.845857	46.738819	0	0	-0.98006658	0.19866933
-5.252832	-0.637414	55.275452	0	0	-0.95533648	0.29552023
-9.414735	1.012408	54.017872	0	0	0	1
-2.464751	-2.037997	55.925503	0	0	-0.98006658	0.19866933
-7.141131	0.330486	54.548077	0	0	0	1
-16.556187	-1.328524	93.753998	0	0	-0.070737201	0.99749499
-13.805684	-1.951932	45.087212	0	0	0.32328956	0.94630009
-4.510600	-7.247128	44.479317	0	-0	-1	-4.371139e-08
4.648748	-7.010369	55.925503	0	0	-0.99500417	0.099833397
1.629170	-0.941034	65.710129	0	0	0.94222235	0.33498812
-10.721086	-15.252076	33.720539	0	0	0.97095818	0.23924928
-5.112642	-2.747497	46.439472	0	0	-0.99500417	0.099833397
-0.940211	-5.512812	46.738819	0	0	-0.92106097	0.38941839
-4.413209	-4.582224	44.401714	0	0	-0.98006658	0.19866933
-11.492899	-0.765173	43.616982	0	0	-0.45359611	0.89120736
-5.863380	-1.247962	45.742512	0	0	-0.87758258	0.4794255
-5.307093	-2.799601	44.216881	0	0	-0.99500417	0.099833397
-9.203444	0.223861	45.004742	0	0	-0.76484218	0.64421769
-7.359099	-0.482980	45.250118	0	0	0	1
-5.979242	-1.363824	43.933468	0	0	-0.95533648	0.29552023
-9.170413	0.100584	43.595684	0	0	-0.76484218	0.64421769
-7.394527	-0.615199	43.738846	0	0	0	1
-14.553131	2.795403	96.351418	0	0	-0.26749883	0.96355818
2.341090	-25.090227	32.368759	0	0	0	1
-2.752485	-15.910395	30.325626	0	0	0	1
-4.502318	-12.886631	30.365831	0	0	0	1
-5.350488	-11.420968	30.385319	0	0	0	1
-10.516199	-6.065125	31.378674	0	0	0	1
-11.691339	-3.821048	31.353399	0	0	0	1
-11.171030	-2.771472	32.201374	0	0	0.22720209	0.97384763
-8.840171	-6.010415	30.617306	0	0	0	1
-10.474249	-4.184136	30.899187	0	0	0	1
-10.484953	5.006516	99.670738	0	0	-0.62160997	0.7833269
-9.241445	-4.697276	30.474718	0	0	0	1
-9.267562	-4.652144	30.475317	0	0	0	1
-6.164728	-7.470597	29.781012	0	0	0	1
-11.050003	-2.803901	30.818029	0	0	0	1
-5.543547	-7.809621	29.586843	0	0	-0.99500417	0.099833397
-2.849732	-9.279831	28.744806	0	0	0	1
-10.313588	-1.444139	30.156300	0	0	0	1
-13.933908	2.176180	30.885120	0	0	0	1
-8.838174	-1.139347	29.423201	0	0	0	1
0.666827	-11.199071	27.645597	0	0	0	1
-7.737303	-1.894456	29.116882	0	0	0	1
0.912439	-11.333119	27.568823	0	0	0	1
-7.709188	-1.789529	29.078632	0	0	0	1
-17.534052	5.776325	31.609880	0	0	0	1
2.600963	-12.254669	27.041021	0	0	0	1
-22.597113	10.839385	35.448971	0	0	-0.82533563	0.56464246
-19.580969	7.823241	32.021954	0	0	0	1
-5.325037	-0.709619	27.750116	0	0	0	1
5.372811	-13.767467	26.174595	0	0	0	1
5.913929	-14.062795	26.005451	0	0	0	1
25.945988	-32.507576	94.101357	0	0	0.97095818	0.23924928
-6.879689	1.306203	27.950121	0	0	0	1
6.674626	-14.477962	25.767672	0	0	0	1
-10.380031	4.614940	28.701725	0	0	0	1
7.129617	-14.726283	25.625450	0	0	0.66627604	0.74570519
7.888923	-15.140692	25.388105	0	0	0	1
-11.131574	7.419735	28.350058	0	0	0	1
3.862407	-6.091866	24.968437	0	0	0	1
-11.275338	7.956271	28.282785	0	0	0	1
-12.182230	11.340840	28.409201	0	0	-0.76484218	0.64421769
13.300368	-6.378194	28.241192	0	0	-0.98006658	0.19866933
-1.170916	3.444502	24.878653	0	0	0	1
17.351295	-26.084536	23.846098	0	0	0	1
9.633419	-8.645597	23.018549	0	0	0	1
-5.184020	7.634528	25.643208	0	0	0	1
9.676438	-8.357534	22.928787	0	0	0	1
-12.601611	12.905990	27.662186	0	0	0	1
9.110388	-5.882477	22.575113	0	0	0	1
0.226884	4.842302	23.912449	0	0	-0.95533648	0.29552023
8.995403	-4.969710	22.402836	0	0	0	1
10.925513	-5.810055	21.747330	0	0	0	1
6.728904	0.425435	22.092724	0	0	0	1
7.225306	0.558446	21.838610	0	0	0	1
12.171694	-5.760334	21.179014	0	0	-0.99500417	0.099833397
12.514604	-5.746652	21.022631	0	0	0.98999249	0.14112005
6.618011	2.344462	21.672129	0	0	0	1
13.011251	-5.726836	20.796137	0	-0	-1	-4.371139e-08
-3.919116	12.355210	23.922340	0	0	0	1
8.694266	0.952053	21.086636	0	0	0	1
20.717661	-6.191222	26.104088	0	0	0.94222235	0.33498812
14.836366	-5.654016	19.963799	0	0	0	1
15.105347	-5.643284	19.841131	0	0	0.98999249	0.14112005
1.824608	10.084538	21.915293	0	0	0	1
18.834137	-10.811333	19.930517	0	0	0.85688874	0.51550139
12.547218	-0.829250	19.803513	0	0	0	1
11.238404	1.633752	19.784266	0	0	0	1
-15.259032	22.823620	26.418707	0	0	0	1
10.099854	4.545662	19.781898	0	0	0	1
5.281166	9.896585	20.418764	0	0	0	1
-2.597609	17.287144	22.124464	0	0	0	1
-2.486989	17.699980	21.973970	0	0	-0.45359611	0.89120736
29.148350	-26.885105	20.144533	0	0	0	1
13.548534	6.515665	19.990704	0	0	0	1
12.535656	8.290647	19.973358	0	0	0	1
14.204644	6.890457	20.030428	0	0	0	1
4.351202	14.922326	19.689112	0	0	0	1
4.095623	15.075453	19.679228	0	0	0	1
8.110167	12.725585	19.835527	0	0	0	1
-0.318483	25.792957	28.409201	0	0	-0.95533648	0.29552023
10.936997	12.616720	19.974472	0	0	0	1
-1.612571	20.963354	20.784346	0	0	0	1
9.470716	14.086133	19.928804	0	0	0	1
25.166176	12.451285	27.630812	0	0	-0.76484218	0.64421769
21.151413	10.858685	20.451029	0	0	0	1
20.717661	20.156340	28.409201	0	0	-0.69670669	0.71735611
18.129292	22.744709	28.409201	0	0	-0.62160997	0.7833269
2.877713	37.721321	99.704811	0	0	-0.82533563	0.56464246
-19.985868	40.464417	33.119705	0	0	-0.92106097	0.38941839
-19.159378	37.379910	24.593628	0	0	0	1
1.234423	31.588482	20.266968	0	0	-0.92106097	0.38941839
32.353184	16.382994	29.785892	0	0	-0.87758258	0.4794255
-19.666073	39.270916	24.356533	0	0	0	1
28.565105	15.093637	20.899900	0	0	0	1
12.112075	28.253239	20.325275	0	0	-0.82533563	0.56464246
10.782107	29.029980	20.273462	0	0	-0.87758258	0.4794255
44.293472	-5.838045	22.067259	0	0	-0.95533648	0.29552023
57.969875	-12.360106	96.614754	0	0	-0.99500417	0.099833397
-22.619001	50.291397	28.546545	0	0	-0.82533563	0.56464246
6.491427	51.207890	33.119705	0	0	-0.92106097	0.38941839
5.336651	46.898205	23.376444	0	0	-0.98006658	0.19866933
13.300368	49.383438	33.119705	0	0	-0.92106097	0.38941839
11.134792	45.344597	23.376444	0	0	-0.99500417	0.099833397
22.458097	44.096218	32.194561	0	0	-0.87758258	0.4794255
19.436169	40.551796	22.537813	0	0	-0.99500417	0.099833397
38.156937	42.772358	99.704811	0	0	-0.98006658	0.19866933
63.847332	-5.855608	22.268007	0	0	0.98999249	0.14112005
57.969875	22.959421	99.704811	0	0	-0.99500417	0.099833397
-28.125652	70.842499	27.840990	0	0	-0.26749883	0.96355818
63.553085	34.861916	25.176550	0	0	-0.92106097	0.38941839
82.800690	-5.938171	23.211699	0	0	0	1
13.276848	76.531425	28.546545	0	0	-0.45359611	0.89120736
44.293476	68.220543	28.546545	0	0	0.99913515	0.041580682
15.375562	84.363930	21.536570	0	0	-0.45359611	0.89120736
90.641907	50.553997	24.658421	0	0	0	1
91.619133	51.112221	24.717588	0	0	0	1
83.046967	66.134178	24.570795	0	0	0.98999249	0.14112005
72.294342	76.909767	24.235907	0	0	0	1
21.793785	108.317070	22.304268	0	0	0	1
64.198441	96.893837	24.205593	0	-0	-1	-4.371139e-08
-22.295273	-17.679855	233.886627	0	0	0.32328956	0.94630009
-28.216885	-8.938261	233.698441	0	0	0.22720209	0.97384763
-29.021477	2.011541	236.232910	0	0	0.029199523	0.9995736
33.595791	-51.190552	235.319992	0	0	0.99913515	0.041580682
-23.806013	12.048286	240.823532	0	0	-0.26749883	0.96355818
-15.309685	23.012657	245.754257	0	0	-0.36235775	0.93203909
93.227852	-24.819397	239.025101	0	0	0.99913515	0.041580682
12.523495	73.719872	245.754257	0	0	-0.26749883	0.96355818
102.846794	35.434711	244.071167	0	0	0.99913515	0.041580682
70.353821	74.969238	245.754257	0	0	0.99913515	0.041580682
93.227852	52.095203	245.754257	0	0	0.99913515	0.041580682
