-149.525040	-11.443147	-1.136907	0.858407	-211.137161	-99.728004	-0.998437
-211.137161	-99.728004	-0.998437	1.458407	-209.165131	-172.010086	-35.908180
-209.165131	-172.010086	-35.908180	1.658407	-182.555969	-206.443314	-87.086609
-182.555969	-206.443314	-87.086609	1.658407	-154.069397	-209.067001	-126.765648
-154.069397	-209.067001	-126.765648	1.658407	-110.561768	-216.883499	-134.259659
-110.561768	-216.883499	-134.259659	1.658407	-10.978004	-180.995193	-117.585396
-10.978004	-180.995193	-117.585396	2.058407	22.411268	-91.486549	-74.688858
22.411268	-91.486549	-74.688858	2.458407	37.295208	-91.277275	206.511688
-149.525040	-11.443147	-1.136907	0.858407	-211.137161	-99.728004	-0.998437
-211.137161	-99.728004	-0.998437	1.458407	-209.165131	-172.010086	-35.908180
-209.165131	-172.010086	-35.908180	1.658407	-182.555969	-206.443314	-87.086609
-182.555969	-206.443314	-87.086609	1.658407	-154.069397	-209.067001	-126.765648
-154.069397	-209.067001	-126.765648	1.658407	-110.561768	-216.883499	-134.259659
-110.561768	-216.883499	-134.259659	1.658407	-10.978004	-180.995193	-117.585396
-10.978004	-180.995193	-117.585396	2.058407	22.411268	-91.486549	-74.688858
22.411268	-91.486549	-74.688858	2.458407	37.295208	-91.277275	206.511688
-149.525040	-11.443147	-1.136907	0.858407	-211.137161	-99.728004	-0.998437
-211.137161	-99.728004	-0.998437	1.458407	-209.165131	-172.010086	-35.908180
-209.165131	-172.010086	-35.908180	1.658407	-182.555969	-206.443314	-87.086609
-182.555969	-206.443314	-87.086609	1.658407	-154.069397	-209.067001	-126.765648
-154.069397	-209.067001	-126.765648	1.658407	-110.561768	-216.883499	-134.259659
-110.561768	-216.883499	-134.259659	1.658407	-10.978004	-180.995193	-117.585396
-10.978004	-180.995193	-117.585396	2.058407	22.411268	-91.486549	-74.688858
22.411268	-91.486549	-74.688858	2.458407	37.295208	-91.277275	206.511688
-149.525040	-11.443147	-1.136907	0.858407	-211.137161	-99.728004	-0.998437
-211.137161	-99.728004	-0.998437	1.458407	-209.165131	-172.010086	-35.908180
-209.165131	-172.010086	-35.908180	1.658407	-182.555969	-206.443314	-87.086609
-182.555969	-206.443314	-87.086609	1.658407	-154.069397	-209.067001	-126.765648
-154.069397	-209.067001	-126.765648	1.658407	-110.561768	-216.883499	-134.259659
-110.561768	-216.883499	-134.259659	1.658407	-10.978004	-180.995193	-117.585396
-10.978004	-180.995193	-117.585396	2.058407	22.411268	-91.486549	-74.688858
22.411268	-91.486549	-74.688858	2.458407	37.295208	-91.277275	206.511688
-149.525040	-11.443147	-1.136907	0.858407	-211.137161	-99.728004	-0.998437
-211.137161	-99.728004	-0.998437	1.458407	-209.165131	-172.010086	-35.908180
-209.165131	-172.010086	-35.908180	1.658407	-182.555969	-206.443314	-87.086609
-182.555969	-206.443314	-87.086609	1.658407	-154.069397	-209.067001	-126.765648
-154.069397	-209.067001	-126.765648	1.658407	-110.561768	-216.883499	-134.259659
-110.561768	-216.883499	-134.259659	1.658407	-10.978004	-180.995193	-117.585396
-10.978004	-180.995193	-117.585396	2.058407	22.411268	-91.486549	-74.688858
22.411268	-91.486549	-74.688858	2.458407	37.295208	-91.277275	206.511688
-149.525040	-11.443147	-1.136907	0.858407	-211.137161	-99.728004	-0.998437
-211.137161	-99.728004	-0.998437	1.458407	-209.165131	-172.010086	-35.908180
-209.165131	-172.010086	-35.908180	1.658407	-182.555969	-206.443314	-87.086609
-182.555969	-206.443314	-87.086609	1.658407	-154.069397	-209.067001	-126.765648
-154.069397	-209.067001	-126.765648	1.658407	-110.561768	-216.883499	-134.259659
-110.561768	-216.883499	-134.259659	1.658407	-10.978004	-180.995193	-117.585396
-10.978004	-180.995193	-117.585396	2.058407	22.411268	-91.486549	-74.688858
22.411268	-91.486549	-74.688858	2.458407	37.295208	-91.277275	206.511688
-149.525040	-11.443147	-1.136907	0.858407	-211.137161	-99.728004	-0.998437
-211.137161	-99.728004	-0.998437	1.458407	-209.165131	-172.010086	-35.908180
-209.165131	-172.010086	-35.908180	1.658407	-182.555969	-206.443314	-87.086609
-182.555969	-206.443314	-87.086609	1.658407	-154.069397	-209.067001	-126.765648
-154.069397	-209.067001	-126.765648	1.658407	-110.561768	-216.883499	-134.259659
-110.561768	-216.883499	-134.259659	1.658407	-10.978004	-180.995193	-117.585396
-10.978004	-180.995193	-117.585396	2.058407	22.411268	-91.486549	-74.688858
22.411268	-91.486549	-74.688858	2.458407	37.295208	-91.277275	206.511688
-149.525040	-11.443147	-1.136907	0.858407	-211.137161	-99.728004	-0.998437
-211.137161	-99.728004	-0.998437	1.458407	-209.165131	-172.010086	-35.908180
-209.165131	-172.010086	-35.908180	1.658407	-182.555969	-206.443314	-87.086609
-182.555969	-206.443314	-87.086609	1.658407	-154.069397	-209.067001	-126.765648
-154.069397	-209.067001	-126.765648	1.658407	-110.561768	-216.883499	-134.259659
-110.561768	-216.883499	-134.259659	1.658407	-10.978004	-180.995193	-117.585396
-10.978004	-180.995193	-117.585396	2.058407	22.411268	-91.486549	-74.688858
22.411268	-91.486549	-74.688858	2.458407	37.295208	-91.277275	206.511688
-149.525040	-11.443147	-1.136907	0.858407	-211.137161	-99.728004	-0.998437
-211.137161	-99.728004	-0.998437	1.458407	-209.165131	-172.010086	-35.908180
-209.165131	-172.010086	-35.908180	1.658407	-182.555969	-206.443314	-87.086609
-182.555969	-206.443314	-87.086609	1.658407	-154.069397	-209.067001	-126.765648
-154.069397	-209.067001	-126.765648	1.658407	-110.561768	-216.883499	-134.259659
-110.561768	-216.883499	-134.259659	1.658407	-10.978004	-180.995193	-117.585396
-10.978004	-180.995193	-117.585396	2.058407	22.411268	-91.486549	-74.688858
22.411268	-91.486549	-74.688858	2.458407	37.295208	-91.277275	206.511688
-149.525040	-11.443147	-1.136907	0.858407	-211.137161	-99.728004	-0.998437
-211.137161	-99.728004	-0.998437	1.458407	-209.165131	-172.010086	-35.908180
-209.165131	-172.010086	-35.908180	1.658407	-182.555969	-206.443314	-87.086609
-182.555969	-206.443314	-87.086609	1.658407	-154.069397	-209.067001	-126.765648
-154.069397	-209.067001	-126.765648	1.658407	-110.561768	-216.883499	-134.259659
-110.561768	-216.883499	-134.259659	1.658407	-10.978004	-180.995193	-117.585396
-10.978004	-180.995193	-117.585396	2.058407	22.411268	-91.486549	-74.688858
22.411268	-91.486549	-74.688858	2.458407	37.295208	-91.277275	206.511688
-149.525040	-11.443147	-1.136907	0.858407	-211.137161	-99.728004	-0.998437
-211.137161	-99.728004	-0.998437	1.458407	-209.165131	-172.010086	-35.908180
-209.165131	-172.010086	-35.908180	1.658407	-182.555969	-206.443314	-87.086609
-182.555969	-206.443314	-87.086609	1.658407	-154.069397	-209.067001	-126.765648
-154.069397	-209.067001	-126.765648	1.658407	-110.561768	-216.883499	-134.259659
-110.561768	-216.883499	-134.259659	1.658407	-10.978004	-180.995193	-117.585396
-10.978004	-180.995193	-117.585396	2.058407	22.411268	-91.486549	-74.688858
22.411268	-91.486549	-74.688858	2.458407	37.295208	-91.277275	206.511688
-149.525040	-11.443147	-1.136907	0.858407	-211.137161	-99.728004	-0.998437
-211.137161	-99.728004	-0.998437	1.458407	-209.165131	-172.010086	-35.908180
-209.165131	-172.010086	-35.908180	1.658407	-182.555969	-206.443314	-87.086609
-182.555969	-206.443314	-87.086609	1.658407	-154.069397	-209.067001	-126.765648
-154.069397	-209.067001	-126.765648	1.658407	-110.561768	-216.883499	-134.259659
-110.561768	-216.883499	-134.259659	1.658407	-10.978004	-180.995193	-117.585396
-10.978004	-180.995193	-117.585396	2.058407	22.411268	-91.486549	-74.688858
22.411268	-91.486549	-74.688858	2.458407	37.295208	-91.277275	206.511688
-149.525040	-11.443147	-1.136907	0.858407	-211.137161	-99.728004	-0.998437
-211.137161	-99.728004	-0.998437	1.458407	-209.165131	-172.010086	-35.908180
-209.165131	-172.010086	-35.908180	1.658407	-182.555969	-206.443314	-87.086609
-182.555969	-206.443314	-87.086609	1.658407	-154.069397	-209.067001	-126.765648
-154.069397	-209.067001	-126.765648	1.658407	-110.561768	-216.883499	-134.259659
-110.561768	-216.883499	-134.259659	1.658407	-10.978004	-180.995193	-117.585396
-10.978004	-180.995193	-117.585396	2.058407	22.411268	-91.486549	-74.688858
22.411268	-91.486549	-74.688858	2.458407	37.295208	-91.277275	206.511688
-149.525040	-11.443147	-1.136907	0.858407	-211.137161	-99.728004	-0.998437
-211.137161	-99.728004	-0.998437	1.458407	-209.165131	-172.010086	-35.908180
-209.165131	-172.010086	-35.908180	1.658407	-182.555969	-206.443314	-87.086609
-182.555969	-206.443314	-87.086609	1.658407	-154.069397	-209.067001	-126.765648
-154.069397	-209.067001	-126.765648	1.658407	-110.561768	-216.883499	-134.259659
-110.561768	-216.883499	-134.259659	1.658407	-10.978004	-180.995193	-117.585396
-10.978004	-180.995193	-117.585396	2.058407	22.411268	-91.486549	-74.688858
22.411268	-91.486549	-74.688858	2.458407	37.295208	-91.277275	206.511688
-149.525040	-11.443147	-1.136907	0.858407	-211.137161	-99.728004	-0.998437
-211.137161	-99.728004	-0.998437	1.458407	-209.165131	-172.010086	-35.908180
-209.165131	-172.010086	-35.908180	1.658407	-182.555969	-206.443314	-87.086609
-182.555969	-206.443314	-87.086609	1.658407	-154.069397	-209.067001	-126.765648
-154.069397	-209.067001	-126.765648	1.658407	-110.561768	-216.883499	-134.259659
-110.561768	-216.883499	-134.259659	1.658407	-10.978004	-180.995193	-117.585396
-10.978004	-180.995193	-117.585396	2.058407	22.411268	-91.486549	-74.688858
22.411268	-91.486549	-74.688858	2.458407	37.295208	-91.277275	206.511688
-149.525040	-11.443147	-1.136907	0.858407	-211.137161	-99.728004	-0.998437
-211.137161	-99.728004	-0.998437	1.458407	-209.165131	-172.010086	-35.908180
-209.165131	-172.010086	-35.908180	1.658407	-182.555969	-206.443314	-87.086609
-182.555969	-206.443314	-87.086609	1.658407	-154.069397	-209.067001	-126.765648
-154.069397	-209.067001	-126.765648	1.658407	-110.561768	-216.883499	-134.259659
-110.561768	-216.883499	-134.259659	1.658407	-10.978004	-180.995193	-117.585396
-10.978004	-180.995193	-117.585396	2.058407	22.411268	-91.486549	-74.688858
22.411268	-91.486549	-74.688858	2.458407	37.295208	-91.277275	206.511688
-149.525040	-11.443147	-1.136907	0.858407	-211.137161	-99.728004	-0.998437
-211.137161	-99.728004	-0.998437	1.458407	-209.165131	-172.010086	-35.908180
-209.165131	-172.010086	-35.908180	1.658407	-182.555969	-206.443314	-87.086609
-182.555969	-206.443314	-87.086609	1.658407	-154.069397	-209.067001	-126.765648
-154.069397	-209.067001	-126.765648	1.658407	-110.561768	-216.883499	-134.259659
-110.561768	-216.883499	-134.259659	1.658407	-10.978004	-180.995193	-117.585396
-10.978004	-180.995193	-117.585396	2.058407	22.411268	-91.486549	-74.688858
22.411268	-91.486549	-74.688858	2.458407	37.295208	-91.277275	206.511688
-149.525040	-11.443147	-1.136907	0.858407	-211.137161	-99.728004	-0.998437
-211.137161	-99.728004	-0.998437	1.458407	-209.165131	-172.010086	-35.908180
-209.165131	-172.010086	-35.908180	1.658407	-182.555969	-206.443314	-87.086609
-182.555969	-206.443314	-87.086609	1.658407	-154.069397	-209.067001	-126.765648
-154.069397	-209.067001	-126.765648	1.658407	-110.561768	-216.883499	-134.259659
-110.561768	-216.883499	-134.259659	1.658407	-10.978004	-180.995193	-117.585396
-10.978004	-180.995193	-117.585396	2.058407	22.411268	-91.486549	-74.688858
22.411268	-91.486549	-74.688858	2.458407	37.295208	-91.277275	206.511688
-149.525040	-11.443147	-1.136907	0.858407	-211.137161	-99.728004	-0.998437
-211.137161	-99.728004	-0.998437	1.458407	-209.165131	-172.010086	-35.908180
-209.165131	-172.010086	-35.908180	1.658407	-182.555969	-206.443314	-87.086609
-182.555969	-206.443314	-87.086609	1.658407	-154.069397	-209.067001	-126.765648
-154.069397	-209.067001	-126.765648	1.658407	-110.561768	-216.883499	-134.259659
-110.561768	-216.883499	-134.259659	1.658407	-10.978004	-180.995193	-117.585396
-10.978004	-180.995193	-117.585396	2.058407	22.411268	-91.486549	-74.688858
22.411268	-91.486549	-74.688858	2.458407	37.295208	-91.277275	206.511688
-149.525040	-11.443147	-1.136907	0.858407	-211.137161	-99.728004	-0.998437
-211.137161	-99.728004	-0.998437	1.458407	-209.165131	-172.010086	-35.908180
-209.165131	-172.010086	-35.908180	1.658407	-182.555969	-206.443314	-87.086609
-182.555969	-206.443314	-87.086609	1.658407	-154.069397	-209.067001	-126.765648
-154.069397	-209.067001	-126.765648	1.658407	-110.561768	-216.883499	-134.259659
-110.561768	-216.883499	-134.259659	1.658407	-10.978004	-180.995193	-117.585396
-10.978004	-180.995193	-117.585396	2.058407	22.411268	-91.486549	-74.688858
22.411268	-91.486549	-74.688858	2.458407	37.295208	-91.277275	206.511688
