-38.817032	-69.815224	-63.318546	0	0	0.80114363	0.59847213
-39.170994	-70.103577	-63.610519	0	0	0.1288445	0.99166481
-38.433498	-69.510292	-63.002373	0	0	0.1288445	0.99166481
-39.497700	-70.375320	-63.880299	0	0	0.80114363	0.59847213
-38.017635	-69.188774	-62.658936	0	0	0.80114363	0.59847213
-37.566849	-68.851181	-62.283310	0	0	0.80114363	0.59847213
-37.080460	-68.498756	-61.865959	0	0	0.1288445	0.99166481
-36.563087	-68.140114	-61.383286	0	0	0.80114363	0.59847213
-35.998917	-67.765877	-60.851158	0	0	0.80114363	0.59847213
-35.372547	-67.369354	-60.280197	0	0	0.80114363	0.59847213
-34.675426	-66.953117	-59.667316	0	0	0.1288445	0.99166481
-44.645924	-66.449913	-63.907402	0	0	0.73739371	0.67546319
-44.838390	-66.831505	-64.183060	0	0	0.1288445	0.99166481
-44.440594	-66.042091	-63.609230	0	0	0.1288445	0.99166481
-45.018417	-67.187935	-64.438019	0	0	0.73739371	0.67546319
-44.221916	-65.606728	-63.285713	0	0	0.73739371	0.67546319
-43.989826	-65.142876	-62.932178	0	0	0.73739371	0.67546319
-43.745396	-64.650757	-62.539272	0	0	0.1288445	0.99166481
-33.896229	-66.530968	-59.006821	0	0	0.1288445	0.99166481
-43.495277	-64.137810	-62.083595	0	0	0.73739371	0.67546319
-43.230213	-63.590885	-61.581684	0	0	0.73739371	0.67546319
-42.942593	-62.998791	-61.044949	0	0	0.73739371	0.67546319
-33.057396	-66.073967	-58.327297	0	0	0.80114363	0.59847213
-42.631557	-62.359646	-60.471069	0	0	0.22720209	0.97384763
-42.300571	-61.678719	-59.855854	0	0	0.22720209	0.97384763
-32.140633	-65.548058	-57.594841	0	0	0.1288445	0.99166481
-41.940796	-60.945129	-59.224724	0	0	0.73739371	0.67546319
-31.499006	-65.063904	-57.074612	0	0	0.80114363	0.59847213
-41.535461	-60.123951	-58.543938	0	0	0.32328956	0.94630009
-41.202465	-59.461609	-58.054886	0	0	0.73739371	0.67546319
-30.354021	-64.407280	-56.232391	0	0	0.1288445	0.99166481
-40.690857	-58.439304	-57.276653	0	0	0.32328956	0.94630009
-29.067783	-63.664936	-55.339531	0	0	0.85688874	0.51550139
-42.554756	-60.875267	-52.748020	0	0	0	1
-40.110104	-57.289650	-56.455059	0	0	0.029199523	0.9995736
-35.774990	-63.946312	-50.372639	0	0	0	1
-39.430237	-55.963173	-55.604000	0	0	0.41614682	0.90929743
-27.598608	-62.794167	-54.408730	0	0	0.1288445	0.99166481
-38.754772	-54.821861	-55.767635	0	0	0	1
-37.690781	-53.126919	-56.613125	0	0	0	1
-37.634666	-53.037529	-56.657715	0	0	0	1
-25.930815	-61.732098	-53.482445	0	0	0.85688874	0.51550139
-29.411709	-56.762299	-53.776688	0	0	0	1
-36.754612	-51.635597	-57.357040	0	0	0	1
-20.178429	-74.809425	-63.318546	0	0	0.22720209	0.97384763
-20.274229	-75.166946	-63.610519	0	0	0.73739371	0.67546319
-20.076504	-74.429031	-63.002373	0	0	0.73739371	0.67546319
-20.364050	-75.502167	-63.880299	0	0	0.22720209	0.97384763
-19.968267	-74.025085	-62.658936	0	0	0.22720209	0.97384763
-19.853672	-73.597412	-62.283310	0	0	0.22720209	0.97384763
-19.732985	-73.147003	-61.865959	0	0	0.66627604	0.74570519
-19.608667	-72.683037	-61.383286	0	0	0.22720209	0.97384763
-19.477314	-72.192825	-60.851158	0	0	0.22720209	0.97384763
-36.373188	-51.027985	-57.660133	0	0	0	1
-19.336226	-71.666275	-60.280197	0	0	0.22720209	0.97384763
-19.185469	-71.103638	-59.667316	0	0	0.66627604	0.74570519
-19.027735	-70.514969	-59.006821	0	0	0.58850112	0.8084964
-35.835930	-50.172127	-58.087059	0	0	0	1
-18.857292	-69.878868	-58.327297	0	0	0.22720209	0.97384763
-26.596531	-56.236923	-53.798016	0	0	0	1
-28.695036	-53.406754	-55.585148	0	0	0	1
-35.616680	-49.822861	-58.261284	0	0	0	1
-23.678102	-60.021671	-52.800968	0	0	0.85688874	0.51550139
-18.664404	-69.159004	-57.594841	0	0	0.58850112	0.8084964
-35.505325	-49.645473	-58.349770	0	0	0	1
-26.137632	-55.664406	-54.073967	0	0	0	1
-18.500385	-68.546875	-57.074612	0	0	0.90407214	0.42737988
-35.293056	-49.307323	-58.518448	0	0	0	1
-26.991016	-53.502216	-55.366665	0	0	0	1
-18.259529	-67.647987	-56.232391	0	0	0.50484609	0.86320938
-34.853672	-48.607384	-58.867599	0	0	0	1
-34.839600	-48.584969	-58.878780	0	0	0	1
-34.652233	-48.286495	-59.027668	0	0	0	1
-34.631413	-48.253323	-59.044216	0	0	0	1
-17.987782	-66.633812	-55.339531	0	0	0.90407214	0.42737988
-27.258633	-51.635590	-56.437218	0	0	0	1
-34.456333	-47.974419	-59.183342	0	0	0	1
-25.320057	-52.925846	-55.527367	0	0	0	1
-17.671673	-65.454079	-54.408730	0	0	0.41614682	0.90929743
-24.875952	-52.672272	-55.626255	0	0	0	1
-20.766771	-56.919128	-53.799500	0	0	0.85688874	0.51550139
-22.374342	-54.231380	-54.511406	0	0	0	1
-23.117531	-53.110580	-55.210636	0	0	0	1
-17.294436	-64.046211	-53.482445	0	0	0.90407214	0.42737988
-29.757904	-47.303337	-59.103790	0	0	0	1
-33.088116	-45.794842	-60.270576	0	0	0	1
-32.688122	-45.157646	-60.588428	0	0	0	1
-16.715925	-61.887180	-52.800968	0	0	0.90407214	0.42737988
-19.380678	-56.515186	-52.943329	0	0	0	1
-19.023727	-57.046978	-52.611145	0	0	0	1
-18.058174	-66.896523	-47.005463	0	0	0	1
-18.881784	-54.123352	-54.233559	0	0	0	1
-28.750423	-44.952698	-60.321701	0	0	0	1
-31.716158	-43.609303	-61.360786	0	0	0	1
-18.824871	-52.951130	-54.884060	0	0	0	1
-15.745267	-58.264637	-53.799500	0	0	0.90407214	0.42737988
-15.943649	-59.005005	-51.217010	0	0	0	1
-15.688643	-58.053310	-51.724915	0	0	0	1
-15.522188	-57.432091	-52.056442	0	0	0	1
-15.451806	-57.169422	-52.196625	0	0	0	1
-15.052325	-55.678543	-52.992279	0	0	0	1
-15.004028	-55.498295	-53.088474	0	0	0	1
-14.993870	-55.460381	-53.108707	0	0	0	1
-14.784815	-54.680176	-53.525089	0	0	0	1
-14.738123	-54.505920	-53.618084	0	0	0	1
-14.700803	-54.366642	-53.692413	0	0	0	1
-18.587910	-48.070377	-57.592552	0	0	0	1
-18.573206	-47.767532	-57.760609	0	0	0	1
-14.536661	-53.754055	-54.019341	0	0	0	1
-18.563828	-47.574341	-57.867817	0	0	0	1
-29.719442	-40.428520	-62.947453	0	0	0	1
-21.768209	-44.030205	-60.161633	0	0	0	1
-12.947064	-54.099792	-53.671879	0	0	0	1
-29.160925	-39.538799	-63.391273	0	0	0	1
-47.077660	-38.852146	-65.511047	0	0	0	1
-28.914663	-39.146503	-63.586964	0	0	0	1
-28.750154	-38.884438	-63.717690	0	0	0	1
-55.043148	-41.710766	-66.157753	0	0	0.029199523	0.9995736
-55.420532	-41.958557	-66.453819	0	0	0.32328956	0.94630009
-54.637459	-41.444210	-65.837700	0	0	0.32328956	0.94630009
-55.771244	-42.188721	-66.727798	0	0	0.029199523	0.9995736
-54.201515	-41.157467	-65.490746	0	0	0.029199523	0.9995736
-53.733807	-40.849190	-65.112160	0	0	0.029199523	0.9995736
-53.287994	-40.594368	-65.137596	0	0	0	1
-52.835255	-40.342773	-65.234550	0	0	0.029199523	0.9995736
-52.349384	-40.072765	-65.338585	0	0	0	1
-52.273563	-40.030632	-65.354828	0	0	0.50484609	0.86320938
-51.814598	-39.775578	-65.453102	0	0	0	1
-51.226124	-39.448551	-65.579117	0	0	0	1
-13.532172	-50.005253	-56.020004	0	0	0	1
-50.582161	-39.090691	-65.717010	0	0	0	1
-50.314686	-38.942047	-65.774284	0	0	0	1
-50.185154	-38.876705	-65.867744	0	0	0	1
-49.793430	-38.679092	-66.150375	0	0	0	1
-28.404329	-38.333534	-63.992493	0	0	0	1
-49.612484	-38.587814	-66.280930	0	0	0	1
-48.915672	-38.236301	-66.783676	0	0	0	1
-18.374123	-43.666965	-60.036144	0	0	0	1
-28.234545	-38.103458	-64.358231	0	0	0	1
-48.281952	-37.916611	-67.240913	0	0	0	1
-48.050770	-37.799988	-67.407707	0	0	0	1
-47.716080	-37.631149	-67.649193	0	0	0	1
-46.677261	-37.107105	-68.398705	0	0	0	1
-46.572575	-37.054295	-68.474236	0	0	0	1
-46.218964	-36.875912	-68.729362	0	0	0	1
-45.899658	-36.714836	-68.959740	0	0	0	1
-23.846416	-38.644566	-63.376930	0	0	0	1
-45.131973	-36.327568	-69.513634	0	0	0	1
-12.886190	-47.594418	-57.306622	0	0	0.85688874	0.51550139
-44.637325	-36.078037	-69.870522	0	0	0	1
-44.211357	-35.863152	-70.177856	0	0	0	1
-43.644829	-35.577358	-70.586609	0	0	0	1
-23.490284	-87.169434	-36.186207	0	0	0	1
-42.447021	-34.973110	-71.450829	0	0	0	1
-18.212482	-40.337635	-61.883698	0	0	0	1
-12.351335	-45.598309	-58.371902	0	0	0	1
-10.398036	-48.037861	-56.817440	0	0	0	1
-40.502232	-33.992039	-72.854004	0	0	0	1
-18.101292	-38.047390	-63.154633	0	0	0	1
-7.028748	-47.528545	-56.776104	0	0	0	1
-11.758011	-40.312012	-61.272831	0	0	0	1
-69.620140	-84.418289	-42.194195	0	0	0	1
-10.970035	-40.443226	-61.123070	0	0	0	1
-2.489692	-49.192333	-55.405315	0	0	0	1
-2.415578	-49.336033	-55.317719	0	0	0	1
-1.071311	-51.942375	-53.728905	0	0	0	1
-10.269793	-37.829887	-62.517757	0	0	0	1
-0.102507	-53.820751	-52.583858	0	0	0	1
-77.946205	-78.101410	-46.535843	0	0	0	1
-7.205492	-40.049061	-60.979008	0	0	0	1
-8.377178	-37.777325	-62.363846	0	0	0	1
4.530809	-58.200203	-63.318546	0	0	0.66627604	0.74570519
4.579187	-58.380753	-63.610519	0	0	0.90407214	0.42737988
4.480268	-58.011581	-63.002373	0	0	0.90407214	0.42737988
4.625238	-58.552616	-63.880299	0	0	0.66627604	0.74570519
4.427746	-57.815567	-62.658936	0	0	0.66627604	0.74570519
4.373545	-57.613285	-62.283310	0	0	0.66627604	0.74570519
4.318022	-57.406071	-61.865959	0	0	0.90407214	0.42737988
4.263018	-57.200794	-61.383286	0	0	0.66627604	0.74570519
4.207251	-56.992668	-60.851158	0	0	0.66627604	0.74570519
4.150080	-56.779301	-60.280197	0	0	0.66627604	0.74570519
4.092719	-56.565228	-59.667316	0	0	0.94222235	0.33498812
4.039377	-56.366154	-59.006821	0	0	0.94222235	0.33498812
3.981317	-56.149471	-58.327297	0	0	0.66627604	0.74570519
3.911252	-55.887985	-57.594841	0	0	0.94222235	0.33498812
3.833194	-55.596668	-57.074612	0	0	0.58850112	0.8084964
3.102509	-60.034828	-48.795788	0	0	0	1
2.120492	-52.867977	-52.901733	0	0	0	1
3.745737	-55.270275	-56.232391	0	0	0.94222235	0.33498812
3.646313	-54.899220	-55.339531	0	0	0.58850112	0.8084964
3.527037	-54.454075	-54.408730	0	0	0.94222235	0.33498812
3.373241	-53.880100	-53.482445	0	0	0.58850112	0.8084964
3.041684	-52.642712	-52.938568	0	0	0	1
3.098503	-52.854763	-52.814392	0	0	0	1
2.636673	-51.131191	-53.823700	0	0	0	1
2.547877	-50.799797	-54.017761	0	0	0	1
3.497250	-54.342907	-51.942951	0	0	0	1
2.424894	-50.340820	-54.286533	0	0	0	1
2.122969	-49.214024	-54.946373	0	0	0	1
2.081972	-49.061020	-55.035973	0	0	0	1
2.007216	-48.782028	-55.199348	0	0	0	1
1.878269	-48.300789	-55.481155	0	0	0	1
4.463605	-57.949394	-49.831028	0	0	0	1
1.550717	-47.078350	-56.197002	0	0	0	1
1.411009	-46.556950	-56.502331	0	0	0	1
1.368821	-46.399502	-56.594528	0	0	0	1
1.332364	-46.263443	-56.674202	0	0	0	1
1.282216	-46.076290	-56.783798	0	0	0	1
1.136348	-45.531898	-57.102589	0	0	0	1
1.057237	-45.236656	-57.275482	0	0	0	1
0.925148	-44.743690	-57.564156	0	0	0	1
-0.317982	-40.104267	-60.280956	0	0	0	1
-0.649768	-38.866024	-61.006058	0	0	0	1
-0.847148	-38.129391	-61.437424	0	0	0	1
-0.969228	-37.673786	-61.704224	0	0	0	1
-0.996410	-37.572338	-61.763630	0	0	0	1
1.332048	-37.507671	-61.574272	0	0	0	1
-89.816895	-60.894127	-57.315498	0	0	0	1
2.417655	-37.477520	-61.485989	0	0	0	1
10.345769	-56.930378	-49.831532	0	0	0	1
-90.697289	-62.972168	-72.854004	0	0	0.58850112	0.8084964
8.924080	-47.658367	-55.158188	0	0	0	1
11.084275	-43.550014	-57.248119	0	0	0	1
7.056458	-33.051800	-68.345444	0	0	0	1
6.943910	-32.939251	-68.549408	0	0	0	1
7.179765	-33.175110	-68.121979	0	0	0.97095818	0.23924928
6.840987	-32.836330	-68.735931	0	0	0	1
7.315401	-33.310745	-67.876167	0	0	0	1
7.465644	-33.460987	-67.603889	0	0	0	1
7.634127	-33.629471	-67.298553	0	0	0	1
7.648044	-33.643387	-67.273331	0	0	0	1
7.829700	-33.825043	-66.944122	0	0	0	1
8.048137	-34.043480	-66.548256	0	0	0	1
8.287445	-34.282787	-66.114563	0	0	0	1
8.550789	-34.546131	-65.637314	0	0	0	1
8.844874	-34.840218	-65.104355	0	0	0	1
9.150176	-35.145519	-64.551064	0	0	0	1
9.475339	-35.470680	-63.961788	0	0	0	1
9.481340	-35.476685	-63.950909	0	0	0	1
9.683553	-35.678894	-63.584446	0	0	0	1
10.064811	-36.060154	-62.893505	0	0	0	1
10.423563	-36.418907	-62.243351	0	0	0	1
10.456955	-36.452297	-62.182838	0	0	0	1
10.473947	-36.469292	-62.152042	0	0	0	1
10.605858	-36.601200	-61.912987	0	0	0	1
10.906408	-36.901752	-61.368309	0	0	0	1
10.999816	-36.995159	-61.199028	0	0	0	1
11.237234	-37.232578	-60.768764	0	0	0	1
14.723786	-40.719128	-58.479843	0	0	0	1
16.043240	-42.038582	-57.613621	0	0	0	1
16.089565	-42.084908	-57.583210	0	0	0	1
21.926954	-47.922298	-53.750961	0	0	0	1
22.847651	-45.524151	-55.003868	0	0	0	1
13.633774	-25.550045	-80.137138	0	0	0	1
17.014820	-26.455994	-78.178268	0	0	0	1
18.738533	-26.917862	-77.179604	0	0	0	1
22.286795	-27.868616	-75.123856	0	0	0	1
22.755030	-27.994080	-74.852577	0	0	0	1
24.754456	-28.529823	-73.694176	0	0	0	1
24.833773	-28.551077	-73.648216	0	0	0	1
32.165344	-36.651344	-59.066849	0	0	0	1
31.631630	-30.372557	-69.709763	0	0	0	1
32.782578	-30.680952	-69.042938	0	0	0	1
35.660278	-31.452030	-67.375687	0	0	0	1
43.359341	-33.514988	-62.915100	0	0	0	1
45.655273	-34.130180	-61.584908	0	0	0	1
-104.844963	-172.283157	-72.854004	0	0	0.80114363	0.59847213
103.050850	-49.509281	-142.747650	0	0	0.99913515	0.041580682
-58.739826	-239.190903	-101.903603	0	0	0.85688874	0.51550139
-17.166487	-255.477463	-155.044098	0	0	0.90407214	0.42737988
118.748268	-144.743607	-187.702042	0	0	0.94222235	0.33498812
9.622824	-241.650116	-197.507858	0	0	0.85688874	0.51550139
50.214695	-228.694778	-201.563309	0	0	0.90407214	0.42737988
