18.789198	-36.949348	69.350647	0	0	0.029199523	0.9995736
18.699612	-36.882942	69.429878	0	0	0.90407214	0.42737988
18.935312	-36.994461	69.270111	0	0	0.90407214	0.42737988
18.559473	-36.818710	69.535645	0	0	0.029199523	0.9995736
19.066563	-37.037140	69.199944	0	0	0.029199523	0.9995736
18.657068	-36.659615	69.638962	0	0	0.029199523	0.9995736
18.621149	-36.507824	69.807732	0	0	0.90407214	0.42737988
18.771805	-36.265060	69.750946	0	0	0.90407214	0.42737988
17.796993	-36.928352	69.831696	0	0	-0.070737201	0.99749499
19.195845	-35.896652	68.870804	0	0	0.029199523	0.9995736
19.063532	-35.895237	68.772293	0	0	0.90407214	0.42737988
18.926115	-35.865688	68.675682	0	0	0.029199523	0.9995736
18.617975	-35.919296	68.539490	0	0	0.029199523	0.9995736
17.588045	-36.412067	69.707359	0	0	0.029199523	0.9995736
18.389263	-35.861698	68.438812	0	0	0.1288445	0.99166481
17.338825	-36.613968	69.698143	0	0	0.90407214	0.42737988
17.513634	-37.075169	70.191444	0	0	0.029199523	0.9995736
17.419563	-36.959515	70.099373	0	0	0.029199523	0.9995736
17.354137	-36.818897	69.990990	0	0	0.90407214	0.42737988
17.199326	-36.633579	69.645493	0	0	0.90407214	0.42737988
18.172363	-35.772457	68.334557	0	0	0.1288445	0.99166481
17.213547	-36.514603	69.771912	0	0	-0.070737201	0.99749499
17.813793	-35.802830	68.498192	0	0	0.90407214	0.42737988
18.017609	-35.373077	67.995461	0	0	0.90407214	0.42737988
18.450302	-34.906929	67.590714	0	0	-0.070737201	0.99749499
22.414278	-37.920689	69.350647	0	0	0.80114363	0.59847213
22.412788	-37.926250	69.270111	0	0	0.41614682	0.90929743
22.424879	-37.881123	69.429878	0	0	0.41614682	0.90929743
22.410912	-37.933254	69.199944	0	0	0.80114363	0.59847213
22.431549	-37.856228	69.535645	0	0	0.80114363	0.59847213
22.386719	-38.023537	69.645493	0	0	0.22720209	0.97384763
22.400967	-37.970364	69.698143	0	0	0.32328956	0.94630009
22.477861	-37.683392	69.638962	0	0	0.80114363	0.59847213
22.468136	-37.719685	69.707359	0	0	0.73739371	0.67546319
22.417416	-37.908974	69.771912	0	0	0.73739371	0.67546319
22.353064	-38.149147	69.831696	0	0	0.73739371	0.67546319
22.513403	-37.550751	69.807732	0	0	0.41614682	0.90929743
22.350760	-38.157738	69.990990	0	0	0.22720209	0.97384763
22.584187	-37.286583	69.750946	0	0	0.41614682	0.90929743
22.319988	-38.272579	70.099373	0	0	0.73739371	0.67546319
22.297377	-38.356972	70.191444	0	0	0.73739371	0.67546319
22.635569	-37.094822	68.498192	0	0	0.32328956	0.94630009
22.704693	-36.836845	68.870804	0	0	0.73739371	0.67546319
22.696182	-36.868603	68.772293	0	0	0.50484609	0.86320938
22.660322	-37.002441	68.539490	0	0	0.66627604	0.74570519
22.694365	-36.875389	68.675682	0	0	0.73739371	0.67546319
22.659401	-37.005878	68.438812	0	0	0.66627604	0.74570519
22.667181	-36.976837	68.334557	0	0	0.66627604	0.74570519
22.756660	-36.642902	67.995461	0	0	0.32328956	0.94630009
22.902182	-36.099808	67.590714	0	0	0.1288445	0.99166481
16.792494	-34.953491	65.163795	0	0	0.80114363	0.59847213
19.670818	-32.824821	65.799355	0	0	0.029199523	0.9995736
22.779490	-36.557701	65.163795	0	0	0.80114363	0.59847213
23.504467	-33.852047	65.799355	0	0	0.1288445	0.99166481
12.620770	-33.388004	68.727493	0	0	0.58850112	0.8084964
12.620442	-33.373131	68.815742	0	0	0.32328956	0.94630009
12.644800	-33.362633	68.634628	0	0	0.32328956	0.94630009
12.665298	-33.341366	68.553268	0	0	0.58850112	0.8084964
12.604259	-33.380463	68.934029	0	0	0.58850112	0.8084964
12.689812	-33.214417	69.036133	0	0	0.58850112	0.8084964
12.517699	-33.484703	69.195137	0	0	0.50484609	0.86320938
12.733165	-33.108395	69.212914	0	0	0.41614682	0.90929743
12.367907	-33.744007	69.195961	0	0	0.22720209	0.97384763
12.327767	-33.820984	69.153351	0	0	0.029199523	0.9995736
12.373026	-33.719925	69.282906	0	0	0.58850112	0.8084964
12.880280	-32.863586	69.155762	0	0	0.41614682	0.90929743
12.339919	-33.777706	69.280403	0	0	0.66627604	0.74570519
12.928145	-32.982101	68.004623	0	0	0.32328956	0.94630009
12.261739	-33.878799	69.476540	0	0	0.22720209	0.97384763
12.209892	-33.951710	69.573074	0	0	0.58850112	0.8084964
13.080619	-32.722305	67.980087	0	0	0.58850112	0.8084964
13.054461	-32.781647	67.899872	0	0	0.58850112	0.8084964
13.045188	-32.812279	67.816589	0	0	0.58850112	0.8084964
13.187380	-32.502640	68.178665	0	0	0.41614682	0.90929743
13.172206	-32.543667	68.094398	0	0	0.58850112	0.8084964
12.177322	-33.994251	69.652351	0	0	0.58850112	0.8084964
13.213197	-32.442570	68.266418	0	0	0.58850112	0.8084964
13.202737	-32.593208	67.509048	0	0	-0.16996714	0.98544973
13.544125	-32.074345	67.095078	0	0	-0.16996714	0.98544973
13.282703	-32.927113	64.809219	0	0	0.80114363	0.59847213
14.885633	-30.062094	65.315941	0	0	-0.16996714	0.98544973
30.805239	-33.729660	69.350647	0	0	0.85688874	0.51550139
30.826303	-33.808281	69.270111	0	0	0.73739371	0.67546319
30.782635	-33.645306	69.429878	0	0	0.73739371	0.67546319
30.845766	-33.880913	69.199944	0	0	0.85688874	0.51550139
30.757189	-33.550343	69.535645	0	0	0.85688874	0.51550139
30.723953	-33.426304	69.638962	0	0	0.85688874	0.51550139
30.733522	-33.462017	69.831696	0	0	0.85688874	0.51550139
30.683599	-33.275700	69.807732	0	0	0.73739371	0.67546319
30.619795	-33.037579	69.645493	0	0	0.66627604	0.74570519
30.632999	-33.086861	69.750946	0	0	0.73739371	0.67546319
30.624235	-33.054150	69.698143	0	0	0.66627604	0.74570519
30.676495	-33.249184	69.990990	0	0	0.66627604	0.74570519
30.716030	-33.396736	70.099373	0	0	0.90407214	0.42737988
30.751245	-33.528160	70.191444	0	0	0.90407214	0.42737988
30.590456	-32.928082	69.707359	0	0	0.90407214	0.42737988
30.591003	-32.930122	69.771912	0	0	0.90407214	0.42737988
30.569304	-32.849144	68.870804	0	0	0.85688874	0.51550139
30.560087	-32.814747	68.772293	0	0	0.73739371	0.67546319
30.543495	-32.752819	68.675682	0	0	0.85688874	0.51550139
30.536255	-32.725803	68.539490	0	0	0.85688874	0.51550139
30.506535	-32.614883	68.438812	0	0	0.85688874	0.51550139
30.453268	-32.416092	68.498192	0	0	0.66627604	0.74570519
30.469694	-32.477394	68.334557	0	0	0.85688874	0.51550139
30.359484	-32.066082	67.995461	0	0	0.66627604	0.74570519
30.271931	-31.739332	67.590714	0	0	0.66627604	0.74570519
30.172520	-31.368324	65.163795	0	0	0.85688874	0.51550139
29.833164	-30.101831	65.799355	0	0	0.85688874	0.51550139
10.954446	-23.379162	67.979744	0	0	0.32328956	0.94630009
10.912184	-23.394720	68.067253	0	0	0.22720209	0.97384763
11.048419	-23.333963	67.890083	0	0	0.22720209	0.97384763
10.829824	-23.430565	68.183128	0	0	0.32328956	0.94630009
11.131813	-23.293751	67.811539	0	0	0.32328956	0.94630009
10.967088	-23.340178	68.293388	0	0	0.32328956	0.94630009
10.997980	-23.304110	68.473854	0	0	0.22720209	0.97384763
11.218046	-23.181564	68.429207	0	0	0.22720209	0.97384763
10.850883	-23.507664	67.299606	0	0	0.32328956	0.94630009
10.465875	-23.608635	68.500450	0	0	0.22720209	0.97384763
11.303555	-23.250351	67.259628	0	0	0.32328956	0.94630009
10.442366	-23.614799	68.573776	0	0	0.1288445	0.99166481
10.440553	-23.615276	68.579430	0	0	0.1288445	0.99166481
11.160710	-23.341476	67.173973	0	0	0.22720209	0.97384763
10.436769	-23.616268	68.591232	0	0	0.32328956	0.94630009
11.552370	-23.093988	67.385445	0	0	0.32328956	0.94630009
11.040498	-23.419703	67.086639	0	0	0.22720209	0.97384763
10.410053	-23.623274	68.674561	0	0	0.32328956	0.94630009
11.638802	-23.035229	67.473137	0	0	0.22720209	0.97384763
11.720476	-22.979122	67.561729	0	0	0	1
10.352395	-23.638395	68.854393	0	0	0.22720209	0.97384763
10.323730	-23.645912	68.943802	0	0	0.32328956	0.94630009
11.110480	-23.409582	66.786873	0	0	0.32328956	0.94630009
10.303037	-23.651340	69.008347	0	0	0.32328956	0.94630009
11.653709	-23.134884	66.401466	0	0	0.58850112	0.8084964
11.740153	-23.274446	64.525955	0	0	-0.45359611	0.89120736
12.453813	-22.870329	64.447609	0	0	0	1
21.248302	-27.203064	56.096176	0	0	0.80114363	0.59847213
25.015579	-28.212503	56.096176	0	0	0.85688874	0.51550139
18.434391	-25.578453	55.811905	0	0	0.73739371	0.67546319
31.499657	-24.495834	69.334190	0	0	0.94222235	0.33498812
31.495319	-24.491495	69.266457	0	0	0.90407214	0.42737988
31.504055	-24.500233	69.402870	0	0	0.90407214	0.42737988
31.509943	-24.506121	69.494789	0	0	0.94222235	0.33498812
31.510633	-24.506811	69.505577	0	0	0.90407214	0.42737988
31.514465	-24.510643	69.565414	0	0	0.90407214	0.42737988
31.553762	-24.549940	69.199944	0	0	0.94222235	0.33498812
31.515245	-24.511421	69.577568	0	0	0.94222235	0.33498812
31.516256	-24.512432	69.593361	0	0	0.94222235	0.33498812
31.518238	-24.514416	69.624313	0	0	0.94222235	0.33498812
31.522232	-24.518408	69.686653	0	0	0.90407214	0.42737988
31.526094	-24.522270	69.746964	0	0	0.94222235	0.33498812
31.526213	-24.522390	69.748833	0	0	0.90407214	0.42737988
31.466547	-24.462723	68.817215	0	0	0.94222235	0.33498812
31.533966	-24.530142	69.869873	0	0	0.90407214	0.42737988
31.459745	-24.455921	68.711006	0	0	0.90407214	0.42737988
31.541689	-24.537865	69.990463	0	0	0.94222235	0.33498812
31.452929	-24.449104	68.604576	0	0	0.94222235	0.33498812
31.548391	-24.544567	70.095108	0	0	0.94222235	0.33498812
31.443241	-24.439417	68.453323	0	0	0.94222235	0.33498812
31.436872	-24.433048	68.353874	0	0	0.90407214	0.42737988
31.435680	-24.431858	68.335274	0	0	0.94222235	0.33498812
31.427813	-24.423988	68.212425	0	0	0.94222235	0.33498812
31.404016	-24.400194	67.840881	0	0	0.90407214	0.42737988
31.378168	-24.374346	67.437302	0	0	0.90407214	0.42737988
31.260868	-24.257044	65.605789	0	0	0.90407214	0.42737988
31.217443	-24.213619	64.927780	0	0	0.90407214	0.42737988
12.294120	-27.056829	54.143589	0	0	-0.36235775	0.93203909
14.358535	-22.587755	56.359184	0	0	0	1
28.533396	-25.251030	56.096176	0	0	0.85688874	0.51550139
21.660452	-26.148035	51.785027	0	0	0.029199523	0.9995736
33.163616	-21.773077	68.448822	0	0	0.97095818	0.23924928
33.157825	-21.771526	68.382668	0	0	0.97095818	0.23924928
33.169674	-21.774700	68.518089	0	0	0.97095818	0.23924928
33.152821	-21.770184	68.325455	0	0	0.97095818	0.23924928
33.176487	-21.776525	68.595955	0	0	0.97095818	0.23924928
33.177658	-21.776840	68.609337	0	0	0.97095818	0.23924928
33.182076	-21.778023	68.659828	0	0	0.97095818	0.23924928
33.184357	-21.778635	68.685905	0	0	0.97095818	0.23924928
33.187042	-21.779354	68.716583	0	0	0.97095818	0.23924928
33.187325	-21.779428	68.719810	0	0	0.97095818	0.23924928
33.196827	-21.781975	68.828438	0	0	0.97095818	0.23924928
33.197784	-21.782232	68.839363	0	0	0.97095818	0.23924928
33.201107	-21.783121	68.877335	0	0	0.97095818	0.23924928
33.122921	-21.762173	67.983688	0	0	0.97095818	0.23924928
33.208023	-21.784975	68.956390	0	0	0.97095818	0.23924928
33.113365	-21.759613	67.874466	0	0	0.97095818	0.23924928
33.218208	-21.787704	69.072830	0	0	0.97095818	0.23924928
33.103878	-21.757071	67.766029	0	0	0.97095818	0.23924928
33.227146	-21.790100	69.175011	0	0	0.97095818	0.23924928
33.089828	-21.753305	67.605453	0	0	0.97095818	0.23924928
33.079903	-21.750647	67.491997	0	0	0.97095818	0.23924928
33.079239	-21.750467	67.484406	0	0	0.97095818	0.23924928
33.068363	-21.747555	67.360107	0	0	0.97095818	0.23924928
33.036953	-21.739138	67.001053	0	0	0.97095818	0.23924928
33.004166	-21.730352	66.626305	0	0	0.97095818	0.23924928
25.306944	-27.125109	51.785027	0	0	0.85688874	0.51550139
32.853748	-21.690048	64.907028	0	0	0.97095818	0.23924928
32.781075	-21.670574	64.076355	0	0	0.97095818	0.23924928
19.317312	-24.795221	51.548313	0	0	-0.16996714	0.98544973
11.869716	-35.468964	48.226582	0	0	0.66627604	0.74570519
30.628019	-23.624195	55.724651	0	0	0.90407214	0.42737988
7.825015	-23.557030	84.103851	0	0	0	1
28.297247	-24.369711	51.785027	0	0	0.80114363	0.59847213
12.054473	-30.504681	47.432259	0	0	-0.36235775	0.93203909
21.100952	-35.689121	45.224182	0	0	0.80114363	0.59847213
22.884193	-36.166939	45.224182	0	0	0.80114363	0.59847213
32.012276	-21.464577	55.288975	0	0	0.97095818	0.23924928
11.573969	-32.026539	45.855251	0	0	0.50484609	0.86320938
15.567543	-32.494404	44.665176	0	0	0.73739371	0.67546319
30.351538	-23.347713	51.407745	0	0	0.90407214	0.42737988
25.933147	-24.788090	48.116920	0	0	0.66627604	0.74570519
11.992446	-35.346230	44.148792	0	0	0.50484609	0.86320938
24.569935	-29.875666	44.148792	0	0	0.58850112	0.8084964
30.645039	-33.131790	45.224182	0	0	0.80114363	0.59847213
23.667870	-23.670807	46.146591	0	0	0.32328956	0.94630009
31.639153	-21.364597	51.024139	0	-0	-1	-4.371139e-08
25.983973	-24.598408	45.948837	0	0	0.50484609	0.86320938
21.758163	-21.489391	46.279930	0	0	0	1
28.171835	-23.901665	46.476936	0	0	0.73739371	0.67546319
22.526676	-21.411936	46.345203	0	0	0.029199523	0.9995736
28.156080	-23.842873	45.804932	0	0	0.73739371	0.67546319
29.982681	-22.978857	45.648506	0	0	0.90407214	0.42737988
31.896948	-24.893124	45.224182	0	0	0.85688874	0.51550139
29.949034	-22.945211	45.123169	0	0	0.90407214	0.42737988
9.549741	-37.788937	40.641270	0	0	0.50484609	0.86320938
28.101013	-23.637358	43.455887	0	0	0.73739371	0.67546319
31.165018	-21.237555	45.604759	0	-0	-1	-4.371139e-08
31.084986	-21.216110	44.689976	0	0	0.97095818	0.23924928
31.068508	-21.211695	44.501640	0	-0	-1	-4.371139e-08
29.766266	-22.762444	42.269470	0	0	0.90407214	0.42737988
30.805565	-21.141239	41.496185	0	-0	-1	-4.371139e-08
12.557120	-35.536694	34.486080	0	0	0.50484609	0.86320938
25.969528	-24.652313	36.595222	0	0	0.58850112	0.8084964
27.889380	-22.847532	34.428146	0	0	0.73739371	0.67546319
19.445076	-28.231268	30.646517	0	0	0.22720209	0.97384763
19.549650	-28.195337	30.598667	0	0	0.22720209	0.97384763
27.844288	-22.679249	32.504646	0	0	0.73739371	0.67546319
30.105822	-20.953743	33.498085	0	0	0	1
29.147190	-22.143366	32.603374	0	0	0.90407214	0.42737988
30.358925	-21.021563	33.051266	0	0	-0.99500417	0.099833397
29.120466	-22.116644	32.186123	0	0	0.90407214	0.42737988
29.257580	-22.253757	31.729414	0	0	0	1
28.144817	-23.800838	29.747797	0	0	0.58850112	0.8084964
25.656273	-25.821402	28.394056	0	0	0.22720209	0.97384763
29.728506	-22.724684	30.160830	0	0	0.73739371	0.67546319
24.783621	-29.078178	26.460205	0	0	0.58850112	0.8084964
6.915888	-47.803860	28.310650	0	0	0.22720209	0.97384763
17.143253	-31.891970	25.562708	0	0	0.22720209	0.97384763
32.171089	-21.507130	29.852137	0	0	0	1
18.022593	-31.694027	24.937523	0	0	-0.16996714	0.98544973
30.296139	-23.292316	28.270128	0	0	0.66627604	0.74570519
8.347690	-46.161507	26.636324	0	0	0.50484609	0.86320938
30.410131	-23.406309	27.890436	0	0	0.66627604	0.74570519
10.052962	-44.419876	24.169762	0	0	-0.070737201	0.99749499
28.653435	-25.699022	25.082083	0	0	0.50484609	0.86320938
33.529617	-21.871147	27.453838	0	0	0	1
17.434156	-33.126461	22.575895	0	0	0.85688874	0.51550139
28.693966	-25.850288	24.710270	0	0	0	1
24.787514	-29.063650	22.496386	0	0	0.32328956	0.94630009
17.089451	-33.965580	21.192453	0	0	0.1288445	0.99166481
16.198015	-35.539963	21.018869	0	0	-0.070737201	0.99749499
21.039789	-43.050354	21.267387	0	0	0.58850112	0.8084964
28.926500	-26.718119	22.577158	0	0	0.73739371	0.67546319
14.048675	-39.335964	20.600340	0	0	0.73739371	0.67546319
34.738647	-22.195107	25.319460	0	0	-0.92106097	0.38941839
12.753042	-41.624210	20.348047	0	0	0.22720209	0.97384763
24.792496	-30.019312	20.446768	0	0	0.1288445	0.99166481
35.100906	-22.292173	24.679943	0	0	-0.87758258	0.4794255
29.098425	-27.359747	21.000040	0	0	0	1
21.677519	-40.670307	18.510311	0	0	0.22720209	0.97384763
28.824022	-28.013918	19.928286	0	0	0.32328956	0.94630009
28.945221	-27.941038	19.939625	0	0	0.32328956	0.94630009
35.907581	-22.508320	23.255871	0	0	-0.87758258	0.4794255
29.216955	-27.802107	19.912725	0	0	0.41614682	0.90929743
35.990601	-22.530565	23.109312	0	0	0.73739371	0.67546319
17.048819	-35.531570	17.892031	0	0	0	1
32.543156	-25.539331	20.785656	0	0	0.58850112	0.8084964
32.667004	-25.663181	20.373127	0	0	0	1
32.782234	-25.778410	19.989315	0	0	0	1
22.342802	-38.187439	16.974155	0	0	0.41614682	0.90929743
8.048053	-49.933800	19.431870	0	0	0.58850112	0.8084964
33.076534	-26.072710	19.009047	0	0	0.85688874	0.51550139
29.527752	-28.962017	17.061684	0	0	0.41614682	0.90929743
23.693075	-33.148151	15.066651	0	0	0	1
14.079116	-41.793427	15.072825	0	0	0.32328956	0.94630009
5.677092	-54.121208	18.970184	0	0	0.66627604	0.74570519
25.394293	-32.900314	13.568196	0	0	0.90407214	0.42737988
29.891600	-30.319920	13.723975	0	0	0.50484609	0.86320938
34.590744	-27.586922	13.965432	0	0	0	1
30.880461	-30.293671	12.601038	0	0	0.97095818	0.23924928
34.752987	-27.749165	13.425024	0	0	0	1
22.503042	-37.589417	9.745770	0	0	0.41614682	0.90929743
36.376171	-27.229445	12.601040	0	-0	-1	-4.371139e-08
7.541366	-54.359104	11.553963	0	0	0.73739371	0.67546319
35.668980	-28.665155	10.374000	0	0	0.73739371	0.67546319
30.474802	-32.496460	8.374070	0	0	0.85688874	0.51550139
16.916960	-40.613422	7.181734	0	0	0.1288445	0.99166481
16.909809	-40.889023	6.600889	0	0	0.73739371	0.67546319
30.560436	-32.816048	7.588524	0	0	0.58850112	0.8084964
41.388798	-24.895702	11.614903	0	0	-0.99500417	0.099833397
42.275658	-24.214642	12.013899	0	0	-0.99500417	0.099833397
16.892891	-41.541065	5.226667	0	0	0	1
30.719055	-33.408024	6.133455	0	0	0.66627604	0.74570519
21.989113	-39.507423	3.499098	0	0	0.32328956	0.94630009
11.695769	-50.399277	4.920978	0	0	0.58850112	0.8084964
31.064184	-34.696060	2.967476	0	0	0.73739371	0.67546319
21.638107	-40.817398	1.116246	0	0	0.66627604	0.74570519
20.563404	-44.828247	0.819287	0	0	0.80114363	0.59847213
20.455807	-45.229805	-1.276324	0	0	0.50484609	0.86320938
39.372131	-23.436644	139.412491	0	-0	-1	-4.371139e-08
36.316868	-29.313046	144.548889	0	0	0.94222235	0.33498812
44.283646	-84.031769	144.593735	0	-0	-1	-4.371139e-08
-18.434256	-31.187904	158.640411	0	0	-0.45359611	0.89120736
-40.186470	-121.090637	90.228485	0	0	0.85688874	0.51550139
0.751092	-118.768799	144.593735	0	0	0.97095818	0.23924928
-42.302807	-107.232536	144.593735	0	0	-0.26749883	0.96355818
185.979050	-62.719849	108.647049	0	0	0.99913515	0.041580682
18.025925	-226.353195	97.789032	0	0	0.97095818	0.23924928
187.745316	-180.741501	108.647049	0	0	0.99913515	0.041580682
136.357071	-229.688278	108.063484	0	0	0.99913515	0.041580682
142.133621	-226.353195	108.647049	0	0	0.99913515	0.041580682
