181.307846	152.315704	20.204985	0.000000	0.000000	-1.341593
341.802338	118.529221	23.037634	0.000000	0.000000	3.058407
-59.494705	87.536461	-8.803942	0.000000	0.000000	0.058407
-0.388345	197.960968	-8.803942	0.000000	0.000000	-0.541593
69.713539	216.744705	-8.803942	0.000000	0.000000	-0.741593
69.713539	216.744705	-8.803942	0.000000	0.000000	-0.741593
83.984581	216.744705	11.577214	0.000000	0.000000	-0.741593
181.307846	152.315704	20.204985	0.000000	0.000000	-1.341593
341.802338	118.529221	23.037634	0.000000	0.000000	3.058407
-59.494705	87.536461	-8.803942	0.000000	0.000000	0.058407
-0.388345	197.960968	-8.803942	0.000000	0.000000	-0.541593
69.713539	216.744705	-8.803942	0.000000	0.000000	-0.741593
69.713539	216.744705	-8.803942	0.000000	0.000000	-0.741593
83.984581	216.744705	11.577214	0.000000	0.000000	-0.741593
181.307846	152.315704	20.204985	0.000000	0.000000	-1.341593
341.802338	118.529221	23.037634	0.000000	0.000000	3.058407
-59.494705	87.536461	-8.803942	0.000000	0.000000	0.058407
-0.388345	197.960968	-8.803942	0.000000	0.000000	-0.541593
69.713539	216.744705	-8.803942	0.000000	0.000000	-0.741593
69.713539	216.744705	-8.803942	0.000000	0.000000	-0.741593
83.984581	216.744705	11.577214	0.000000	0.000000	-0.741593
181.307846	152.315704	20.204985	0.000000	0.000000	-1.341593
341.802338	118.529221	23.037634	0.000000	0.000000	3.058407
-59.494705	87.536461	-8.803942	0.000000	0.000000	0.058407
-0.388345	197.960968	-8.803942	0.000000	0.000000	-0.541593
69.713539	216.744705	-8.803942	0.000000	0.000000	-0.741593
69.713539	216.744705	-8.803942	0.000000	0.000000	-0.741593
83.984581	216.744705	11.577214	0.000000	0.000000	-0.741593
181.307846	152.315704	20.204985	0.000000	0.000000	-1.341593
341.802338	118.529221	23.037634	0.000000	0.000000	3.058407
-59.494705	87.536461	-8.803942	0.000000	0.000000	0.058407
-0.388345	197.960968	-8.803942	0.000000	0.000000	-0.541593
69.713539	216.744705	-8.803942	0.000000	0.000000	-0.741593
69.713539	216.744705	-8.803942	0.000000	0.000000	-0.741593
83.984581	216.744705	11.577214	0.000000	0.000000	-0.741593
181.307846	152.315704	20.204985	0.000000	0.000000	-1.341593
341.802338	118.529221	23.037634	0.000000	0.000000	3.058407
-59.494705	87.536461	-8.803942	0.000000	0.000000	0.058407
-0.388345	197.960968	-8.803942	0.000000	0.000000	-0.541593
69.713539	216.744705	-8.803942	0.000000	0.000000	-0.741593
69.713539	216.744705	-8.803942	0.000000	0.000000	-0.741593
83.984581	216.744705	11.577214	0.000000	0.000000	-0.741593
181.307846	152.315704	20.204985	0.000000	0.000000	-1.341593
341.802338	118.529221	23.037634	0.000000	0.000000	3.058407
-59.494705	87.536461	-8.803942	0.000000	0.000000	0.058407
-0.388345	197.960968	-8.803942	0.000000	0.000000	-0.541593
69.713539	216.744705	-8.803942	0.000000	0.000000	-0.741593
69.713539	216.744705	-8.803942	0.000000	0.000000	-0.741593
83.984581	216.744705	11.577214	0.000000	0.000000	-0.741593
181.307846	152.315704	20.204985	0.000000	0.000000	-1.341593
341.802338	118.529221	23.037634	0.000000	0.000000	3.058407
-59.494705	87.536461	-8.803942	0.000000	0.000000	0.058407
-0.388345	197.960968	-8.803942	0.000000	0.000000	-0.541593
69.713539	216.744705	-8.803942	0.000000	0.000000	-0.741593
69.713539	216.744705	-8.803942	0.000000	0.000000	-0.741593
83.984581	216.744705	11.577214	0.000000	0.000000	-0.741593
181.307846	152.315704	20.204985	0.000000	0.000000	-1.341593
341.802338	118.529221	23.037634	0.000000	0.000000	3.058407
-59.494705	87.536461	-8.803942	0.000000	0.000000	0.058407
-0.388345	197.960968	-8.803942	0.000000	0.000000	-0.541593
69.713539	216.744705	-8.803942	0.000000	0.000000	-0.741593
69.713539	216.744705	-8.803942	0.000000	0.000000	-0.741593
83.984581	216.744705	11.577214	0.000000	0.000000	-0.741593
181.307846	152.315704	20.204985	0.000000	0.000000	-1.341593
341.802338	118.529221	23.037634	0.000000	0.000000	3.058407
-59.494705	87.536461	-8.803942	0.000000	0.000000	0.058407
-0.388345	197.960968	-8.803942	0.000000	0.000000	-0.541593
69.713539	216.744705	-8.803942	0.000000	0.000000	-0.741593
69.713539	216.744705	-8.803942	0.000000	0.000000	-0.741593
83.984581	216.744705	11.577214	0.000000	0.000000	-0.741593
181.307846	152.315704	20.204985	0.000000	0.000000	-1.341593
341.802338	118.529221	23.037634	0.000000	0.000000	3.058407
-59.494705	87.536461	-8.803942	0.000000	0.000000	0.058407
-0.388345	197.960968	-8.803942	0.000000	0.000000	-0.541593
69.713539	216.744705	-8.803942	0.000000	0.000000	-0.741593
69.713539	216.744705	-8.803942	0.000000	0.000000	-0.741593
83.984581	216.744705	11.577214	0.000000	0.000000	-0.741593
181.307846	152.315704	20.204985	0.000000	0.000000	-1.341593
341.802338	118.529221	23.037634	0.000000	0.000000	3.058407
-59.494705	87.536461	-8.803942	0.000000	0.000000	0.058407
-0.388345	197.960968	-8.803942	0.000000	0.000000	-0.541593
69.713539	216.744705	-8.803942	0.000000	0.000000	-0.741593
69.713539	216.744705	-8.803942	0.000000	0.000000	-0.741593
83.984581	216.744705	11.577214	0.000000	0.000000	-0.741593
181.307846	152.315704	20.204985	0.000000	0.000000	-1.341593
341.802338	118.529221	23.037634	0.000000	0.000000	3.058407
-59.494705	87.536461	-8.803942	0.000000	0.000000	0.058407
-0.388345	197.960968	-8.803942	0.000000	0.000000	-0.541593
69.713539	216.744705	-8.803942	0.000000	0.000000	-0.741593
69.713539	216.744705	-8.803942	0.000000	0.000000	-0.741593
83.984581	216.744705	11.577214	0.000000	0.000000	-0.741593
181.307846	152.315704	20.204985	0.000000	0.000000	-1.341593
341.802338	118.529221	23.037634	0.000000	0.000000	3.058407
-59.494705	87.536461	-8.803942	0.000000	0.000000	0.058407
-0.388345	197.960968	-8.803942	0.000000	0.000000	-0.541593
69.713539	216.744705	-8.803942	0.000000	0.000000	-0.741593
69.713539	216.744705	-8.803942	0.000000	0.000000	-0.741593
83.984581	216.744705	11.577214	0.000000	0.000000	-0.741593
181.307846	152.315704	20.204985	0.000000	0.000000	-1.341593
341.802338	118.529221	23.037634	0.000000	0.000000	3.058407
-59.494705	87.536461	-8.803942	0.000000	0.000000	0.058407
-0.388345	197.960968	-8.803942	0.000000	0.000000	-0.541593
69.713539	216.744705	-8.803942	0.000000	0.000000	-0.741593
69.713539	216.744705	-8.803942	0.000000	0.000000	-0.741593
83.984581	216.744705	11.577214	0.000000	0.000000	-0.741593
181.307846	152.315704	20.204985	0.000000	0.000000	-1.341593
341.802338	118.529221	23.037634	0.000000	0.000000	3.058407
-59.494705	87.536461	-8.803942	0.000000	0.000000	0.058407
-0.388345	197.960968	-8.803942	0.000000	0.000000	-0.541593
69.713539	216.744705	-8.803942	0.000000	0.000000	-0.741593
69.713539	216.744705	-8.803942	0.000000	0.000000	-0.741593
83.984581	216.744705	11.577214	0.000000	0.000000	-0.741593
181.307846	152.315704	20.204985	0.000000	0.000000	-1.341593
341.802338	118.529221	23.037634	0.000000	0.000000	3.058407
-59.494705	87.536461	-8.803942	0.000000	0.000000	0.058407
-0.388345	197.960968	-8.803942	0.000000	0.000000	-0.541593
69.713539	216.744705	-8.803942	0.000000	0.000000	-0.741593
69.713539	216.744705	-8.803942	0.000000	0.000000	-0.741593
83.984581	216.744705	11.577214	0.000000	0.000000	-0.741593
181.307846	152.315704	20.204985	0.000000	0.000000	-1.341593
341.802338	118.529221	23.037634	0.000000	0.000000	3.058407
-59.494705	87.536461	-8.803942	0.000000	0.000000	0.058407
-0.388345	197.960968	-8.803942	0.000000	0.000000	-0.541593
69.713539	216.744705	-8.803942	0.000000	0.000000	-0.741593
69.713539	216.744705	-8.803942	0.000000	0.000000	-0.741593
83.984581	216.744705	11.577214	0.000000	0.000000	-0.741593
181.307846	152.315704	20.204985	0.000000	0.000000	-1.341593
341.802338	118.529221	23.037634	0.000000	0.000000	3.058407
-59.494705	87.536461	-8.803942	0.000000	0.000000	0.058407
-0.388345	197.960968	-8.803942	0.000000	0.000000	-0.541593
69.713539	216.744705	-8.803942	0.000000	0.000000	-0.741593
69.713539	216.744705	-8.803942	0.000000	0.000000	-0.741593
83.984581	216.744705	11.577214	0.000000	0.000000	-0.741593
181.307846	152.315704	20.204985	0.000000	0.000000	-1.341593
341.802338	118.529221	23.037634	0.000000	0.000000	3.058407
-59.494705	87.536461	-8.803942	0.000000	0.000000	0.058407
-0.388345	197.960968	-8.803942	0.000000	0.000000	-0.541593
69.713539	216.744705	-8.803942	0.000000	0.000000	-0.741593
69.713539	216.744705	-8.803942	0.000000	0.000000	-0.741593
83.984581	216.744705	11.577214	0.000000	0.000000	-0.741593
