126.885994	36.424469	-53.119102	0	0	-0.87758258	0.4794255
127.159195	36.206165	-52.996899	0	0	-0.87758258	0.4794255
126.558517	36.113621	-53.383575	0	0	0.98999249	0.14112005
126.777534	35.900013	-53.320805	0	0	0.98999249	0.14112005
126.347137	36.294365	-53.415173	0	0	0.98999249	0.14112005
127.508034	36.235928	-53.077312	0	0	0.98999249	0.14112005
127.490562	36.298897	-52.689991	0	0	0.98999249	0.14112005
127.881599	36.062176	-52.914673	0	0	0.98999249	0.14112005
128.136963	36.732502	-52.800194	0	0	0.98999249	0.14112005
128.245468	36.559807	-52.452358	0	0	0.98999249	0.14112005
129.846054	35.983765	-51.319691	0	0	0.98999249	0.14112005
128.845779	35.292992	-49.887264	0	0	-0.87758258	0.4794255
128.970749	35.160271	-50.009510	0	0	-0.87758258	0.4794255
129.108673	35.364677	-50.021587	0	0	0.98999249	0.14112005
128.541809	35.027267	-49.795971	0	0	0.98999249	0.14112005
128.662430	34.898926	-49.914047	0	0	0.98999249	0.14112005
129.270462	35.218384	-50.170914	0	0	0.98999249	0.14112005
128.771439	34.748833	-50.032696	0	0	0.98999249	0.14112005
129.460922	35.150352	-50.310230	0	0	0.98999249	0.14112005
129.617798	35.767498	-50.189285	0	0	0.98999249	0.14112005
129.702194	35.828815	-50.218998	0	0	0.98999249	0.14112005
130.280502	35.732937	-50.603249	0	0	0.98999249	0.14112005
130.509552	36.845882	-50.122208	0	0	-0.87758258	0.4794255
131.976624	36.834240	-49.341457	0	0	0.98999249	0.14112005
128.796265	29.749002	-52.650341	0	0	0.97095818	0.23924928
129.143005	29.548819	-52.078556	0	0	0.97095818	0.23924928
147.689377	39.634521	-53.185913	0	0	-0.87758258	0.4794255
148.442993	43.440453	-48.582092	0	0	-0.98006658	0.19866933
143.526199	37.048298	-33.953869	0	0	0.97095818	0.23924928
141.802902	63.877350	-48.482925	0	0	0.98999249	0.14112005
142.106445	63.702103	-47.982361	0	0	0.98999249	0.14112005
139.296555	14.928764	-17.670895	0	0	-0.98006658	0.19866933
139.487473	14.852970	-17.783699	0	0	-0.98006658	0.19866933
139.732697	15.094905	-17.722845	0	0	-0.95533648	0.29552023
139.013855	14.540349	-17.807455	0	0	-0.95533648	0.29552023
138.853027	14.633527	-17.694647	0	0	-0.95533648	0.29552023
139.169678	14.436191	-17.925173	0	0	-0.95533648	0.29552023
139.830750	14.892361	-17.879995	0	0	-0.95533648	0.29552023
140.110626	14.880877	-17.984945	0	0	-0.95533648	0.29552023
140.413589	15.468764	-17.734518	0	0	-0.95533648	0.29552023
140.406860	15.495672	-17.715845	0	0	-0.95533648	0.29552023
141.527649	15.750660	-17.953613	0	0	-0.92106097	0.38941839
141.978073	16.981829	-17.364731	0	0	0.99913515	0.041580682
143.139404	17.499741	-17.457258	0	0	-0.87758258	0.4794255
139.988617	10.363289	-20.681683	0	0	0.94222235	0.33498812
150.154648	25.567492	-15.021059	0	0	0.97095818	0.23924928
170.283875	36.285442	-37.531345	0	0	-0.87758258	0.4794255
171.157913	33.023499	-37.531345	0	0	-0.87758258	0.4794255
158.861893	20.283161	-21.273903	0	0	0.94222235	0.33498812
159.014160	25.130653	-18.387707	0	0	-0.92106097	0.38941839
155.808273	39.619324	-8.479420	0	-0	-1	-4.371139e-08
175.780792	25.016434	-24.327028	0	0	-0.87758258	0.4794255
83.930359	79.380104	-53.119102	0	0	-0.92106097	0.38941839
83.957809	79.407555	-52.996899	0	0	-0.92106097	0.38941839
84.147110	79.596855	-53.077312	0	0	-0.92106097	0.38941839
83.613899	79.063644	-53.320805	0	0	-0.92106097	0.38941839
84.247017	79.696762	-52.914673	0	0	-0.92106097	0.38941839
83.611198	79.060944	-53.383575	0	0	-0.92106097	0.38941839
84.169861	79.619606	-52.689991	0	0	-0.92106097	0.38941839
83.595879	79.045624	-53.415173	0	0	-0.92106097	0.38941839
84.709862	80.159607	-52.800194	0	0	-0.92106097	0.38941839
84.677765	80.127510	-52.452358	0	0	-0.92106097	0.38941839
85.190033	80.639786	-51.319691	0	0	-0.87758258	0.4794255
81.547760	76.997505	-52.650341	0	0	-0.76484218	0.64421769
85.952843	81.402588	-50.122208	0	0	-0.95533648	0.29552023
86.680557	82.130302	-49.341457	0	0	-0.87758258	0.4794255
95.937080	91.386826	-53.185913	0	0	-0.99500417	0.099833397
98.216850	93.666595	-48.582092	0	0	-0.95533648	0.29552023
92.562378	88.012123	-33.953869	0	0	-0.76484218	0.64421769
105.115250	100.564995	-48.482925	0	0	-0.69670669	0.71735611
104.365829	99.815575	-37.531345	0	-0	-1	-4.371139e-08
126.885994	-17.107296	14.091104	0	-0	-1	-4.371139e-08
126.777534	-17.107296	14.091104	0	-0	-1	-4.371139e-08
127.159195	-17.107296	14.091104	0	-0	-1	-4.371139e-08
126.558517	-17.107296	14.091104	0	-0	-1	-4.371139e-08
126.347137	-17.107296	14.091104	0	-0	-1	-4.371139e-08
127.490562	-17.107296	14.091104	0	-0	-1	-4.371139e-08
127.508034	-17.107296	14.091104	0	-0	-1	-4.371139e-08
127.881599	-17.107296	14.091104	0	-0	-1	-4.371139e-08
128.136963	-17.107296	14.091104	0	-0	-1	-4.371139e-08
128.245468	-17.107296	14.091104	0	-0	-1	-4.371139e-08
128.796265	-17.107296	14.091104	0	0	-0.98006658	0.19866933
129.846054	-17.107296	14.091104	0	0	-0.99500417	0.099833397
130.509552	-17.107296	14.091104	0	0	0.98999249	0.14112005
131.976624	-17.107296	14.091104	0	0	-0.99500417	0.099833397
141.802902	-17.107296	14.091104	0	0	0.99913515	0.041580682
143.526199	-17.107296	14.091104	0	0	-0.99500417	0.099833397
147.689377	-17.107296	14.091104	0	0	0.97095818	0.23924928
148.442993	-17.107296	14.091104	0	0	0.98999249	0.14112005
171.157913	-17.107296	14.091104	0	0	0.90407214	0.42737988
70.256256	-61.661110	14.091105	0	0	0.97095818	0.23924928
70.145256	-61.597019	14.091105	0	0	0.97095818	0.23924928
70.402008	-61.745258	14.091105	0	0	0.97095818	0.23924928
70.555687	-61.833984	14.091105	0	0	0.97095818	0.23924928
69.908455	-61.460300	14.091105	0	0	0.97095818	0.23924928
70.764061	-61.954288	14.091105	0	0	0.97095818	0.23924928
70.804428	-61.977596	14.091105	0	0	0.97095818	0.23924928
69.556488	-61.257095	14.091105	0	0	0.97095818	0.23924928
71.061104	-62.125782	14.091105	0	0	0.97095818	0.23924928
71.159843	-62.182793	14.091105	0	0	0.97095818	0.23924928
71.217262	-62.215942	14.091105	0	0	0.97095818	0.23924928
72.667137	-63.053028	14.091105	0	0	0.97095818	0.23924928
72.791451	-63.124802	14.091105	0	0	0.94222235	0.33498812
73.896797	-63.762974	14.091105	0	0	0.97095818	0.23924928
74.579529	-64.157150	14.091105	0	0	0.98999249	0.14112005
82.466286	-68.710571	14.091105	0	0	0.98999249	0.14112005
83.386002	-69.241570	14.091105	0	0	0.94222235	0.33498812
84.468803	-69.866722	14.091105	0	0	0.94222235	0.33498812
14.950360	69.128235	11.891265	0	0	-0.82533563	0.56464246
14.954986	69.145500	11.890546	0	0	0	1
14.944468	69.106247	11.892182	0	0	0	1
14.924392	69.031319	11.895307	0	0	-0.76484218	0.64421769
14.912873	68.988335	11.897099	0	0	-0.82533563	0.56464246
14.884930	68.884048	11.901447	0	0	0	1
15.019601	69.386650	11.880490	0	0	0	1
14.853625	68.767220	11.906319	0	0	0	1
15.068122	69.567726	11.872940	0	0	-0.76484218	0.64421769
14.814304	68.620468	11.912437	0	0	0	1
15.107589	69.715019	11.866798	0	0	-0.76484218	0.64421769
15.266693	70.308807	11.842039	0	0	-0.82533563	0.56464246
15.353778	70.633812	11.828488	0	0	-0.76484218	0.64421769
16.019485	73.118263	11.724895	0	0	-0.62160997	0.7833269
13.407075	63.368618	12.131421	0	0	-0.69670669	0.71735611
16.900122	76.404846	11.587855	0	0	0	1
17.143576	77.313423	11.549972	0	0	-0.82533563	0.56464246
18.096004	80.867943	11.401760	0	0	0	1
22.751841	98.243759	10.677249	0	0	-0.62160997	0.7833269
105.450294	100.900047	66.107918	0	0	0.99913515	0.041580682
104.932861	-81.681656	14.091105	0	0	0.98999249	0.14112005
216.331528	48.623871	66.107918	0	0	0.99913515	0.041580682
7.837495	42.582661	44.376934	0	0	-0.36235775	0.93203909
13.165289	-51.884266	14.091105	0	0	0.90407214	0.42737988
13.165289	-51.884266	14.091105	0	0	0.90407214	0.42737988
13.165289	-51.884266	14.091105	0	0	0.90407214	0.42737988
13.165289	-51.884266	14.091105	0	0	0.85688874	0.51550139
13.165289	-51.884266	14.091105	0	0	0.90407214	0.42737988
13.165289	-51.884266	14.091105	0	0	0.90407214	0.42737988
13.165289	-51.884266	14.091105	0	0	0.90407214	0.42737988
13.165289	-51.884266	14.091105	0	0	0.90407214	0.42737988
13.165289	-51.884266	14.091105	0	0	0.90407214	0.42737988
13.165289	-51.884266	14.091105	0	0	0.90407214	0.42737988
13.165289	-51.884266	14.091105	0	0	0.90407214	0.42737988
13.165289	-51.884266	14.091105	0	0	0.90407214	0.42737988
13.165289	-51.884266	14.091105	0	0	0.90407214	0.42737988
13.165289	-51.884266	14.091105	0	0	0.90407214	0.42737988
13.165289	-51.884266	14.091105	0	0	0.90407214	0.42737988
13.165289	-51.884266	14.091105	0	0	0.90407214	0.42737988
13.165289	-51.884266	14.091105	0	0	0.90407214	0.42737988
15.897305	-56.616261	14.091105	0	0	0.94222235	0.33498812
6.609074	-41.162556	17.714336	0	0	0.85688874	0.51550139
237.782471	-31.432129	66.107918	0	0	0.99913515	0.041580682
180.970795	-129.832840	56.167164	0	0	0.99913515	0.041580682
57.899246	-135.287766	47.935535	0	0	0.99913515	0.041580682
