9.189211	-12.512195	86.619385	0	0	-0.76484218	0.64421769
9.082713	-12.438796	86.600403	0	0	0.90407214	0.42737988
8.956886	-12.416599	86.572647	0	0	-0.76484218	0.64421769
8.931350	-12.485850	86.379471	0	0	-0.76484218	0.64421769
8.785567	-12.471338	86.351585	0	0	0.90407214	0.42737988
8.636950	-12.480258	86.304092	0	0	-0.76484218	0.64421769
8.479355	-12.512829	86.240242	0	0	-0.76484218	0.64421769
9.370975	-11.603982	86.870422	0	0	-0.76484218	0.64421769
9.270773	-11.562021	86.855965	0	0	0.94222235	0.33498812
8.433578	-12.782676	85.929161	0	0	-0.76484218	0.64421769
8.335346	-13.037338	85.658989	0	0	0.90407214	0.42737988
8.115812	-13.129195	85.565567	0	0	0.90407214	0.42737988
7.940126	-13.587851	85.276886	0	0	-0.76484218	0.64421769
7.666483	-13.545437	85.160820	0	0	0.94222235	0.33498812
7.234184	-14.973932	85.010887	0	0	-0.76484218	0.64421769
7.286685	-15.072893	84.771210	0	0	0.85688874	0.51550139
7.442482	-15.372561	84.318756	0	0	-0.76484218	0.64421769
7.511910	-15.487665	84.058983	0	0	0.85688874	0.51550139
7.590168	-15.616828	83.788208	0	0	-0.82533563	0.56464246
7.688490	-15.780570	83.486694	0	0	-0.82533563	0.56464246
7.799188	-15.983192	83.172745	0	0	-0.82533563	0.56464246
9.101956	-16.339270	83.212494	0	0	-0.82533563	0.56464246
8.063699	-16.470085	82.581886	0	0	-0.82533563	0.56464246
8.305590	-16.923111	82.104156	0	0	0.90407214	0.42737988
7.539320	-6.354717	86.619385	0	0	0.90407214	0.42737988
7.458306	-6.376425	86.600403	0	0	-0.99500417	0.099833397
7.346457	-6.406395	86.572647	0	0	-0.76484218	0.64421769
7.305318	-6.417418	86.379471	0	0	0.90407214	0.42737988
7.852962	-6.270677	86.855965	0	-0	-1	-4.371139e-08
7.172930	-6.452891	86.351585	0	0	-0.99500417	0.099833397
7.935962	-6.248437	86.870422	0	0	-0.76484218	0.64421769
7.032038	-6.490643	86.304092	0	0	-0.76484218	0.64421769
6.876857	-6.532224	86.240242	0	0	-0.76484218	0.64421769
6.766684	-6.561745	85.929161	0	0	-0.76484218	0.64421769
6.611367	-6.603362	85.658989	0	0	-0.99500417	0.099833397
8.499342	-17.041786	81.923355	0	0	0.90407214	0.42737988
6.383575	-6.664398	85.565567	0	0	-0.99500417	0.099833397
8.308376	-17.163269	81.930862	0	0	0.85688874	0.51550139
6.104994	-6.739044	85.276886	0	0	0.94222235	0.33498812
5.860285	-6.804614	85.160820	0	0	-0.98006658	0.19866933
5.099820	-7.008379	85.010887	0	0	0.94222235	0.33498812
5.124064	-7.001883	84.771210	0	0	-0.95533648	0.29552023
5.194508	-6.983008	84.318756	0	0	0.94222235	0.33498812
5.230509	-6.973361	84.058983	0	0	-0.92106097	0.38941839
6.501142	-6.632896	83.212494	0	0	-0.76484218	0.64421769
5.271235	-6.962449	83.788208	0	0	0.97095818	0.23924928
5.322034	-6.948837	83.486694	0	0	0.97095818	0.23924928
5.374661	-6.934736	83.172745	0	0	0.97095818	0.23924928
5.499730	-6.901224	82.581886	0	0	0.97095818	0.23924928
5.612161	-6.871098	82.104156	0	0	-0.95533648	0.29552023
5.763265	-6.830610	81.923355	0	0	-0.95533648	0.29552023
5.554721	-6.886489	81.930862	0	0	-0.95533648	0.29552023
4.952250	-7.047921	77.834381	0	0	0.99913515	0.041580682
8.960650	-22.007473	77.834381	0	0	0.97095818	0.23924928
5.707796	-6.845473	73.785454	0	0	0.98999249	0.14112005
10.442629	-24.516111	73.785454	0	0	0.94222235	0.33498812
9.189211	-32.011040	84.913460	0	0	0.97095818	0.23924928
9.082713	-32.008835	84.888245	0	0	-0.99500417	0.099833397
9.270773	-32.024364	85.065742	0	0	-0.99500417	0.099833397
8.956886	-32.006256	84.858772	0	0	0.97095818	0.23924928
9.370975	-32.025936	85.083733	0	0	0.98999249	0.14112005
8.931350	-31.990009	84.673080	0	0	0.97095818	0.23924928
8.785567	-31.987478	84.644142	0	0	-0.99500417	0.099833397
8.636950	-31.983421	84.597786	0	0	0.97095818	0.23924928
8.479355	-31.978125	84.537247	0	0	0.97095818	0.23924928
8.433578	-31.953165	84.251961	0	0	0.97095818	0.23924928
8.335345	-31.931643	84.005951	0	0	-0.99500417	0.099833397
8.115812	-31.924231	83.921219	0	0	-0.99500417	0.099833397
7.940126	-31.902649	83.674553	0	0	0.97095818	0.23924928
7.666483	-31.892250	83.555679	0	0	-0.99500417	0.099833397
7.234184	-31.890083	83.530914	0	0	0.97095818	0.23924928
7.286685	-31.870024	83.301651	0	0	-0.98006658	0.19866933
7.442482	-31.833017	82.878654	0	0	0.97095818	0.23924928
7.511910	-31.811337	82.630852	0	0	-0.98006658	0.19866933
7.590168	-31.788809	82.373344	0	0	0.97095818	0.23924928
9.101956	-31.744310	81.864731	0	0	0.73739371	0.67546319
7.688490	-31.763874	82.088341	0	0	0.97095818	0.23924928
7.799188	-31.738153	81.794365	0	0	0.97095818	0.23924928
8.063699	-31.690552	81.250267	0	0	0.97095818	0.23924928
8.305590	-31.652515	80.815498	0	0	-0.99500417	0.099833397
8.499342	-31.637718	80.646378	0	0	-0.99500417	0.099833397
8.308376	-31.639294	80.664375	0	0	-0.98006658	0.19866933
8.960650	-31.320417	77.019608	0	0	0.99913515	0.041580682
10.442629	-30.987928	73.219246	0	0	0.97095818	0.23924928
10.704777	-5.506536	62.052109	0	0	-0.69670669	0.71735611
-0.275990	-14.898017	62.519924	0	0	0.85688874	0.51550139
-1.888289	-8.880837	62.519924	0	0	0.90407214	0.42737988
15.654822	-23.980358	62.052109	0	0	-0.82533563	0.56464246
-12.158828	8.835844	86.619385	0	0	-0.95533648	0.29552023
-12.175377	8.819295	86.600403	0	0	-0.87758258	0.4794255
-12.227192	8.767479	86.572647	0	0	-0.98006658	0.19866933
-12.274586	8.720085	86.379471	0	0	-0.95533648	0.29552023
-12.340220	8.654450	86.351585	0	0	-0.87758258	0.4794255
-12.418989	8.575683	86.304092	0	0	-0.98006658	0.19866933
-12.514072	8.480599	86.240242	0	0	-0.98006658	0.19866933
-11.642960	9.351711	86.855965	0	0	-0.87758258	0.4794255
-11.613839	9.380833	86.870422	0	0	-0.95533648	0.29552023
-12.671885	8.322786	85.929161	0	0	-0.95533648	0.29552023
-12.848331	8.146339	85.658989	0	0	-0.87758258	0.4794255
-13.004027	7.990644	85.565567	0	0	-0.87758258	0.4794255
-13.321198	7.673473	85.276886	0	0	-0.95533648	0.29552023
-13.436812	7.557859	85.160820	0	0	-0.87758258	0.4794255
-14.367210	6.627461	85.010887	0	0	-0.95533648	0.29552023
-14.390440	6.604232	84.771210	0	0	-0.87758258	0.4794255
-14.462376	6.532296	84.318756	0	0	-0.95533648	0.29552023
-14.485213	6.509458	84.058983	0	0	-0.87758258	0.4794255
-14.510666	6.484006	83.788208	0	0	-0.95533648	0.29552023
-14.115993	6.878679	83.212494	0	0	-0.98006658	0.19866933
-14.543376	6.451295	83.486694	0	0	-0.95533648	0.29552023
-14.589338	6.405334	83.172745	0	0	-0.95533648	0.29552023
15.678587	-4.173807	57.826492	0	0	-0.69670669	0.71735611
-14.700529	6.294142	82.581886	0	0	-0.95533648	0.29552023
-14.806096	6.188575	82.104156	0	0	-0.87758258	0.4794255
-14.768559	6.226113	81.923355	0	0	-0.87758258	0.4794255
-14.924782	6.069890	81.930862	0	0	-0.87758258	0.4794255
15.654822	-29.965122	61.528507	0	0	-0.82533563	0.56464246
19.851452	-19.747152	57.826492	0	0	-0.76484218	0.64421769
-17.020746	3.973925	77.834381	0	0	-0.87758258	0.4794255
-0.275990	-29.936749	61.204205	0	0	0.73739371	0.67546319
-10.705442	-19.317091	60.528778	0	0	-0.82533563	0.56464246
-17.534077	3.460595	73.785454	0	0	-0.87758258	0.4794255
-12.723868	-11.784223	60.528778	0	0	-0.76484218	0.64421769
0.364470	-8.880726	53.767349	0	0	-0.76484218	0.64421769
0.213592	-8.317640	53.767349	0	0	-0.69670669	0.71735611
20.118567	-2.984118	54.585724	0	0	-0.98006658	0.19866933
19.851452	-29.566080	56.967449	0	0	-0.82533563	0.56464246
14.657702	-4.447352	51.471878	0	0	-0.92106097	0.38941839
25.250715	-22.137558	54.585724	0	0	-0.82533563	0.56464246
6.878722	-6.531724	49.470631	0	0	-0.87758258	0.4794255
-10.705442	-29.797438	59.611866	0	0	-0.92106097	0.38941839
11.326396	-23.130671	49.470631	0	-0	-1	-4.371139e-08
-14.660104	6.334568	62.052109	0	0	0.99913515	0.041580682
20.320545	-25.581369	51.471878	0	0	0.80114363	0.59847213
0.364470	-29.131107	51.995670	0	0	0.73739371	0.67546319
-18.084339	2.910332	62.519924	0	0	-0.54030229	0.84147099
25.250715	-29.302862	53.958839	0	0	-0.87758258	0.4794255
20.320545	-29.058664	51.167652	0	0	0.73739371	0.67546319
11.326396	-28.866293	48.968830	0	0	0.94222235	0.33498812
-10.445186	10.549486	57.826492	0	0	-0.99500417	0.099833397
-12.252234	-49.649864	82.867622	0	0	0.94222235	0.33498812
-12.363027	-49.583904	82.847885	0	0	0.97095818	0.23924928
-12.465969	-49.522072	82.824135	0	0	0.94222235	0.33498812
-12.447025	-49.514282	82.638741	0	0	0.94222235	0.33498812
-12.516744	-49.514622	83.040565	0	0	0.94222235	0.33498812
-12.609489	-49.459747	83.027420	0	0	0.97095818	0.23924928
-12.561665	-49.445827	82.616302	0	0	0.97095818	0.23924928
-12.667514	-49.380672	82.576294	0	0	0.94222235	0.33498812
-12.769241	-49.316479	82.522217	0	0	0.94222235	0.33498812
-12.674197	-49.342415	82.235779	0	0	0.94222235	0.33498812
-12.626895	-49.345001	81.991074	0	0	0.97095818	0.23924928
-12.748433	-49.267128	81.914803	0	0	0.97095818	0.23924928
-12.670904	-49.287201	81.670425	0	0	0.94222235	0.33498812
-12.594522	-49.318256	81.541313	0	0	0.94222235	0.33498812
-12.889843	-49.150040	81.563927	0	0	0.97095818	0.23924928
-12.502115	-49.348099	81.308617	0	0	0.97095818	0.23924928
-12.236556	-49.457653	80.875374	0	0	0.94222235	0.33498812
-12.123613	-49.497387	80.623215	0	0	0.97095818	0.23924928
-11.997512	-49.543682	80.360809	0	0	0.94222235	0.33498812
-11.840130	-49.605133	80.069633	0	0	0.94222235	0.33498812
-11.656196	-49.680904	79.768494	0	0	0.94222235	0.33498812
-10.525356	-50.334770	79.778160	0	0	0.50484609	0.86320938
-11.222431	-49.874641	79.207253	0	0	0.94222235	0.33498812
-10.825137	-50.058502	78.756714	0	0	0.97095818	0.23924928
-10.712318	-50.108078	78.602669	0	0	0.97095818	0.23924928
-10.620609	-50.158512	78.577797	0	0	0.97095818	0.23924928
-7.962369	-51.319000	74.873238	0	0	0.97095818	0.23924928
-25.508602	-4.513931	60.528778	0	0	-0.62160997	0.7833269
-8.940757	12.053914	54.585724	0	0	-0.92106097	0.38941839
-14.755464	6.239208	53.767349	0	0	-0.54030229	0.84147099
-5.594278	-52.292847	70.979362	0	0	0.98999249	0.14112005
-35.163311	-0.627972	86.619385	0	0	-0.82533563	0.56464246
-35.152096	-0.586114	86.600403	0	0	-0.76484218	0.64421769
-35.154976	-0.596861	86.572647	0	0	-0.82533563	0.56464246
-35.174000	-0.667858	86.379471	0	0	-0.82533563	0.56464246
-35.180138	-0.690763	86.351585	0	0	-0.76484218	0.64421769
-35.192322	-0.736239	86.304092	0	0	-0.82533563	0.56464246
-35.211021	-0.806027	86.240242	0	0	-0.82533563	0.56464246
-35.281551	-1.069243	85.929161	0	0	-0.82533563	0.56464246
-34.924084	0.264843	86.870422	0	0	-0.82533563	0.56464246
-34.920307	0.278942	86.855965	0	0	-0.76484218	0.64421769
-35.351795	-1.331403	85.658989	0	0	-0.76484218	0.64421769
-35.389465	-1.471991	85.565567	0	0	-0.76484218	0.64421769
-35.515900	-1.943844	85.276886	0	0	-0.82533563	0.56464246
-35.523624	-1.972682	85.160820	0	0	-0.76484218	0.64421769
-35.909710	-3.413561	85.010887	0	0	-0.82533563	0.56464246
-35.930931	-3.492768	84.771210	0	0	-0.76484218	0.64421769
-35.995411	-3.733412	84.318756	0	0	-0.82533563	0.56464246
-36.019539	-3.823449	84.058983	0	0	-0.76484218	0.64421769
-36.046585	-3.924395	83.788208	0	0	-0.82533563	0.56464246
-36.080936	-4.052588	83.486694	0	0	-0.82533563	0.56464246
-36.125927	-4.220496	83.212494	0	0	-0.82533563	0.56464246
-36.124176	-4.213963	83.172745	0	0	-0.82533563	0.56464246
-36.228180	-4.602112	82.581886	0	0	-0.82533563	0.56464246
-13.127748	7.866924	51.471878	0	0	-0.87758258	0.4794255
-36.325233	-4.964318	82.104156	0	0	-0.76484218	0.64421769
-36.341923	-5.026606	81.923355	0	0	-0.76484218	0.64421769
-36.385086	-5.187692	81.930862	0	0	-0.76484218	0.64421769
-37.297077	-8.591284	77.745018	0	0	-0.82533563	0.56464246
-16.399473	4.595199	49.470631	0	0	-0.82533563	0.56464246
-7.187305	-9.522486	41.222168	0	0	-0.95533648	0.29552023
-7.227142	-9.453485	41.229141	0	0	-0.95533648	0.29552023
-37.395515	-8.958668	73.545799	0	0	-0.82533563	0.56464246
5.553571	-1.960154	39.014286	0	0	0.90407214	0.42737988
-17.297659	-44.380409	59.541519	0	0	0.50484609	0.86320938
45.868797	-29.616280	57.541225	0	0	-0.99500417	0.099833397
-1.396091	-53.513409	59.068584	0	0	0.50484609	0.86320938
-23.154133	-40.878857	58.350536	0	0	0.50484609	0.86320938
7.091016	-0.794768	36.429958	0	0	0.99913515	0.041580682
-36.393818	-5.220275	62.519924	0	0	-0.98006658	0.19866933
-7.227142	-28.046839	39.602432	0	0	-0.95533648	0.29552023
5.553571	-27.797615	36.753803	0	0	0.73739371	0.67546319
-43.294773	-7.274755	84.930817	0	0	-0.69670669	0.71735611
-43.294540	-7.275628	84.920830	0	0	-0.69670669	0.71735611
-43.294010	-7.277612	84.898155	0	0	-0.69670669	0.71735611
-43.289391	-7.294849	84.701134	0	0	-0.69670669	0.71735611
-43.288849	-7.296863	84.678123	0	0	-0.69670669	0.71735611
-43.287807	-7.300749	84.633698	0	0	-0.69670669	0.71735611
-43.302162	-7.247177	85.246025	0	0	-0.69670669	0.71735611
-43.302361	-7.246445	85.254395	0	0	-0.69670669	0.71735611
-43.286343	-7.306217	84.571205	0	0	-0.69670669	0.71735611
-43.278587	-7.335167	84.240303	0	0	-0.69670669	0.71735611
-43.271839	-7.360344	83.952515	0	0	-0.69670669	0.71735611
-43.269600	-7.368702	83.856987	0	0	-0.69670669	0.71735611
-43.262051	-7.396878	83.534943	0	0	-0.69670669	0.71735611
-43.259586	-7.406071	83.429855	0	0	-0.69670669	0.71735611
-43.253433	-7.429048	83.167236	0	0	-0.69670669	0.71735611
-43.247627	-7.450704	82.919701	0	0	-0.69670669	0.71735611
-43.236412	-7.492558	82.441307	0	0	-0.69670669	0.71735611
-43.230103	-7.516116	82.172043	0	0	-0.69670669	0.71735611
-43.223499	-7.540752	81.890442	0	0	-0.69670669	0.71735611
-43.216103	-7.568360	81.574890	0	0	-0.69670669	0.71735611
-43.208332	-7.597367	81.243332	0	0	-0.69670669	0.71735611
-43.207821	-7.599271	81.221573	0	0	-0.69670669	0.71735611
-37.597240	-9.711512	62.052109	0	0	-0.87758258	0.4794255
-43.193459	-7.652874	80.608887	0	0	-0.69670669	0.71735611
-43.181297	-7.698262	80.090103	0	0	-0.69670669	0.71735611
-43.176777	-7.715129	79.897316	0	0	-0.69670669	0.71735611
-43.176746	-7.715246	79.895973	0	0	-0.69670669	0.71735611
3.493472	5.436360	37.059448	0	0	0.97095818	0.23924928
0.123685	-53.916649	54.374580	0	0	0.50484609	0.86320938
-43.071316	-8.108712	75.398636	0	0	-0.69670669	0.71735611
-37.704708	-10.112589	60.356419	0	0	0	1
-36.257816	-4.712718	57.826492	0	0	-0.82533563	0.56464246
-42.971260	-8.482125	71.130508	0	0	-0.69670669	0.71735611
-19.021900	-42.458904	50.375175	0	0	0.50484609	0.86320938
3.493472	-27.571703	34.171616	0	0	0.99913515	0.041580682
-18.837650	2.157022	41.229141	0	0	-0.98006658	0.19866933
-36.493736	-5.593182	54.585724	0	0	-0.82533563	0.56464246
-34.846592	0.554050	53.767349	0	0	-0.99500417	0.099833397
-8.700627	12.294044	39.014286	0	0	-0.54030229	0.84147099
5.351287	-56.604378	51.103775	0	0	0.80114363	0.59847213
-4.469575	-50.490093	46.706696	0	0	0.85688874	0.51550139
-40.288910	-41.078400	81.620949	0	0	0.85688874	0.51550139
-40.346252	-40.976624	81.606934	0	0	0.85688874	0.51550139
-40.385880	-40.904659	81.587883	0	0	0.85688874	0.51550139
-40.348125	-40.937370	81.401100	0	0	0.85688874	0.51550139
-40.389538	-40.862598	81.383759	0	0	0.85688874	0.51550139
-40.420135	-40.803379	81.348183	0	0	0.85688874	0.51550139
-40.441635	-40.757378	81.298080	0	0	0.85688874	0.51550139
-40.313992	-40.927097	81.004524	0	0	0.85688874	0.51550139
-40.651588	-40.484524	81.816986	0	0	0.85688874	0.51550139
-40.694153	-40.409286	81.808350	0	0	0.85688874	0.51550139
-40.209358	-41.064636	80.754852	0	0	0.85688874	0.51550139
-40.218994	-41.035309	80.682632	0	0	0.85688874	0.51550139
-40.045116	-41.292145	80.429268	0	0	0.85688874	0.51550139
-40.124584	-41.137623	80.332809	0	0	0.85688874	0.51550139
-39.609989	-42.019428	80.278542	0	0	0.85688874	0.51550139
-39.536018	-42.105995	80.041031	0	0	0.85688874	0.51550139
-39.333385	-42.378624	79.593307	0	0	0.85688874	0.51550139
-39.246639	-42.483727	79.335289	0	0	0.85688874	0.51550139
-39.150764	-42.602718	79.066292	0	0	0.85688874	0.51550139
-39.032589	-42.754997	78.766785	0	0	0.85688874	0.51550139
-38.893604	-42.941288	78.455688	0	0	0.85688874	0.51550139
3.259362	-55.132206	48.486557	0	0	0.99913515	0.041580682
-38.410465	-43.770580	78.412636	0	0	0.85688874	0.51550139
-38.572311	-43.395401	77.870567	0	0	0.85688874	0.51550139
-38.279865	-43.819237	77.397942	0	0	0.85688874	0.51550139
-38.162922	-43.993484	77.236183	0	0	0.85688874	0.51550139
-38.165730	-43.983879	77.209099	0	0	0.85688874	0.51550139
-48.498302	-10.746113	82.804153	0	0	-0.45359611	0.89120736
-48.498779	-10.745638	82.811554	0	0	-0.45359611	0.89120736
-48.497143	-10.747273	82.786026	0	0	-0.45359611	0.89120736
-48.484695	-10.759723	82.591644	0	0	-0.45359611	0.89120736
-48.483574	-10.760842	82.574165	0	0	-0.45359611	0.89120736
-48.481125	-10.763290	82.535934	0	0	-0.45359611	0.89120736
-48.517342	-10.727076	83.101387	0	0	-0.45359611	0.89120736
-48.517681	-10.726736	83.106689	0	0	-0.45359611	0.89120736
-48.477577	-10.766838	82.480545	0	0	-0.45359611	0.89120736
-48.456905	-10.787511	82.157761	0	0	-0.45359611	0.89120736
-48.439106	-10.805310	81.879852	0	0	-0.45359611	0.89120736
-48.433693	-10.810725	81.795303	0	0	-0.45359611	0.89120736
-48.414200	-10.830215	81.490997	0	0	-0.45359611	0.89120736
-48.408115	-10.836303	81.395943	0	0	-0.45359611	0.89120736
-48.394535	-10.849880	81.183952	0	0	-0.45359611	0.89120736
-48.378696	-10.865722	80.936600	0	0	-0.45359611	0.89120736
-48.348099	-10.896317	80.458900	0	0	-0.45359611	0.89120736
-48.330849	-10.913569	80.189522	0	0	-0.45359611	0.89120736
-48.312801	-10.931614	79.907768	0	0	-0.45359611	0.89120736
-48.292583	-10.951835	79.592064	0	0	-0.45359611	0.89120736
-48.271362	-10.973053	79.260765	0	0	-0.45359611	0.89120736
-48.267139	-10.977277	79.194809	0	0	-0.45359611	0.89120736
-42.734726	-9.364886	61.040497	0	0	-0.69670669	0.71735611
-48.230774	-11.013644	78.626976	0	0	-0.45359611	0.89120736
-48.197598	-11.046820	78.108994	0	0	-0.45359611	0.89120736
-48.185600	-11.058816	77.921669	0	0	-0.45359611	0.89120736
-48.184841	-11.059576	77.909813	0	0	-0.45359611	0.89120736
-35.606445	-47.738300	73.332069	0	0	0.85688874	0.51550139
-47.903008	-11.341408	73.509361	0	0	-0.45359611	0.89120736
-37.684948	-10.038843	51.471878	0	0	-0.76484218	0.64421769
-42.696690	-9.506843	59.417934	0	0	-0.69670669	0.71735611
-6.032420	14.962252	37.059448	0	0	-0.62160997	0.7833269
-42.685123	-9.550005	58.924583	0	0	-0.69670669	0.71735611
-49.221630	-21.563768	81.296906	0	0	0	1
-49.220642	-21.563503	81.285614	0	0	0	1
-49.219147	-21.563103	81.268486	0	0	0	1
-49.239609	-21.568586	81.502396	0	0	0	1
-49.240189	-21.568741	81.509010	0	0	0	1
-49.202717	-21.558701	81.080711	0	0	0	1
-49.201374	-21.558340	81.065361	0	0	0	1
-49.198399	-21.557543	81.031357	0	0	0	1
-49.194122	-21.556396	80.982460	0	0	0	1
-49.168022	-21.549404	80.684158	0	0	0	1
-49.145844	-21.543461	80.430634	0	0	0	1
-49.139591	-21.541786	80.359161	0	0	0	1
-49.116806	-21.535681	80.098740	0	0	0	1
-49.108723	-21.533516	80.006371	0	0	0	1
-49.101902	-21.531687	79.928391	0	0	0	1
-49.080906	-21.526062	79.688400	0	0	0	1
-49.041069	-21.515388	79.233086	0	0	0	1
-49.018234	-21.509270	78.972076	0	0	0	1
-48.994408	-21.502884	78.699715	0	0	0	1
-48.967831	-21.495762	78.395935	0	0	0	1
-47.629566	-11.614852	69.239876	0	0	-0.45359611	0.89120736
-48.940159	-21.488348	78.079643	0	0	0	1
-48.934441	-21.486816	78.014297	0	0	0	1
-48.887867	-21.474337	77.481956	0	0	0	1
-48.845497	-21.462984	76.997658	0	0	0	1
-48.830925	-21.459080	76.831116	0	0	0	1
-48.828579	-21.458450	76.804276	0	0	0	1
-33.845039	-50.085609	69.311371	0	0	0.85688874	0.51550139
-37.674767	-10.000848	49.470631	0	0	-0.69670669	0.71735611
-50.384624	-16.374353	81.497894	0	0	-0.16996714	0.98544973
-50.383934	-16.374538	81.490005	0	0	-0.16996714	0.98544973
-50.382526	-16.374914	81.473915	0	0	-0.16996714	0.98544973
-50.365818	-16.379393	81.282913	0	0	-0.16996714	0.98544973
-50.364532	-16.379736	81.268242	0	0	-0.16996714	0.98544973
-50.406467	-16.368500	81.747559	0	0	-0.16996714	0.98544973
-50.406876	-16.368391	81.752228	0	0	-0.16996714	0.98544973
-50.361523	-16.380543	81.233826	0	0	-0.16996714	0.98544973
-50.357113	-16.381725	81.183411	0	0	-0.16996714	0.98544973
-50.329914	-16.389013	80.872559	0	0	-0.16996714	0.98544973
-50.306698	-16.395233	80.607193	0	0	-0.16996714	0.98544973
-50.300072	-16.397009	80.531448	0	0	-0.16996714	0.98544973
-50.275421	-16.403614	80.249695	0	0	-0.16996714	0.98544973
-50.267513	-16.405733	80.159302	0	0	-0.16996714	0.98544973
-50.254879	-16.409119	80.014893	0	0	-0.16996714	0.98544973
-50.233482	-16.414852	79.770302	0	0	-0.16996714	0.98544973
-50.192425	-16.425852	79.301048	0	0	-0.16996714	0.98544973
-50.169125	-16.432096	79.034691	0	0	-0.16996714	0.98544973
-50.144768	-16.438622	78.756325	0	0	-0.16996714	0.98544973
-50.117523	-16.445923	78.444923	0	0	-0.16996714	0.98544973
-50.089027	-16.453558	78.119209	0	0	-0.16996714	0.98544973
-50.081863	-16.455479	78.037308	0	0	-0.16996714	0.98544973
-50.034756	-16.468100	77.498886	0	0	-0.16996714	0.98544973
-48.479042	-22.007473	72.809059	0	0	0	1
-49.990543	-16.479946	76.993515	0	0	-0.16996714	0.98544973
-49.974995	-16.484114	76.815804	0	0	-0.16996714	0.98544973
-49.973141	-16.484610	76.794617	0	0	-0.16996714	0.98544973
-42.604759	-9.849926	55.496468	0	0	-0.69670669	0.71735611
-49.604710	-16.583330	72.583420	0	0	0.029199523	0.9995736
-48.116241	-24.516111	68.662216	0	0	0.1288445	0.99166481
-49.254799	-16.677090	68.583916	0	0	-0.16996714	0.98544973
-49.237003	-16.681858	68.380508	0	0	0.029199523	0.9995736
-42.543102	-10.080027	52.866413	0	0	-0.69670669	0.71735611
-39.871807	-37.758671	58.519829	0	0	0.97095818	0.23924928
-47.061150	-12.183267	60.364796	0	0	-0.26749883	0.96355818
9.963470	-58.645226	44.946815	0	0	0.90407214	0.42737988
-42.521599	-10.160281	51.949093	0	0	-0.69670669	0.71735611
-40.489887	-36.513149	57.519855	0	0	0.32328956	0.94630009
-46.996662	-12.247754	59.357906	0	0	-0.45359611	0.89120736
-47.440037	-21.086391	60.933193	0	0	0	1
-42.827709	-29.231894	55.495586	0	0	0.50484609	0.86320938
-46.894627	-12.349789	57.764771	0	0	-0.45359611	0.89120736
-46.865177	-12.379239	57.304935	0	0	-0.45359611	0.89120736
-47.207073	-21.023970	58.270378	0	0	0	1
-31.860271	-51.413212	57.251980	0	0	0.90407214	0.42737988
-23.939590	-38.400291	38.304840	0	-0	-1	-4.371139e-08
-47.122456	-21.001297	57.303219	0	0	0	1
-42.444878	-10.446607	48.676376	0	0	-0.69670669	0.71735611
-48.360359	-16.916754	58.360413	0	0	0.029199523	0.9995736
-35.498322	-1.878246	41.229141	0	0	-0.92106097	0.38941839
-48.257763	-16.944244	57.187748	0	0	-0.16996714	0.98544973
-47.057911	-23.980358	56.565453	0	0	0.029199523	0.9995736
-46.623417	-25.628744	56.029232	0	0	0.1288445	0.99166481
-42.408234	-10.583366	47.113209	0	0	-0.62160997	0.7833269
-48.180340	-16.964989	56.302795	0	0	-0.16996714	0.98544973
-17.453693	-41.809902	34.988537	0	0	0.97095818	0.23924928
-46.596893	-12.647522	53.116028	0	0	-0.45359611	0.89120736
-32.288582	-49.850216	52.559139	0	0	0.90407214	0.42737988
13.873249	4.462115	23.154211	0	0	-0.87758258	0.4794255
-46.462532	-12.781885	51.018116	0	0	-0.45359611	0.89120736
-41.635689	-33.129532	49.524361	0	0	0.90407214	0.42737988
-46.656849	-20.876537	51.981297	0	0	0	1
-32.768845	8.308307	39.014286	0	0	-0.26749883	0.96355818
-46.359333	-12.885085	49.406788	0	0	-0.45359611	0.89120736
-47.790405	-17.069471	51.845825	0	0	-0.16996714	0.98544973
-47.773201	-17.074081	51.649181	0	0	-0.16996714	0.98544973
-46.430447	-20.815874	49.393536	0	0	0	1
7.925849	-26.383900	20.594957	0	0	-0.99500417	0.099833397
-22.096272	-38.886375	32.581821	0	0	0.94222235	0.33498812
-47.608215	-17.118290	49.763393	0	0	-0.16996714	0.98544973
-29.637112	-53.827061	49.040779	0	0	0.73739371	0.67546319
7.925849	14.763313	24.194872	0	0	0.97095818	0.23924928
-46.336758	-22.137558	48.322632	0	0	0	1
-46.167572	-13.076844	46.412701	0	0	-0.45359611	0.89120736
-47.463329	-17.157112	48.107315	0	0	-0.16996714	0.98544973
-32.386143	-48.368118	45.054649	0	0	0.73739371	0.67546319
-42.254539	-11.156957	40.557045	0	0	-0.69670669	0.71735611
-46.087006	-13.157410	45.154774	0	0	-0.45359611	0.89120736
-46.097668	-20.726706	45.589851	0	0	0	1
-31.057716	14.694323	37.059448	0	0	-0.62160997	0.7833269
-29.183720	-54.162670	46.470798	0	0	0.90407214	0.42737988
-22.279913	-38.501148	29.818106	0	0	0.97095818	0.23924928
-46.103851	-25.581369	45.660496	0	0	0.32328956	0.94630009
-47.223541	-17.221363	45.366554	0	0	0.029199523	0.9995736
-45.998413	-23.130671	44.455360	0	0	0	1
-42.211319	-11.318264	38.713287	0	0	-0.69670669	0.71735611
16.559229	6.418643	19.137539	0	0	-0.87758258	0.4794255
-47.123150	-17.248262	44.219059	0	0	-0.16996714	0.98544973
32.060390	-26.419235	20.998833	0	0	-0.95533648	0.29552023
-45.823509	-24.828836	43.539684	0	0	0.1288445	0.99166481
10.441298	-26.020641	16.442888	0	-0	-1	-4.371139e-08
0.847246	21.841917	24.194872	0	0	-0.98006658	0.19866933
-43.338333	-7.112185	37.059448	0	0	-0.45359611	0.89120736
-45.694599	-13.549819	39.027802	0	0	-0.45359611	0.89120736
10.441298	17.015211	20.208038	0	0	-0.69670669	0.71735611
-42.387943	-29.753584	37.677082	0	0	0.73739371	0.67546319
-45.401222	-20.540094	37.629444	0	0	0	1
-51.088314	-8.156102	43.957169	0	0	-0.16996714	0.98544973
-52.023594	25.301649	69.390747	0	0	-0.26749883	0.96355818
-46.576660	-17.394693	37.972664	0	0	-0.16996714	0.98544973
-45.532387	-13.712029	36.495090	0	0	-0.070737201	0.99749499
-46.539822	-17.404564	37.551594	0	0	-0.16996714	0.98544973
58.525211	-27.441204	32.680000	0	0	-0.99500417	0.099833397
-45.446682	-13.797736	35.156891	0	0	-0.45359611	0.89120736
-42.173473	-29.515377	34.192749	0	0	0.85688874	0.51550139
-45.096752	-20.458511	34.149311	0	0	0	1
-46.302677	-17.468107	34.841000	0	0	0.029199523	0.9995736
3.230919	24.225590	20.208038	0	-0	-1	-4.371139e-08
-64.747025	5.502607	81.387131	0	0	-0.26749883	0.96355818
-46.163727	-17.505339	33.252815	0	0	-0.16996714	0.98544973
-44.927711	-20.413216	32.217163	0	0	0	1
-44.913139	-20.409311	32.050625	0	0	0	1
-53.964752	32.546146	82.645576	0	0	-0.36235775	0.93203909
-45.088070	-24.093397	32.056721	0	0	0.029199523	0.9995736
-16.668827	-40.608944	18.615059	0	0	-0.99500417	0.099833397
-47.091904	6.896326	35.715607	0	0	-0.76484218	0.64421769
21.368221	-25.470579	10.155645	0	0	0.97095818	0.23924928
-22.213104	-37.438885	18.921238	0	0	0.97095818	0.23924928
44.622448	22.034416	24.943491	0	0	-0.87758258	0.4794255
-44.911682	-23.917011	29.302687	0	0	0.029199523	0.9995736
27.631742	13.390109	13.408682	0	0	0.97095818	0.23924928
-44.856476	-14.387941	25.941572	0	0	-0.45359611	0.89120736
-28.429064	24.504583	24.194872	0	0	-0.69670669	0.71735611
21.368221	24.238844	14.504656	0	0	-0.69670669	0.71735611
-21.116360	-37.644249	14.686163	0	0	0.97095818	0.23924928
7.517743	2.577832	5.484305	0	0	0.97095818	0.23924928
5.342178	6.346019	5.864979	0	0	0.97095818	0.23924928
-44.649372	-14.595044	22.707922	0	0	-0.45359611	0.89120736
7.261312	2.554131	4.253414	0	0	0.97095818	0.23924928
-45.373161	0.481887	24.194872	0	0	-0.54030229	0.84147099
5.342178	-24.856363	3.135125	0	0	0.85688874	0.51550139
-45.164234	-17.773153	21.828543	0	0	-0.16996714	0.98544973
2.938941	10.040698	5.009731	0	0	0.97095818	0.23924928
32.060390	43.792538	27.141567	0	0	-0.92106097	0.38941839
-45.050453	-0.722470	21.775948	0	0	-0.54030229	0.84147099
12.306197	33.300869	14.504656	0	0	-0.87758258	0.4794255
-27.697586	27.234495	20.208038	0	0	-0.82533563	0.56464246
2.938941	-24.754042	1.965586	0	0	0.85688874	0.51550139
-45.032703	-17.808395	20.325161	0	0	-0.16996714	0.98544973
-43.772163	-20.103588	19.009192	0	0	0	1
-43.758739	-20.099991	18.855772	0	0	0	1
-44.395035	-14.849380	18.736786	0	0	-0.45359611	0.89120736
-4.653237	16.341434	5.864979	0	0	0.98999249	0.14112005
-44.678223	-2.111661	19.234226	0	0	-0.54030229	0.84147099
-15.756985	-40.063896	8.008587	0	0	0.94222235	0.33498812
27.429129	48.423801	27.141567	0	0	-0.92106097	0.38941839
-44.214867	-23.220194	18.422762	0	0	0.029199523	0.9995736
-44.185757	-23.191084	17.968252	0	0	0.029199523	0.9995736
-4.007516	16.987156	5.009731	0	0	0.98999249	0.14112005
-44.672222	-17.904985	16.204847	0	0	-0.16996714	0.98544973
-43.389099	-20.000946	14.630736	0	0	0	1
-43.942207	-22.947535	14.165524	0	0	-0.070737201	0.99749499
-44.017662	-15.226754	12.844562	0	0	-0.45359611	0.89120736
-19.742918	-37.102638	1.475656	0	0	-0.99500417	0.099833397
-44.109039	-18.055891	9.767632	0	0	-0.16996714	0.98544973
-25.159714	36.705967	14.504656	0	0	-0.76484218	0.64421769
-30.722586	15.945047	6.213614	0	0	0	1
-30.207222	17.868410	6.569432	0	0	-0.82533563	0.56464246
-30.021833	18.560291	6.697428	0	0	0	1
-43.063492	-8.137918	8.208338	0	0	0	1
-58.259682	48.575043	111.972702	0	0	-0.36235775	0.93203909
-42.796524	-19.842167	7.857598	0	0	0	1
-23.100471	-35.060886	0.453425	0	0	0.94222235	0.33498812
-42.895313	-8.765569	7.059963	0	0	-0.87758258	0.4794255
-43.506054	-22.511381	7.355537	0	0	-0.070737201	0.99749499
1.152303	22.146975	-2.396474	0	0	-0.76484218	0.64421769
-19.555050	57.622852	27.141567	0	0	-0.92106097	0.38941839
-45.208138	-0.133985	166.550186	0	0	-0.54030229	0.84147099
-3.060351	17.934320	178.460831	0	0	0.99913515	0.041580682
-43.461231	-15.783185	4.156600	0	0	-0.45359611	0.89120736
-41.362949	-14.484421	2.523952	0	0	-0.62160997	0.7833269
-43.431713	-15.812705	3.695681	0	0	0.029199523	0.9995736
-43.426071	-15.818345	3.607625	0	0	-0.45359611	0.89120736
-35.050484	-0.206889	173.579086	0	0	-0.76484218	0.64421769
-53.589565	-5.654852	162.297775	0	0	-0.16996714	0.98544973
-43.491760	-18.221291	2.712108	0	0	-0.16996714	0.98544973
-43.491760	-18.221291	2.712108	0	0	0.029199523	0.9995736
19.247168	6.138712	-10.390356	0	0	0	1
-42.208332	-19.684561	1.134504	0	0	0	1
-57.424259	-14.488089	161.961304	0	0	0.029199523	0.9995736
-43.095219	-22.100546	0.940858	0	0	0.22720209	0.97384763
-43.090851	-22.096180	0.872698	0	0	0.22720209	0.97384763
18.102415	-23.300596	-14.647376	0	0	-0.92106097	0.38941839
-11.029905	-40.504299	-14.647376	0	0	0.94222235	0.33498812
109.330917	-28.945539	49.874626	0	0	0.98999249	0.14112005
-34.706024	-34.611900	-10.598642	0	0	0.90407214	0.42737988
90.031273	46.887318	38.444324	0	0	-0.87758258	0.4794255
101.643166	51.081066	63.293839	0	0	-0.98006658	0.19866933
80.706261	13.250306	178.460831	0	0	0.99913515	0.041580682
-56.450974	-94.778534	163.928665	0	0	0.97095818	0.23924928
58.525211	101.457420	43.957169	0	0	-0.69670669	0.71735611
-3.366022	118.041130	43.957169	0	0	-0.82533563	0.56464246
118.533096	-61.635719	178.460831	0	0	0.99913515	0.041580682
134.189407	70.408051	57.984192	0	-0	-1	-4.371139e-08
3.039017	141.945053	62.333866	0	0	-0.69670669	0.71735611
109.652504	-94.778534	178.460831	0	0	0.99913515	0.041580682
13.845314	-150.092850	168.782074	0	0	0.99913515	0.041580682
61.411358	138.711609	71.482925	0	0	-0.54030229	0.84147099
109.330917	113.464233	62.333866	0	0	-0.98006658	0.19866933
94.650772	-120.762299	175.835861	0	0	0.99913515	0.041580682
100.900238	121.894905	62.333866	0	0	-0.95533648	0.29552023
45.868797	147.685104	73.053085	0	0	-0.45359611	0.89120736
7.343079	158.008041	73.053085	0	0	-0.36235775	0.93203909
