70.010452	-37.301552	-89.078728	0.000000	0.000000	3.058407
82.385742	-142.170959	-112.689194	0.000000	0.000000	2.858407
4.512469	-220.044235	-112.689194	0.000000	0.000000	2.458407
4.060991	-220.826218	-111.399643	0.000000	0.000000	2.458407
-25.100471	-237.141281	-63.854988	0.000000	0.000000	2.458407
-67.867477	-220.044235	-9.319920	0.000000	0.000000	2.458407
-136.171860	-138.820099	-2.472659	0.000000	0.000000	1.858407
70.010452	-37.301552	-89.078728	0.000000	0.000000	3.058407
82.385742	-142.170959	-112.689194	0.000000	0.000000	2.858407
4.512469	-220.044235	-112.689194	0.000000	0.000000	2.458407
4.060991	-220.826218	-111.399643	0.000000	0.000000	2.458407
-25.100471	-237.141281	-63.854988	0.000000	0.000000	2.458407
-67.867477	-220.044235	-9.319920	0.000000	0.000000	2.458407
-136.171860	-138.820099	-2.472659	0.000000	0.000000	1.858407
70.010452	-37.301552	-89.078728	0.000000	0.000000	3.058407
82.385742	-142.170959	-112.689194	0.000000	0.000000	2.858407
4.512469	-220.044235	-112.689194	0.000000	0.000000	2.458407
4.060991	-220.826218	-111.399643	0.000000	0.000000	2.458407
-25.100471	-237.141281	-63.854988	0.000000	0.000000	2.458407
-67.867477	-220.044235	-9.319920	0.000000	0.000000	2.458407
-136.171860	-138.820099	-2.472659	0.000000	0.000000	1.858407
70.010452	-37.301552	-89.078728	0.000000	0.000000	3.058407
82.385742	-142.170959	-112.689194	0.000000	0.000000	2.858407
4.512469	-220.044235	-112.689194	0.000000	0.000000	2.458407
4.060991	-220.826218	-111.399643	0.000000	0.000000	2.458407
-25.100471	-237.141281	-63.854988	0.000000	0.000000	2.458407
-67.867477	-220.044235	-9.319920	0.000000	0.000000	2.458407
-136.171860	-138.820099	-2.472659	0.000000	0.000000	1.858407
70.010452	-37.301552	-89.078728	0.000000	0.000000	3.058407
82.385742	-142.170959	-112.689194	0.000000	0.000000	2.858407
4.512469	-220.044235	-112.689194	0.000000	0.000000	2.458407
4.060991	-220.826218	-111.399643	0.000000	0.000000	2.458407
-25.100471	-237.141281	-63.854988	0.000000	0.000000	2.458407
-67.867477	-220.044235	-9.319920	0.000000	0.000000	2.458407
-136.171860	-138.820099	-2.472659	0.000000	0.000000	1.858407
70.010452	-37.301552	-89.078728	0.000000	0.000000	3.058407
82.385742	-142.170959	-112.689194	0.000000	0.000000	2.858407
4.512469	-220.044235	-112.689194	0.000000	0.000000	2.458407
4.060991	-220.826218	-111.399643	0.000000	0.000000	2.458407
-25.100471	-237.141281	-63.854988	0.000000	0.000000	2.458407
-67.867477	-220.044235	-9.319920	0.000000	0.000000	2.458407
-136.171860	-138.820099	-2.472659	0.000000	0.000000	1.858407
70.010452	-37.301552	-89.078728	0.000000	0.000000	3.058407
82.385742	-142.170959	-112.689194	0.000000	0.000000	2.858407
4.512469	-220.044235	-112.689194	0.000000	0.000000	2.458407
4.060991	-220.826218	-111.399643	0.000000	0.000000	2.458407
-25.100471	-237.141281	-63.854988	0.000000	0.000000	2.458407
-67.867477	-220.044235	-9.319920	0.000000	0.000000	2.458407
-136.171860	-138.820099	-2.472659	0.000000	0.000000	1.858407
70.010452	-37.301552	-89.078728	0.000000	0.000000	3.058407
82.385742	-142.170959	-112.689194	0.000000	0.000000	2.858407
4.512469	-220.044235	-112.689194	0.000000	0.000000	2.458407
4.060991	-220.826218	-111.399643	0.000000	0.000000	2.458407
-25.100471	-237.141281	-63.854988	0.000000	0.000000	2.458407
-67.867477	-220.044235	-9.319920	0.000000	0.000000	2.458407
-136.171860	-138.820099	-2.472659	0.000000	0.000000	1.858407
70.010452	-37.301552	-89.078728	0.000000	0.000000	3.058407
82.385742	-142.170959	-112.689194	0.000000	0.000000	2.858407
4.512469	-220.044235	-112.689194	0.000000	0.000000	2.458407
4.060991	-220.826218	-111.399643	0.000000	0.000000	2.458407
-25.100471	-237.141281	-63.854988	0.000000	0.000000	2.458407
-67.867477	-220.044235	-9.319920	0.000000	0.000000	2.458407
-136.171860	-138.820099	-2.472659	0.000000	0.000000	1.858407
70.010452	-37.301552	-89.078728	0.000000	0.000000	3.058407
82.385742	-142.170959	-112.689194	0.000000	0.000000	2.858407
4.512469	-220.044235	-112.689194	0.000000	0.000000	2.458407
4.060991	-220.826218	-111.399643	0.000000	0.000000	2.458407
-25.100471	-237.141281	-63.854988	0.000000	0.000000	2.458407
-67.867477	-220.044235	-9.319920	0.000000	0.000000	2.458407
-136.171860	-138.820099	-2.472659	0.000000	0.000000	1.858407
70.010452	-37.301552	-89.078728	0.000000	0.000000	3.058407
82.385742	-142.170959	-112.689194	0.000000	0.000000	2.858407
4.512469	-220.044235	-112.689194	0.000000	0.000000	2.458407
4.060991	-220.826218	-111.399643	0.000000	0.000000	2.458407
-25.100471	-237.141281	-63.854988	0.000000	0.000000	2.458407
-67.867477	-220.044235	-9.319920	0.000000	0.000000	2.458407
-136.171860	-138.820099	-2.472659	0.000000	0.000000	1.858407
70.010452	-37.301552	-89.078728	0.000000	0.000000	3.058407
82.385742	-142.170959	-112.689194	0.000000	0.000000	2.858407
4.512469	-220.044235	-112.689194	0.000000	0.000000	2.458407
4.060991	-220.826218	-111.399643	0.000000	0.000000	2.458407
-25.100471	-237.141281	-63.854988	0.000000	0.000000	2.458407
-67.867477	-220.044235	-9.319920	0.000000	0.000000	2.458407
-136.171860	-138.820099	-2.472659	0.000000	0.000000	1.858407
70.010452	-37.301552	-89.078728	0.000000	0.000000	3.058407
82.385742	-142.170959	-112.689194	0.000000	0.000000	2.858407
4.512469	-220.044235	-112.689194	0.000000	0.000000	2.458407
4.060991	-220.826218	-111.399643	0.000000	0.000000	2.458407
-25.100471	-237.141281	-63.854988	0.000000	0.000000	2.458407
-67.867477	-220.044235	-9.319920	0.000000	0.000000	2.458407
-136.171860	-138.820099	-2.472659	0.000000	0.000000	1.858407
70.010452	-37.301552	-89.078728	0.000000	0.000000	3.058407
82.385742	-142.170959	-112.689194	0.000000	0.000000	2.858407
4.512469	-220.044235	-112.689194	0.000000	0.000000	2.458407
4.060991	-220.826218	-111.399643	0.000000	0.000000	2.458407
-25.100471	-237.141281	-63.854988	0.000000	0.000000	2.458407
-67.867477	-220.044235	-9.319920	0.000000	0.000000	2.458407
-136.171860	-138.820099	-2.472659	0.000000	0.000000	1.858407
70.010452	-37.301552	-89.078728	0.000000	0.000000	3.058407
82.385742	-142.170959	-112.689194	0.000000	0.000000	2.858407
4.512469	-220.044235	-112.689194	0.000000	0.000000	2.458407
4.060991	-220.826218	-111.399643	0.000000	0.000000	2.458407
-25.100471	-237.141281	-63.854988	0.000000	0.000000	2.458407
-67.867477	-220.044235	-9.319920	0.000000	0.000000	2.458407
-136.171860	-138.820099	-2.472659	0.000000	0.000000	1.858407
70.010452	-37.301552	-89.078728	0.000000	0.000000	3.058407
82.385742	-142.170959	-112.689194	0.000000	0.000000	2.858407
4.512469	-220.044235	-112.689194	0.000000	0.000000	2.458407
4.060991	-220.826218	-111.399643	0.000000	0.000000	2.458407
-25.100471	-237.141281	-63.854988	0.000000	0.000000	2.458407
-67.867477	-220.044235	-9.319920	0.000000	0.000000	2.458407
-136.171860	-138.820099	-2.472659	0.000000	0.000000	1.858407
70.010452	-37.301552	-89.078728	0.000000	0.000000	3.058407
82.385742	-142.170959	-112.689194	0.000000	0.000000	2.858407
4.512469	-220.044235	-112.689194	0.000000	0.000000	2.458407
4.060991	-220.826218	-111.399643	0.000000	0.000000	2.458407
-25.100471	-237.141281	-63.854988	0.000000	0.000000	2.458407
-67.867477	-220.044235	-9.319920	0.000000	0.000000	2.458407
-136.171860	-138.820099	-2.472659	0.000000	0.000000	1.858407
70.010452	-37.301552	-89.078728	0.000000	0.000000	3.058407
82.385742	-142.170959	-112.689194	0.000000	0.000000	2.858407
4.512469	-220.044235	-112.689194	0.000000	0.000000	2.458407
4.060991	-220.826218	-111.399643	0.000000	0.000000	2.458407
-25.100471	-237.141281	-63.854988	0.000000	0.000000	2.458407
-67.867477	-220.044235	-9.319920	0.000000	0.000000	2.458407
-136.171860	-138.820099	-2.472659	0.000000	0.000000	1.858407
70.010452	-37.301552	-89.078728	0.000000	0.000000	3.058407
82.385742	-142.170959	-112.689194	0.000000	0.000000	2.858407
4.512469	-220.044235	-112.689194	0.000000	0.000000	2.458407
4.060991	-220.826218	-111.399643	0.000000	0.000000	2.458407
-25.100471	-237.141281	-63.854988	0.000000	0.000000	2.458407
-67.867477	-220.044235	-9.319920	0.000000	0.000000	2.458407
-136.171860	-138.820099	-2.472659	0.000000	0.000000	1.858407
70.010452	-37.301552	-89.078728	0.000000	0.000000	3.058407
82.385742	-142.170959	-112.689194	0.000000	0.000000	2.858407
4.512469	-220.044235	-112.689194	0.000000	0.000000	2.458407
4.060991	-220.826218	-111.399643	0.000000	0.000000	2.458407
-25.100471	-237.141281	-63.854988	0.000000	0.000000	2.458407
-67.867477	-220.044235	-9.319920	0.000000	0.000000	2.458407
-136.171860	-138.820099	-2.472659	0.000000	0.000000	1.858407
