-55.854012	-31.186449	1.604522	0	0	0.58850112	0.8084964
-55.909927	-31.243092	1.599013	0	0	-0.26749883	0.96355818
-55.795433	-31.128613	1.610666	0	0	-0.26749883	0.96355818
-55.963074	-31.298660	1.594131	0	0	0.58850112	0.8084964
-55.734161	-31.069445	1.617468	0	0	0.58850112	0.8084964
-55.670322	-31.008778	1.624961	0	0	0.58850112	0.8084964
-55.604294	-30.946390	1.633179	0	0	-0.26749883	0.96355818
-55.536770	-30.882008	1.642168	0	0	0.58850112	0.8084964
-55.468586	-30.815292	1.652025	0	0	0.58850112	0.8084964
-55.400883	-30.745831	1.662923	0	0	0.58850112	0.8084964
-55.335186	-30.673094	1.675081	0	0	-0.26749883	0.96355818
-55.273266	-30.596491	1.689081	0	0	-0.26749883	0.96355818
-55.217091	-30.515285	1.705138	0	0	0.58850112	0.8084964
-55.168961	-30.429224	1.725955	0	0	-0.26749883	0.96355818
-55.125248	-30.338112	1.746036	0	0	0.58850112	0.8084964
-55.083683	-30.241774	1.762059	0	0	-0.26749883	0.96355818
-55.043613	-30.140207	1.773862	0	0	0.58850112	0.8084964
-55.004360	-30.033176	1.781142	0	0	-0.26749883	0.96355818
-54.964279	-29.920803	1.784090	0	0	0.58850112	0.8084964
-54.922409	-29.802279	1.782160	0	0	0.58850112	0.8084964
-54.879578	-29.678228	1.773230	0	0	0.58850112	0.8084964
-54.824974	-29.544643	1.762708	0	0	0.58850112	0.8084964
-54.774792	-29.418037	1.736943	0	0	-0.26749883	0.96355818
-54.629456	-29.248985	1.676404	0	0	0.58850112	0.8084964
-54.621292	-29.249760	1.761589	0	0	-0.26749883	0.96355818
-53.754948	-29.972496	1.870814	0	0	0.58850112	0.8084964
-54.226665	-29.139578	1.708191	0	0	-0.16996714	0.98544973
-52.470676	-29.780979	0.983638	0	0	0.58850112	0.8084964
-52.378101	-28.498821	2.377584	0	0	0.58850112	0.8084964
-51.821724	-29.843513	4.499008	0	0	0.22720209	0.97384763
-49.460114	-30.144518	1.086510	0	0	0.029199523	0.9995736
-48.377483	-32.019688	1.275946	0	0	0.58850112	0.8084964
-50.143360	-28.101196	5.969645	0	0	0	1
-55.851913	-26.937696	8.876483	0	0	0.58850112	0.8084964
-55.895863	-26.730848	8.899040	0	0	0.58850112	0.8084964
-46.741348	-28.569431	0.272634	0	0	-0.26749883	0.96355818
-47.013062	-28.399399	4.375977	0	0	-0.26749883	0.96355818
-44.321655	-26.983788	3.007259	0	0	-0.26749883	0.96355818
-43.838009	-28.142347	2.760031	0	0	0	1
-42.894123	-26.232941	2.281285	0	0	0	1
-42.264904	-27.740219	1.959643	0	0	0	1
-42.375134	-39.509441	2.005172	0	0	0.73739371	0.67546319
-41.487850	-23.088858	1.568285	0	0	0	1
-39.549721	-24.473871	0.580485	0	0	-0.26749883	0.96355818
-38.324982	-27.407705	-0.045574	0	0	-0.26749883	0.96355818
-39.084309	-24.636221	-3.686414	0	0	0.1288445	0.99166481
-37.237892	-23.257906	-0.595200	0	0	0.58850112	0.8084964
-37.098724	-23.184708	-0.665973	0	0	-0.26749883	0.96355818
-36.027058	-25.751865	-1.213786	0	0	-0.26749883	0.96355818
-40.738644	-46.524719	1.165853	0	0	0.32328956	0.94630009
-40.787247	-46.573322	1.190550	0	0	0.41614682	0.90929743
-40.688473	-46.474548	1.140360	0	0	0.41614682	0.90929743
-40.834293	-46.620369	1.214455	0	0	0.32328956	0.94630009
-40.636669	-46.422745	1.114037	0	0	0.32328956	0.94630009
-40.583218	-46.369297	1.086878	0	0	0.32328956	0.94630009
-40.528202	-46.314278	1.058923	0	0	0.41614682	0.90929743
-40.471813	-46.257889	1.030269	0	0	0.32328956	0.94630009
-40.425461	-46.211536	1.006718	0	0	-0.070737201	0.99749499
-40.414291	-46.200367	1.001042	0	0	0.32328956	0.94630009
-40.356003	-46.142078	0.971424	0	0	0.32328956	0.94630009
-40.297436	-46.083511	0.941664	0	0	0.41614682	0.90929743
-40.239243	-46.025318	0.912095	0	0	0.41614682	0.90929743
-40.182022	-45.968098	0.883019	0	0	0.32328956	0.94630009
-40.127281	-45.913357	0.855204	0	0	0.41614682	0.90929743
-40.072094	-45.858170	0.827163	0	0	0.32328956	0.94630009
-40.014633	-45.800709	0.797964	0	0	0.41614682	0.90929743
-39.954567	-45.740643	0.767444	0	0	0.32328956	0.94630009
-39.891426	-45.677502	0.735360	0	0	0.41614682	0.90929743
-39.824577	-45.610653	0.701392	0	0	0.32328956	0.94630009
-39.753113	-45.539188	0.665081	0	0	0.32328956	0.94630009
-39.677204	-45.463280	0.626509	0	0	0.32328956	0.94630009
-39.591499	-45.377575	0.582961	0	0	0.32328956	0.94630009
-39.507416	-45.293491	0.540235	0	0	0.41614682	0.90929743
-39.370468	-45.156544	0.470649	0	0	0.41614682	0.90929743
-39.354572	-45.140648	0.462571	0	0	0.32328956	0.94630009
-39.331451	-45.117527	0.450823	0	0	0.32328956	0.94630009
-39.134907	-44.920982	0.350954	0	0	0.41614682	0.90929743
-39.009621	-44.795696	0.287293	0	0	0.41614682	0.90929743
-38.545601	-44.331676	0.051513	0	0	0.80114363	0.59847213
-38.478298	-44.264374	0.017314	0	0	0.32328956	0.94630009
-38.183178	-43.969254	-0.132644	0	0	0.32328956	0.94630009
-37.825748	-43.611824	-0.314263	0	0	0.58850112	0.8084964
-37.722843	-43.508923	-0.366551	0	0	0	1
-35.705551	-21.539495	-1.373653	0	0	0.22720209	0.97384763
-35.244667	-41.030743	-1.625775	0	0	0.80114363	0.59847213
-34.329548	-40.115623	-2.090771	0	0	0.66627604	0.74570519
-55.854012	-7.285225	-0.486564	0	0	-0.070737201	0.99749499
-55.909927	-7.286133	-0.496950	0	0	0.029199523	0.9995736
-55.795433	-7.284252	-0.475445	0	0	0.029199523	0.9995736
-55.963074	-7.286979	-0.506619	0	0	-0.070737201	0.99749499
-55.734161	-7.283212	-0.463557	0	0	-0.070737201	0.99749499
-55.670322	-7.282101	-0.450854	0	0	-0.070737201	0.99749499
-55.604294	-7.280913	-0.437282	0	0	0.029199523	0.9995736
-55.536770	-7.279644	-0.422772	0	0	-0.070737201	0.99749499
-55.468586	-7.278281	-0.407197	0	0	-0.070737201	0.99749499
-55.400883	-7.276807	-0.390351	0	0	-0.070737201	0.99749499
-55.335186	-7.275199	-0.371970	0	0	0.029199523	0.9995736
-55.273266	-7.273402	-0.351425	0	0	0.029199523	0.9995736
-55.217091	-7.271390	-0.328439	0	0	-0.070737201	0.99749499
-55.168961	-7.268929	-0.300308	0	0	0.029199523	0.9995736
-55.125248	-7.266494	-0.272469	0	0	-0.070737201	0.99749499
-55.083683	-7.264371	-0.248203	0	0	0.029199523	0.9995736
-55.043613	-7.262575	-0.227672	0	0	-0.070737201	0.99749499
-55.004360	-7.261129	-0.211154	0	0	0.029199523	0.9995736
-54.964279	-7.260020	-0.198471	0	0	-0.070737201	0.99749499
-54.922409	-7.259287	-0.190096	0	0	-0.070737201	0.99749499
-54.879578	-7.259120	-0.188188	0	0	-0.070737201	0.99749499
-54.824974	-7.259019	-0.187032	0	0	-0.070737201	0.99749499
-54.774792	-7.260294	-0.201609	0	0	0.029199523	0.9995736
-54.629456	-7.264266	-0.247010	0	0	-0.070737201	0.99749499
-54.621292	-7.256876	-0.162539	0	0	0.029199523	0.9995736
-54.226665	-7.260675	-0.205965	0	0	0.029199523	0.9995736
-53.754948	-7.252883	-0.116894	0	0	-0.070737201	0.99749499
-52.470676	-7.328456	-0.980703	0	0	-0.070737201	0.99749499
-52.378101	-7.197689	0.513976	0	0	-0.45359611	0.89120736
-33.274754	-39.060829	-2.626740	0	0	-0.070737201	0.99749499
-51.821724	-7.023713	2.502534	0	0	-0.070737201	0.99749499
-50.101685	-6.875683	4.194521	0	0	0.32328956	0.94630009
-48.377483	-7.320082	-0.884989	0	0	-0.070737201	0.99749499
-32.929901	-20.992012	-2.786035	0	0	0.58850112	0.8084964
-55.172722	-6.494703	8.549134	0	0	-0.54030229	0.84147099
-46.741348	-7.380985	-1.581115	0	0	0.22720209	0.97384763
-30.931578	-36.717655	-3.817366	0	0	-0.070737201	0.99749499
-43.083672	-7.033118	2.395029	0	0	-0.16996714	0.98544973
-29.058310	-30.266319	-4.765107	0	0	0.73739371	0.67546319
-30.126217	-40.293755	-4.230529	0	0	0.80114363	0.59847213
-28.917858	-34.703934	-4.840589	0	0	0.73739371	0.67546319
-41.527412	-7.102430	1.602792	0	0	0.029199523	0.9995736
-41.217560	-7.116230	1.445058	0	0	-0.16996714	0.98544973
-31.872004	-45.704517	-3.346745	0	0	0.41614682	0.90929743
-38.532589	-8.233698	0.077339	0	0	0.22720209	0.97384763
-46.783386	-3.965222	4.281032	0	0	-0.54030229	0.84147099
-38.496986	-7.237397	0.060111	0	0	0.22720209	0.97384763
-27.031919	-32.817997	-5.798882	0	0	0.73739371	0.67546319
-37.605614	-7.277096	-0.393654	0	0	-0.26749883	0.96355818
-28.855532	-18.848995	-4.858062	0	0	0.41614682	0.90929743
-35.370419	-7.376646	-1.531514	0	0	-0.54030229	0.84147099
-46.166191	-1.069667	3.969468	0	0	-0.62160997	0.7833269
-24.893583	-28.339750	-6.883322	0	0	0.41614682	0.90929743
-23.857868	-29.643946	-7.411698	0	0	0.32328956	0.94630009
-23.644028	-29.430103	-7.520356	0	0	0.73739371	0.67546319
-24.185986	-24.131212	-7.239723	0	0	0	1
-25.264557	-19.227999	-6.686296	0	0	0.58850112	0.8084964
-23.132828	-28.918903	-7.780110	0	0	0.66627604	0.74570519
-23.132828	-28.918903	-7.780110	0	0	0.22720209	0.97384763
-23.103392	-28.889467	-7.830522	0	0	0.73739371	0.67546319
-25.711670	-17.195404	-6.456877	0	0	0.50484609	0.86320938
-25.711670	-17.195404	-6.456877	0	0	-0.26749883	0.96355818
-27.152037	-49.319958	-5.752573	0	0	0.50484609	0.86320938
-55.362900	-61.148975	-16.760721	0	0	0.029199523	0.9995736
-28.960125	-7.662144	-4.794765	0	0	-0.54030229	0.84147099
-28.251675	-7.693696	-5.155413	0	0	-0.54030229	0.84147099
-27.797331	-7.713931	-5.386703	0	0	0.32328956	0.94630009
-27.118740	-7.801114	-6.383200	0	0	0	1
-25.805544	-7.969827	-8.311605	0	0	-0.54030229	0.84147099
-93.026871	-36.898697	-16.760721	0	0	-0.26749883	0.96355818
-17.850283	-49.317230	-11.272723	0	0	0	1
-17.862865	-49.364193	-11.243738	0	0	0	1
-17.837420	-49.269226	-11.302353	0	0	0.50484609	0.86320938
-17.875187	-49.410175	-11.215359	0	0	0	1
-17.824251	-49.220085	-11.332682	0	0	0	1
-17.810760	-49.169731	-11.363759	0	0	0.50484609	0.86320938
-17.796925	-49.118099	-11.395626	0	0	0	1
-17.790194	-49.092979	-11.411130	0	0	0	1
-17.782736	-49.065144	-11.428308	0	0	0	1
-17.768183	-49.010834	-11.461830	0	0	0	1
-17.753265	-48.955158	-11.496191	0	0	0	1
-17.737986	-48.898136	-11.531384	0	0	0	1
-17.732801	-48.878788	-11.543326	0	0	0	1
-17.722391	-48.839935	-11.567307	0	0	0	1
-17.706465	-48.780495	-11.603992	0	0	0	1
-17.690582	-48.721222	-11.640575	0	0	0.50484609	0.86320938
-17.673903	-48.658970	-11.678995	0	0	0	1
-18.034996	-50.006596	-10.847255	0	0	0	1
-17.655903	-48.591797	-11.720455	0	0	0	1
-17.636532	-48.519505	-11.765072	0	0	0	1
-17.615681	-48.441681	-11.813104	0	0	0.50484609	0.86320938
-17.597059	-48.372189	-11.855995	0	0	0.58850112	0.8084964
-17.593307	-48.358189	-11.864635	0	0	0	1
-17.569157	-48.268059	-11.920263	0	0	0	1
-17.552946	-48.207561	-11.957602	0	0	0	1
-17.543144	-48.170971	-11.980184	0	0	0.50484609	0.86320938
-17.514608	-48.064476	-12.045913	0	0	0.50484609	0.86320938
-17.506702	-48.034969	-12.064122	0	0	0.22720209	0.97384763
-17.503180	-48.021824	-12.072237	0	0	0.58850112	0.8084964
-17.485842	-47.957123	-12.112170	0	0	0	1
-17.450024	-47.823444	-12.194674	0	0	0.50484609	0.86320938
-17.440586	-47.788227	-12.216411	0	0	0	1
-18.287132	-50.947578	-10.266488	0	0	0	1
-17.404118	-47.652126	-12.300411	0	0	0	1
-17.353155	-47.461929	-12.417798	0	0	0	1
-17.270775	-47.154484	-12.607552	0	0	0	1
-17.123575	-46.605122	-12.946611	0	0	0.90407214	0.42737988
-16.821321	-45.477093	-13.642820	0	0	0.66627604	0.74570519
-16.765594	-45.269119	-13.771179	0	0	0	1
-18.621243	-52.194492	-10.097540	0	0	0.66627604	0.74570519
-35.582546	7.615115	-5.374567	0	0	-0.26749883	0.96355818
-35.590626	7.620349	-5.368938	0	0	-0.16996714	0.98544973
-35.593227	7.622033	-5.367127	0	0	-0.16996714	0.98544973
-35.574772	7.610081	-5.379979	0	0	-0.26749883	0.96355818
-35.573704	7.609389	-5.380723	0	0	0	1
-35.597847	7.625027	-5.363909	0	0	-0.26749883	0.96355818
-35.564144	7.603196	-5.387383	0	0	-0.26749883	0.96355818
-35.556957	7.598541	-5.392387	0	0	-0.16996714	0.98544973
-35.553997	7.596623	-5.394450	0	0	-0.26749883	0.96355818
-35.611473	7.633853	-5.354418	0	0	0	1
-35.543549	7.589857	-5.401726	0	0	-0.16996714	0.98544973
-35.624767	7.642463	-5.345160	0	0	-0.26749883	0.96355818
-35.540157	7.587661	-5.404087	0	0	0	1
-35.629093	7.645265	-5.342147	0	0	-0.26749883	0.96355818
-35.533276	7.583204	-5.408879	0	0	0	1
-35.524780	7.577701	-5.414797	0	0	0	1
-35.523769	7.577046	-5.415501	0	0	-0.26749883	0.96355818
-35.645527	7.655908	-5.330703	0	0	-0.26749883	0.96355818
-35.515831	7.571904	-5.421030	0	0	-0.26749883	0.96355818
-35.651371	7.659693	-5.326633	0	0	-0.26749883	0.96355818
-35.513172	7.570181	-5.422883	0	0	-0.26749883	0.96355818
-35.510517	7.568462	-5.424730	0	0	0	1
-35.509178	7.567594	-5.425664	0	0	-0.16996714	0.98544973
-35.658436	7.664271	-5.321711	0	0	-0.26749883	0.96355818
-35.665722	7.668990	-5.316636	0	0	0	1
-35.462112	7.537111	-5.458441	0	0	0	1
-35.237648	7.391723	-5.614772	0	0	-0.070737201	0.99749499
-35.194519	7.363787	-5.644811	0	0	0.1288445	0.99166481
-34.990646	7.231738	-5.786798	0	0	-0.26749883	0.96355818
-34.980541	7.225191	-5.793839	0	0	-0.26749883	0.96355818
-34.954216	7.208140	-5.812172	0	0	0	1
-34.057056	6.627042	-6.437007	0	0	-0.26749883	0.96355818
-31.795460	5.162186	-8.012115	0	0	-0.26749883	0.96355818
-31.253475	4.811138	-8.389585	0	0	-0.26749883	0.96355818
-31.200899	4.777084	-8.426202	0	0	0.029199523	0.9995736
-39.979412	10.463004	-2.312331	0	0	-0.36235775	0.93203909
-15.971263	-42.304634	-15.600832	0	0	0.85688874	0.51550139
-30.012087	4.007080	-9.254160	0	0	-0.070737201	0.99749499
-15.763925	-41.530838	-16.078411	0	0	0	1
-19.640285	-17.234819	-21.405594	0	0	0	1
-15.529555	-40.656162	-16.760721	0	0	0.22720209	0.97384763
-42.411198	12.038093	-0.618693	0	0	-0.69670669	0.71735611
-28.614861	3.102085	-10.227270	0	0	-0.16996714	0.98544973
-26.458303	1.705263	-11.729223	0	0	-0.69670669	0.71735611
-26.330626	1.622565	-11.818146	0	0	0	1
-16.056187	-21.842262	-19.899097	0	0	0	1
-38.963257	-6.060619	-33.708618	0	0	0.029199523	0.9995736
-14.173558	-35.595509	-19.741640	0	0	0	1
-13.908364	-34.605793	-20.352484	0	0	0	1
-97.936623	-18.575254	-16.760721	0	0	-0.36235775	0.93203909
-22.969124	-0.554708	-14.159292	0	0	0.029199523	0.9995736
-22.969124	-0.554708	-14.159292	0	0	-0.69670669	0.71735611
-13.763072	-34.063553	-20.687149	0	0	0.41614682	0.90929743
-22.472494	-0.908771	-14.825810	0	0	0	1
-12.817826	-30.535849	-22.864414	0	0	0	1
-12.709305	-30.130842	-23.114382	0	0	0.50484609	0.86320938
-97.936623	-8.539746	-14.825809	0	0	-0.45359611	0.89120736
-71.420776	27.351534	-14.825810	0	0	0.1288445	0.99166481
-43.505798	20.818861	-37.495312	0	0	-0.070737201	0.99749499
-43.259624	31.828548	-27.399986	0	0	-0.070737201	0.99749499
-33.665478	32.063496	-43.256504	0	0	-0.26749883	0.96355818
-150.882278	73.228661	-14.825810	0	0	0.1288445	0.99166481
-40.578831	-134.141327	-95.943306	0	0	0.66627604	0.74570519
-218.945938	33.307636	-44.127663	0	0	0.32328956	0.94630009
-137.978394	-143.764465	-136.517838	0	0	0.41614682	0.90929743
-239.887695	-8.388849	-95.662605	0	0	0.32328956	0.94630009
-229.583481	-38.519455	-137.936279	0	0	0.32328956	0.94630009
-212.451553	-68.898445	-155.478470	0	0	0.22720209	0.97384763
