-4.356524	-46.851246	-4.594161	0	0	0.32328956	0.94630009
-4.240734	-46.624447	-4.554411	0	0	0.97095818	0.23924928
-4.477695	-47.084377	-4.637605	0	0	0.97095818	0.23924928
-4.130149	-46.404545	-4.518341	0	0	0.32328956	0.94630009
-4.601119	-47.323563	-4.685678	0	0	0.32328956	0.94630009
-4.025096	-46.192989	-4.484294	0	0	0.32328956	0.94630009
-3.922281	-45.988987	-4.457132	0	0	0.97095818	0.23924928
-3.821342	-45.793488	-4.436687	0	0	0.32328956	0.94630009
-3.725012	-45.606762	-4.422481	0	0	0.32328956	0.94630009
-3.633611	-45.429710	-4.413955	0	0	0.32328956	0.94630009
-3.550224	-45.262375	-4.409842	0	0	0.98999249	0.14112005
-3.474878	-45.104839	-4.409762	0	0	0.98999249	0.14112005
-3.408212	-44.957905	-4.411496	0	0	0.32328956	0.94630009
-3.347013	-44.819862	-4.419590	0	0	0.98999249	0.14112005
-3.291345	-44.690704	-4.433136	0	0	0.32328956	0.94630009
-3.244108	-44.569756	-4.450982	0	0	0.98999249	0.14112005
-3.206992	-44.457031	-4.472013	0	0	0.32328956	0.94630009
-3.183911	-44.352325	-4.494667	0	0	0.98999249	0.14112005
-3.871412	-44.102856	-4.739646	0	0	0.98999249	0.14112005
-4.293808	-44.047901	-4.786124	0	0	0.97095818	0.23924928
-3.182090	-44.257248	-4.519619	0	0	0.32328956	0.94630009
-4.290932	-43.992130	-4.732079	0	0	0.97095818	0.23924928
-3.200974	-44.173428	-4.544212	0	0	0.32328956	0.94630009
-3.282959	-44.111748	-4.581890	0	0	0.32328956	0.94630009
-3.364445	-44.060375	-4.618867	0	0	0.32328956	0.94630009
-4.509295	-43.685574	-3.992702	0	0	0.32328956	0.94630009
-0.242806	-45.748981	-4.594161	0	0	0.94222235	0.33498812
-0.291750	-45.566319	-4.554411	0	0	0.41614682	0.90929743
-0.192641	-45.936199	-4.637605	0	0	0.41614682	0.90929743
-0.339317	-45.388794	-4.518341	0	0	0.94222235	0.33498812
-0.141112	-46.128506	-4.685678	0	0	0.94222235	0.33498812
-0.385170	-45.217674	-4.484294	0	0	0.94222235	0.33498812
-0.429282	-45.053043	-4.457132	0	0	0.41614682	0.90929743
-0.471396	-44.895870	-4.436687	0	0	0.97095818	0.23924928
-0.511625	-44.745735	-4.422481	0	0	0.97095818	0.23924928
-0.549764	-44.603397	-4.413955	0	0	0.97095818	0.23924928
-0.586013	-44.468117	-4.409842	0	0	0.41614682	0.90929743
-0.620350	-44.339970	-4.409762	0	0	0.41614682	0.90929743
-0.652617	-44.219547	-4.411496	0	0	0.97095818	0.23924928
-0.683028	-44.106052	-4.419590	0	0	0.50484609	0.86320938
-0.711588	-43.999462	-4.433136	0	0	0.98999249	0.14112005
-0.738662	-43.898422	-4.450982	0	0	0.50484609	0.86320938
-0.764356	-43.802528	-4.472013	0	0	0.98999249	0.14112005
-0.788987	-43.710606	-4.494667	0	0	0.50484609	0.86320938
-0.812634	-43.622356	-4.519619	0	0	0.98999249	0.14112005
-0.834854	-43.539429	-4.544212	0	0	0.98999249	0.14112005
-0.855766	-43.461384	-4.581890	0	0	0.98999249	0.14112005
-0.874068	-43.393078	-4.618867	0	0	0.98999249	0.14112005
-0.897408	-43.305973	-4.739646	0	0	0.58850112	0.8084964
-0.939442	-43.149101	-4.786124	0	0	0.58850112	0.8084964
-0.953192	-43.097786	-4.732079	0	0	0.58850112	0.8084964
-1.044458	-42.757175	-3.992702	0	0	0.41614682	0.90929743
-3.493789	-41.378914	-5.631686	0	0	0.32328956	0.94630009
-1.642855	-42.945824	-7.928083	0	0	0.41614682	0.90929743
-1.037381	-42.783588	-7.928083	0	0	0.41614682	0.90929743
-10.719525	-46.851246	-5.150851	0	0	0.80114363	0.59847213
-10.722096	-46.624447	-5.121457	0	0	0.41614682	0.90929743
-10.716674	-47.084377	-5.183444	0	0	0.41614682	0.90929743
-10.724389	-46.404545	-5.095262	0	0	0.80114363	0.59847213
-10.713437	-47.323563	-5.220437	0	0	0.80114363	0.59847213
-10.726547	-46.192989	-5.070595	0	0	0.80114363	0.59847213
-10.728124	-45.988987	-5.052566	0	0	0.50484609	0.86320938
-10.729133	-45.793488	-5.041041	0	0	0.80114363	0.59847213
-10.729634	-45.606762	-5.035306	0	0	0.80114363	0.59847213
-10.729680	-45.429710	-5.034781	0	0	0.80114363	0.59847213
-10.729403	-45.262375	-5.037939	0	0	0.50484609	0.86320938
-10.728838	-45.104839	-5.044402	0	0	0.50484609	0.86320938
-10.728182	-44.957905	-5.051910	0	0	0.80114363	0.59847213
-1.553097	-40.858906	-5.631686	0	0	0.41614682	0.90929743
-10.727014	-44.819862	-5.065256	0	0	0.58850112	0.8084964
-10.725415	-44.690704	-5.083533	0	0	0.80114363	0.59847213
-10.723507	-44.569756	-5.105344	0	0	0.58850112	0.8084964
-10.721398	-44.457031	-5.129439	0	0	0.80114363	0.59847213
-10.719256	-44.352325	-5.153924	0	0	0.58850112	0.8084964
-10.717076	-44.257248	-5.178845	0	0	0.80114363	0.59847213
-10.715084	-44.173428	-5.201612	0	0	0.80114363	0.59847213
-10.712436	-44.111748	-5.231885	0	0	0.80114363	0.59847213
-10.703209	-44.102856	-5.337351	0	0	0.50484609	0.86320938
-10.709845	-44.060375	-5.261506	0	0	0.80114363	0.59847213
-10.702382	-44.047901	-5.346802	0	0	0.50484609	0.86320938
-10.707052	-43.992130	-5.293417	0	0	0.58850112	0.8084964
-10.772907	-43.685574	-4.540698	0	0	0.80114363	0.59847213
1.140550	-42.499367	-7.275534	0	0	0.66627604	0.74570519
-10.409447	-42.945824	-8.695061	0	0	0.73739371	0.67546319
-10.444961	-42.499367	-8.289135	0	0	0.58850112	0.8084964
-10.622890	-41.378914	-6.255402	0	0	0.22720209	0.97384763
-14.305047	-40.045074	-8.141179	0	0	0.73739371	0.67546319
-13.967173	-38.784111	-1.036679	0	0	0.66627604	0.74570519
-8.701454	-33.923920	-6.018212	0	0	0.97095818	0.23924928
-3.765693	-32.601387	-6.018212	0	0	0.98999249	0.14112005
-10.628888	-33.923920	-6.186841	0	0	0.94222235	0.33498812
-12.975423	-35.082851	-8.169317	0	0	0.41614682	0.90929743
-14.389259	-40.359360	-13.994917	0	0	0.90407214	0.42737988
-14.764668	-41.760403	5.305214	0	0	0.029199523	0.9995736
-13.185990	-35.868702	1.532675	0	0	0.1288445	0.99166481
-3.998225	-31.733568	-8.169317	0	0	0.73739371	0.67546319
-13.468650	-36.923599	3.187713	0	0	0.58850112	0.8084964
-3.253785	-34.511856	5.305214	0	0	0.73739371	0.67546319
-12.717755	-34.121223	-0.055017	0	0	0.41614682	0.90929743
-14.736670	-34.610924	-8.169317	0	0	0.41614682	0.90929743
-4.713517	-29.064060	-1.036679	0	-0	-1	-4.371139e-08
8.900043	-33.594681	-4.594161	0	0	0.97095818	0.23924928
8.844538	-33.539173	-4.554411	0	0	0.90407214	0.42737988
8.956023	-33.650658	-4.637605	0	0	0.90407214	0.42737988
8.789881	-33.484516	-4.518341	0	0	0.94222235	0.33498812
9.013904	-33.708538	-4.685678	0	0	0.97095818	0.23924928
8.736629	-33.431263	-4.484294	0	0	0.94222235	0.33498812
8.686035	-33.380672	-4.457132	0	0	0.90407214	0.42737988
8.638755	-33.333389	-4.436687	0	0	0.94222235	0.33498812
8.593556	-33.288193	-4.422481	0	0	0.94222235	0.33498812
8.550733	-33.245369	-4.413955	0	0	0.94222235	0.33498812
8.508758	-33.203392	-4.409842	0	0	0.90407214	0.42737988
8.467662	-33.162300	-4.409762	0	0	0.90407214	0.42737988
8.427528	-33.122166	-4.411496	0	0	0.94222235	0.33498812
8.389108	-33.083744	-4.419590	0	0	0.90407214	0.42737988
8.352363	-33.046997	-4.433136	0	0	0.94222235	0.33498812
8.315506	-33.010143	-4.450982	0	0	0.90407214	0.42737988
8.277702	-32.972340	-4.472013	0	0	0.94222235	0.33498812
8.236889	-32.931526	-4.494667	0	0	0.90407214	0.42737988
8.190262	-32.884899	-4.519619	0	0	0.94222235	0.33498812
8.138908	-32.833546	-4.544212	0	0	0.94222235	0.33498812
8.067077	-32.761711	-4.581890	0	0	0.94222235	0.33498812
8.000647	-32.695282	-4.618867	0	0	0.94222235	0.33498812
7.768404	-32.463039	-4.739646	0	0	0.90407214	0.42737988
7.529728	-32.224365	-4.786124	0	0	0.90407214	0.42737988
7.503281	-32.197918	-4.732079	0	0	0.90407214	0.42737988
7.240822	-31.935457	-3.992702	0	0	0.97095818	0.23924928
9.472640	-34.167274	-7.275534	0	0	0.99913515	0.041580682
-4.366407	-30.359491	4.824678	0	0	0.32328956	0.94630009
-4.420008	-30.159452	4.472951	0	0	0	1
6.595244	-31.289881	-5.631686	0	0	0.98999249	0.14112005
8.304167	-32.998802	-7.928083	0	0	0.98999249	0.14112005
-3.948220	-31.920187	7.568842	0	0	0.94222235	0.33498812
-3.824537	-32.381783	8.380462	0	0	0.32328956	0.94630009
-5.038096	-27.852716	0.417026	0	0	0.32328956	0.94630009
-5.041700	-27.839264	0.393373	0	0	0.66627604	0.74570519
-5.183133	-27.311432	-0.534710	0	0	0.32328956	0.94630009
-5.353570	-26.675348	-5.258041	0	0	0.41614682	0.90929743
-5.331557	-26.757504	-1.508681	0	0	0.41614682	0.90929743
-12.001168	-31.446882	6.374231	0	0	0.1288445	0.99166481
-12.013790	-31.493990	6.455905	0	0	0	1
-5.355571	-26.667883	-1.666261	0	0	0.99913515	0.041580682
-5.355571	-26.667883	-1.666261	0	0	0.80114363	0.59847213
-5.355571	-26.667883	-1.666261	0	0	0.50484609	0.86320938
-10.170868	-27.738316	-0.017404	0	0	0.1288445	0.99166481
-5.351965	-26.681339	-8.139655	0	0	0.85688874	0.51550139
-22.261499	-36.513805	-6.402979	0	0	0.50484609	0.86320938
-22.137419	-36.291790	-6.362392	0	0	0.41614682	0.90929743
-22.389397	-36.743050	-6.447103	0	0	0.41614682	0.90929743
-22.017359	-36.077358	-6.325365	0	0	0.50484609	0.86320938
-22.520126	-36.978020	-6.495914	0	0	0.50484609	0.86320938
-21.902147	-35.871666	-6.290291	0	0	0.50484609	0.86320938
-21.790236	-35.672920	-6.262210	0	0	0.41614682	0.90929743
-21.681952	-35.481659	-6.241024	0	0	0.50484609	0.86320938
-11.161955	-27.720482	-0.093858	0	0	0.029199523	0.9995736
-21.578148	-35.299248	-6.226062	0	0	0.50484609	0.86320938
-21.479336	-35.126476	-6.216787	0	0	0.50484609	0.86320938
-4.924895	-28.275185	-13.994917	0	0	0.90407214	0.42737988
-21.386415	-34.964645	-6.211711	0	0	0.41614682	0.90929743
-10.950083	-27.524179	-0.426924	0	0	0.50484609	0.86320938
-21.299458	-34.813812	-6.210459	0	0	0.41614682	0.90929743
-21.219141	-34.674759	-6.210813	0	0	0.50484609	0.86320938
-21.143564	-34.545021	-6.217454	0	0	0.41614682	0.90929743
-21.072809	-34.424572	-6.229477	0	0	0.50484609	0.86320938
-21.026365	-34.387356	-6.476501	0	0	0.41614682	0.90929743
-10.918900	-27.407803	-0.628697	0	0	0.94222235	0.33498812
-21.005728	-34.341835	-6.420661	0	0	0.41614682	0.90929743
-21.007414	-34.314106	-6.245488	0	0	0.41614682	0.90929743
-20.945471	-34.245144	-6.464523	0	0	0.41614682	0.90929743
-20.947903	-34.214314	-6.264257	0	0	0.50484609	0.86320938
-20.895302	-34.126648	-6.283928	0	0	0.41614682	0.90929743
-20.985424	-34.173077	-5.657174	0	0	0.58850112	0.8084964
-20.852104	-34.055462	-6.304701	0	0	0.50484609	0.86320938
-20.819063	-34.001617	-6.324048	0	0	0.50484609	0.86320938
-20.810688	-33.992107	-6.352597	0	0	0.50484609	0.86320938
-20.806667	-33.990101	-6.380936	0	0	0.50484609	0.86320938
-9.506605	-26.601555	-1.971867	0	0	0.1288445	0.99166481
2.100871	-26.795507	-5.214670	0	0	0.58850112	0.8084964
2.102545	-26.797182	-6.010476	0	0	0.58850112	0.8084964
3.988324	-28.682961	2.279380	0	0	0.50484609	0.86320938
-12.475142	-33.215775	9.441123	0	0	0.029199523	0.9995736
4.523555	-29.218191	3.238389	0	0	0.66627604	0.74570519
-10.699542	-26.589148	-5.274941	0	0	0.41614682	0.90929743
-3.120849	-35.007977	12.998089	0	0	0	1
2.106891	-26.801527	-8.076285	0	0	0.85688874	0.51550139
2.092252	-26.786888	-1.117939	0	0	-0.98006658	0.19866933
2.092252	-26.786888	-1.117939	0	0	0.90407214	0.42737988
2.092252	-26.786888	-1.117939	0	0	0.80114363	0.59847213
2.092252	-26.786888	-1.117939	0	0	0.50484609	0.86320938
2.092252	-26.786888	-1.117939	0	0	0.73739371	0.67546319
2.092252	-26.786888	-1.117939	0	0	0.58850112	0.8084964
2.092252	-26.786888	-1.117939	0	0	0.94222235	0.33498812
2.107047	-26.801683	-8.150310	0	0	0.90407214	0.42737988
-19.611298	-32.073467	-7.259929	0	0	0.66627604	0.74570519
-13.182027	-33.182659	9.350979	0	0	0.029199523	0.9995736
-10.988108	-26.577883	-2.080938	0	0	0.029199523	0.9995736
-19.638687	-32.555927	-9.746080	0	0	0.50484609	0.86320938
-19.386896	-31.926115	-8.639098	0	0	0.32328956	0.94630009
-13.108147	-27.423075	-0.702128	0	0	0	1
-15.277901	-31.293369	5.956370	0	0	0.1288445	0.99166481
-22.535206	-39.678295	5.305214	0	0	-0.070737201	0.99749499
-18.784191	-30.995811	-9.288395	0	0	0.41614682	0.90929743
-12.812818	-34.475998	11.626092	0	0	0	1
-17.710232	-28.722698	-6.928308	0	0	0.85688874	0.51550139
-17.183155	-31.251808	5.796689	0	0	0.90407214	0.42737988
2.119230	-26.813866	-13.941155	0	0	0.85688874	0.51550139
-17.067772	-26.755974	-2.047959	0	0	0	1
-24.571703	-38.502522	5.099480	0	0	-0.16996714	0.98544973
-16.948132	-26.596512	-2.320917	0	0	-0.16996714	0.98544973
-16.863714	-26.483997	-2.513511	0	0	-0.16996714	0.98544973
-19.889189	-30.516479	4.389048	0	0	0	1
-20.075310	-30.764551	4.813679	0	0	0.90407214	0.42737988
-17.855301	-26.473726	-5.278996	0	0	0.66627604	0.74570519
-19.037777	-27.656202	-0.566194	0	0	0.85688874	0.51550139
-13.585391	-37.359283	16.625109	0	0	0.32328956	0.94630009
-20.912411	-31.880276	6.723512	0	0	-0.070737201	0.99749499
-25.541809	-34.160233	1.532675	0	0	0.029199523	0.9995736
-27.011808	-35.630234	-1.036679	0	0	-0.16996714	0.98544973
-27.478203	-35.163841	-1.036679	0	0	-0.16996714	0.98544973
-5.344409	-26.709539	-21.704107	0	0	0.73739371	0.67546319
-22.426888	-26.868658	-2.096238	0	0	0	1
-28.905220	-37.523643	3.187713	0	0	0.41614682	0.90929743
-30.855482	-39.473907	-8.141179	0	0	0.58850112	0.8084964
-23.085678	-26.389334	-5.268513	0	0	0.73739371	0.67546319
-29.586645	-38.205070	-13.994917	0	0	0.73739371	0.67546319
-27.730543	-31.971498	1.532675	0	0	0.1288445	0.99166481
-25.440701	-34.059124	10.320834	0	0	0	1
2.141315	-26.835951	-24.438431	0	0	0.90407214	0.42737988
-26.382544	-33.840263	9.895630	0	0	0	1
-24.576967	-36.844334	15.223422	0	0	0.90407214	0.42737988
-24.630106	-36.835381	15.205360	0	0	0.90407214	0.42737988
-34.466976	-43.085403	-0.055017	0	0	0.1288445	0.99166481
-32.206459	-35.585258	-13.994917	0	0	0.73739371	0.67546319
-28.114290	-26.315224	-8.653121	0	0	0.41614682	0.90929743
-28.113270	-26.315252	-8.659245	0	0	0.50484609	0.86320938
-28.116873	-26.315149	-8.637632	0	0	0.41614682	0.90929743
-28.117783	-26.315125	-8.632181	0	0	0.41614682	0.90929743
-28.110340	-26.315336	-8.676812	0	0	0.41614682	0.90929743
-28.109192	-26.315369	-8.683710	0	0	0.41614682	0.90929743
-28.119736	-26.315067	-8.620469	0	0	0.50484609	0.86320938
-28.120813	-26.315037	-8.614008	0	0	0.41614682	0.90929743
-28.121706	-26.315012	-8.608648	0	0	0.41614682	0.90929743
-28.105696	-26.315470	-8.704670	0	0	0.41614682	0.90929743
-28.123657	-26.314957	-8.596945	0	0	0.41614682	0.90929743
-28.123610	-26.314957	-8.597233	0	0	0.41614682	0.90929743
-28.104862	-26.315493	-8.709671	0	0	0.50484609	0.86320938
-28.125069	-26.314917	-8.588482	0	0	0.41614682	0.90929743
-28.125441	-26.314905	-8.586252	0	0	0.41614682	0.90929743
-28.126020	-26.314888	-8.582770	0	0	0.41614682	0.90929743
-28.126177	-26.314884	-8.581830	0	0	0.41614682	0.90929743
-28.100643	-26.315613	-8.734971	0	0	0.41614682	0.90929743
-28.096621	-26.315727	-8.759103	0	0	0.50484609	0.86320938
-28.093206	-26.315825	-8.779578	0	0	0.50484609	0.86320938
-28.092352	-26.315849	-8.784707	0	0	0.41614682	0.90929743
-28.089359	-26.315935	-8.802650	0	0	0.50484609	0.86320938
-28.085606	-26.316042	-8.825171	0	0	0.50484609	0.86320938
-28.083618	-26.316099	-8.837081	0	0	0.41614682	0.90929743
-28.079691	-26.316212	-8.860637	0	0	0.41614682	0.90929743
-28.010782	-26.318178	-9.273927	0	0	-0.26749883	0.96355818
-28.218435	-26.312250	-8.028502	0	0	0.50484609	0.86320938
-27.926874	-26.320574	-9.777174	0	0	0.58850112	0.8084964
-27.824537	-26.323494	-10.390949	0	0	0.41614682	0.90929743
-28.527273	-26.303434	-6.176219	0	0	0.66627604	0.74570519
-27.533995	-26.331789	-12.133495	0	0	0.41614682	0.90929743
-27.503078	-26.332670	-12.318924	0	0	0.50484609	0.86320938
-28.989128	-26.290251	-3.406206	0	0	0.029199523	0.9995736
-28.989128	-26.290251	-3.406206	0	0	0.66627604	0.74570519
-28.989128	-26.290251	-3.406206	0	0	-0.36235775	0.93203909
-28.989128	-26.290251	-3.406206	0	0	-0.16996714	0.98544973
-31.769119	-27.731752	-1.787493	0	0	-0.070737201	0.99749499
-31.910965	-27.735704	-1.015973	0	0	0	1
-32.800968	-28.175997	-0.287898	0	0	0	1
-36.133129	-34.196259	-8.141179	0	0	-0.16996714	0.98544973
-35.375072	-31.053791	3.187713	0	0	0.73739371	0.67546319
-34.942841	-30.845703	-14.473722	0	0	0.66627604	0.74570519
-35.264168	-29.394560	1.727142	0	0	0.73739371	0.67546319
-37.552540	-31.737770	-8.389544	0	0	-0.26749883	0.96355818
-36.375256	-29.944223	2.636077	0	0	0.73739371	0.67546319
-37.374458	-30.438536	3.453484	0	0	0.73739371	0.67546319
-20.194702	-62.025566	-43.522247	0	0	0.58850112	0.8084964
-48.668663	-34.396332	2.246739	0	0	-0.36235775	0.93203909
-87.442642	-96.061066	-43.522247	0	0	0.32328956	0.94630009
-122.068985	-81.239220	-15.376572	0	0	0.66627604	0.74570519
-129.842529	-80.831757	-18.345205	0	0	0.22720209	0.97384763
-128.393341	-82.797562	-31.961634	0	0	0	1
117.388603	-142.083237	-17.198437	0	0	0.99913515	0.041580682
-120.835022	-208.874023	-15.694921	0	0	0.80114363	0.59847213
55.427956	-253.515091	-17.198437	0	0	0.97095818	0.23924928
-12.150965	-271.622803	-17.198437	0	0	0.94222235	0.33498812
