16.328558	13.866766	235.833435	-1.941593	4.882273	22.242840	236.638504
4.882273	22.242840	236.638504	-1.341593	-5.164872	21.592819	237.323608
-5.164872	21.592819	237.323608	-1.141593	-13.348922	18.418924	237.618576
-13.348922	18.418924	237.618576	-0.941593	-23.875166	11.191938	237.362808
-23.875166	11.191938	237.362808	-0.541593	-29.726961	0.297217	236.663574
-29.726961	0.297217	236.663574	-0.141593	-30.017305	-12.039884	235.712753
-30.017305	-12.039884	235.712753	0.458407	-23.762539	-22.744183	234.853912
-23.762539	-22.744183	234.853912	0.858407	-13.091074	-29.121494	234.261902
-13.091074	-29.121494	234.261902	1.458407	-0.545069	-29.365704	234.108902
-0.545069	-29.365704	234.108902	2.058407	11.257540	-22.303738	234.450073
11.257540	-22.303738	234.450073	2.658407	20.635714	-3.604560	235.047043
20.635714	-3.604560	235.047043	3.058407	0.000000	0.000000	0.000000
16.328558	13.866766	235.833435	-1.941593	4.882273	22.242840	236.638504
4.882273	22.242840	236.638504	-1.341593	-5.164872	21.592819	237.323608
-5.164872	21.592819	237.323608	-1.141593	-13.348922	18.418924	237.618576
-13.348922	18.418924	237.618576	-0.941593	-23.875166	11.191938	237.362808
-23.875166	11.191938	237.362808	-0.541593	-29.726961	0.297217	236.663574
-29.726961	0.297217	236.663574	-0.141593	-30.017305	-12.039884	235.712753
-30.017305	-12.039884	235.712753	0.458407	-23.762539	-22.744183	234.853912
-23.762539	-22.744183	234.853912	0.858407	-13.091074	-29.121494	234.261902
-13.091074	-29.121494	234.261902	1.458407	-0.545069	-29.365704	234.108902
-0.545069	-29.365704	234.108902	2.058407	11.257540	-22.303738	234.450073
11.257540	-22.303738	234.450073	2.658407	20.635714	-3.604560	235.047043
20.635714	-3.604560	235.047043	3.058407	0.000000	0.000000	0.000000
16.328558	13.866766	235.833435	-1.941593	4.882273	22.242840	236.638504
4.882273	22.242840	236.638504	-1.341593	-5.164872	21.592819	237.323608
-5.164872	21.592819	237.323608	-1.141593	-13.348922	18.418924	237.618576
-13.348922	18.418924	237.618576	-0.941593	-23.875166	11.191938	237.362808
-23.875166	11.191938	237.362808	-0.541593	-29.726961	0.297217	236.663574
-29.726961	0.297217	236.663574	-0.141593	-30.017305	-12.039884	235.712753
-30.017305	-12.039884	235.712753	0.458407	-23.762539	-22.744183	234.853912
-23.762539	-22.744183	234.853912	0.858407	-13.091074	-29.121494	234.261902
-13.091074	-29.121494	234.261902	1.458407	-0.545069	-29.365704	234.108902
-0.545069	-29.365704	234.108902	2.058407	11.257540	-22.303738	234.450073
11.257540	-22.303738	234.450073	2.658407	20.635714	-3.604560	235.047043
20.635714	-3.604560	235.047043	3.058407	0.000000	0.000000	0.000000
16.328558	13.866766	235.833435	-1.941593	4.882273	22.242840	236.638504
4.882273	22.242840	236.638504	-1.341593	-5.164872	21.592819	237.323608
-5.164872	21.592819	237.323608	-1.141593	-13.348922	18.418924	237.618576
-13.348922	18.418924	237.618576	-0.941593	-23.875166	11.191938	237.362808
-23.875166	11.191938	237.362808	-0.541593	-29.726961	0.297217	236.663574
-29.726961	0.297217	236.663574	-0.141593	-30.017305	-12.039884	235.712753
-30.017305	-12.039884	235.712753	0.458407	-23.762539	-22.744183	234.853912
-23.762539	-22.744183	234.853912	0.858407	-13.091074	-29.121494	234.261902
-13.091074	-29.121494	234.261902	1.458407	-0.545069	-29.365704	234.108902
-0.545069	-29.365704	234.108902	2.058407	11.257540	-22.303738	234.450073
11.257540	-22.303738	234.450073	2.658407	20.635714	-3.604560	235.047043
20.635714	-3.604560	235.047043	3.058407	0.000000	0.000000	0.000000
16.328558	13.866766	235.833435	-1.941593	4.882273	22.242840	236.638504
4.882273	22.242840	236.638504	-1.341593	-5.164872	21.592819	237.323608
-5.164872	21.592819	237.323608	-1.141593	-13.348922	18.418924	237.618576
-13.348922	18.418924	237.618576	-0.941593	-23.875166	11.191938	237.362808
-23.875166	11.191938	237.362808	-0.541593	-29.726961	0.297217	236.663574
-29.726961	0.297217	236.663574	-0.141593	-30.017305	-12.039884	235.712753
-30.017305	-12.039884	235.712753	0.458407	-23.762539	-22.744183	234.853912
-23.762539	-22.744183	234.853912	0.858407	-13.091074	-29.121494	234.261902
-13.091074	-29.121494	234.261902	1.458407	-0.545069	-29.365704	234.108902
-0.545069	-29.365704	234.108902	2.058407	11.257540	-22.303738	234.450073
11.257540	-22.303738	234.450073	2.658407	20.635714	-3.604560	235.047043
20.635714	-3.604560	235.047043	3.058407	0.000000	0.000000	0.000000
16.328558	13.866766	235.833435	-1.941593	4.882273	22.242840	236.638504
4.882273	22.242840	236.638504	-1.341593	-5.164872	21.592819	237.323608
-5.164872	21.592819	237.323608	-1.141593	-13.348922	18.418924	237.618576
-13.348922	18.418924	237.618576	-0.941593	-23.875166	11.191938	237.362808
-23.875166	11.191938	237.362808	-0.541593	-29.726961	0.297217	236.663574
-29.726961	0.297217	236.663574	-0.141593	-30.017305	-12.039884	235.712753
-30.017305	-12.039884	235.712753	0.458407	-23.762539	-22.744183	234.853912
-23.762539	-22.744183	234.853912	0.858407	-13.091074	-29.121494	234.261902
-13.091074	-29.121494	234.261902	1.458407	-0.545069	-29.365704	234.108902
-0.545069	-29.365704	234.108902	2.058407	11.257540	-22.303738	234.450073
11.257540	-22.303738	234.450073	2.658407	20.635714	-3.604560	235.047043
20.635714	-3.604560	235.047043	3.058407	0.000000	0.000000	0.000000
16.328558	13.866766	235.833435	-1.941593	4.882273	22.242840	236.638504
4.882273	22.242840	236.638504	-1.341593	-5.164872	21.592819	237.323608
-5.164872	21.592819	237.323608	-1.141593	-13.348922	18.418924	237.618576
-13.348922	18.418924	237.618576	-0.941593	-23.875166	11.191938	237.362808
-23.875166	11.191938	237.362808	-0.541593	-29.726961	0.297217	236.663574
-29.726961	0.297217	236.663574	-0.141593	-30.017305	-12.039884	235.712753
-30.017305	-12.039884	235.712753	0.458407	-23.762539	-22.744183	234.853912
-23.762539	-22.744183	234.853912	0.858407	-13.091074	-29.121494	234.261902
-13.091074	-29.121494	234.261902	1.458407	-0.545069	-29.365704	234.108902
-0.545069	-29.365704	234.108902	2.058407	11.257540	-22.303738	234.450073
11.257540	-22.303738	234.450073	2.658407	20.635714	-3.604560	235.047043
20.635714	-3.604560	235.047043	3.058407	0.000000	0.000000	0.000000
16.328558	13.866766	235.833435	-1.941593	4.882273	22.242840	236.638504
4.882273	22.242840	236.638504	-1.341593	-5.164872	21.592819	237.323608
-5.164872	21.592819	237.323608	-1.141593	-13.348922	18.418924	237.618576
-13.348922	18.418924	237.618576	-0.941593	-23.875166	11.191938	237.362808
-23.875166	11.191938	237.362808	-0.541593	-29.726961	0.297217	236.663574
-29.726961	0.297217	236.663574	-0.141593	-30.017305	-12.039884	235.712753
-30.017305	-12.039884	235.712753	0.458407	-23.762539	-22.744183	234.853912
-23.762539	-22.744183	234.853912	0.858407	-13.091074	-29.121494	234.261902
-13.091074	-29.121494	234.261902	1.458407	-0.545069	-29.365704	234.108902
-0.545069	-29.365704	234.108902	2.058407	11.257540	-22.303738	234.450073
11.257540	-22.303738	234.450073	2.658407	20.635714	-3.604560	235.047043
20.635714	-3.604560	235.047043	3.058407	0.000000	0.000000	0.000000
16.328558	13.866766	235.833435	-1.941593	4.882273	22.242840	236.638504
4.882273	22.242840	236.638504	-1.341593	-5.164872	21.592819	237.323608
-5.164872	21.592819	237.323608	-1.141593	-13.348922	18.418924	237.618576
-13.348922	18.418924	237.618576	-0.941593	-23.875166	11.191938	237.362808
-23.875166	11.191938	237.362808	-0.541593	-29.726961	0.297217	236.663574
-29.726961	0.297217	236.663574	-0.141593	-30.017305	-12.039884	235.712753
-30.017305	-12.039884	235.712753	0.458407	-23.762539	-22.744183	234.853912
-23.762539	-22.744183	234.853912	0.858407	-13.091074	-29.121494	234.261902
-13.091074	-29.121494	234.261902	1.458407	-0.545069	-29.365704	234.108902
-0.545069	-29.365704	234.108902	2.058407	11.257540	-22.303738	234.450073
11.257540	-22.303738	234.450073	2.658407	20.635714	-3.604560	235.047043
20.635714	-3.604560	235.047043	3.058407	0.000000	0.000000	0.000000
16.328558	13.866766	235.833435	-1.941593	4.882273	22.242840	236.638504
4.882273	22.242840	236.638504	-1.341593	-5.164872	21.592819	237.323608
-5.164872	21.592819	237.323608	-1.141593	-13.348922	18.418924	237.618576
-13.348922	18.418924	237.618576	-0.941593	-23.875166	11.191938	237.362808
-23.875166	11.191938	237.362808	-0.541593	-29.726961	0.297217	236.663574
-29.726961	0.297217	236.663574	-0.141593	-30.017305	-12.039884	235.712753
-30.017305	-12.039884	235.712753	0.458407	-23.762539	-22.744183	234.853912
-23.762539	-22.744183	234.853912	0.858407	-13.091074	-29.121494	234.261902
-13.091074	-29.121494	234.261902	1.458407	-0.545069	-29.365704	234.108902
-0.545069	-29.365704	234.108902	2.058407	11.257540	-22.303738	234.450073
11.257540	-22.303738	234.450073	2.658407	20.635714	-3.604560	235.047043
20.635714	-3.604560	235.047043	3.058407	0.000000	0.000000	0.000000
16.328558	13.866766	235.833435	-1.941593	4.882273	22.242840	236.638504
4.882273	22.242840	236.638504	-1.341593	-5.164872	21.592819	237.323608
-5.164872	21.592819	237.323608	-1.141593	-13.348922	18.418924	237.618576
-13.348922	18.418924	237.618576	-0.941593	-23.875166	11.191938	237.362808
-23.875166	11.191938	237.362808	-0.541593	-29.726961	0.297217	236.663574
-29.726961	0.297217	236.663574	-0.141593	-30.017305	-12.039884	235.712753
-30.017305	-12.039884	235.712753	0.458407	-23.762539	-22.744183	234.853912
-23.762539	-22.744183	234.853912	0.858407	-13.091074	-29.121494	234.261902
-13.091074	-29.121494	234.261902	1.458407	-0.545069	-29.365704	234.108902
-0.545069	-29.365704	234.108902	2.058407	11.257540	-22.303738	234.450073
11.257540	-22.303738	234.450073	2.658407	20.635714	-3.604560	235.047043
20.635714	-3.604560	235.047043	3.058407	0.000000	0.000000	0.000000
16.328558	13.866766	235.833435	-1.941593	4.882273	22.242840	236.638504
4.882273	22.242840	236.638504	-1.341593	-5.164872	21.592819	237.323608
-5.164872	21.592819	237.323608	-1.141593	-13.348922	18.418924	237.618576
-13.348922	18.418924	237.618576	-0.941593	-23.875166	11.191938	237.362808
-23.875166	11.191938	237.362808	-0.541593	-29.726961	0.297217	236.663574
-29.726961	0.297217	236.663574	-0.141593	-30.017305	-12.039884	235.712753
-30.017305	-12.039884	235.712753	0.458407	-23.762539	-22.744183	234.853912
-23.762539	-22.744183	234.853912	0.858407	-13.091074	-29.121494	234.261902
-13.091074	-29.121494	234.261902	1.458407	-0.545069	-29.365704	234.108902
-0.545069	-29.365704	234.108902	2.058407	11.257540	-22.303738	234.450073
11.257540	-22.303738	234.450073	2.658407	20.635714	-3.604560	235.047043
20.635714	-3.604560	235.047043	3.058407	0.000000	0.000000	0.000000
16.328558	13.866766	235.833435	-1.941593	4.882273	22.242840	236.638504
4.882273	22.242840	236.638504	-1.341593	-5.164872	21.592819	237.323608
-5.164872	21.592819	237.323608	-1.141593	-13.348922	18.418924	237.618576
-13.348922	18.418924	237.618576	-0.941593	-23.875166	11.191938	237.362808
-23.875166	11.191938	237.362808	-0.541593	-29.726961	0.297217	236.663574
-29.726961	0.297217	236.663574	-0.141593	-30.017305	-12.039884	235.712753
-30.017305	-12.039884	235.712753	0.458407	-23.762539	-22.744183	234.853912
-23.762539	-22.744183	234.853912	0.858407	-13.091074	-29.121494	234.261902
-13.091074	-29.121494	234.261902	1.458407	-0.545069	-29.365704	234.108902
-0.545069	-29.365704	234.108902	2.058407	11.257540	-22.303738	234.450073
11.257540	-22.303738	234.450073	2.658407	20.635714	-3.604560	235.047043
20.635714	-3.604560	235.047043	3.058407	0.000000	0.000000	0.000000
16.328558	13.866766	235.833435	-1.941593	4.882273	22.242840	236.638504
4.882273	22.242840	236.638504	-1.341593	-5.164872	21.592819	237.323608
-5.164872	21.592819	237.323608	-1.141593	-13.348922	18.418924	237.618576
-13.348922	18.418924	237.618576	-0.941593	-23.875166	11.191938	237.362808
-23.875166	11.191938	237.362808	-0.541593	-29.726961	0.297217	236.663574
-29.726961	0.297217	236.663574	-0.141593	-30.017305	-12.039884	235.712753
-30.017305	-12.039884	235.712753	0.458407	-23.762539	-22.744183	234.853912
-23.762539	-22.744183	234.853912	0.858407	-13.091074	-29.121494	234.261902
-13.091074	-29.121494	234.261902	1.458407	-0.545069	-29.365704	234.108902
-0.545069	-29.365704	234.108902	2.058407	11.257540	-22.303738	234.450073
11.257540	-22.303738	234.450073	2.658407	20.635714	-3.604560	235.047043
20.635714	-3.604560	235.047043	3.058407	0.000000	0.000000	0.000000
16.328558	13.866766	235.833435	-1.941593	4.882273	22.242840	236.638504
4.882273	22.242840	236.638504	-1.341593	-5.164872	21.592819	237.323608
-5.164872	21.592819	237.323608	-1.141593	-13.348922	18.418924	237.618576
-13.348922	18.418924	237.618576	-0.941593	-23.875166	11.191938	237.362808
-23.875166	11.191938	237.362808	-0.541593	-29.726961	0.297217	236.663574
-29.726961	0.297217	236.663574	-0.141593	-30.017305	-12.039884	235.712753
-30.017305	-12.039884	235.712753	0.458407	-23.762539	-22.744183	234.853912
-23.762539	-22.744183	234.853912	0.858407	-13.091074	-29.121494	234.261902
-13.091074	-29.121494	234.261902	1.458407	-0.545069	-29.365704	234.108902
-0.545069	-29.365704	234.108902	2.058407	11.257540	-22.303738	234.450073
11.257540	-22.303738	234.450073	2.658407	20.635714	-3.604560	235.047043
20.635714	-3.604560	235.047043	3.058407	0.000000	0.000000	0.000000
16.328558	13.866766	235.833435	-1.941593	4.882273	22.242840	236.638504
4.882273	22.242840	236.638504	-1.341593	-5.164872	21.592819	237.323608
-5.164872	21.592819	237.323608	-1.141593	-13.348922	18.418924	237.618576
-13.348922	18.418924	237.618576	-0.941593	-23.875166	11.191938	237.362808
-23.875166	11.191938	237.362808	-0.541593	-29.726961	0.297217	236.663574
-29.726961	0.297217	236.663574	-0.141593	-30.017305	-12.039884	235.712753
-30.017305	-12.039884	235.712753	0.458407	-23.762539	-22.744183	234.853912
-23.762539	-22.744183	234.853912	0.858407	-13.091074	-29.121494	234.261902
-13.091074	-29.121494	234.261902	1.458407	-0.545069	-29.365704	234.108902
-0.545069	-29.365704	234.108902	2.058407	11.257540	-22.303738	234.450073
11.257540	-22.303738	234.450073	2.658407	20.635714	-3.604560	235.047043
20.635714	-3.604560	235.047043	3.058407	0.000000	0.000000	0.000000
16.328558	13.866766	235.833435	-1.941593	4.882273	22.242840	236.638504
4.882273	22.242840	236.638504	-1.341593	-5.164872	21.592819	237.323608
-5.164872	21.592819	237.323608	-1.141593	-13.348922	18.418924	237.618576
-13.348922	18.418924	237.618576	-0.941593	-23.875166	11.191938	237.362808
-23.875166	11.191938	237.362808	-0.541593	-29.726961	0.297217	236.663574
-29.726961	0.297217	236.663574	-0.141593	-30.017305	-12.039884	235.712753
-30.017305	-12.039884	235.712753	0.458407	-23.762539	-22.744183	234.853912
-23.762539	-22.744183	234.853912	0.858407	-13.091074	-29.121494	234.261902
-13.091074	-29.121494	234.261902	1.458407	-0.545069	-29.365704	234.108902
-0.545069	-29.365704	234.108902	2.058407	11.257540	-22.303738	234.450073
11.257540	-22.303738	234.450073	2.658407	20.635714	-3.604560	235.047043
20.635714	-3.604560	235.047043	3.058407	0.000000	0.000000	0.000000
16.328558	13.866766	235.833435	-1.941593	4.882273	22.242840	236.638504
4.882273	22.242840	236.638504	-1.341593	-5.164872	21.592819	237.323608
-5.164872	21.592819	237.323608	-1.141593	-13.348922	18.418924	237.618576
-13.348922	18.418924	237.618576	-0.941593	-23.875166	11.191938	237.362808
-23.875166	11.191938	237.362808	-0.541593	-29.726961	0.297217	236.663574
-29.726961	0.297217	236.663574	-0.141593	-30.017305	-12.039884	235.712753
-30.017305	-12.039884	235.712753	0.458407	-23.762539	-22.744183	234.853912
-23.762539	-22.744183	234.853912	0.858407	-13.091074	-29.121494	234.261902
-13.091074	-29.121494	234.261902	1.458407	-0.545069	-29.365704	234.108902
-0.545069	-29.365704	234.108902	2.058407	11.257540	-22.303738	234.450073
11.257540	-22.303738	234.450073	2.658407	20.635714	-3.604560	235.047043
20.635714	-3.604560	235.047043	3.058407	0.000000	0.000000	0.000000
16.328558	13.866766	235.833435	-1.941593	4.882273	22.242840	236.638504
4.882273	22.242840	236.638504	-1.341593	-5.164872	21.592819	237.323608
-5.164872	21.592819	237.323608	-1.141593	-13.348922	18.418924	237.618576
-13.348922	18.418924	237.618576	-0.941593	-23.875166	11.191938	237.362808
-23.875166	11.191938	237.362808	-0.541593	-29.726961	0.297217	236.663574
-29.726961	0.297217	236.663574	-0.141593	-30.017305	-12.039884	235.712753
-30.017305	-12.039884	235.712753	0.458407	-23.762539	-22.744183	234.853912
-23.762539	-22.744183	234.853912	0.858407	-13.091074	-29.121494	234.261902
-13.091074	-29.121494	234.261902	1.458407	-0.545069	-29.365704	234.108902
-0.545069	-29.365704	234.108902	2.058407	11.257540	-22.303738	234.450073
11.257540	-22.303738	234.450073	2.658407	20.635714	-3.604560	235.047043
20.635714	-3.604560	235.047043	3.058407	0.000000	0.000000	0.000000
16.328558	13.866766	235.833435	-1.941593	4.882273	22.242840	236.638504
4.882273	22.242840	236.638504	-1.341593	-5.164872	21.592819	237.323608
-5.164872	21.592819	237.323608	-1.141593	-13.348922	18.418924	237.618576
-13.348922	18.418924	237.618576	-0.941593	-23.875166	11.191938	237.362808
-23.875166	11.191938	237.362808	-0.541593	-29.726961	0.297217	236.663574
-29.726961	0.297217	236.663574	-0.141593	-30.017305	-12.039884	235.712753
-30.017305	-12.039884	235.712753	0.458407	-23.762539	-22.744183	234.853912
-23.762539	-22.744183	234.853912	0.858407	-13.091074	-29.121494	234.261902
-13.091074	-29.121494	234.261902	1.458407	-0.545069	-29.365704	234.108902
-0.545069	-29.365704	234.108902	2.058407	11.257540	-22.303738	234.450073
11.257540	-22.303738	234.450073	2.658407	20.635714	-3.604560	235.047043
20.635714	-3.604560	235.047043	3.058407	0.000000	0.000000	0.000000
