-53.780956	-70.616020	-74.972733	0	0	0.22720209	0.97384763
-54.099113	-70.834915	-75.195511	0	0	0.029199523	0.9995736
-53.433270	-70.386566	-74.729286	0	0	0.029199523	0.9995736
-53.052120	-70.146873	-74.462402	0	0	0.22720209	0.97384763
-52.632805	-69.897392	-74.168793	0	0	0.22720209	0.97384763
-52.169403	-69.639610	-73.844315	0	0	0.029199523	0.9995736
-51.656509	-69.369888	-73.485184	0	0	0.22720209	0.97384763
-51.086700	-69.086334	-73.086197	0	0	0.22720209	0.97384763
-50.450314	-68.789894	-72.640594	0	0	0.22720209	0.97384763
-57.906528	-70.568993	-77.861496	0	0	0.22720209	0.97384763
-49.734737	-68.482986	-72.139542	0	0	0.1288445	0.99166481
-48.929832	-68.163689	-71.575943	0	0	0.1288445	0.99166481
-47.988235	-67.911392	-70.916634	0	0	0.22720209	0.97384763
-60.471214	-71.256195	-79.657310	0	0	0.22720209	0.97384763
-46.957386	-67.635178	-70.194824	0	0	0.029199523	0.9995736
-45.592522	-67.269463	-69.239136	0	0	0.1288445	0.99166481
-45.570747	-67.263626	-69.223885	0	0	0.22720209	0.97384763
-44.334164	-66.932289	-68.358017	0	0	0.22720209	0.97384763
-42.922672	-66.554077	-67.369682	0	0	0.1288445	0.99166481
-41.297802	-66.118698	-66.231941	0	0	0.029199523	0.9995736
-39.556263	-65.652054	-65.012497	0	0	0.029199523	0.9995736
-63.679958	-63.636650	-58.758080	0	0	0.32328956	0.94630009
-63.319756	-63.446339	-58.606285	0	0	0.41614682	0.90929743
-62.927521	-63.247326	-58.438110	0	0	0.22720209	0.97384763
-62.499294	-63.040241	-58.250935	0	0	0.41614682	0.90929743
-62.030510	-62.826283	-58.041569	0	0	0.41614682	0.90929743
-61.515957	-62.608967	-57.805630	0	0	0.22720209	0.97384763
-60.948799	-62.383110	-57.540779	0	0	0.41614682	0.90929743
-60.320538	-62.145687	-57.242928	0	0	0.41614682	0.90929743
-40.300304	-65.851418	-59.824253	0	0	-0.070737201	0.99749499
-59.621361	-61.898014	-56.905659	0	0	0.41614682	0.90929743
-58.838959	-61.643806	-56.520210	0	0	0.22720209	0.97384763
-37.072739	-64.986595	-63.273518	0	0	0.029199523	0.9995736
-57.964203	-61.373325	-56.084457	0	0	0.22720209	0.97384763
-67.640785	-59.373806	-62.652355	0	0	0.41614682	0.90929743
-56.972370	-61.004894	-55.612003	0	0	0.41614682	0.90929743
-55.915287	-60.433720	-55.170963	0	0	0.22720209	0.97384763
-35.883614	-64.667969	-62.440884	0	0	0.029199523	0.9995736
-54.389545	-60.288132	-54.296726	0	0	0.22720209	0.97384763
-54.567593	-59.254856	-54.766449	0	0	0.41614682	0.90929743
-53.042191	-59.836052	-53.637966	0	0	0.41614682	0.90929743
-34.831738	-64.386116	-61.704350	0	0	0.1288445	0.99166481
-51.534004	-59.254028	-52.927177	0	0	0.22720209	0.97384763
-33.187550	-63.945560	-60.553078	0	0	0.1288445	0.99166481
-49.803566	-58.289558	-52.215508	0	0	0.41614682	0.90929743
-47.961685	-56.351028	-51.777283	0	0	-0.16996714	0.98544973
-30.522154	-63.231369	-58.686749	0	0	0.029199523	0.9995736
-45.392017	-51.086678	-52.062111	0	0	-0.16996714	0.98544973
-47.845299	-46.876331	-55.023834	0	0	-0.16996714	0.98544973
-44.800346	-46.064175	-53.461723	0	0	-0.16996714	0.98544973
-43.706467	-45.377422	-53.038830	0	0	0.1288445	0.99166481
-42.065651	-44.347298	-52.404491	0	0	0.1288445	0.99166481
-39.604420	-42.802109	-51.452988	0	0	-0.070737201	0.99749499
-25.900967	-61.993126	-42.125057	0	0	0	1
-17.448380	-59.728264	-49.532394	0	0	0.1288445	0.99166481
-23.424286	-41.555004	-42.078011	0	0	0.029199523	0.9995736
-35.033688	-36.276962	-37.388287	0	0	-0.16996714	0.98544973
-62.546638	-23.781225	-44.020084	0	0	0	1
-62.205620	-23.794836	-43.892441	0	0	0.22720209	0.97384763
-61.832630	-23.809721	-43.752831	0	0	0.029199523	0.9995736
-61.423500	-23.826050	-43.599689	0	0	0.22720209	0.97384763
-60.973598	-23.844006	-43.431290	0	0	0.22720209	0.97384763
-60.478065	-23.863783	-43.245808	0	0	0.029199523	0.9995736
-59.929363	-23.885681	-43.040428	0	0	0.22720209	0.97384763
-67.375580	-23.588501	-45.827583	0	0	0.22720209	0.97384763
-59.318123	-23.910076	-42.811638	0	0	0.22720209	0.97384763
-58.633831	-23.937387	-42.555504	0	0	0.22720209	0.97384763
-57.863491	-23.968132	-42.267159	0	0	0.029199523	0.9995736
-57.001518	-24.002533	-41.944519	0	0	0.029199523	0.9995736
-56.047619	-24.040604	-41.587467	0	0	0.32328956	0.94630009
-55.102013	-24.078342	-41.233524	0	0	0.029199523	0.9995736
-54.082012	-24.119051	-40.851734	0	0	0.22720209	0.97384763
-53.432560	-24.144972	-40.608639	0	0	0.029199523	0.9995736
-16.281340	-114.414536	-68.639290	0	0	0.41614682	0.90929743
-15.979594	-114.112793	-68.350670	0	0	0.32328956	0.94630009
-16.560253	-114.693451	-68.906075	0	0	0.32328956	0.94630009
-15.652294	-113.785492	-68.037605	0	0	0.32328956	0.94630009
-16.818535	-114.951729	-69.153122	0	0	0.41614682	0.90929743
-15.296028	-113.429222	-67.696838	0	0	0.41614682	0.90929743
-14.906967	-113.040161	-67.324699	0	0	0.32328956	0.94630009
-52.093513	-24.198414	-40.107426	0	0	0	1
-14.480591	-112.613785	-66.916870	0	0	0.32328956	0.94630009
-18.066423	-116.199623	-70.346725	0	0	0.32328956	0.94630009
-14.011624	-112.144821	-66.468307	0	0	0.32328956	0.94630009
-13.493361	-111.626556	-65.972588	0	0	0.41614682	0.90929743
-51.435524	-24.224674	-39.861137	0	0	0.32328956	0.94630009
-12.915551	-111.048752	-65.419907	0	0	0.41614682	0.90929743
-12.230497	-110.363693	-64.764656	0	0	0.32328956	0.94630009
-50.609253	-24.257650	-39.551861	0	0	0.029199523	0.9995736
-11.410241	-109.543442	-63.980080	0	0	0.41614682	0.90929743
-10.607434	-108.740631	-63.212193	0	0	0.41614682	0.90929743
-48.952572	-24.323769	-38.931755	0	0	0.32328956	0.94630009
-10.130033	-108.263229	-62.755558	0	0	0.32328956	0.94630009
-9.727964	-107.861160	-62.370979	0	0	0.32328956	0.94630009
-47.323437	-24.388788	-38.321960	0	0	0	1
-8.722551	-106.855751	-61.409302	0	0	0.41614682	0.90929743
-46.613605	-24.417118	-38.056267	0	0	0.32328956	0.94630009
-7.499183	-105.632378	-60.239147	0	0	0.32328956	0.94630009
-45.620251	-24.456762	-37.684448	0	0	0	1
-45.463448	-24.463020	-37.625759	0	0	0.32328956	0.94630009
-44.249317	-24.511478	-37.171303	0	0	0.1288445	0.99166481
-5.991521	-104.124718	-58.797066	0	0	0.32328956	0.94630009
-42.550209	-24.579290	-36.535316	0	0	0.22720209	0.97384763
-54.417831	-8.934864	-72.292854	0	0	0.029199523	0.9995736
-3.271066	-101.404266	-56.194950	0	0	0.32328956	0.94630009
-0.651892	-98.785088	-53.689705	0	0	0.32328956	0.94630009
-0.625144	-98.758339	-53.664120	0	0	0.32328956	0.94630009
-35.837303	-24.847204	-34.022640	0	0	0	1
0.186244	-97.946953	-52.888027	0	0	0.41614682	0.90929743
-33.055408	-131.188599	-84.683708	0	0	0.41614682	0.90929743
1.576192	-96.557007	-51.558540	0	0	0.41614682	0.90929743
4.059343	-94.073853	-49.183403	0	0	0.41614682	0.90929743
-22.296782	-25.387609	-28.954351	0	0	0.029199523	0.9995736
9.713339	-88.419861	-43.775349	0	0	0.32328956	0.94630009
2.197732	-54.464104	-28.824865	0	0	0.32328956	0.94630009
6.319592	-53.359653	-27.082623	0	0	0.22720209	0.97384763
6.302045	-53.364357	-26.882135	0	0	0	1
12.513002	-85.620193	-34.853756	0	0	0.58850112	0.8084964
8.868459	-52.676685	-25.667355	0	0	0.41614682	0.90929743
-5.730591	-21.980570	-27.082623	0	0	0.22720209	0.97384763
-11.112683	-20.538443	-23.064604	0	0	-0.45359611	0.89120736
11.499815	-51.971619	-24.421831	0	0	0	1
-9.309730	-21.021544	-22.522007	0	0	0.1288445	0.99166481
12.066339	-51.819817	-24.153673	0	0	0.32328956	0.94630009
-10.732144	-18.055811	-22.118660	0	0	-0.45359611	0.89120736
-6.443817	-21.789463	-21.659513	0	0	0.22720209	0.97384763
-6.336294	-21.818274	-21.627153	0	0	0.22720209	0.97384763
-5.680518	-21.993988	-21.429798	0	0	0.22720209	0.97384763
-3.787155	-22.501312	-20.859993	0	0	-0.070737201	0.99749499
-10.743577	-15.368768	-21.258711	0	0	0	1
-3.909500	-15.184165	-27.082623	0	0	0.1288445	0.99166481
-2.443748	-22.861277	-20.455696	0	0	0.22720209	0.97384763
15.341176	-50.942326	-22.603569	0	0	0.32328956	0.94630009
15.477003	-50.905933	-22.539276	0	0	0.22720209	0.97384763
-5.981791	-18.775204	-20.511007	0	0	0.22720209	0.97384763
-0.527264	-23.374798	-19.878931	0	0	-0.070737201	0.99749499
-0.401158	-23.408588	-19.840981	0	0	-0.070737201	0.99749499
-6.531086	-16.926212	-20.128874	0	0	0	1
-5.244864	-17.401756	-19.783895	0	0	0	1
1.339234	-23.874924	-19.317211	0	0	0.22720209	0.97384763
2.621813	-24.218590	-18.931221	0	0	0.029199523	0.9995736
-2.191957	-18.530479	-18.965073	0	0	0	1
-1.243020	-18.225573	-19.167776	0	0	0	1
3.917275	-24.565708	-18.541351	0	0	0	1
19.660526	-49.784962	-20.559053	0	0	0.1288445	0.99166481
-0.083712	-16.071980	-20.657278	0	0	0	1
1.470345	-19.884508	-17.982803	0	0	0	1
20.104527	-49.665993	-20.348892	0	0	0.22720209	0.97384763
5.881001	-25.091887	-17.950371	0	0	-0.070737201	0.99749499
1.968202	-20.068577	-17.849274	0	0	0	1
20.509829	-49.557392	-20.157047	0	0	0.32328956	0.94630009
20.517273	-49.555397	-20.153522	0	0	0.1288445	0.99166481
8.538280	-25.803904	-17.150665	0	0	0.029199523	0.9995736
8.891912	-25.898659	-17.044239	0	0	0.22720209	0.97384763
22.235254	-49.095066	-19.340336	0	0	0.1288445	0.99166481
10.826765	-26.417101	-16.461946	0	0	-0.36235775	0.93203909
11.310950	-26.546837	-16.316233	0	0	0.22720209	0.97384763
9.413778	-21.292671	-16.918163	0	0	0	1
10.523685	-23.231716	-15.554599	0	0	0	1
11.268479	-23.535357	-15.363933	0	0	-0.45359611	0.89120736
10.876301	-15.402203	-21.010029	0	0	0	1
26.921560	-47.839371	-17.122128	0	0	0.029199523	0.9995736
10.207694	-6.353071	-27.326477	0	0	0	1
27.614050	-47.653820	-16.794346	0	0	0.1288445	0.99166481
33.830723	-64.302475	-19.743187	0	0	0.41614682	0.90929743
20.097483	-28.901182	-13.671933	0	0	-0.36235775	0.93203909
38.820557	-114.030457	-48.226460	0	0	0.58850112	0.8084964
38.713688	-114.429291	-48.505726	0	0	0.50484609	0.86320938
38.936256	-113.598656	-47.924107	0	0	0.50484609	0.86320938
38.614845	-114.798187	-48.764027	0	0	0.50484609	0.86320938
39.061699	-113.130501	-47.596298	0	0	0.50484609	0.86320938
38.522976	-115.141045	-49.004101	0	0	0.58850112	0.8084964
38.437366	-115.460541	-49.227814	0	0	0.50484609	0.86320938
39.198044	-112.621658	-47.240005	0	0	0.50484609	0.86320938
38.392262	-115.628876	-49.345684	0	0	0.50484609	0.86320938
38.357502	-115.758598	-49.436516	0	0	0.58850112	0.8084964
39.346828	-112.066391	-46.851204	0	0	0.58850112	0.8084964
39.512348	-111.448654	-46.418659	0	0	0.58850112	0.8084964
39.718048	-110.680969	-45.881119	0	0	0.50484609	0.86320938
35.642052	-62.491146	-18.974501	0	0	0.32328956	0.94630009
39.991714	-109.659637	-45.165974	0	0	0.58850112	0.8084964
40.155399	-109.048752	-44.738232	0	0	0.58850112	0.8084964
40.403149	-108.124153	-44.090820	0	0	0.50484609	0.86320938
40.482410	-107.828331	-43.883682	0	0	0.50484609	0.86320938
40.692600	-107.043892	-43.334412	0	0	0.58850112	0.8084964
20.461184	-24.982456	-14.230311	0	0	0	1
41.064457	-105.656113	-42.362679	0	0	0.50484609	0.86320938
35.896912	-62.236286	-18.278616	0	0	0.41614682	0.90929743
41.576702	-103.744377	-41.024071	0	0	0.50484609	0.86320938
6.512912	9.084819	-38.129013	0	0	0	1
21.032049	-27.116877	-12.736142	0	0	0	1
31.342218	-46.654861	-15.029660	0	0	0.029199523	0.9995736
31.518316	-46.607674	-14.946305	0	0	0.1288445	0.99166481
42.643703	-99.762283	-38.235775	0	0	0.50484609	0.86320938
32.837303	-46.254253	-14.321979	0	0	0.029199523	0.9995736
32.837303	-46.254253	-14.321979	0	0	0.22720209	0.97384763
32.837303	-46.254253	-14.321979	0	0	0.1288445	0.99166481
44.094917	-94.346275	-34.443443	0	0	0.50484609	0.86320938
37.722336	-60.410862	-16.984709	0	0	0.32328956	0.94630009
44.369892	-93.320053	-33.724880	0	0	0.58850112	0.8084964
44.808865	-91.681793	-32.577755	0	0	0.50484609	0.86320938
44.866508	-91.466660	-32.427116	0	0	0.58850112	0.8084964
45.791348	-88.015114	-30.010321	0	0	0.66627604	0.74570519
45.863899	-87.744339	-29.820723	0	0	0.58850112	0.8084964
28.011299	-31.021683	-11.290277	0	0	0.029199523	0.9995736
28.111250	-31.048464	-11.260198	0	0	0.1288445	0.99166481
-19.675270	39.239403	-67.226212	0	0	-0.26749883	0.96355818
-22.560602	42.124733	-61.469059	0	0	0	1
50.256512	-71.350899	-18.341911	0	0	0.66627604	0.74570519
52.880039	-61.559753	-11.486075	0	0	0.58850112	0.8084964
52.880039	-61.559753	-11.486075	0	0	0.50484609	0.86320938
24.072742	-169.070053	-86.765594	0	0	0.66627604	0.74570519
56.104065	-61.140324	-10.102990	0	0	0	1
59.432175	-60.707352	-8.675256	0	0	0.50484609	0.86320938
68.500694	-75.306381	-21.324347	0	0	0.73739371	0.67546319
68.595535	-75.660332	-21.572184	0	0	0.73739371	0.67546319
68.371460	-74.824081	-20.986639	0	0	0.73739371	0.67546319
68.680786	-75.978493	-21.794964	0	0	0.73739371	0.67546319
68.760620	-76.276451	-22.003597	0	0	0.73739371	0.67546319
68.815254	-76.480339	-22.146362	0	0	0.73739371	0.67546319
68.835655	-76.556488	-22.199680	0	0	0.73739371	0.67546319
68.167831	-74.064133	-20.454515	0	0	0.73739371	0.67546319
68.157730	-74.026428	-20.428116	0	0	0.73739371	0.67546319
68.906204	-76.819778	-22.384041	0	0	0.73739371	0.67546319
68.972214	-77.066132	-22.556540	0	0	0.73739371	0.67546319
68.023170	-73.524239	-20.076477	0	0	0.73739371	0.67546319
69.033623	-77.295311	-22.717009	0	0	0.73739371	0.67546319
69.091324	-77.510635	-22.867783	0	0	0.73739371	0.67546319
69.145721	-77.713661	-23.009943	0	0	0.73739371	0.67546319
67.859566	-72.913673	-19.648954	0	0	0	1
69.197021	-77.905128	-23.144009	0	0	0.73739371	0.67546319
67.735886	-72.452087	-19.325752	0	0	0	1
67.631630	-72.062988	-19.053297	0	0	0	1
67.273163	-70.725174	-18.116552	0	0	0	1
66.413063	-67.515236	-15.868927	0	0	0	1
65.539612	-64.255478	-13.586423	0	0	0	1
64.748817	-61.304184	-11.519902	0	0	0	1
64.553856	-60.576599	-11.010444	0	0	0	1
64.146469	-59.056194	-9.945844	0	0	0	1
63.759048	-57.610329	-8.933437	0	0	0	1
75.307106	-55.742973	-9.075294	0	0	0	1
77.904655	-54.422844	-9.184182	0	0	0	1
107.185173	-52.236259	-26.078621	0	0	0.97095818	0.23924928
107.185173	-52.236259	-26.078621	0	-0	-1	-4.371139e-08
93.635132	-169.109375	-87.005913	0	0	0.80114363	0.59847213
103.262383	17.026411	-42.657726	0	0	0	1
152.152451	-132.588318	-82.577965	0	0	0.94222235	0.33498812
136.364639	38.231441	-70.154816	0	0	-0.87758258	0.4794255
127.486809	60.069614	-72.416946	0	0	-0.92106097	0.38941839
180.408508	-71.856392	-77.350143	0	0	0.99913515	0.041580682
192.375717	-3.506063	-86.709869	0	0	-0.99500417	0.099833397
192.375717	-3.506063	-86.709869	0	0	-0.95533648	0.29552023
