147.634323	-21.656298	-98.720474	0.000000	0.000000	0.000000
147.969528	-22.486448	-98.960533	0.000000	0.000000	0.000000
148.298676	-23.320818	-99.200356	0.000000	0.000000	0.000000
148.621719	-24.159353	-99.439934	0.000000	0.000000	0.000000
148.938583	-25.002005	-99.679245	0.000000	0.000000	0.000000
149.249222	-25.848722	-99.918297	0.000000	0.000000	0.000000
149.553589	-26.699461	-100.157082	0.000000	0.000000	0.000000
149.851624	-27.554159	-100.395561	0.000000	0.000000	0.000000
150.143295	-28.412771	-100.633766	0.000000	0.000000	0.000000
150.428543	-29.275244	-100.871658	0.000000	0.000000	0.000000
150.707306	-30.141521	-101.109230	0.000000	0.000000	0.000000
150.979553	-31.011549	-101.346481	0.000000	0.000000	3.058407
151.245224	-31.885279	-101.583405	0.000000	0.000000	3.058407
151.504272	-32.762646	-101.819969	0.000000	0.000000	0.000000
151.756638	-33.643600	-102.056198	0.000000	0.000000	0.000000
152.002304	-34.528084	-102.292061	0.000000	0.000000	0.000000
152.241211	-35.416039	-102.527557	0.000000	0.000000	0.000000
152.473297	-36.307407	-102.762672	0.000000	0.000000	0.000000
152.698532	-37.202137	-102.997406	0.000000	0.000000	0.000000
152.916870	-38.100155	-103.231728	0.000000	0.000000	0.000000
153.128265	-39.001411	-103.465652	0.000000	0.000000	0.000000
153.332657	-39.905849	-103.699158	0.000000	0.000000	0.000000
153.530045	-40.813404	-103.932243	0.000000	0.000000	0.000000
153.720337	-41.724010	-104.164879	0.000000	0.000000	0.000000
153.903519	-42.637611	-104.397072	0.000000	0.000000	0.000000
154.079544	-43.554142	-104.628822	0.000000	0.000000	0.000000
154.248383	-44.473545	-104.860107	0.000000	0.000000	0.000000
154.409973	-45.395748	-105.090919	0.000000	0.000000	0.000000
154.564301	-46.320694	-105.321259	0.000000	0.000000	0.000000
154.711304	-47.248314	-105.551102	0.000000	0.000000	0.000000
154.850952	-48.178543	-105.780449	0.000000	0.000000	0.000000
154.983200	-49.111320	-106.009277	0.000000	0.000000	0.000000
155.108032	-50.046577	-106.237587	0.000000	0.000000	0.000000
155.225388	-50.984245	-106.465393	0.000000	0.000000	0.000000
155.335251	-51.924263	-106.692642	0.000000	0.000000	0.000000
155.437576	-52.866558	-106.919357	0.000000	0.000000	0.000000
155.532333	-53.811062	-107.145515	0.000000	0.000000	0.000000
155.619492	-54.757706	-107.371117	0.000000	0.000000	0.000000
155.699005	-55.706425	-107.596153	0.000000	0.000000	2.858407
155.770859	-56.657150	-107.820595	0.000000	0.000000	2.858407
155.835007	-57.609806	-108.044464	0.000000	0.000000	2.858407
155.891434	-58.564323	-108.267723	0.000000	0.000000	2.858407
155.940094	-59.520641	-108.490372	0.000000	0.000000	2.858407
155.980957	-60.478680	-108.712418	0.000000	0.000000	2.858407
156.014023	-61.438366	-108.933838	0.000000	0.000000	2.858407
156.039230	-62.399632	-109.154617	0.000000	0.000000	0.000000
156.056564	-63.362404	-109.374771	0.000000	0.000000	0.000000
156.065994	-64.326614	-109.594269	0.000000	0.000000	0.000000
156.067505	-65.292183	-109.813103	0.000000	0.000000	0.000000
156.061066	-66.259033	-110.031273	0.000000	0.000000	0.000000
156.046646	-67.227104	-110.248764	0.000000	0.000000	0.000000
156.024231	-68.196312	-110.465576	0.000000	0.000000	0.000000
155.993805	-69.166588	-110.681694	0.000000	0.000000	0.000000
155.955338	-70.137848	-110.897110	0.000000	0.000000	0.000000
155.908798	-71.110031	-111.111809	0.000000	0.000000	0.000000
155.854187	-72.083054	-111.325806	0.000000	0.000000	0.000000
155.791458	-73.056831	-111.539055	0.000000	0.000000	0.000000
155.720627	-74.031311	-111.751587	0.000000	0.000000	0.000000
155.641647	-75.006393	-111.963371	0.000000	0.000000	0.000000
155.554504	-75.982018	-112.174400	0.000000	0.000000	0.000000
155.459198	-76.958092	-112.384666	0.000000	0.000000	0.000000
155.355698	-77.934555	-112.594177	0.000000	0.000000	0.000000
155.244003	-78.911316	-112.802887	0.000000	0.000000	0.000000
155.124100	-79.888313	-113.010834	0.000000	0.000000	0.000000
154.995956	-80.865448	-113.217979	0.000000	0.000000	0.000000
154.859573	-81.842659	-113.424316	0.000000	0.000000	0.000000
154.714935	-82.819862	-113.629860	0.000000	0.000000	2.658407
154.562042	-83.796974	-113.834572	0.000000	0.000000	2.658407
154.400864	-84.773926	-114.038467	0.000000	0.000000	2.658407
154.231415	-85.750633	-114.241516	0.000000	0.000000	2.658407
154.053665	-86.727020	-114.443733	0.000000	0.000000	2.658407
153.867630	-87.703003	-114.645103	0.000000	0.000000	2.658407
153.673294	-88.678505	-114.845612	0.000000	0.000000	2.658407
153.470642	-89.653442	-115.045250	0.000000	0.000000	2.658407
153.259674	-90.627739	-115.244019	0.000000	0.000000	2.658407
153.040405	-91.601318	-115.441902	0.000000	0.000000	2.658407
152.812790	-92.574104	-115.638901	0.000000	0.000000	0.000000
152.576874	-93.545998	-115.834999	0.000000	0.000000	0.000000
152.332626	-94.516937	-116.030197	0.000000	0.000000	0.000000
152.080063	-95.486832	-116.224472	0.000000	0.000000	0.000000
151.819168	-96.455605	-116.417831	0.000000	0.000000	0.000000
151.549942	-97.423180	-116.610275	0.000000	0.000000	0.000000
151.272415	-98.389465	-116.801773	0.000000	0.000000	0.000000
150.986557	-99.354401	-116.992325	0.000000	0.000000	0.000000
150.692398	-100.317879	-117.181931	0.000000	0.000000	0.000000
150.389908	-101.279846	-117.370583	0.000000	0.000000	0.000000
150.079132	-102.240204	-117.558266	0.000000	0.000000	0.000000
149.760056	-103.198875	-117.744972	0.000000	0.000000	0.000000
149.432693	-104.155785	-117.930702	0.000000	0.000000	0.000000
149.097061	-105.110840	-118.115440	0.000000	0.000000	0.000000
148.753128	-106.063980	-118.299194	0.000000	0.000000	0.000000
148.400955	-107.015106	-118.481934	0.000000	0.000000	0.000000
148.040527	-107.964134	-118.663673	0.000000	0.000000	0.000000
147.671860	-108.911011	-118.844391	0.000000	0.000000	0.000000
147.294968	-109.855637	-119.024086	0.000000	0.000000	2.458407
146.909851	-110.797928	-119.202751	0.000000	0.000000	2.458407
146.516541	-111.737808	-119.380379	0.000000	0.000000	2.458407
146.115051	-112.675194	-119.556953	0.000000	0.000000	2.458407
145.705399	-113.610023	-119.732491	0.000000	0.000000	2.458407
145.287582	-114.542206	-119.906960	0.000000	0.000000	2.458407
144.861633	-115.471642	-120.080368	0.000000	0.000000	2.458407
144.427582	-116.398277	-120.252693	0.000000	0.000000	2.458407
143.985413	-117.322021	-120.423950	0.000000	0.000000	2.458407
143.535187	-118.242798	-120.594124	0.000000	0.000000	2.458407
143.076904	-119.160530	-120.763191	0.000000	0.000000	2.458407
142.610580	-120.075134	-120.931175	0.000000	0.000000	2.458407
142.136261	-120.986526	-121.098038	0.000000	0.000000	2.458407
141.653946	-121.894638	-121.263802	0.000000	0.000000	2.458407
141.163666	-122.799385	-121.428436	0.000000	0.000000	0.000000
140.665451	-123.700699	-121.591949	0.000000	0.000000	0.000000
140.159332	-124.598480	-121.754333	0.000000	0.000000	0.000000
139.645340	-125.492668	-121.915573	0.000000	0.000000	0.000000
139.123489	-126.383179	-122.075668	0.000000	0.000000	0.000000
138.593796	-127.269936	-122.234619	0.000000	0.000000	0.000000
138.056320	-128.152878	-122.392403	0.000000	0.000000	0.000000
137.511078	-129.031891	-122.549034	0.000000	0.000000	0.000000
136.958099	-129.906937	-122.704491	0.000000	0.000000	0.000000
136.397430	-130.777908	-122.858772	0.000000	0.000000	0.000000
135.829086	-131.644760	-123.011864	0.000000	0.000000	0.000000
135.253098	-132.507385	-123.163773	0.000000	0.000000	0.000000
134.669510	-133.365738	-123.314484	0.000000	0.000000	0.000000
134.078369	-134.219711	-123.463997	0.000000	0.000000	0.000000
133.479706	-135.069244	-123.612312	0.000000	0.000000	0.000000
132.873535	-135.914276	-123.759399	0.000000	0.000000	2.258407
132.259903	-136.754730	-123.905281	0.000000	0.000000	2.258407
131.638870	-137.590515	-124.049934	0.000000	0.000000	2.258407
131.010468	-138.421555	-124.193367	0.000000	0.000000	2.258407
130.374710	-139.247803	-124.335556	0.000000	0.000000	2.258407
129.731674	-140.069168	-124.476509	0.000000	0.000000	2.258407
129.081390	-140.885574	-124.616211	0.000000	0.000000	2.258407
128.423889	-141.696976	-124.754669	0.000000	0.000000	2.258407
127.759216	-142.503265	-124.891869	0.000000	0.000000	2.258407
127.087425	-143.304398	-125.027802	0.000000	0.000000	2.258407
126.408562	-144.100296	-125.162468	0.000000	0.000000	2.258407
125.722656	-144.890884	-125.295860	0.000000	0.000000	2.258407
125.029778	-145.676102	-125.427971	0.000000	0.000000	2.258407
124.329956	-146.455872	-125.558807	0.000000	0.000000	2.258407
123.623245	-147.230118	-125.688354	0.000000	0.000000	2.258407
122.909698	-147.998779	-125.816605	0.000000	0.000000	2.258407
122.189354	-148.761810	-125.943550	0.000000	0.000000	2.258407
121.462280	-149.519104	-126.069191	0.000000	0.000000	0.000000
120.728500	-150.270630	-126.193535	0.000000	0.000000	0.000000
119.988091	-151.016296	-126.316559	0.000000	0.000000	0.000000
119.241104	-151.756058	-126.438263	0.000000	0.000000	0.000000
118.487572	-152.489822	-126.558640	0.000000	0.000000	0.000000
117.727570	-153.217545	-126.677696	0.000000	0.000000	0.000000
116.961136	-153.939163	-126.795418	0.000000	0.000000	0.000000
116.188339	-154.654602	-126.911797	0.000000	0.000000	0.000000
115.409225	-155.363815	-127.026848	0.000000	0.000000	0.000000
114.623856	-156.066727	-127.140541	0.000000	0.000000	0.000000
113.832291	-156.763260	-127.252884	0.000000	0.000000	0.000000
113.034584	-157.453384	-127.363869	0.000000	0.000000	0.000000
112.230789	-158.137024	-127.473495	0.000000	0.000000	0.000000
111.420982	-158.814117	-127.581757	0.000000	0.000000	2.058407
110.605209	-159.484619	-127.688652	0.000000	0.000000	2.058407
109.783524	-160.148453	-127.794182	0.000000	0.000000	2.058407
108.956009	-160.805557	-127.898323	0.000000	0.000000	2.058407
108.122704	-161.455902	-128.001083	0.000000	0.000000	2.058407
107.283691	-162.099396	-128.102463	0.000000	0.000000	2.058407
106.439026	-162.736008	-128.202454	0.000000	0.000000	2.058407
105.588760	-163.365662	-128.301056	0.000000	0.000000	2.058407
104.732979	-163.988327	-128.398254	0.000000	0.000000	2.058407
103.871735	-164.603928	-128.494049	0.000000	0.000000	2.058407
103.005089	-165.212433	-128.588440	0.000000	0.000000	2.058407
102.133125	-165.813751	-128.681427	0.000000	0.000000	2.058407
101.255890	-166.407883	-128.773010	0.000000	0.000000	2.058407
100.373466	-166.994720	-128.863159	0.000000	0.000000	2.058407
99.485909	-167.574265	-128.951904	0.000000	0.000000	2.058407
98.593300	-168.146423	-129.039215	0.000000	0.000000	2.058407
97.695694	-168.711166	-129.125107	0.000000	0.000000	2.058407
96.793167	-169.268448	-129.209579	0.000000	0.000000	2.058407
95.885788	-169.818222	-129.292603	0.000000	0.000000	2.058407
94.973633	-170.360413	-129.374191	0.000000	0.000000	0.000000
94.056770	-170.895020	-129.454346	0.000000	0.000000	0.000000
93.135262	-171.421951	-129.533066	0.000000	0.000000	0.000000
92.209198	-171.941193	-129.610321	0.000000	0.000000	0.000000
91.278633	-172.452698	-129.686142	0.000000	0.000000	0.000000
90.343651	-172.956406	-129.760513	0.000000	0.000000	0.000000
89.404320	-173.452286	-129.833405	0.000000	0.000000	0.000000
88.460716	-173.940292	-129.904861	0.000000	0.000000	0.000000
87.512909	-174.420395	-129.974854	0.000000	0.000000	0.000000
86.560982	-174.892532	-130.043381	0.000000	0.000000	0.000000
85.605003	-175.356674	-130.110458	0.000000	0.000000	0.000000
84.645050	-175.812790	-130.176041	0.000000	0.000000	1.858407
83.681206	-176.260834	-130.240173	0.000000	0.000000	1.858407
82.713539	-176.700760	-130.302826	0.000000	0.000000	1.858407
81.742119	-177.132553	-130.363998	0.000000	0.000000	1.858407
80.767036	-177.556152	-130.423706	0.000000	0.000000	1.858407
79.788361	-177.971542	-130.481903	0.000000	0.000000	1.858407
78.806175	-178.378693	-130.538651	0.000000	0.000000	1.858407
77.820564	-178.777542	-130.593887	0.000000	0.000000	1.858407
76.831589	-179.168091	-130.647644	0.000000	0.000000	1.858407
75.839340	-179.550278	-130.699921	0.000000	0.000000	1.858407
74.843887	-179.924103	-130.750702	0.000000	0.000000	1.858407
73.845329	-180.289505	-130.799973	0.000000	0.000000	1.858407
72.843727	-180.646484	-130.847778	0.000000	0.000000	1.858407
71.839165	-180.994980	-130.894058	0.000000	0.000000	1.858407
70.831734	-181.334991	-130.938858	0.000000	0.000000	1.858407
69.821503	-181.666489	-130.982147	0.000000	0.000000	1.858407
68.808556	-181.989426	-131.023941	0.000000	0.000000	1.858407
67.792984	-182.303802	-131.064209	0.000000	0.000000	1.858407
66.774849	-182.609589	-131.102997	0.000000	0.000000	1.858407
65.754250	-182.906754	-131.140259	0.000000	0.000000	1.858407
64.731262	-183.195282	-131.176025	0.000000	0.000000	1.858407
63.705967	-183.475143	-131.210281	0.000000	0.000000	0.000000
63.188690	-183.600388	-131.242233	0.000000	0.000000	0.000000
62.671909	-183.723114	-131.272675	0.000000	0.000000	0.000000
62.154774	-183.843597	-131.301605	0.000000	0.000000	0.000000
61.637280	-183.961807	-131.329025	0.000000	0.000000	0.000000
61.119442	-184.077774	-131.354904	0.000000	0.000000	0.000000
60.601246	-184.191467	-131.379288	0.000000	0.000000	0.000000
60.082706	-184.302933	-131.402145	0.000000	0.000000	0.000000
59.563820	-184.412140	-131.423477	0.000000	0.000000	0.000000
59.044586	-184.519104	-131.443298	0.000000	0.000000	0.000000
58.525005	-184.623810	-131.461594	0.000000	0.000000	0.000000
58.005085	-184.726288	-131.478394	0.000000	0.000000	0.000000
57.484821	-184.826523	-131.493637	0.000000	0.000000	0.000000
56.964218	-184.924515	-131.507370	0.000000	0.000000	0.000000
56.443272	-185.020264	-131.519577	0.000000	0.000000	0.000000
55.921989	-185.113785	-131.530258	0.000000	0.000000	0.000000
55.400372	-185.205063	-131.539429	0.000000	0.000000	0.000000
54.878414	-185.294113	-131.547058	0.000000	0.000000	0.000000
54.356121	-185.380920	-131.553162	0.000000	0.000000	0.000000
53.835686	-185.478806	-131.538498	0.000000	0.000000	0.000000
53.318562	-185.598541	-131.487503	0.000000	0.000000	0.000000
52.800632	-185.716110	-131.435013	0.000000	0.000000	0.000000
52.281895	-185.831497	-131.381012	0.000000	0.000000	0.000000
51.762356	-185.944702	-131.325500	0.000000	0.000000	0.000000
51.242012	-186.055710	-131.268478	0.000000	0.000000	0.000000
50.720863	-186.164520	-131.209961	0.000000	0.000000	0.000000
50.198910	-186.271133	-131.149963	0.000000	0.000000	0.000000
49.676151	-186.375534	-131.088440	0.000000	0.000000	0.000000
49.152592	-186.477707	-131.025452	0.000000	0.000000	0.000000
48.628231	-186.577667	-130.960953	0.000000	0.000000	0.000000
48.103065	-186.675385	-130.894974	0.000000	0.000000	0.000000
47.577099	-186.770874	-130.827515	0.000000	0.000000	0.000000
47.050335	-186.864120	-130.758575	0.000000	0.000000	1.658407
46.522770	-186.955093	-130.688156	0.000000	0.000000	1.658407
45.994404	-187.043823	-130.616257	0.000000	0.000000	1.658407
45.465240	-187.130280	-130.542877	0.000000	0.000000	1.658407
44.935280	-187.214447	-130.468033	0.000000	0.000000	1.658407
44.404526	-187.296326	-130.391708	0.000000	0.000000	1.658407
43.872974	-187.375916	-130.313950	0.000000	0.000000	1.658407
43.340633	-187.453201	-130.234695	0.000000	0.000000	1.658407
42.807499	-187.528183	-130.153992	0.000000	0.000000	1.658407
42.273575	-187.600830	-130.071838	0.000000	0.000000	1.658407
41.738865	-187.671143	-129.988220	0.000000	0.000000	1.658407
41.203365	-187.739120	-129.903168	0.000000	0.000000	1.658407
40.667084	-187.804749	-129.816666	0.000000	0.000000	1.658407
40.130020	-187.868027	-129.728714	0.000000	0.000000	1.658407
39.592175	-187.928925	-129.639328	0.000000	0.000000	1.658407
39.053551	-187.987442	-129.548508	0.000000	0.000000	1.658407
38.514153	-188.043579	-129.456253	0.000000	0.000000	1.658407
37.973984	-188.097305	-129.362579	0.000000	0.000000	1.658407
37.433041	-188.148621	-129.267456	0.000000	0.000000	1.658407
36.891331	-188.197525	-129.170929	0.000000	0.000000	1.658407
36.348858	-188.244003	-129.072998	0.000000	0.000000	1.658407
35.805622	-188.288025	-128.973633	0.000000	0.000000	1.658407
35.261631	-188.329605	-128.872864	0.000000	0.000000	1.658407
34.716885	-188.368729	-128.770691	0.000000	0.000000	1.658407
34.171383	-188.405365	-128.667114	0.000000	0.000000	1.658407
33.625137	-188.439514	-128.562149	0.000000	0.000000	1.658407
33.078148	-188.471176	-128.455780	0.000000	0.000000	1.658407
32.530415	-188.500320	-128.348022	0.000000	0.000000	1.858407
31.981949	-188.526962	-128.238876	0.000000	0.000000	1.858407
31.432753	-188.551056	-128.128372	0.000000	0.000000	1.858407
30.882828	-188.572601	-128.016479	0.000000	0.000000	1.858407
30.332182	-188.591614	-127.903206	0.000000	0.000000	1.858407
29.780817	-188.608032	-127.788582	0.000000	0.000000	1.858407
29.228741	-188.621887	-127.672577	0.000000	0.000000	1.858407
28.675957	-188.633148	-127.555229	0.000000	0.000000	1.858407
28.122471	-188.641800	-127.436523	0.000000	0.000000	1.858407
27.568289	-188.647842	-127.316475	0.000000	0.000000	1.858407
27.013414	-188.651260	-127.195068	0.000000	0.000000	1.858407
26.457855	-188.652023	-127.072327	0.000000	0.000000	1.858407
25.901619	-188.650131	-126.948257	0.000000	0.000000	1.858407
25.344709	-188.645569	-126.822853	0.000000	0.000000	1.858407
24.787134	-188.638336	-126.696129	0.000000	0.000000	1.858407
24.228899	-188.628403	-126.568092	0.000000	0.000000	1.858407
23.670012	-188.615768	-126.438728	0.000000	0.000000	1.858407
23.110477	-188.600403	-126.308067	0.000000	0.000000	1.858407
22.550306	-188.582321	-126.176086	0.000000	0.000000	1.858407
21.989500	-188.561478	-126.042809	0.000000	0.000000	1.858407
21.428076	-188.537872	-125.908257	0.000000	0.000000	1.858407
20.866032	-188.511505	-125.772392	0.000000	0.000000	1.858407
20.303383	-188.482346	-125.635254	0.000000	0.000000	1.858407
19.740133	-188.450378	-125.496841	0.000000	0.000000	1.858407
19.176292	-188.415604	-125.357155	0.000000	0.000000	1.858407
18.611872	-188.377991	-125.216209	0.000000	0.000000	1.858407
18.046875	-188.337540	-125.073990	0.000000	0.000000	1.858407
17.481318	-188.294235	-124.930527	0.000000	0.000000	1.858407
16.915201	-188.248062	-124.785805	0.000000	0.000000	1.858407
16.348543	-188.199005	-124.639839	0.000000	0.000000	1.858407
15.781346	-188.147034	-124.492638	0.000000	0.000000	1.858407
15.213626	-188.092163	-124.344208	0.000000	0.000000	1.858407
14.645391	-188.034363	-124.194542	0.000000	0.000000	1.858407
14.076650	-187.973633	-124.043663	0.000000	0.000000	1.858407
13.507416	-187.909927	-123.891579	0.000000	0.000000	1.858407
12.937695	-187.843262	-123.738266	0.000000	0.000000	1.858407
12.367504	-187.773605	-123.583763	0.000000	0.000000	1.858407
11.796853	-187.700958	-123.428062	0.000000	0.000000	1.858407
11.225752	-187.625305	-123.271172	0.000000	0.000000	1.858407
10.654214	-187.546616	-123.113091	0.000000	0.000000	1.858407
10.082251	-187.464890	-122.953842	0.000000	0.000000	1.858407
9.509873	-187.380096	-122.793404	0.000000	0.000000	1.858407
8.937098	-187.292252	-122.631821	0.000000	0.000000	1.858407
8.363931	-187.201309	-122.469063	0.000000	0.000000	1.858407
7.790390	-187.107269	-122.305161	0.000000	0.000000	1.858407
7.216491	-187.010132	-122.140114	0.000000	0.000000	1.858407
6.642243	-186.909851	-121.973930	0.000000	0.000000	1.858407
6.067658	-186.806427	-121.806595	0.000000	0.000000	1.858407
5.492756	-186.699860	-121.638161	0.000000	0.000000	1.858407
4.917545	-186.590118	-121.468582	0.000000	0.000000	1.858407
4.342045	-186.477188	-121.297913	0.000000	0.000000	1.858407
3.766264	-186.361053	-121.126114	0.000000	0.000000	1.858407
3.190225	-186.241714	-120.953232	0.000000	0.000000	1.858407
2.613941	-186.119141	-120.779259	0.000000	0.000000	1.858407
2.037422	-185.993332	-120.604187	0.000000	0.000000	1.858407
1.460690	-185.864273	-120.428047	0.000000	0.000000	1.658407
0.883757	-185.731934	-120.250824	0.000000	0.000000	1.658407
0.306640	-185.596313	-120.072540	0.000000	0.000000	1.658407
-0.270642	-185.457397	-119.893211	0.000000	0.000000	1.658407
-0.848074	-185.315170	-119.712822	0.000000	0.000000	1.658407
-1.425643	-185.169617	-119.531387	0.000000	0.000000	1.658407
-2.003319	-185.020721	-119.348915	0.000000	0.000000	1.658407
-2.581100	-184.868469	-119.165413	0.000000	0.000000	1.658407
-3.158961	-184.712860	-118.980896	0.000000	0.000000	1.658407
-3.736889	-184.553864	-118.795357	0.000000	0.000000	1.658407
-4.314852	-184.391464	-118.608818	0.000000	0.000000	1.658407
-4.892847	-184.225677	-118.421272	0.000000	0.000000	1.658407
-5.470851	-184.056458	-118.232735	0.000000	0.000000	1.658407
-6.048841	-183.883804	-118.043213	0.000000	0.000000	1.658407
-6.626799	-183.707703	-117.852715	0.000000	0.000000	1.658407
-7.204709	-183.528137	-117.661240	0.000000	0.000000	1.658407
-7.782547	-183.345108	-117.468811	0.000000	0.000000	1.658407
-8.360293	-183.158585	-117.275421	0.000000	0.000000	1.658407
-8.937935	-182.968552	-117.081085	0.000000	0.000000	1.658407
-9.515439	-182.775024	-116.885818	0.000000	0.000000	1.658407
-10.092798	-182.577972	-116.689606	0.000000	0.000000	1.658407
-10.669980	-182.377365	-116.492477	0.000000	0.000000	1.658407
-11.246972	-182.173218	-116.294434	0.000000	0.000000	1.658407
-11.823748	-181.965515	-116.095474	0.000000	0.000000	1.658407
-12.400285	-181.754227	-115.895622	0.000000	0.000000	1.658407
-12.976564	-181.539368	-115.694870	0.000000	0.000000	1.658407
-13.552559	-181.320892	-115.493233	0.000000	0.000000	1.658407
-14.128257	-181.098816	-115.290718	0.000000	0.000000	1.658407
-14.703626	-180.873123	-115.087341	0.000000	0.000000	1.658407
-15.278642	-180.643784	-114.883095	0.000000	0.000000	1.658407
-15.853288	-180.410812	-114.678001	0.000000	0.000000	1.658407
-16.427538	-180.174179	-114.472061	0.000000	0.000000	1.658407
-17.001373	-179.933884	-114.265282	0.000000	0.000000	1.658407
-17.574762	-179.689911	-114.057671	0.000000	0.000000	1.658407
-18.147682	-179.442245	-113.849251	0.000000	0.000000	1.658407
-18.720114	-179.190887	-113.640015	0.000000	0.000000	1.658407
-19.292023	-178.935806	-113.429970	0.000000	0.000000	1.658407
-19.863396	-178.677017	-113.219131	0.000000	0.000000	1.658407
-20.434198	-178.414505	-113.007507	0.000000	0.000000	1.658407
-21.004414	-178.148254	-112.795105	0.000000	0.000000	1.658407
-21.574009	-177.878250	-112.581924	0.000000	0.000000	1.658407
-22.142962	-177.604477	-112.367989	0.000000	0.000000	1.658407
-22.711245	-177.326950	-112.153297	0.000000	0.000000	1.658407
-23.278831	-177.045639	-111.937866	0.000000	0.000000	1.658407
-23.845699	-176.760544	-111.721687	0.000000	0.000000	1.658407
-24.411818	-176.471664	-111.504791	0.000000	0.000000	1.658407
-24.977163	-176.178970	-111.287163	0.000000	0.000000	1.658407
-25.541700	-175.882477	-111.068832	0.000000	0.000000	1.658407
-26.105413	-175.582169	-110.849808	0.000000	0.000000	1.658407
-26.668270	-175.278015	-110.630074	0.000000	0.000000	1.658407
-27.230234	-174.970047	-110.409660	0.000000	0.000000	1.658407
-27.791292	-174.658234	-110.188568	0.000000	0.000000	1.658407
-28.351408	-174.342560	-109.966812	0.000000	0.000000	1.658407
-28.910553	-174.023041	-109.744392	0.000000	0.000000	1.658407
-29.468702	-173.699661	-109.521332	0.000000	0.000000	1.658407
-30.025818	-173.372406	-109.297623	0.000000	0.000000	1.658407
-30.581884	-173.041275	-109.073280	0.000000	0.000000	1.658407
-31.136866	-172.706268	-108.848320	0.000000	0.000000	1.658407
-31.690727	-172.367386	-108.622742	0.000000	0.000000	1.658407
-32.243450	-172.024597	-108.396553	0.000000	0.000000	1.658407
-32.794998	-171.677917	-108.169777	0.000000	0.000000	1.658407
-33.345341	-171.327332	-107.942406	0.000000	0.000000	1.658407
-33.894451	-170.972839	-107.714455	0.000000	0.000000	1.658407
-34.442295	-170.614441	-107.485939	0.000000	0.000000	1.658407
-34.988846	-170.252121	-107.256859	0.000000	0.000000	1.658407
-35.534073	-169.885895	-107.027229	0.000000	0.000000	1.658407
-36.077938	-169.515732	-106.797050	0.000000	0.000000	1.658407
-36.620422	-169.141647	-106.566345	0.000000	0.000000	1.658407
-37.161484	-168.763626	-106.335106	0.000000	0.000000	1.658407
-37.701099	-168.381683	-106.103363	0.000000	0.000000	1.658407
-38.239231	-167.995804	-105.871109	0.000000	0.000000	1.658407
-38.775848	-167.605988	-105.638359	0.000000	0.000000	1.658407
-39.310925	-167.212234	-105.405113	0.000000	0.000000	1.658407
-39.844418	-166.814529	-105.171402	0.000000	0.000000	1.658407
-40.376308	-166.412903	-104.937210	0.000000	0.000000	1.658407
-40.906551	-166.007309	-104.702560	0.000000	0.000000	1.658407
-41.435127	-165.597794	-104.467461	0.000000	0.000000	1.658407
-41.961990	-165.184326	-104.231918	0.000000	0.000000	1.658407
-42.487118	-164.766907	-103.995949	0.000000	0.000000	1.658407
-43.010471	-164.345551	-103.759544	0.000000	0.000000	1.658407
-43.532024	-163.920242	-103.522736	0.000000	0.000000	1.658407
-44.051735	-163.490997	-103.285522	0.000000	0.000000	1.658407
-44.569576	-163.057816	-103.047913	0.000000	0.000000	1.658407
-45.085506	-162.620682	-102.809914	0.000000	0.000000	1.658407
-45.599503	-162.179626	-102.571541	0.000000	0.000000	1.658407
-46.111526	-161.734619	-102.332802	0.000000	0.000000	1.658407
-46.621544	-161.285675	-102.093704	0.000000	0.000000	1.658407
-47.129520	-160.832809	-101.854256	0.000000	0.000000	1.658407
-47.635426	-160.376007	-101.614471	0.000000	0.000000	1.658407
-48.139221	-159.915283	-101.374359	0.000000	0.000000	1.658407
-48.640877	-159.450638	-101.133926	0.000000	0.000000	1.658407
-49.140354	-158.982071	-100.893181	0.000000	0.000000	1.658407
-49.637619	-158.509598	-100.652138	0.000000	0.000000	1.658407
-50.132645	-158.033218	-100.410797	0.000000	0.000000	1.658407
-50.625381	-157.552933	-100.169182	0.000000	0.000000	1.658407
-51.115814	-157.068741	-99.927292	0.000000	0.000000	1.658407
-51.603889	-156.580658	-99.685143	0.000000	0.000000	1.658407
-52.089584	-156.088699	-99.442734	0.000000	0.000000	1.658407
-52.572861	-155.592850	-99.200089	0.000000	0.000000	1.658407
-53.053684	-155.093124	-98.957207	0.000000	0.000000	1.658407
-53.532017	-154.589539	-98.714096	0.000000	0.000000	1.658407
-54.007832	-154.082092	-98.470779	0.000000	0.000000	1.658407
-54.481083	-153.570801	-98.227249	0.000000	0.000000	1.658407
-54.951736	-153.055664	-97.983528	0.000000	0.000000	1.658407
-55.419769	-152.536682	-97.739624	0.000000	0.000000	1.658407
-55.885132	-152.013885	-97.495537	0.000000	0.000000	1.658407
-56.347797	-151.487274	-97.251289	0.000000	0.000000	1.658407
-56.807724	-150.956863	-97.006882	0.000000	0.000000	1.658407
-57.264889	-150.422638	-96.762329	0.000000	0.000000	1.658407
-57.719242	-149.884644	-96.517632	0.000000	0.000000	1.658407
-58.170753	-149.342865	-96.272812	0.000000	0.000000	1.658407
-58.619392	-148.797318	-96.027870	0.000000	0.000000	1.658407
-59.065121	-148.248032	-95.782822	0.000000	0.000000	1.658407
-59.507896	-147.694992	-95.537682	0.000000	0.000000	1.658407
-59.947693	-147.138229	-95.292450	0.000000	0.000000	1.658407
-60.384468	-146.577759	-95.047127	0.000000	0.000000	1.658407
-60.818192	-146.013565	-94.801743	0.000000	0.000000	1.658407
-61.248829	-145.445694	-94.556305	0.000000	0.000000	1.658407
-61.676338	-144.874146	-94.310799	0.000000	0.000000	1.658407
-62.100693	-144.298935	-94.065269	0.000000	0.000000	1.658407
-62.521843	-143.720078	-93.819695	0.000000	0.000000	1.658407
-62.939774	-143.137589	-93.574104	0.000000	0.000000	1.658407
-63.354431	-142.551483	-93.328506	0.000000	0.000000	1.458407
-63.765785	-141.961777	-93.082901	0.000000	0.000000	1.458407
-64.173805	-141.368484	-92.837303	0.000000	0.000000	1.458407
-64.578461	-140.771622	-92.591728	0.000000	0.000000	1.458407
-64.979698	-140.171204	-92.346169	0.000000	0.000000	1.458407
-65.377510	-139.567261	-92.100662	0.000000	0.000000	1.458407
-65.771828	-138.959793	-91.855194	0.000000	0.000000	1.458407
-66.162643	-138.348816	-91.609787	0.000000	0.000000	1.458407
-66.549904	-137.734360	-91.364433	0.000000	0.000000	1.458407
-66.933594	-137.116455	-91.119164	0.000000	0.000000	1.458407
-67.313660	-136.495102	-90.873978	0.000000	0.000000	1.458407
-67.690079	-135.870316	-90.628891	0.000000	0.000000	1.458407
-68.062805	-135.242126	-90.383896	0.000000	0.000000	1.458407
-68.431816	-134.610550	-90.139023	0.000000	0.000000	1.458407
-68.797066	-133.975616	-89.894279	0.000000	0.000000	1.458407
-69.158531	-133.337341	-89.649658	0.000000	0.000000	1.458407
-69.516174	-132.695740	-89.405190	0.000000	0.000000	1.458407
-69.869965	-132.050842	-89.160873	0.000000	0.000000	1.458407
-70.219856	-131.402664	-88.916725	0.000000	0.000000	1.458407
-70.565819	-130.751236	-88.672729	0.000000	0.000000	1.458407
-70.907829	-130.096573	-88.428932	0.000000	0.000000	1.458407
-71.245834	-129.438705	-88.185310	0.000000	0.000000	1.458407
-71.579819	-128.777634	-87.941902	0.000000	0.000000	1.458407
-71.909744	-128.113419	-87.698700	0.000000	0.000000	1.458407
-72.235580	-127.446060	-87.455727	0.000000	0.000000	1.458407
-72.557289	-126.775597	-87.212982	0.000000	0.000000	1.458407
-72.874832	-126.102043	-86.970467	0.000000	0.000000	1.458407
-73.188187	-125.425423	-86.728210	0.000000	0.000000	1.458407
-73.497314	-124.745766	-86.486206	0.000000	0.000000	1.458407
-73.802185	-124.063103	-86.244469	0.000000	0.000000	1.458407
-74.102760	-123.377457	-86.003014	0.000000	0.000000	1.458407
-74.399017	-122.688858	-85.761841	0.000000	0.000000	1.458407
-74.690918	-121.997330	-85.520958	0.000000	0.000000	1.458407
-74.978432	-121.302902	-85.280396	0.000000	0.000000	1.458407
-75.261528	-120.605606	-85.040138	0.000000	0.000000	1.458407
-75.540176	-119.905457	-84.800217	0.000000	0.000000	1.458407
-75.814346	-119.202499	-84.560631	0.000000	0.000000	1.458407
-76.083992	-118.496750	-84.321381	0.000000	0.000000	1.458407
-76.349106	-117.788254	-84.082481	0.000000	0.000000	1.458407
-76.609634	-117.077026	-83.843948	0.000000	0.000000	1.458407
-76.865570	-116.363106	-83.605789	0.000000	0.000000	1.458407
-77.116867	-115.646515	-83.368011	0.000000	0.000000	1.458407
-77.363503	-114.927292	-83.130623	0.000000	0.000000	1.458407
-77.605431	-114.205467	-82.893639	0.000000	0.000000	1.458407
-77.842644	-113.481079	-82.657059	0.000000	0.000000	1.458407
-78.075104	-112.754143	-82.420906	0.000000	0.000000	1.458407
-78.302780	-112.024704	-82.185181	0.000000	0.000000	1.458407
-78.525650	-111.292793	-81.949890	0.000000	0.000000	1.458407
-78.743668	-110.558441	-81.715050	0.000000	0.000000	1.458407
-78.956825	-109.821686	-81.480659	0.000000	0.000000	1.458407
-79.165077	-109.082558	-81.246742	0.000000	0.000000	1.258407
-79.368408	-108.341087	-81.013283	0.000000	0.000000	1.258407
-79.566788	-107.597313	-80.780334	0.000000	0.000000	1.258407
-79.760185	-106.851273	-80.547859	0.000000	0.000000	1.258407
-79.948570	-106.102997	-80.315887	0.000000	0.000000	1.258407
-80.131935	-105.352524	-80.084442	0.000000	0.000000	1.258407
-80.310226	-104.599892	-79.853500	0.000000	0.000000	1.258407
-80.483429	-103.845131	-79.623100	0.000000	0.000000	1.258407
-80.651527	-103.088280	-79.393234	0.000000	0.000000	1.258407
-80.814476	-102.329376	-79.163918	0.000000	0.000000	1.258407
-80.972267	-101.568459	-78.935158	0.000000	0.000000	1.258407
-81.124863	-100.805565	-78.706963	0.000000	0.000000	1.258407
-81.272247	-100.040726	-78.479340	0.000000	0.000000	1.258407
-81.414398	-99.273987	-78.252312	0.000000	0.000000	1.258407
-81.551277	-98.505386	-78.025864	0.000000	0.000000	1.258407
-81.682869	-97.734962	-77.800026	0.000000	0.000000	1.258407
-81.809158	-96.962753	-77.574799	0.000000	0.000000	1.258407
-81.930099	-96.188789	-77.350182	0.000000	0.000000	1.258407
-82.045692	-95.413132	-77.126213	0.000000	0.000000	1.258407
-82.155899	-94.635796	-76.902870	0.000000	0.000000	1.258407
-82.260712	-93.856842	-76.680176	0.000000	0.000000	1.258407
-82.360092	-93.076302	-76.458130	0.000000	0.000000	1.258407
-82.454025	-92.294212	-76.236755	0.000000	0.000000	1.258407
-82.542496	-91.510620	-76.016045	0.000000	0.000000	1.258407
-82.625473	-90.725563	-75.796021	0.000000	0.000000	1.258407
-82.702950	-89.939087	-75.576691	0.000000	0.000000	1.258407
-82.774895	-89.151237	-75.358055	0.000000	0.000000	1.258407
-82.841286	-88.362045	-75.140129	0.000000	0.000000	1.258407
-82.902107	-87.571564	-74.922920	0.000000	0.000000	1.258407
-82.957344	-86.779823	-74.706429	0.000000	0.000000	1.258407
-83.006973	-85.986885	-74.490685	0.000000	0.000000	1.258407
-83.050980	-85.192772	-74.275673	0.000000	0.000000	1.258407
-83.089340	-84.397545	-74.061417	0.000000	0.000000	1.258407
-83.122040	-83.601227	-73.847900	0.000000	0.000000	1.258407
-83.149055	-82.803886	-73.635162	0.000000	0.000000	1.258407
-83.170380	-82.005554	-73.423203	0.000000	0.000000	1.258407
-83.185997	-81.206276	-73.212029	0.000000	0.000000	1.058407
-83.195885	-80.406097	-73.001648	0.000000	0.000000	1.058407
-83.200027	-79.605064	-72.792068	0.000000	0.000000	1.058407
-83.198410	-78.803223	-72.583290	0.000000	0.000000	1.058407
-83.191017	-78.000610	-72.375336	0.000000	0.000000	1.058407
-83.177841	-77.197281	-72.168198	0.000000	0.000000	1.058407
-83.158852	-76.393280	-71.961891	0.000000	0.000000	1.058407
-83.134056	-75.588654	-71.756439	0.000000	0.000000	1.058407
-83.103416	-74.783440	-71.551819	0.000000	0.000000	1.058407
-83.066948	-73.977692	-71.348068	0.000000	0.000000	1.058407
-83.024620	-73.171455	-71.145187	0.000000	0.000000	1.058407
-82.976418	-72.364784	-70.943169	0.000000	0.000000	1.058407
-82.922348	-71.557716	-70.742050	0.000000	0.000000	1.058407
-82.862381	-70.750298	-70.541801	0.000000	0.000000	1.058407
-82.796516	-69.942581	-70.342461	0.000000	0.000000	1.058407
-82.724731	-69.134605	-70.144028	0.000000	0.000000	1.058407
-82.647034	-68.326439	-69.946495	0.000000	0.000000	1.058407
-82.563400	-67.518105	-69.749886	0.000000	0.000000	1.058407
-82.473824	-66.709663	-69.554214	0.000000	0.000000	1.058407
-82.378304	-65.901169	-69.359474	0.000000	0.000000	1.058407
-82.276825	-65.092659	-69.165680	0.000000	0.000000	1.058407
-82.169380	-64.284187	-68.972847	0.000000	0.000000	1.058407
-82.055962	-63.475792	-68.780960	0.000000	0.000000	1.058407
-81.936569	-62.667538	-68.590042	0.000000	0.000000	1.058407
-81.811188	-61.859467	-68.400101	0.000000	0.000000	1.058407
-81.679810	-61.051624	-68.211143	0.000000	0.000000	1.058407
-81.542442	-60.244068	-68.023170	0.000000	0.000000	1.058407
-81.399071	-59.436840	-67.836197	0.000000	0.000000	1.058407
-81.249687	-58.629993	-67.650223	0.000000	0.000000	0.858407
-81.094299	-57.823578	-67.465271	0.000000	0.000000	0.858407
-80.932884	-57.017635	-67.281326	0.000000	0.000000	0.858407
-80.765465	-56.212227	-67.098419	0.000000	0.000000	0.858407
-80.592018	-55.407398	-66.916542	0.000000	0.000000	0.858407
-80.412552	-54.603199	-66.735703	0.000000	0.000000	0.858407
-80.227058	-53.799675	-66.555908	0.000000	0.000000	0.858407
-80.035538	-52.996883	-66.377182	0.000000	0.000000	0.858407
-79.837990	-52.194866	-66.199501	0.000000	0.000000	0.858407
-79.634422	-51.393684	-66.022903	0.000000	0.000000	0.858407
-79.424812	-50.593376	-65.847366	0.000000	0.000000	0.858407
-79.209183	-49.794006	-65.672920	0.000000	0.000000	0.858407
-78.987534	-48.995613	-65.499573	0.000000	0.000000	0.858407
-78.759850	-48.198254	-65.327309	0.000000	0.000000	0.858407
-78.526146	-47.401974	-65.156151	0.000000	0.000000	0.858407
-78.286423	-46.606827	-64.986107	0.000000	0.000000	0.858407
-78.040680	-45.812866	-64.817177	0.000000	0.000000	0.858407
-77.788925	-45.020134	-64.649368	0.000000	0.000000	0.858407
-77.531166	-44.228691	-64.482697	0.000000	0.000000	0.858407
-77.267387	-43.438580	-64.317154	0.000000	0.000000	0.858407
-76.997620	-42.649864	-64.152763	0.000000	0.000000	0.858407
-76.721855	-41.862579	-63.989513	0.000000	0.000000	0.858407
-76.440094	-41.076782	-63.827427	0.000000	0.000000	0.658407
-76.152351	-40.292522	-63.666492	0.000000	0.000000	0.658407
-75.863861	-39.507030	-63.498260	0.000000	0.000000	0.658407
-75.574715	-38.720161	-63.322460	0.000000	0.000000	0.658407
-75.279495	-37.934872	-63.147903	0.000000	0.000000	0.658407
-74.978218	-37.151218	-62.974602	0.000000	0.000000	0.658407
-74.670876	-36.369247	-62.802555	0.000000	0.000000	0.658407
-74.357483	-35.589012	-62.631775	0.000000	0.000000	0.658407
-74.038048	-34.810570	-62.462265	0.000000	0.000000	0.658407
-73.712578	-34.033974	-62.294033	0.000000	0.000000	0.658407
-73.381081	-33.259262	-62.127087	0.000000	0.000000	0.658407
-73.043571	-32.486507	-61.961437	0.000000	0.000000	0.658407
-72.700058	-31.715744	-61.797077	0.000000	0.000000	0.658407
-72.350555	-30.947037	-61.634026	0.000000	0.000000	0.658407
-71.995064	-30.180426	-61.472286	0.000000	0.000000	0.658407
-71.633606	-29.415977	-61.311859	0.000000	0.000000	0.658407
-71.266197	-28.653734	-61.152763	0.000000	0.000000	0.658407
-70.892838	-27.893749	-60.994991	0.000000	0.000000	0.658407
-70.513557	-27.136084	-60.838558	0.000000	0.000000	0.658407
-70.128349	-26.380772	-60.683464	0.000000	0.000000	0.458407
-69.737251	-25.627876	-60.529720	0.000000	0.000000	0.458407
-69.340263	-24.877453	-60.377331	0.000000	0.000000	0.458407
-68.937408	-24.129545	-60.226303	0.000000	0.000000	0.458407
-68.528694	-23.384207	-60.076645	0.000000	0.000000	0.458407
-68.114136	-22.641485	-59.928352	0.000000	0.000000	0.458407
-67.693764	-21.901438	-59.781441	0.000000	0.000000	0.458407
-67.267593	-21.164116	-59.635914	0.000000	0.000000	0.458407
-66.835632	-20.429565	-59.491779	0.000000	0.000000	0.458407
-66.397911	-19.697845	-59.349033	0.000000	0.000000	0.458407
-65.954437	-18.968994	-59.207695	0.000000	0.000000	0.458407
-65.505241	-18.243076	-59.067760	0.000000	0.000000	0.458407
-65.050331	-17.520130	-58.929241	0.000000	0.000000	0.458407
-64.589745	-16.800215	-58.792133	0.000000	0.000000	0.458407
-64.123482	-16.083376	-58.656456	0.000000	0.000000	0.458407
-63.651588	-15.369662	-58.522205	0.000000	0.000000	0.458407
-63.174068	-14.659131	-58.389385	0.000000	0.000000	0.458407
-62.690945	-13.951822	-58.258003	0.000000	0.000000	0.258407
-62.202251	-13.247789	-58.128067	0.000000	0.000000	0.258407
-61.708000	-12.547082	-57.999580	0.000000	0.000000	0.258407
-61.208229	-11.849753	-57.872551	0.000000	0.000000	0.258407
-60.702950	-11.155842	-57.746983	0.000000	0.000000	0.258407
-60.192196	-10.465405	-57.622875	0.000000	0.000000	0.258407
-59.675987	-9.778494	-57.500233	0.000000	0.000000	0.258407
-59.154350	-9.095147	-57.379066	0.000000	0.000000	0.258407
-58.627316	-8.415419	-57.259384	0.000000	0.000000	0.258407
-58.094910	-7.739356	-57.141178	0.000000	0.000000	0.258407
-57.557156	-7.067002	-57.024467	0.000000	0.000000	0.258407
-57.014088	-6.398415	-56.909245	0.000000	0.000000	0.258407
-56.465725	-5.733630	-56.795521	0.000000	0.000000	0.258407
-55.912106	-5.072699	-56.683300	0.000000	0.000000	0.058407
-55.358742	-4.426538	-56.569820	0.000000	0.000000	0.000000
-55.267841	-4.713105	-56.216446	0.000000	0.000000	0.000000
-55.170914	-5.005862	-55.854336	0.000000	0.000000	0.000000
-55.067661	-5.304858	-55.483356	0.000000	0.000000	0.258407
-54.957790	-5.610141	-55.103367	0.000000	0.000000	0.258407
-54.840981	-5.921741	-54.714252	0.000000	0.000000	0.258407
-54.716900	-6.239701	-54.315865	0.000000	0.000000	0.000000
-54.585209	-6.564055	-53.908085	0.000000	0.000000	0.258407
-54.445560	-6.894818	-53.490788	0.000000	0.000000	0.000000
-54.297569	-7.232015	-53.063854	0.000000	0.000000	0.258407
-54.140862	-7.575659	-52.627155	0.000000	0.000000	0.000000
-53.975029	-7.925752	-52.180588	0.000000	0.000000	0.258407
-53.799667	-8.282295	-51.724033	0.000000	0.000000	0.000000
-53.614330	-8.645284	-51.257381	0.000000	0.000000	0.000000
-53.418587	-9.014701	-50.780533	0.000000	0.000000	0.258407
-53.211967	-9.390515	-50.293396	0.000000	0.000000	0.458407
-52.993984	-9.772696	-49.795872	0.000000	0.000000	0.000000
-52.764156	-10.161192	-49.287891	0.000000	0.000000	0.000000
-52.521946	-10.555947	-48.769375	0.000000	0.000000	0.000000
-52.266850	-10.956885	-48.240269	0.000000	0.000000	0.000000
-51.998299	-11.363938	-47.700497	0.000000	0.000000	0.458407
-51.715733	-11.776996	-47.150040	0.000000	0.000000	0.458407
-51.418568	-12.195943	-46.588863	0.000000	0.000000	0.458407
-51.106197	-12.620659	-46.016945	0.000000	0.000000	0.458407
-50.778011	-13.050998	-45.434288	0.000000	0.000000	0.458407
-50.433361	-13.486790	-44.840908	0.000000	0.000000	0.000000
-50.071606	-13.927858	-44.236839	0.000000	0.000000	0.458407
-49.692059	-14.373997	-43.622124	0.000000	0.000000	0.000000
-49.294048	-14.824991	-42.996834	0.000000	0.000000	0.458407
-48.876865	-15.280574	-42.361080	0.000000	0.000000	0.000000
-48.439793	-15.740499	-41.714947	0.000000	0.000000	0.000000
-47.982098	-16.204458	-41.058594	0.000000	0.000000	0.000000
-47.503040	-16.672131	-40.392189	0.000000	0.000000	0.658407
-47.001858	-17.143179	-39.715908	0.000000	0.000000	0.000000
-46.477787	-17.617203	-39.030003	0.000000	0.000000	0.000000
-45.930054	-18.093824	-38.334705	0.000000	0.000000	0.658407
-45.357876	-18.572575	-37.630329	0.000000	0.000000	0.000000
-44.760456	-19.053007	-36.917179	0.000000	0.000000	0.000000
-44.137016	-19.534607	-36.195633	0.000000	0.000000	0.658407
-43.486755	-20.016836	-35.466087	0.000000	0.000000	0.658407
-42.808887	-20.499134	-34.728977	0.000000	0.000000	0.658407
-42.102623	-20.980867	-33.984810	0.000000	0.000000	0.658407
-41.367188	-21.461412	-33.234093	0.000000	0.000000	0.658407
-40.601818	-21.940067	-32.477421	0.000000	0.000000	0.000000
-39.805767	-22.416119	-31.715416	0.000000	0.000000	0.000000
-38.978302	-22.888798	-30.948759	0.000000	0.000000	0.000000
-38.118702	-23.357304	-30.178171	0.000000	0.000000	0.000000
-37.226299	-23.820797	-29.404438	0.000000	0.000000	0.858407
-36.300457	-24.278400	-28.628386	0.000000	0.000000	0.000000
-35.340557	-24.729183	-27.850922	0.000000	0.000000	0.000000
-37.415390	-24.943054	-28.168406	0.000000	0.000000	0.000000
-40.443100	-25.126831	-28.778883	0.000000	0.000000	0.000000
-43.874790	-25.335129	-29.470814	0.000000	0.000000	0.000000
-47.797237	-25.573215	-30.261698	0.000000	0.000000	0.000000
-52.324268	-25.847998	-31.174484	0.000000	0.000000	0.000000
-57.607464	-26.168678	-32.239735	0.000000	0.000000	0.858407
-63.854084	-26.547838	-33.499241	0.000000	0.000000	0.000000
-71.354599	-27.003105	-35.011570	0.000000	0.000000	0.000000
-80.529228	-27.559990	-36.861450	0.000000	0.000000	0.000000
-92.009590	-28.256828	-39.176239	0.000000	0.000000	0.000000
-106.790825	-29.154024	-42.156582	0.000000	0.000000	0.858407
-126.536797	-30.352571	-46.137962	0.000000	0.000000	0.858407
-154.256042	-32.035080	-51.726994	0.000000	0.000000	0.000000
-196.002213	-34.569004	-60.144279	0.000000	0.000000	0.000000
-266.033752	-38.819798	-74.264748	0.000000	0.000000	0.858407
-407.839478	-47.427158	-102.857040	0.000000	0.000000	0.000000
369.446106	382.188446	-384.818817	0.000000	0.000000	0.000000
276.099579	271.897980	-283.627228	0.000000	0.000000	0.000000
222.547043	208.612381	-225.559738	0.000000	0.000000	0.000000
187.810989	167.553101	-187.883667	0.000000	0.000000	0.000000
163.453430	138.753311	-161.455017	0.000000	0.000000	0.000000
145.426208	117.431343	-141.886917	0.000000	0.000000	0.000000
131.543655	101.005547	-126.810875	0.000000	0.000000	0.000000
120.522842	87.960495	-114.836571	0.000000	0.000000	0.000000
111.560478	77.347382	-105.093529	0.000000	0.000000	-2.341593
104.128242	68.542145	-97.009224	0.000000	0.000000	-2.341593
97.864464	61.117584	-90.191711	0.000000	0.000000	-2.341593
92.512947	54.771084	-84.363373	0.000000	0.000000	0.000000
89.829811	51.188728	-81.227898	0.000000	0.000000	-2.341593
90.895699	51.316849	-81.788948	0.000000	0.000000	-2.341593
91.953148	51.422031	-82.337708	0.000000	0.000000	-2.341593
93.001266	51.503937	-82.873627	0.000000	0.000000	-2.341593
94.039078	51.562145	-83.396072	0.000000	0.000000	-2.341593
95.065613	51.596333	-83.904480	0.000000	0.000000	-2.341593
96.079971	51.606213	-84.398300	0.000000	0.000000	-2.341593
97.081177	51.591496	-84.876953	0.000000	0.000000	-2.341593
98.068260	51.551895	-85.339882	0.000000	0.000000	-2.341593
99.040283	51.487213	-85.786545	0.000000	0.000000	-2.341593
99.996361	51.397289	-86.216469	0.000000	0.000000	0.000000
100.935501	51.281929	-86.629105	0.000000	0.000000	-2.341593
101.856819	51.141037	-87.023987	0.000000	0.000000	-2.341593
102.759499	50.974590	-87.400711	0.000000	0.000000	-2.341593
103.642586	50.782486	-87.758781	0.000000	0.000000	-2.341593
104.505257	50.564743	-88.097801	0.000000	0.000000	-2.341593
105.346718	50.321430	-88.417419	0.000000	0.000000	-2.341593
106.166100	50.052582	-88.717232	0.000000	0.000000	-2.341593
106.962730	49.758385	-88.996971	0.000000	0.000000	-2.341593
107.735764	49.438904	-89.256248	0.000000	0.000000	0.000000
108.484558	49.094398	-89.494858	0.000000	0.000000	0.000000
109.208450	48.725101	-89.712555	0.000000	0.000000	0.000000
109.906715	48.331234	-89.909073	0.000000	0.000000	0.000000
110.578835	47.913166	-90.084297	0.000000	0.000000	0.000000
111.224213	47.471214	-90.238037	0.000000	0.000000	0.000000
111.842346	47.005768	-90.370201	0.000000	0.000000	0.000000
112.432732	46.517235	-90.480690	0.000000	0.000000	0.000000
112.994949	46.006077	-90.569466	0.000000	0.000000	0.000000
113.528564	45.472759	-90.636490	0.000000	0.000000	-2.541593
114.033272	44.917809	-90.681786	0.000000	0.000000	0.000000
114.508774	44.341782	-90.705429	0.000000	0.000000	0.000000
114.954781	43.745228	-90.707474	0.000000	0.000000	-2.541593
115.371086	43.128757	-90.688026	0.000000	0.000000	-2.541593
115.757523	42.492996	-90.647240	0.000000	0.000000	-2.541593
116.113953	41.838554	-90.585266	0.000000	0.000000	-2.541593
116.440323	41.166145	-90.502319	0.000000	0.000000	0.000000
116.736595	40.476437	-90.398643	0.000000	0.000000	0.000000
117.002769	39.770119	-90.274475	0.000000	0.000000	0.000000
117.238892	39.047916	-90.130089	0.000000	0.000000	-2.541593
117.445091	38.310570	-89.965828	0.000000	0.000000	-2.541593
117.621468	37.558807	-89.781982	0.000000	0.000000	-2.541593
117.768196	36.793369	-89.578918	0.000000	0.000000	-2.541593
117.885574	36.015064	-89.357063	0.000000	0.000000	-2.541593
117.973747	35.224594	-89.116730	0.000000	0.000000	0.000000
118.033058	34.422749	-88.858383	0.000000	0.000000	-2.541593
118.063881	33.610329	-88.582474	0.000000	0.000000	0.000000
118.066483	32.788052	-88.289406	0.000000	0.000000	0.000000
118.041359	31.956736	-87.979691	0.000000	0.000000	0.000000
117.988823	31.117086	-87.653748	0.000000	0.000000	0.000000
117.909386	30.269896	-87.312103	0.000000	0.000000	0.000000
117.803520	29.415916	-86.955261	0.000000	0.000000	0.000000
117.671730	28.555887	-86.583717	0.000000	0.000000	0.000000
117.514549	27.690542	-86.197990	0.000000	0.000000	0.000000
117.332458	26.820576	-85.798576	0.000000	0.000000	0.000000
117.126076	25.946726	-85.386032	0.000000	0.000000	0.000000
116.895988	25.069691	-84.960892	0.000000	0.000000	0.000000
116.642746	24.190125	-84.523651	0.000000	0.000000	0.000000
116.367012	23.308727	-84.074883	0.000000	0.000000	0.000000
116.069359	22.426119	-83.615089	0.000000	0.000000	0.000000
115.750404	21.542934	-83.144791	0.000000	0.000000	0.000000
116.242950	21.010618	-83.296852	0.000000	0.000000	-2.741593
116.842392	20.519215	-83.532349	0.000000	0.000000	-2.741593
117.439674	20.021973	-83.768196	0.000000	0.000000	-2.741593
118.034744	19.518900	-84.004417	0.000000	0.000000	-2.741593
118.627541	19.009989	-84.240982	0.000000	0.000000	-2.741593
119.217995	18.495249	-84.477890	0.000000	0.000000	-2.741593
119.806038	17.974684	-84.715134	0.000000	0.000000	-2.741593
120.391624	17.448299	-84.952705	0.000000	0.000000	-2.741593
120.974663	16.916100	-85.190575	0.000000	0.000000	-2.741593
121.555130	16.378088	-85.428772	0.000000	0.000000	-2.741593
122.132927	15.834277	-85.667252	0.000000	0.000000	-2.741593
122.708000	15.284675	-85.906021	0.000000	0.000000	-2.741593
123.280289	14.729283	-86.145058	0.000000	0.000000	0.000000
123.849731	14.168115	-86.384377	0.000000	0.000000	0.000000
124.416260	13.601179	-86.623940	0.000000	0.000000	0.000000
124.979813	13.028493	-86.863762	0.000000	0.000000	0.000000
125.540321	12.450055	-87.103813	0.000000	0.000000	0.000000
126.097725	11.865889	-87.344101	0.000000	0.000000	0.000000
126.651962	11.276003	-87.584610	0.000000	0.000000	0.000000
127.202972	10.680410	-87.825325	0.000000	0.000000	0.000000
127.750679	10.079133	-88.066246	0.000000	0.000000	0.000000
128.295029	9.472175	-88.307358	0.000000	0.000000	0.000000
128.835953	8.859556	-88.548653	0.000000	0.000000	0.000000
129.373398	8.241300	-88.790108	0.000000	0.000000	0.000000
129.907272	7.617418	-89.031738	0.000000	0.000000	0.000000
130.437546	6.987926	-89.273506	0.000000	0.000000	0.000000
130.964142	6.352845	-89.515434	0.000000	0.000000	0.000000
131.486984	5.712200	-89.757492	0.000000	0.000000	0.000000
132.006027	5.066006	-89.999672	0.000000	0.000000	0.000000
132.521210	4.414285	-90.241982	0.000000	0.000000	0.000000
133.032440	3.757061	-90.484375	0.000000	0.000000	0.000000
133.539688	3.094356	-90.726883	0.000000	0.000000	0.000000
134.042877	2.426194	-90.969467	0.000000	0.000000	-2.941593
134.541946	1.752596	-91.212128	0.000000	0.000000	-2.941593
135.036819	1.073590	-91.454857	0.000000	0.000000	-2.941593
135.527451	0.389204	-91.697639	0.000000	0.000000	-2.941593
136.013763	-0.300538	-91.940468	0.000000	0.000000	-2.941593
136.495728	-0.995610	-92.183342	0.000000	0.000000	-2.941593
136.973236	-1.695982	-92.426247	0.000000	0.000000	0.000000
137.446259	-2.401624	-92.669167	0.000000	0.000000	0.000000
137.914719	-3.112507	-92.912109	0.000000	0.000000	0.000000
138.378571	-3.828605	-93.155037	0.000000	0.000000	0.000000
138.837723	-4.549880	-93.397957	0.000000	0.000000	0.000000
139.292145	-5.276306	-93.640854	0.000000	0.000000	0.000000
139.741760	-6.007844	-93.883736	0.000000	0.000000	0.000000
140.186523	-6.744469	-94.126572	0.000000	0.000000	0.000000
140.626358	-7.486140	-94.369362	0.000000	0.000000	0.000000
141.061203	-8.232824	-94.612091	0.000000	0.000000	0.000000
141.490997	-8.984488	-94.854752	0.000000	0.000000	0.000000
141.915710	-9.741093	-95.097336	0.000000	0.000000	0.000000
142.335251	-10.502603	-95.339844	0.000000	0.000000	0.000000
142.749557	-11.268977	-95.582253	0.000000	0.000000	0.000000
143.158600	-12.040183	-95.824554	0.000000	0.000000	0.000000
143.562302	-12.816178	-96.066742	0.000000	0.000000	0.000000
143.960602	-13.596921	-96.308800	0.000000	0.000000	0.000000
144.353455	-14.382375	-96.550720	0.000000	0.000000	0.000000
144.740784	-15.172495	-96.792511	0.000000	0.000000	0.000000
145.122559	-15.967241	-97.034134	0.000000	0.000000	0.000000
145.498703	-16.766569	-97.275604	0.000000	0.000000	0.000000
145.869171	-17.570436	-97.516907	0.000000	0.000000	0.000000
146.233887	-18.378801	-97.758011	0.000000	0.000000	0.000000
146.592819	-19.191614	-97.998940	0.000000	0.000000	0.000000
146.945908	-20.008831	-98.239662	0.000000	0.000000	0.000000
147.293091	-20.830408	-98.480179	0.000000	0.000000	0.000000
