1
108
80
212
298
218
239
10
250
126
321
345
215
4
154
26
340
117
51
133
50
184
306
78
353
96
129
100
356
303
101
180
44
197
155
254
121
395
296
135
230
387
363
163
168
208
170
205
23
175
264
389
390
332
372
115
202
53
365
29
33
182
236
279
90
110
213
111
89
38
209
13
41
105
95
201
359
22
137
153
316
58
360
69
324
57
54
140
386
366
71
319
293
244
265
189
233
294
261
39
255
25
251
157
323
7
302
8
147
31
55
59
330
331
52
141
48
257
120
139
72
379
70
40
195
49
277
232
119
377
16
124
196
14
352
75
225
304
227
260
11
210
242
241
367
278
283
97
334
198
30
2
313
15
297
307
21
339
28
102
134
93
280
267
91
138
364
266
388
253
305
289
286
329
322
328
238
74
326
73
149
131
325
357
45
327
145
19
113
173
229
3
315
268
346
88
76
378
87
391
148
160
98
92
83
34
211
177
68
151
382
178
397
159
396
127
128
263
158
107
361
392
333
152
207
318
203
394
337
385
146
194
67
300
94
186
373
311
317
282
99
187
344
288
291
221
5
64
63
237
188
312
37
343
314
125
61
349
104
9
32
17
62
118
86
248
123
136
262
103
287
350
214
12
174
144
240
179
223
380
295
308
246
112
217
374
162
183
199
368
161
310
220
348
122
355
335
354
358
376
301
338
200
114
191
181
66
216
65
130
143
342
256
56
284
18
192
299
156
393
60
24
234
204
235
275
245
383
269
351
347
132
341
27
219
43
81
222
176
150
165
164
271
320
79
336
252
46
228
206
84
381
249
166
375
273
281
309
106
247
82
272
231
274
285
384
6
243
47
226
190
35
171
20
36
42
224
276
370
371
270
167
116
292
77
109
259
193
185
172
369
362
169
85
290
258
142
